1	26	1.07735
1	34	1.17615
1	80	1.05589
1	99	1.02435
1	112	1.04255
1	115	1.10303
1	116	1.02782
1	137	0.898794
1	144	0.986084
1	147	1.0483
1	156	1.02289
1	164	0.906159
2	4	1.13214
2	32	1.07479
2	54	1.00609
2	64	1.07942
2	77	1.04873
2	89	1.07748
2	120	1.02864
2	125	1.06972
2	153	0.869318
2	154	0.825223
2	169	1.0942
2	180	1.09107
3	64	0.680663
3	106	1.1836
3	111	0.712494
3	116	0.63418
3	146	1.12457
3	171	1.08468
3	172	1.08016
3	173	1.0184
3	175	1.01662
3	176	1.06628
3	177	1.00671
3	178	1.00493
4	2	1.13214
4	40	1.2068
4	96	1.12635
4	98	1.22055
4	120	1.18801
4	125	1.2291
4	143	0.65017
4	145	1.23398
4	156	0.787812
4	167	0.629293
4	169	1.25357
4	172	0.850674
5	10	1.01346
5	43	1.07069
5	60	1.16557
5	62	1.00597
5	68	1.00641
5	76	1.07069
5	92	1.12565
5	95	1.08351
5	146	0.873889
5	147	1.0811
5	163	1.16945
5	167	0.750693
6	85	1.13802
6	128	0.598874
6	129	1.14093
6	136	1.20023
6	141	1.25483
6	142	1.17794
6	150	1.22578
6	155	1.2119
6	158	0.568198
6	169	1.23914
6	176	0.72218
6	177	1.02561
7	51	0.434439
7	73	1.20309
7	81	1.1957
7	83	1.16518
7	100	1.18306
7	103	1.18288
7	109	1.23983
7	117	0.51713
7	153	1.20215
7	167	1.24875
7	172	0.829811
7	177	1.12181
8	58	1.15585
8	74	1.18232
8	88	0.627239
8	127	0.729542
8	130	0.749211
8	136	1.20406
8	142	1.18177
8	150	1.22961
8	152	1.19146
8	155	1.21574
8	162	0.799527
8	169	1.24297
9	26	1.07892
9	34	1.17772
9	80	1.05746
9	86	1.07515
9	99	1.02593
9	102	1.01441
9	115	1.1046
9	116	1.02939
9	118	0.873922
9	156	1.02446
9	168	0.920223
9	176	0.992348
10	5	1.01346
10	17	1.01727
10	29	0.646266
10	60	1.15686
10	61	1.10196
10	62	0.997256
10	76	1.06198
10	92	1.11694
10	95	1.0748
10	111	1.08838
10	134	0.862469
10	179	1.28393
11	13	1.11535
11	19	1.04706
11	50	1.04799
11	53	1.1141
11	57	0.981277
11	65	1.06114
11	75	1.1551
11	94	1.04411
11	97	1.04457
11	156	0.904355
11	166	0.921051
11	176	0.955785
12	46	1.02995
12	56	0.7449
12	59	1.15498
12	63	1.10944
12	67	1.10983
12	69	1.11047
12	70	1.11121
12	82	0.680555
12	152	1.05991
12	175	1.32882
12	179	0.913416
12	180	0.991064
13	11	1.11535
13	39	0.612498
13	50	1.2014
13	53	1.26751
13	57	1.13468
13	78	1.28891
13	94	1.19752
13	97	1.19798
13	126	0.7173
13	133	1.17266
13	156	0.844703
13	165	0.694268
14	26	1.22379
14	29	0.348845
14	35	1.20713
14	71	1.20249
14	99	1.1708
14	106	0.524481
14	112	1.18899
14	115	1.24947
14	116	1.17426
14	147	1.19474
14	174	1.12343
14	178	0.951137
15	20	1.21818
15	38	1.16392
15	47	1.2632
15	60	1.28197
15	68	1.12281
15	76	1.18709
15	92	1.24205
15	106	0.595006
15	108	1.13173
15	111	1.2135
15	137	0.473543
15	149	0.647694
16	30	0.526422
16	36	1.18775
16	119	1.24726
16	129	1.14721
16	135	0.583048
16	136	1.2065
16	142	1.18421
16	145	1.22582
16	148	1.16608
16	155	1.21818
16	166	0.848749
16	180	0.924934
17	10	1.01727
17	31	1.11025
17	38	1.05132
17	49	1.04419
17	68	1.01021
17	76	1.0745
17	111	1.1009
17	121	0.929722
17	123	0.879647
17	128	1.08523
17	147	1.08491
17	168	0.990753
18	90	1.01678
18	114	1.06734
18	136	1.06181
18	141	1.11642
18	142	1.03952
18	148	1.0214
18	150	1.08736
18	153	0.863038
18	155	1.07349
18	159	0.882497
18	169	1.10072
18	171	1.05271
19	11	1.04706
19	22	1.13846
19	33	1.14994
19	53	1.19922
19	65	1.14627
19	75	1.24022
19	78	1.22063
19	94	1.12923
19	97	1.1297
19	132	0.479814
19	148	0.700211
19	151	0.749644
19	174	1.20119
20	15	1.21818
20	113	0.892588
20	118	1.03689
20	122	1.0713
20	131	0.969597
20	155	1.24742
20	165	1.05534
20	172	0.947263
20	173	0.885496
20	174	0.849207
20	176	0.93338
20	177	0.873813
20	178	0.872026
21	49	1.09154
21	90	1.08612
21	91	1.15958
21	101	1.20302
21	107	1.16674
21	110	0.733972
21	119	1.1719
21	121	0.720918
21	134	0.828029
21	141	1.18575
21	149	0.84015
21	150	1.1567
21	169	1.17006
22	19	1.13846
22	27	1.12914
22	33	1.15621
22	57	1.07267
22	65	1.15253
22	75	1.24649
22	78	1.2269
22	94	1.1355
22	97	1.13597
22	121	0.543885
22	171	0.68641
22	175	0.860566
22	178	1.03708
23	52	1.21785
23	54	1.10332
23	55	1.21626
23	77	1.14596
23	84	1.12291
23	96	1.06422
23	104	0.602743
23	125	1.16696
23	145	1.17185
23	149	0.880242
23	167	0.684217
23	169	1.19144
23	180	0.935617
24	71	1.16353
24	80	1.16337
24	86	1.18106
24	99	1.13183
24	102	1.12032
24	112	1.15003
24	115	1.21051
24	116	1.1353
24	132	0.678841
24	139	0.830571
24	147	1.15578
24	148	0.899238
24	162	0.715844
25	48	1.11794
25	73	1.16461
25	81	1.15722
25	83	1.12671
25	100	1.14459
25	103	1.1444
25	109	1.20135
25	130	0.533085
25	148	0.766794
25	153	1.16367
25	167	1.21027
25	177	1.03886
25	180	0.776884
26	1	1.07735
26	9	1.07892
26	14	1.22379
26	86	1.19435
26	102	1.13361
26	110	0.852236
26	112	1.16333
26	115	1.22381
26	116	1.1486
26	130	0.769988
26	138	0.694983
26	156	1.14367
26	164	0.791628
27	22	1.12914
27	33	1.14063
27	53	1.18991
27	65	1.13695
27	75	1.23091
27	78	1.21131
27	94	1.11992
27	97	1.12038
27	133	1.09506
27	157	0.626789
27	168	0.698116
27	172	0.781672
27	173	1.01846
28	45	1.15724
28	46	1.13077
28	63	1.21027
28	67	1.21066
28	69	1.21129
28	70	1.21204
28	124	0.800404
28	135	0.642521
28	152	1.16074
28	154	0.718563
28	176	0.942957
28	179	1.01424
28	180	1.09189
29	10	0.646266
29	14	0.348845
29	65	0.601852
29	66	0.737103
29	122	1.28004
29	134	1.1802
29	157	1.2327
29	170	1.16256
29	172	1.15601
29	173	1.09424
29	174	1.05795
29	176	1.14212
29	177	1.08256
30	16	0.526422
30	49	0.565335
30	54	0.715468
30	78	0.422505
30	124	1.26606
30	149	1.24003
30	168	1.20157
30	173	1.11704
30	174	1.08075
30	175	1.11526
30	176	1.16492
30	177	1.10536
30	178	1.10357
31	17	1.11025
31	41	1.15141
31	43	1.15496
31	56	0.558633
31	61	1.19494
31	92	1.20991
31	95	1.16777
31	108	1.0996
31	111	1.18136
31	123	0.775801
31	147	1.16536
31	160	0.803099
31	171	0.968401
32	2	1.07479
32	42	1.1493
32	77	1.15075
32	89	1.1795
32	98	1.1632
32	120	1.13066
32	122	0.764675
32	125	1.17175
32	128	0.809727
32	132	0.743997
32	145	1.17663
32	157	0.789582
32	169	1.19622
33	19	1.14994
33	22	1.15621
33	27	1.14063
33	57	1.08415
33	65	1.16402
33	75	1.25798
33	94	1.14699
33	97	1.14745
33	133	1.12213
33	146	0.692786
33	159	0.618699
33	163	0.988348
33	180	0.820989
34	1	1.17615
34	9	1.17772
34	99	1.24393
34	102	1.23241
34	112	1.26213
34	115	1.32261
34	116	1.2474
34	123	0.4688
34	127	0.430013
34	140	0.466734
34	147	1.26788
34	156	1.24247
34	173	0.900253
34	174	1.18437
35	14	1.20713
35	50	0.731918
35	79	0.552211
35	99	1.12847
35	100	1.13287
35	102	1.11695
35	103	1.13268
35	109	1.18963
35	112	1.14666
35	116	1.13193
35	127	0.738352
35	151	1.04116
35	167	1.19855
36	16	1.18775
36	58	1.07084
36	90	1.07402
36	129	1.05976
36	136	1.11905
36	138	0.64093
36	141	1.17366
36	142	1.09676
36	145	1.13838
36	150	1.1446
36	155	1.13073
36	161	0.814509
36	172	0.929716
36	176	0.918285
37	66	1.16981
37	114	1.25994
37	119	1.29516
37	121	0.627304
37	129	1.19511
37	136	1.2544
37	142	1.23212
37	150	1.27996
37	151	0.841252
37	152	1.2418
37	155	1.26608
37	158	0.606477
37	164	0.57975
37	180	0.80191
38	15	1.16392
38	17	1.05132
38	41	1.09249
38	43	1.09604
38	47	1.17214
38	60	1.19091
38	92	1.15099
38	95	1.10885
38	111	1.12244
38	147	1.10644
38	173	0.721972
38	174	1.00609
38	177	0.777177
38	178	0.833794
39	13	0.612498
39	69	0.608935
39	97	0.620174
39	102	0.622847
39	104	1.24807
39	138	1.25195
39	144	1.16114
39	161	1.15238
39	172	1.11723
39	174	1.01917
39	175	1.05368
39	176	1.10334
39	177	1.04378
39	178	1.04199
40	4	1.2068
40	77	1.12339
40	84	1.10033
40	89	1.15214
40	96	1.04164
40	98	1.13584
40	113	0.995398
40	120	1.1033
40	121	0.651473
40	125	1.14439
40	167	0.574679
40	169	1.16886
40	172	0.79606
40	174	1.31697
41	31	1.15141
41	38	1.09249
41	43	1.11567
41	47	1.19177
41	61	1.15565
41	62	1.05094
41	87	0.789768
41	92	1.17062
41	93	0.683594
41	95	1.12848
41	108	1.06031
41	128	1.12639
41	144	0.864536
41	170	0.952354
42	32	1.1493
42	50	0.767275
42	52	1.19512
42	64	1.15393
42	84	1.10018
42	96	1.04149
42	98	1.13568
42	113	0.995241
42	120	1.10315
42	125	1.14423
42	154	0.771333
42	157	0.852275
42	161	0.891951
42	169	1.1687
43	5	1.07069
43	31	1.15496
43	38	1.09604
43	41	1.11567
43	47	1.19532
43	51	0.465739
43	60	1.21409
43	62	1.05449
43	68	1.05493
43	111	1.14562
43	128	1.12994
43	170	0.836713
43	176	0.84968
43	177	1.15311
44	48	1.08409
44	73	1.13076
44	81	1.12337
44	83	1.09286
44	100	1.11074
44	103	1.11055
44	109	1.1675
44	113	1.20137
44	135	0.551135
44	137	0.663496
44	139	1.10286
44	153	1.12982
44	167	1.17642
44	180	0.893021
45	28	1.15724
45	46	1.07914
45	59	1.20417
45	63	1.15864
45	67	1.15903
45	69	1.15966
45	70	1.1604
45	117	0.621089
45	128	0.799032
45	152	1.1091
45	165	0.720473
45	173	1.17056
45	179	0.962611
45	180	1.04026
46	12	1.02995
46	28	1.13077
46	45	1.07914
46	59	1.1777
46	63	1.13217
46	67	1.13256
46	69	1.13319
46	70	1.13393
46	108	0.841005
46	152	1.08263
46	168	0.770483
46	170	0.829641
46	173	1.09083
46	179	0.936141
46	180	1.01379
47	15	1.2632
47	38	1.17214
47	41	1.19177
47	43	1.19532
47	49	1.16501
47	61	1.23529
47	76	1.19531
47	79	0.44249
47	88	0.526327
47	95	1.20813
47	108	1.13995
47	111	1.22172
47	157	0.707196
47	175	1.03417
47	180	0.892099
48	25	1.11794
48	44	1.08409
48	73	1.09431
48	81	1.08692
48	83	1.05641
48	100	1.07429
48	103	1.0741
48	106	0.862397
48	109	1.13105
48	130	0.72666
48	139	1.06641
48	153	1.09337
48	159	0.768169
48	167	1.13997
48	173	1.17723
49	17	1.04419
49	21	1.09154
49	30	0.565335
49	47	1.16501
49	58	1.04999
49	68	1.02462
49	111	1.11531
49	131	0.966348
49	136	1.0982
49	142	1.07591
49	143	0.733324
49	147	1.09931
49	150	1.12375
49	155	1.10988
49	175	1.10592
50	11	1.04799
50	13	1.2014
50	35	0.731918
50	42	0.767275
50	57	1.06733
50	60	0.633399
50	94	1.13016
50	97	1.13062
50	119	0.617099
50	126	1.15501
50	166	1.08473
50	168	1.07881
50	176	1.04216
50	178	0.980809
50	180	1.05447
51	7	0.434439
51	43	0.465739
51	62	0.747381
51	80	0.575761
51	124	1.27781
51	127	1.34381
51	147	0.404015
51	159	1.25695
51	166	1.21923
51	168	1.21332
51	171	1.19507
51	173	1.12878
51	175	1.12701
51	177	1.1171
51	178	1.11531
52	23	1.21785
52	42	1.19512
52	64	1.22726
52	77	1.19657
52	84	1.17352
52	89	1.22532
52	96	1.11483
52	120	1.17649
52	125	1.21757
52	144	0.749708
52	154	0.626099
52	167	0.640543
52	168	0.778367
52	169	1.24204
52	176	0.850492
53	11	1.1141
53	13	1.26751
53	19	1.19922
53	27	1.18991
53	57	1.13344
53	65	1.2133
53	78	1.28766
53	94	1.19627
53	97	1.19673
53	121	0.659285
53	122	0.624082
53	133	1.17141
53	137	0.604366
53	167	0.582491
53	179	1.18786
54	2	1.00609
54	23	1.10332
54	30	0.715468
54	64	1.11274
54	89	1.11079
54	93	1.15365
54	96	1.0003
54	98	1.0945
54	120	1.06196
54	125	1.10304
54	140	0.887233
54	145	1.10793
54	154	0.848136
54	157	0.929078
54	169	1.12752
55	23	1.21626
55	64	1.22567
55	77	1.19498
55	84	1.17192
55	89	1.22373
55	96	1.11323
55	98	1.20743
55	120	1.17489
55	125	1.21597
55	137	0.628572
55	160	0.660715
55	168	0.744521
55	169	1.24045
55	170	0.80368
55	176	0.816646
56	12	0.7449
56	31	0.558633
56	72	0.600171
56	112	0.413557
56	126	1.28077
56	137	1.30549
56	143	1.32575
56	155	0.290453
56	164	1.27355
56	170	1.18836
56	172	1.18181
56	173	1.12004
56	174	1.08375
56	175	1.11826
56	177	1.10836
57	11	0.981277
57	13	1.13468
57	22	1.07267
57	33	1.08415
57	50	1.06733
57	53	1.13344
57	75	1.17444
57	78	1.15484
57	94	1.06345
57	97	1.06391
57	124	0.592295
57	133	1.03858
57	143	0.545776
57	174	1.26718
57	179	1.13026
58	8	1.15585
58	36	1.07084
58	49	1.04999
58	66	1.005
58	90	1.04456
58	101	1.16147
58	129	1.0303
58	141	1.1442
58	150	1.11514
58	155	1.10127
58	160	0.622338
58	164	0.597561
58	169	1.12851
58	178	1.13831
58	179	1.17369
59	12	1.15498
59	45	1.20417
59	46	1.1777
59	63	1.2572
59	67	1.25759
59	69	1.25822
59	70	1.25896
59	138	0.537822
59	152	1.20766
59	157	0.671725
59	166	0.780442
59	171	0.824546
59	176	0.815176
59	179	1.06117
59	180	1.13882
60	5	1.16557
60	10	1.15686
60	15	1.28197
60	38	1.19091
60	43	1.21409
60	50	0.633399
60	62	1.14936
60	68	1.1498
60	76	1.21408
60	95	1.2269
60	111	1.24049
60	122	0.693492
60	154	0.637457
60	164	0.681141
60	171	0.87122
61	10	1.10196
61	31	1.19494
61	41	1.15565
61	47	1.23529
61	62	1.09447
61	76	1.15919
61	92	1.21415
61	95	1.172
61	108	1.10383
61	111	1.18559
61	128	1.16992
61	139	0.671452
61	144	0.607975
61	162	0.556726
61	173	0.956982
61	178	1.0688
62	5	1.00597
62	10	0.997256
62	41	1.05094
62	43	1.05449
62	51	0.747381
62	60	1.14936
62	61	1.09447
62	76	1.05448
62	92	1.10944
62	95	1.0673
62	111	1.08089
62	128	1.06522
62	135	0.830886
62	138	0.853967
62	147	1.06489
62	176	1.13132
63	12	1.10944
63	28	1.21027
63	45	1.15864
63	46	1.13217
63	59	1.2572
63	67	1.21206
63	69	1.21269
63	70	1.21343
63	105	0.563923
63	108	0.812658
63	152	1.16213
63	160	0.658329
63	170	0.801294
63	175	0.997786
63	179	1.01564
63	180	1.09329
64	2	1.07942
64	3	0.680663
64	42	1.15393
64	52	1.22726
64	54	1.11274
64	55	1.22567
64	89	1.18413
64	93	1.22699
64	98	1.16783
64	113	1.02739
64	125	1.17637
64	146	0.771398
64	160	0.70222
64	165	0.656287
64	169	1.20085
64	180	0.899602
65	11	1.06114
65	19	1.14627
65	22	1.15253
65	27	1.13695
65	29	0.601852
65	33	1.16402
65	53	1.2133
65	75	1.2543
65	78	1.23471
65	94	1.14331
65	97	1.14377
65	117	0.542851
65	124	0.701548
65	133	1.11845
65	167	0.634151
65	179	1.23952
66	29	0.737103
66	37	1.16981
66	58	1.005
66	90	1.00818
66	101	1.12508
66	107	1.0888
66	119	1.09396
66	129	0.993916
66	133	1.02259
66	141	1.10782
66	148	1.01279
66	155	1.06489
66	168	0.907226
66	169	1.09212
66	170	0.966384
66	171	0.988721
67	12	1.10983
67	28	1.21066
67	45	1.15903
67	46	1.13256
67	59	1.25759
67	63	1.21206
67	69	1.21308
67	70	1.21382
67	149	0.728783
67	151	0.8235
67	152	1.16252
67	157	0.599256
67	172	0.754139
67	175	0.926233
67	179	1.01603
67	180	1.09368
68	5	1.00641
68	15	1.12281
68	17	1.01021
68	43	1.05493
68	49	1.02462
68	60	1.1498
68	73	1.06581
68	100	1.04579
68	103	1.0456
68	104	0.780782
68	109	1.10255
68	153	1.06487
68	161	0.96843
68	165	0.870341
68	167	1.11147
68	176	1.07221
69	12	1.11047
69	28	1.21129
69	39	0.608935
69	45	1.15966
69	46	1.13319
69	59	1.25822
69	63	1.21269
69	67	1.21308
69	70	1.21445
69	93	0.610843
69	127	0.670552
69	140	0.707274
69	152	1.16315
69	175	1.0761
69	179	1.01666
69	180	1.09431
70	12	1.11121
70	28	1.21204
70	45	1.1604
70	46	1.13393
70	59	1.25896
70	63	1.21343
70	67	1.21382
70	69	1.21445
70	110	0.582245
70	152	1.16389
70	160	0.546414
70	162	0.550312
70	173	0.950568
70	174	1.23468
70	179	1.0174
70	180	1.09505
71	14	1.20249
71	24	1.16353
71	80	1.15537
71	86	1.17305
71	88	1.24571
71	99	1.12383
71	102	1.11232
71	112	1.14203
71	115	1.20251
71	116	1.1273
71	154	0.540208
71	156	1.12237
71	158	0.610619
71	171	0.773971
71	176	0.764601
71	179	1.16002
72	56	0.600171
72	85	1.06232
72	107	1.16012
72	114	1.13006
72	119	1.16528
72	121	0.867413
72	129	1.06523
72	130	0.798219
72	133	1.0939
72	135	0.700133
72	136	1.12453
72	141	1.17913
72	145	1.14385
72	150	1.15008
72	155	1.1362
72	156	0.949138
72	169	1.16344
73	7	1.20309
73	25	1.16461
73	44	1.13076
73	48	1.09431
73	68	1.06581
73	81	1.13359
73	82	0.575829
73	83	1.10308
73	93	0.758846
73	100	1.12096
73	103	1.12077
73	109	1.17772
73	123	0.857342
73	138	0.763218
73	139	1.11308
73	167	1.18664
73	176	1.04057
74	8	1.18232
74	85	1.05386
74	101	1.18793
74	107	1.15166
74	113	1.16606
74	119	1.15682
74	123	0.633024
74	131	0.860207
74	133	1.08544
74	136	1.11606
74	139	0.778947
74	141	1.17067
74	142	1.09377
74	152	1.10345
74	155	1.12774
74	167	0.606305
74	169	1.15497
75	11	1.1551
75	19	1.24022
75	22	1.24649
75	27	1.23091
75	33	1.25798
75	57	1.17444
75	65	1.2543
75	78	1.32867
75	87	0.59336
75	93	0.487186
75	94	1.23727
75	97	1.23773
75	133	1.21241
75	148	0.800273
75	158	0.61493
75	164	0.588203
75	177	1.07234
76	5	1.07069
76	10	1.06198
76	15	1.18709
76	17	1.0745
76	47	1.19531
76	60	1.21408
76	61	1.15919
76	62	1.05448
76	88	0.519989
76	92	1.17416
76	95	1.13202
76	111	1.14561
76	134	0.818265
76	137	0.656236
76	147	1.12961
76	166	0.809576
76	179	1.23973
77	2	1.04873
77	23	1.14596
77	32	1.15075
77	40	1.12339
77	52	1.19657
77	55	1.19498
77	84	1.10163
77	88	0.553922
77	96	1.04294
77	120	1.1046
77	124	0.735691
77	125	1.14568
77	137	0.690169
77	145	1.15057
77	169	1.17016
77	172	0.889676
77	177	1.18167
78	13	1.28891
78	19	1.22063
78	22	1.2269
78	27	1.21131
78	30	0.422505
78	53	1.28766
78	57	1.15484
78	65	1.23471
78	75	1.32867
78	94	1.21767
78	97	1.21814
78	133	1.19281
78	138	0.502211
78	153	0.599267
78	164	0.598856
78	172	0.790997
78	178	1.13961
79	35	0.552211
79	47	0.44249
79	81	0.481072
79	99	0.589532
79	113	1.19856
79	121	1.32424
79	125	0.444344
79	135	1.37806
79	145	0.394894
79	161	1.28838
79	166	1.28191
79	173	1.19146
79	174	1.15518
79	177	1.17978
79	178	1.17799
79	179	1.17401
79	180	1.25166
80	1	1.05589
80	9	1.05746
80	24	1.16337
80	51	0.575761
80	71	1.15537
80	86	1.17289
80	99	1.12367
80	102	1.11215
80	112	1.14187
80	115	1.20235
80	116	1.12714
80	147	1.14762
80	156	1.12221
80	161	0.855926
80	165	0.757837
80	167	0.749752
80	172	0.971133
81	7	1.1957
81	25	1.15722
81	44	1.12337
81	48	1.08692
81	73	1.13359
81	79	0.481072
81	83	1.09569
81	100	1.11356
81	103	1.11338
81	109	1.17033
81	118	0.770805
81	139	1.10569
81	153	1.13265
81	159	0.728391
81	165	0.687365
81	167	1.17925
81	178	1.24927
82	12	0.680555
82	73	0.575829
82	103	0.458365
82	117	1.36775
82	125	0.387759
82	129	0.540324
82	131	1.21946
82	133	0.43246
82	154	1.29765
82	159	1.26353
82	168	1.2199
82	170	1.20368
82	172	1.19713
82	173	1.13536
82	175	1.13359
82	177	1.12368
82	178	1.12189
82	179	1.11791
83	7	1.16518
83	25	1.12671
83	44	1.09286
83	48	1.05641
83	73	1.10308
83	81	1.09569
83	91	1.12992
83	100	1.08305
83	103	1.08287
83	109	1.13982
83	139	1.07518
83	149	0.753828
83	153	1.10214
83	161	0.663976
83	163	0.976561
83	166	0.733017
83	167	1.14874
83	178	1.1278
84	23	1.12291
84	40	1.10033
84	42	1.10018
84	52	1.17352
84	55	1.17192
84	77	1.10163
84	89	1.13038
84	96	1.01988
84	113	0.973638
84	120	1.08154
84	125	1.12263
84	132	0.819007
84	135	0.707608
84	145	1.12751
84	146	0.92129
84	165	0.806179
84	166	0.973309
84	169	1.1471
85	6	1.13802
85	72	1.06232
85	74	1.05386
85	114	1.08113
85	119	1.11636
85	126	0.698544
85	129	1.01631
85	133	1.04498
85	136	1.0756
85	141	1.13021
85	142	1.05331
85	145	1.09493
85	150	1.10115
85	155	1.08728
85	157	0.733925
85	166	0.842643
85	169	1.11451
85	178	1.23742
85	180	0.918827
86	9	1.07515
86	24	1.18106
86	26	1.19435
86	71	1.17305
86	80	1.17289
86	88	1.26324
86	99	1.14136
86	102	1.12984
86	112	1.15955
86	115	1.22003
86	116	1.14482
86	143	0.679901
86	144	0.768187
86	147	1.1653
86	153	0.688674
86	156	1.1399
86	158	0.71499
86	170	0.856005
86	171	0.878342
87	41	0.789768
87	75	0.59336
87	117	1.25332
87	120	0.733058
87	132	1.19882
87	141	0.678417
87	144	1.12662
87	147	0.612402
87	151	1.09242
87	156	1.13829
87	168	1.10548
87	171	1.08722
87	172	1.08271
87	173	1.02094
87	174	0.984651
87	175	1.01916
87	176	1.06882
87	177	1.00926
87	178	1.00747
88	8	0.627239
88	47	0.526327
88	71	1.24571
88	76	0.519989
88	77	0.553922
88	86	1.26324
88	96	0.781973
88	102	1.2025
88	112	1.23221
88	115	1.29269
88	116	1.21748
88	142	0.530896
88	171	1.16149
88	173	1.09521
88	174	1.05892
88	175	1.09343
88	176	1.14309
88	177	1.08352
88	178	1.08174
89	2	1.07748
89	32	1.1795
89	40	1.15214
89	52	1.22532
89	54	1.11079
89	55	1.22373
89	64	1.18413
89	84	1.13038
89	93	1.22504
89	98	1.16589
89	105	0.598664
89	117	0.547752
89	120	1.13335
89	125	1.17443
89	131	0.892954
89	138	0.571647
89	169	1.19891
89	175	1.03253
89	180	0.890451
90	18	1.01678
90	21	1.08612
90	36	1.07402
90	58	1.04456
90	66	1.00818
90	91	1.1212
90	104	0.776575
90	105	0.817661
90	114	1.09831
90	119	1.13353
90	126	0.889165
90	136	1.09277
90	139	1.03069
90	142	1.07049
90	150	1.11833
90	152	1.08017
90	155	1.10445
90	159	0.907159
90	169	1.13169
91	21	1.15958
91	83	1.12992
91	90	1.1212
91	100	1.14779
91	103	1.14761
91	107	1.20183
91	109	1.20456
91	113	1.09746
91	127	0.525642
91	129	1.10694
91	141	1.22084
91	150	1.19178
91	153	1.16688
91	155	1.17791
91	159	0.58682
91	167	1.21348
91	168	0.675535
91	171	0.75703
91	175	0.931186
92	5	1.12565
92	10	1.11694
92	15	1.24205
92	31	1.20991
92	38	1.15099
92	41	1.17062
92	61	1.21415
92	62	1.10944
92	76	1.17416
92	95	1.18698
92	108	1.11881
92	124	0.597479
92	128	1.1849
92	147	1.18457
92	156	0.688601
92	160	0.584099
92	166	0.705297
92	174	1.27237
92	176	0.740031
93	41	0.683594
93	54	1.15365
93	64	1.22699
93	69	0.610843
93	73	0.758846
93	75	0.487186
93	89	1.22504
93	94	0.502996
93	96	1.11455
93	99	0.715964
93	113	1.0683
93	120	1.17621
93	162	1.22986
93	169	1.24176
93	171	1.12749
93	172	1.12298
93	173	1.06121
93	175	1.05943
93	176	1.10909
93	178	1.04774
94	11	1.04411
94	13	1.19752
94	19	1.12923
94	22	1.1355
94	27	1.11992
94	33	1.14699
94	50	1.13016
94	53	1.19627
94	57	1.06345
94	65	1.14331
94	75	1.23727
94	78	1.21767
94	93	0.502996
94	97	1.12674
94	110	0.664621
94	133	1.10142
94	134	0.758678
94	140	0.599426
94	173	1.03294
94	177	1.08815
95	5	1.08351
95	10	1.0748
95	31	1.16777
95	38	1.10885
95	41	1.12848
95	47	1.20813
95	60	1.2269
95	61	1.172
95	62	1.0673
95	76	1.13202
95	92	1.18698
95	106	0.702795
95	111	1.15843
95	128	1.14275
95	147	1.14243
95	159	0.608567
95	163	0.978217
95	166	0.734673
95	168	0.697282
95	177	1.07283
96	4	1.12635
96	23	1.06422
96	40	1.04164
96	42	1.04149
96	52	1.11483
96	54	1.0003
96	55	1.11323
96	77	1.04294
96	84	1.01988
96	88	0.781973
96	93	1.11455
96	98	1.05539
96	120	1.02285
96	123	0.923065
96	125	1.06394
96	138	0.828941
96	145	1.06882
96	159	0.945455
96	168	1.03417
96	169	1.08841
97	11	1.04457
97	13	1.19798
97	19	1.1297
97	22	1.13597
97	27	1.12038
97	33	1.14745
97	39	0.620174
97	50	1.13062
97	53	1.19673
97	57	1.06391
97	65	1.14377
97	75	1.23773
97	78	1.21814
97	94	1.12674
97	133	1.10188
97	134	0.877764
97	146	0.817056
97	162	0.751776
97	165	0.701945
97	166	0.869075
98	4	1.22055
98	32	1.1632
98	40	1.13584
98	42	1.13568
98	54	1.0945
98	55	1.20743
98	64	1.16783
98	89	1.16589
98	96	1.05539
98	113	1.00914
98	120	1.11705
98	125	1.15813
98	145	1.16302
98	146	0.716791
98	164	0.622836
98	165	0.60168
98	168	0.73142
98	169	1.18261
98	175	0.98707
98	177	1.10697
99	1	1.02435
99	9	1.02593
99	14	1.1708
99	24	1.13183
99	34	1.24393
99	35	1.12847
99	71	1.12383
99	79	0.589532
99	80	1.12367
99	86	1.14136
99	93	0.715964
99	102	1.08062
99	108	0.996088
99	112	1.11033
99	115	1.17081
99	116	1.0956
99	135	0.697255
99	143	0.808619
99	144	0.896905
99	147	1.11608
99	156	1.09067
100	7	1.18306
100	25	1.14459
100	35	1.13287
100	44	1.11074
100	48	1.07429
100	68	1.04579
100	73	1.12096
100	81	1.11356
100	83	1.08305
100	91	1.14779
100	103	1.10075
100	109	1.1577
100	122	0.715276
100	127	0.661616
100	132	0.694598
100	138	0.60628
100	139	1.09306
100	153	1.12002
100	163	1.09244
100	167	1.16662
100	177	1.18706
101	21	1.20302
101	58	1.16147
101	66	1.12508
101	74	1.18793
101	107	1.24527
101	114	1.21521
101	129	1.15038
101	133	1.17905
101	136	1.20968
101	139	0.633549
101	142	1.18739
101	145	1.229
101	150	1.23523
101	151	0.751649
101	152	1.19707
101	156	0.619426
101	159	0.510016
101	169	1.24859
101	170	0.657889
101	173	0.919078
101	178	1.0309
102	9	1.01441
102	24	1.12032
102	26	1.13361
102	34	1.23241
102	35	1.11695
102	39	0.622847
102	71	1.11232
102	80	1.11215
102	86	1.12984
102	88	1.2025
102	99	1.08062
102	112	1.09882
102	115	1.1593
102	116	1.08409
102	122	0.738123
102	131	0.950435
102	135	0.606046
102	147	1.10457
102	156	1.07916
102	167	0.696533
102	177	1.20991
103	7	1.18288
103	25	1.1444
103	35	1.13268
103	44	1.11055
103	48	1.0741
103	68	1.0456
103	73	1.12077
103	81	1.11338
103	82	0.458365
103	83	1.08287
103	91	1.14761
103	100	1.10075
103	109	1.15751
103	139	1.09287
103	144	0.822323
103	148	0.954468
103	153	1.11984
103	154	0.698715
103	157	0.779656
103	163	1.13192
103	167	1.16643
104	23	0.602743
104	39	1.24807
104	68	0.780782
104	90	0.776575
104	111	0.598559
104	127	1.26216
104	141	0.562547
104	150	0.498679
104	161	1.14404
104	162	1.21578
104	163	1.07946
104	165	1.21697
104	170	1.11545
104	171	1.11341
104	173	1.04713
104	174	1.01084
104	175	1.04535
104	176	1.09501
104	177	1.03544
104	178	1.03366
104	180	1.10732
105	63	0.563923
105	89	0.598664
105	90	0.817661
105	140	1.25344
105	142	0.60488
105	150	0.539765
105	152	0.680357
105	158	1.25407
105	159	1.18431
105	164	1.20967
105	168	1.14069
105	170	1.12447
105	171	1.12244
105	172	1.11792
105	173	1.05615
105	174	1.01986
105	175	1.05438
105	176	1.10404
105	177	1.04447
105	178	1.04268
105	179	1.0387
106	3	1.1836
106	14	0.524481
106	15	0.595006
106	48	0.862397
106	95	0.702795
106	124	1.16875
106	133	0.830591
106	138	1.21621
106	158	1.21764
106	161	1.11664
106	164	1.17324
106	165	1.18956
106	166	1.11017
106	169	0.618943
106	170	1.08804
106	172	1.08149
106	173	1.01972
106	174	0.983431
106	175	1.01795
106	177	1.00804
106	178	1.00625
106	179	1.00227
107	21	1.16674
107	66	1.0888
107	72	1.16012
107	74	1.15166
107	91	1.20183
107	101	1.24527
107	114	1.17893
107	129	1.11411
107	133	1.14278
107	140	0.713655
107	141	1.22801
107	143	0.70988
107	148	1.13298
107	150	1.19895
107	152	1.16079
107	153	0.718653
107	155	1.18508
107	162	0.746918
107	164	0.718242
107	168	0.826826
107	169	1.21231
107	170	0.885984
108	15	1.13173
108	31	1.0996
108	41	1.06031
108	46	0.841005
108	47	1.13995
108	61	1.10383
108	63	0.812658
108	92	1.11881
108	99	0.996088
108	111	1.09025
108	145	0.80145
108	147	1.07426
108	157	1.06997
108	168	1.01604
108	169	0.683952
108	170	0.999825
108	172	0.993272
108	173	0.931505
108	175	0.92973
108	176	0.979389
108	177	0.919822
108	178	0.918035
109	7	1.23983
109	25	1.20135
109	35	1.18963
109	44	1.1675
109	48	1.13105
109	68	1.10255
109	73	1.17772
109	81	1.17033
109	83	1.13982
109	91	1.20456
109	100	1.1577
109	103	1.15751
109	113	1.13511
109	130	0.582961
109	139	1.14982
109	148	0.816671
109	153	1.17678
109	158	0.631328
109	165	0.583446
109	167	1.22338
109	170	0.772344
109	171	0.79468
110	21	0.733972
110	26	0.852236
110	70	0.582245
110	94	0.664621
110	114	0.739062
110	124	1.15543
110	126	1.16714
110	131	1.09051
110	146	1.11258
110	155	0.57075
110	157	1.14487
110	159	1.13457
110	160	1.20059
110	162	1.17506
110	164	1.15992
110	170	1.07473
110	171	1.07269
110	172	1.06817
110	174	0.970119
110	175	1.00463
110	176	1.05429
110	177	0.994725
111	3	0.712494
111	10	1.08838
111	15	1.2135
111	17	1.1009
111	31	1.18136
111	38	1.12244
111	43	1.14562
111	47	1.22172
111	49	1.11531
111	60	1.24049
111	61	1.18559
111	62	1.08089
111	76	1.14561
111	95	1.15843
111	104	0.598559
111	108	1.09025
111	117	0.588734
111	128	1.15634
111	130	0.687634
111	134	0.863938
111	143	0.700911
111	147	1.15602
111	175	1.07351
112	1	1.04255
112	14	1.18899
112	24	1.15003
112	26	1.16333
112	34	1.26213
112	35	1.14666
112	56	0.413557
112	71	1.14203
112	80	1.14187
112	86	1.15955
112	88	1.23221
112	99	1.11033
112	102	1.09882
112	115	1.18901
112	116	1.1138
112	117	0.512705
112	140	0.628658
112	147	1.13428
112	156	1.10887
112	167	0.604005
112	171	0.823324
112	173	1.06218
112	174	1.34629
113	20	0.892588
113	40	0.995398
113	42	0.995241
113	44	1.20137
113	64	1.02739
113	74	1.16606
113	79	1.19856
113	84	0.973638
113	91	1.09746
113	93	1.0683
113	98	1.00914
113	109	1.13511
113	120	0.976607
113	143	1.06732
113	144	0.967288
113	168	0.946145
113	169	1.04217
113	172	0.923377
113	173	0.861609
113	174	0.825321
113	176	0.909494
113	177	0.849927
113	178	0.84814
114	18	1.06734
114	37	1.25994
114	72	1.13006
114	85	1.08113
114	90	1.09831
114	101	1.21521
114	107	1.17893
114	110	0.739062
114	118	0.740737
114	128	0.735856
114	129	1.08404
114	136	1.14333
114	141	1.19794
114	142	1.12105
114	145	1.16266
114	146	0.772409
114	150	1.16889
114	152	1.13073
114	155	1.15501
114	164	0.678453
114	169	1.18225
114	170	0.846196
114	171	0.868533
115	1	1.10303
115	9	1.1046
115	14	1.24947
115	24	1.21051
115	26	1.22381
115	34	1.32261
115	71	1.20251
115	80	1.20235
115	86	1.22003
115	88	1.29269
115	99	1.17081
115	102	1.1593
115	112	1.18901
115	116	1.17428
115	126	0.575759
115	127	0.532574
115	130	0.552243
115	147	1.19476
115	149	0.740668
115	156	1.16935
115	160	0.59866
115	163	0.963401
115	177	1.05802
115	180	0.796042
116	1	1.02782
116	3	0.63418
116	9	1.02939
116	14	1.17426
116	24	1.1353
116	26	1.1486
116	34	1.2474
116	35	1.13193
116	71	1.1273
116	80	1.12714
116	86	1.14482
116	88	1.21748
116	99	1.0956
116	102	1.08409
116	112	1.1138
116	115	1.17428
116	126	0.632836
116	140	0.626373
116	147	1.11955
116	148	0.84303
116	156	1.09414
116	165	0.609804
116	173	1.05989
116	178	1.17171
117	7	0.51713
117	45	0.621089
117	65	0.542851
117	82	1.36775
117	87	1.25332
117	89	0.547752
117	111	0.588734
117	112	0.512705
117	120	0.607362
117	123	1.22767
117	133	0.595954
117	134	1.17286
117	137	1.27235
117	140	1.28419
117	144	1.19258
117	158	1.28482
117	163	1.11923
117	164	1.24042
117	165	1.25674
117	170	1.15522
117	172	1.14867
117	174	1.05061
117	175	1.08513
117	178	1.07343
118	9	0.873922
118	20	1.03689
118	81	0.770805
118	114	0.740737
118	119	0.727125
118	125	0.734077
118	134	1.09187
118	151	1.07739
118	153	1.1482
118	154	1.16819
118	164	1.15943
118	165	1.17575
118	166	1.09636
118	169	0.567129
118	171	1.07219
118	172	1.06768
118	173	1.00591
118	174	0.969621
118	175	1.00413
118	176	1.05379
118	177	0.994226
118	178	0.99244
118	179	0.988455
118	180	1.0661
119	16	1.24726
119	21	1.1719
119	37	1.29516
119	50	0.617099
119	66	1.09396
119	72	1.16528
119	74	1.15682
119	85	1.11636
119	90	1.13353
119	118	0.727125
119	123	0.662321
119	129	1.11927
119	132	0.656514
119	136	1.17856
119	141	1.23317
119	142	1.15627
119	145	1.19788
119	148	1.13814
119	149	0.831627
119	151	0.926344
119	152	1.16595
119	155	1.19024
119	158	0.691568
119	164	0.664842
119	169	1.21747
120	2	1.02864
120	4	1.18801
120	32	1.13066
120	40	1.1033
120	42	1.10315
120	52	1.17649
120	54	1.06196
120	55	1.17489
120	77	1.1046
120	84	1.08154
120	87	0.733058
120	89	1.13335
120	93	1.17621
120	96	1.02285
120	98	1.11705
120	113	0.976607
120	117	0.607362
120	125	1.1256
120	137	0.720537
120	145	1.13048
120	153	0.728313
120	161	0.804836
120	162	0.756578
120	169	1.15007
120	179	1.30403
121	17	0.929722
121	21	0.720918
121	22	0.543885
121	37	0.627304
121	40	0.651473
121	53	0.659285
121	72	0.867413
121	79	1.32424
121	130	1.18352
121	131	1.07139
121	132	1.16517
121	134	1.07325
121	154	1.14958
121	157	1.12575
121	158	1.18521
121	161	1.08421
121	164	1.14081
121	165	1.15713
121	167	1.17618
121	170	1.05561
121	171	1.05358
121	175	0.985518
121	176	1.03518
121	177	0.97561
121	180	1.04749
122	20	1.0713
122	29	1.28004
122	32	0.764675
122	53	0.624082
122	60	0.693492
122	100	0.715276
122	102	0.738123
122	142	0.686859
122	151	1.1118
122	154	1.2026
122	156	1.15767
122	159	1.16848
122	163	1.07265
122	164	1.19384
122	166	1.13077
122	168	1.12485
122	169	0.517196
122	170	1.10864
122	171	1.1066
122	173	1.04032
122	174	1.00403
122	175	1.03854
122	176	1.0882
122	177	1.02864
122	178	1.02685
123	17	0.879647
123	31	0.775801
123	34	0.4688
123	73	0.857342
123	74	0.633024
123	96	0.923065
123	117	1.22767
123	119	0.662321
123	124	1.14431
123	143	1.201
123	144	1.10097
123	146	1.10146
123	149	1.11827
123	160	1.18947
123	162	1.16394
123	163	1.02762
123	164	1.1488
123	166	1.08573
123	168	1.07982
123	170	1.06361
123	171	1.06157
123	172	1.05705
123	175	0.993512
123	176	1.04317
123	178	0.981818
123	179	0.977833
124	28	0.800404
124	30	1.26606
124	51	1.27781
124	57	0.592295
124	65	0.701548
124	77	0.735691
124	92	0.597479
124	106	1.16875
124	110	1.15543
124	123	1.14431
124	131	1.08764
124	132	1.18142
124	134	1.0895
124	135	1.19014
124	139	1.11887
124	145	0.6605
124	147	0.645402
124	151	1.07502
124	163	1.03588
124	168	1.08808
124	171	1.06983
124	173	1.00354
124	175	1.00177
124	176	1.05143
124	178	0.990074
125	2	1.06972
125	4	1.2291
125	23	1.16696
125	32	1.17175
125	40	1.14439
125	42	1.14423
125	52	1.21757
125	54	1.10304
125	55	1.21597
125	64	1.17637
125	77	1.14568
125	79	0.444344
125	82	0.387759
125	84	1.12263
125	89	1.17443
125	96	1.06394
125	98	1.15813
125	118	0.734077
125	120	1.1256
125	145	1.17156
125	151	0.933295
125	156	0.801072
125	161	0.748727
125	162	0.700468
125	169	1.19115
125	173	1.10072
126	13	0.7173
126	50	1.15501
126	56	1.28077
126	85	0.698544
126	90	0.889165
126	110	1.16714
126	115	0.575759
126	116	0.632836
126	134	1.1012
126	141	0.675137
126	152	0.751862
126	157	1.15371
126	162	1.1839
126	163	1.04758
126	164	1.16876
126	166	1.1057
126	170	1.08357
126	171	1.08153
126	172	1.07702
126	173	1.01525
126	174	0.97896
126	175	1.01347
126	176	1.06313
126	177	1.00357
126	178	1.00178
126	180	1.07544
127	8	0.729542
127	34	0.430013
127	35	0.738352
127	51	1.34381
127	69	0.670552
127	91	0.525642
127	100	0.661616
127	104	1.26216
127	115	0.532574
127	129	0.783049
127	138	1.26604
127	144	1.17523
127	146	1.17572
127	149	1.19253
127	151	1.14103
127	160	1.26373
127	166	1.15999
127	170	1.13787
127	172	1.13131
127	173	1.06955
127	174	1.03326
127	175	1.06777
127	176	1.11743
127	177	1.05786
127	178	1.05608
127	180	1.12974
128	6	0.598874
128	17	1.08523
128	32	0.809727
128	41	1.12639
128	43	1.12994
128	45	0.799032
128	61	1.16992
128	62	1.06522
128	92	1.1849
128	95	1.14275
128	111	1.15634
128	114	0.735856
128	131	1.0817
128	136	0.729053
128	140	1.19488
128	147	1.14035
128	155	0.567544
128	159	1.12576
128	161	1.09451
128	163	1.02993
128	169	0.562248
128	170	1.06591
128	173	0.997594
128	174	0.961305
128	176	1.04548
128	178	0.984124
129	6	1.14093
129	16	1.14721
129	36	1.05976
129	37	1.19511
129	58	1.0303
129	66	0.993916
129	72	1.06523
129	82	0.540324
129	85	1.01631
129	91	1.10694
129	101	1.15038
129	107	1.11411
129	114	1.08404
129	119	1.11927
129	127	0.783049
129	136	1.07851
129	139	0.967759
129	141	1.13312
129	144	0.904282
129	148	1.03809
129	150	1.10406
129	155	1.09019
129	159	0.844227
129	167	0.795117
129	169	1.11742
129	172	1.0165
130	8	0.749211
130	25	0.533085
130	26	0.769988
130	48	0.72666
130	72	0.798219
130	109	0.582961
130	111	0.687634
130	115	0.552243
130	121	1.18352
130	134	1.13671
130	140	1.24804
130	144	1.15643
130	149	1.17374
130	154	1.21303
130	157	1.18921
130	160	1.24493
130	165	1.22059
130	166	1.1412
130	168	1.13529
130	171	1.11704
130	172	1.11252
130	173	1.05075
130	174	1.01446
130	175	1.04898
130	176	1.09863
130	177	1.03907
130	178	1.03728
131	20	0.969597
131	49	0.966348
131	74	0.860207
131	82	1.21946
131	89	0.892954
131	102	0.950435
131	110	1.09051
131	121	1.07139
131	124	1.08764
131	128	1.0817
131	139	1.05395
131	143	1.14433
131	144	1.0443
131	155	0.734804
131	157	1.07708
131	161	1.03554
131	163	0.970953
131	166	1.02907
131	169	0.729507
131	170	1.00694
131	171	1.0049
131	172	1.00039
131	174	0.90233
131	175	0.936844
131	176	0.986503
131	177	0.926936
131	178	0.925149
132	19	0.479814
132	24	0.678841
132	32	0.743997
132	84	0.819007
132	87	1.19882
132	100	0.694598
132	119	0.656514
132	121	1.16517
132	124	1.18142
132	135	1.21899
132	137	1.21785
132	142	0.666181
132	147	0.598918
132	149	1.15538
132	151	1.10388
132	160	1.22658
132	161	1.12931
132	162	1.20105
132	168	1.11693
132	171	1.09868
132	172	1.09416
132	173	1.0324
132	174	0.996108
132	175	1.03062
132	176	1.08028
132	177	1.02071
132	178	1.01893
132	180	1.09259
133	13	1.17266
133	27	1.09506
133	33	1.12213
133	53	1.17141
133	57	1.03858
133	65	1.11845
133	66	1.02259
133	72	1.0939
133	74	1.08544
133	75	1.21241
133	78	1.19281
133	82	0.43246
133	85	1.04498
133	94	1.10142
133	97	1.10188
133	101	1.17905
133	106	0.830591
133	107	1.14278
133	117	0.595954
133	136	1.10718
133	141	1.16179
133	142	1.08489
133	143	0.708131
133	160	0.741271
133	165	0.695338
133	168	0.825078
133	169	1.14609
133	174	1.42954
134	10	0.862469
134	21	0.828029
134	29	1.1802
134	76	0.818265
134	94	0.758678
134	97	0.877764
134	111	0.863938
134	117	1.17286
134	118	1.09187
134	121	1.07325
134	124	1.0895
134	126	1.1012
134	130	1.13671
134	143	1.14618
134	154	1.10276
134	158	1.13839
134	160	1.13466
134	167	1.12936
134	168	1.02501
134	169	0.659509
134	170	1.00879
134	171	1.00676
134	172	1.00224
134	173	0.940474
134	174	0.904185
134	175	0.938699
134	176	0.988358
134	177	0.928791
134	178	0.927004
135	16	0.583048
135	28	0.642521
135	44	0.551135
135	62	0.830886
135	72	0.700133
135	79	1.37806
135	84	0.707608
135	99	0.697255
135	102	0.606046
135	124	1.19014
135	132	1.21899
135	138	1.23761
135	140	1.2384
135	141	0.553535
135	149	1.1641
135	157	1.17957
135	160	1.2353
135	165	1.21095
135	166	1.13156
135	168	1.12565
135	170	1.10943
135	171	1.1074
135	172	1.10288
135	173	1.04111
135	174	1.00482
135	175	1.03934
135	176	1.089
135	177	1.02943
135	178	1.02764
135	180	1.10131
136	6	1.20023
136	8	1.20406
136	16	1.2065
136	18	1.06181
136	36	1.11905
136	37	1.2544
136	49	1.0982
136	72	1.12453
136	74	1.11606
136	85	1.0756
136	90	1.09277
136	101	1.20968
136	114	1.14333
136	119	1.17856
136	128	0.729053
136	129	1.07851
136	133	1.10718
136	137	0.664285
136	141	1.19241
136	142	1.11551
136	143	0.663288
136	148	1.09739
136	150	1.16335
136	151	0.933153
136	153	0.672062
136	154	0.627966
136	155	1.14948
136	170	0.839393
136	172	0.863792
136	175	1.03589
137	1	0.898794
137	15	0.473543
137	44	0.663496
137	53	0.604366
137	55	0.628572
137	56	1.30549
137	76	0.656236
137	77	0.690169
137	117	1.27235
137	120	0.720537
137	132	1.21785
137	136	0.664285
137	146	1.14615
137	149	1.16296
137	153	1.18226
137	158	1.23789
137	161	1.13689
137	164	1.19349
137	165	1.20981
137	167	1.22886
137	168	1.12451
137	170	1.10829
137	171	1.10625
137	173	1.03997
137	174	1.00368
137	175	1.03819
137	176	1.08785
137	177	1.02829
137	178	1.0265
137	180	1.10016
138	26	0.694983
138	36	0.64093
138	39	1.25195
138	59	0.537822
138	62	0.853967
138	73	0.763218
138	78	0.502211
138	89	0.571647
138	96	0.828941
138	100	0.60628
138	106	1.21621
138	127	1.26604
138	135	1.23761
138	146	1.15719
138	149	1.174
138	151	1.12249
138	154	1.2133
138	159	1.17917
138	162	1.21967
138	163	1.08335
138	164	1.20453
138	170	1.11933
138	171	1.1173
138	172	1.11278
138	173	1.05101
138	174	1.01472
138	175	1.04924
138	176	1.0989
138	177	1.03933
138	178	1.03754
139	24	0.830571
139	44	1.10286
139	48	1.06641
139	61	0.671452
139	73	1.11308
139	74	0.778947
139	81	1.10569
139	83	1.07518
139	90	1.03069
139	100	1.09306
139	101	0.633549
139	103	1.09287
139	109	1.14982
139	124	1.11887
139	129	0.967759
139	131	1.05395
139	150	0.752795
139	153	1.11214
139	159	1.09801
139	163	1.00218
139	167	1.15874
139	168	1.05438
139	172	1.03162
139	173	0.969849
139	174	0.93356
139	175	0.968074
139	177	0.958166
139	178	0.956379
139	179	0.952395
140	34	0.466734
140	54	0.887233
140	69	0.707274
140	94	0.599426
140	105	1.25344
140	107	0.713655
140	112	0.628658
140	116	0.626373
140	117	1.28419
140	128	1.19488
140	130	1.24804
140	135	1.2384
140	150	0.604806
140	151	1.12329
140	154	1.21409
140	161	1.14872
140	162	1.22046
140	165	1.22165
140	168	1.13634
140	169	0.500258
140	170	1.12013
140	171	1.11809
140	172	1.11357
140	173	1.05181
140	174	1.01552
140	175	1.05003
140	176	1.09969
140	177	1.04012
140	178	1.03834
140	179	1.03435
141	6	1.25483
141	18	1.11642
141	21	1.18575
141	36	1.17366
141	58	1.1442
141	66	1.10782
141	72	1.17913
141	74	1.17067
141	85	1.13021
141	87	0.678417
141	91	1.22084
141	104	0.562547
141	107	1.22801
141	114	1.19794
141	119	1.23317
141	126	0.675137
141	129	1.13312
141	133	1.16179
141	135	0.553535
141	136	1.19241
141	142	1.17012
141	145	1.21173
141	148	1.15199
141	150	1.21796
141	153	0.673673
141	155	1.20409
141	157	0.710519
141	158	0.699988
141	162	0.701937
141	172	0.865403
141	176	0.853971
142	6	1.17794
142	8	1.18177
142	16	1.18421
142	18	1.03952
142	36	1.09676
142	37	1.23212
142	49	1.07591
142	74	1.09377
142	85	1.05331
142	88	0.530896
142	90	1.07049
142	101	1.18739
142	105	0.60488
142	114	1.12105
142	119	1.15627
142	122	0.686859
142	132	0.666181
142	133	1.08489
142	136	1.11551
142	141	1.17012
142	145	1.13484
142	148	1.0751
142	150	1.14107
142	152	1.10291
142	155	1.12719
142	161	0.751442
142	162	0.703184
142	167	0.645268
142	169	1.15443
142	175	1.03874
142	178	1.21526
143	4	0.65017
143	49	0.733324
143	56	1.32575
143	57	0.545776
143	86	0.679901
143	99	0.808619
143	107	0.70988
143	111	0.700911
143	113	1.06732
143	123	1.201
143	131	1.14433
143	133	0.708131
143	134	1.14618
143	136	0.663288
143	144	1.16591
143	146	1.1664
143	151	1.13171
143	157	1.19869
143	161	1.15714
143	163	1.09256
143	164	1.21374
143	170	1.12855
143	172	1.122
143	173	1.06023
143	174	1.02394
143	175	1.05845
143	176	1.10811
143	177	1.04854
143	178	1.04676
143	179	1.04277
143	180	1.12042
144	1	0.986084
144	39	1.16114
144	41	0.864536
144	52	0.749708
144	61	0.607975
144	86	0.768187
144	87	1.12662
144	99	0.896905
144	103	0.822323
144	113	0.967288
144	117	1.19258
144	123	1.10097
144	127	1.17523
144	129	0.904282
144	130	1.15643
144	131	1.0443
144	143	1.16591
144	153	1.10249
144	156	1.07754
144	158	1.15811
144	161	1.05711
144	162	1.12885
144	163	0.99253
144	171	1.02648
144	172	1.02196
144	173	0.960196
144	174	0.923908
144	175	0.958421
144	176	1.00808
144	177	0.948513
144	178	0.946727
144	179	0.942743
144	180	1.02039
145	4	1.23398
145	16	1.22582
145	23	1.17185
145	32	1.17663
145	36	1.13838
145	54	1.10793
145	72	1.14385
145	77	1.15057
145	79	0.394894
145	84	1.12751
145	85	1.09493
145	96	1.06882
145	98	1.16302
145	101	1.229
145	108	0.80145
145	114	1.16266
145	119	1.19788
145	120	1.13048
145	124	0.6605
145	125	1.17156
145	141	1.21173
145	142	1.13484
145	150	1.18268
145	155	1.16881
145	158	0.64907
145	160	0.647121
145	164	0.622343
145	169	1.19604
145	171	0.812423
145	172	0.814485
145	176	0.803053
145	177	1.10648
146	3	1.12457
146	5	0.873889
146	33	0.692786
146	64	0.771398
146	84	0.92129
146	97	0.817056
146	98	0.716791
146	110	1.11258
146	114	0.772409
146	123	1.10146
146	127	1.17572
146	137	1.14615
146	138	1.15719
146	143	1.1664
146	147	0.701201
146	154	1.12298
146	158	1.15861
146	162	1.12935
146	165	1.13054
146	166	1.05114
146	167	1.14959
146	168	1.04523
146	170	1.02901
146	171	1.02698
146	172	1.02246
146	173	0.960694
146	174	0.924406
146	175	0.958919
146	177	0.949011
146	178	0.947225
146	179	0.943241
146	180	1.02089
147	1	1.0483
147	5	1.0811
147	14	1.19474
147	17	1.08491
147	24	1.15578
147	31	1.16536
147	34	1.26788
147	38	1.10644
147	49	1.09931
147	51	0.404015
147	62	1.06489
147	76	1.12961
147	80	1.14762
147	86	1.1653
147	87	0.612402
147	92	1.18457
147	95	1.14243
147	99	1.11608
147	102	1.10457
147	108	1.07426
147	111	1.15602
147	112	1.13428
147	115	1.19476
147	116	1.11955
147	124	0.645402
147	128	1.14035
147	132	0.598918
147	146	0.701201
147	148	0.819315
147	149	0.774031
147	156	1.11462
147	170	0.774988
147	175	0.97148
147	178	1.148
148	16	1.16608
148	18	1.0214
148	19	0.700211
148	24	0.899238
148	25	0.766794
148	66	1.01279
148	75	0.800273
148	103	0.954468
148	107	1.13298
148	109	0.816671
148	116	0.84303
148	119	1.13814
148	129	1.03809
148	136	1.09739
148	141	1.15199
148	142	1.0751
148	147	0.819315
148	149	1.07873
148	150	1.12294
148	152	1.08478
148	160	1.14993
148	165	1.12559
148	166	1.04619
148	169	1.1363
148	171	1.02203
148	172	1.01751
148	173	0.955743
148	174	0.919455
148	175	0.953968
148	176	1.00363
148	177	0.94406
148	178	0.942274
148	180	1.01594
149	15	0.647694
149	21	0.84015
149	23	0.880242
149	30	1.24003
149	67	0.728783
149	83	0.753828
149	115	0.740668
149	119	0.831627
149	123	1.11827
149	127	1.19253
149	130	1.17374
149	132	1.15538
149	135	1.1641
149	137	1.16296
149	138	1.174
149	147	0.774031
149	148	1.07873
149	151	1.04898
149	156	1.09485
149	161	1.07442
149	162	1.14616
149	163	1.00984
149	164	1.13102
149	168	1.06204
149	169	0.67163
149	171	1.04379
149	172	1.03927
149	173	0.977504
149	174	0.941216
149	175	0.97573
149	176	1.02539
149	177	0.965822
149	178	0.964035
149	179	0.960051
149	180	1.0377
150	6	1.22578
150	8	1.22961
150	18	1.08736
150	21	1.1567
150	36	1.1446
150	37	1.27996
150	49	1.12375
150	58	1.11514
150	72	1.15008
150	85	1.10115
150	90	1.11833
150	91	1.19178
150	101	1.23523
150	104	0.498679
150	105	0.539765
150	107	1.19895
150	114	1.16889
150	129	1.10406
150	136	1.16335
150	139	0.752795
150	140	0.604806
150	141	1.21796
150	142	1.14107
150	145	1.18268
150	148	1.12294
150	152	1.15075
150	155	1.17503
150	158	0.63612
150	162	0.638069
150	169	1.20227
150	170	0.777136
150	171	0.799472
150	172	0.801534
150	173	1.03832
150	180	0.831553
151	19	0.749644
151	35	1.04116
151	37	0.841252
151	67	0.8235
151	87	1.09242
151	101	0.751649
151	118	1.07739
151	119	0.926344
151	122	1.1118
151	124	1.07502
151	125	0.933295
151	127	1.14103
151	132	1.10388
151	136	0.933153
151	138	1.12249
151	140	1.12329
151	143	1.13171
151	149	1.04898
151	153	1.06829
151	157	1.06446
151	160	1.12018
151	162	1.09465
151	163	0.95833
151	165	1.09584
151	166	1.01644
151	168	1.01053
151	170	0.994317
151	171	0.992282
151	174	0.889708
151	175	0.924221
151	176	0.973881
151	177	0.914313
151	178	0.912527
151	179	0.908543
151	180	0.986191
152	8	1.19146
152	12	1.05991
152	28	1.16074
152	37	1.2418
152	45	1.1091
152	46	1.08263
152	59	1.20766
152	63	1.16213
152	67	1.16252
152	69	1.16315
152	70	1.16389
152	74	1.10345
152	90	1.08017
152	101	1.19707
152	105	0.680357
152	107	1.16079
152	114	1.13073
152	119	1.16595
152	126	0.751862
152	142	1.10291
152	148	1.08478
152	150	1.15075
152	153	0.750397
152	154	0.706301
152	155	1.13688
152	158	0.776712
152	160	0.774763
152	162	0.778661
152	164	0.749986
152	169	1.16411
152	172	0.942127
152	176	0.930695
152	179	0.966102
152	180	1.04375
153	2	0.869318
153	7	1.20215
153	18	0.863038
153	25	1.16367
153	44	1.12982
153	48	1.09337
153	68	1.06487
153	78	0.599267
153	81	1.13265
153	83	1.10214
153	86	0.688674
153	91	1.16688
153	100	1.12002
153	103	1.11984
153	107	0.718653
153	109	1.17678
153	118	1.1482
153	120	0.728313
153	136	0.672062
153	137	1.18226
153	139	1.11214
153	141	0.673673
153	144	1.10249
153	151	1.06829
153	152	0.750397
153	159	1.12497
153	162	1.16547
153	166	1.08726
153	167	1.1857
153	169	0.505256
153	170	1.06513
153	171	1.0631
153	176	1.0447
153	177	0.985129
153	178	0.983342
153	179	0.979358
154	2	0.825223
154	28	0.718563
154	42	0.771333
154	52	0.626099
154	54	0.848136
154	60	0.637457
154	71	0.540208
154	82	1.29765
154	103	0.698715
154	118	1.16819
154	121	1.14958
154	122	1.2026
154	130	1.21303
154	134	1.10276
154	136	0.627966
154	138	1.2133
154	140	1.21409
154	146	1.12298
154	152	0.706301
154	157	1.15526
154	158	1.21472
154	161	1.11372
154	163	1.04914
154	164	1.17032
154	166	1.10725
154	167	1.20569
154	171	1.08309
154	172	1.07857
154	173	1.0168
154	174	0.980513
154	175	1.01503
154	177	1.00512
154	178	1.00333
154	179	0.999348
154	180	1.077
155	6	1.2119
155	8	1.21574
155	16	1.21818
155	18	1.07349
155	20	1.24742
155	36	1.13073
155	37	1.26608
155	49	1.10988
155	56	0.290453
155	58	1.10127
155	66	1.06489
155	72	1.1362
155	74	1.12774
155	85	1.08728
155	90	1.10445
155	91	1.17791
155	107	1.18508
155	110	0.57075
155	114	1.15501
155	119	1.19024
155	128	0.567544
155	129	1.09019
155	131	0.734804
155	136	1.14948
155	141	1.20409
155	142	1.12719
155	145	1.16881
155	150	1.17503
155	152	1.13688
155	156	0.639421
155	161	0.587076
155	163	0.89966
155	169	1.18839
155	171	0.700221
155	172	0.702283
155	178	1.05089
156	1	1.02289
156	4	0.787812
156	9	1.02446
156	11	0.904355
156	13	0.844703
156	26	1.14367
156	34	1.24247
156	71	1.12237
156	72	0.949138
156	80	1.12221
156	86	1.1399
156	87	1.13829
156	92	0.688601
156	99	1.09067
156	101	0.619426
156	102	1.07916
156	112	1.10887
156	115	1.16935
156	116	1.09414
156	122	1.15767
156	125	0.801072
156	144	1.07754
156	147	1.11462
156	149	1.09485
156	155	0.639421
156	166	1.06231
156	169	0.634125
156	170	1.04018
156	171	1.03815
156	173	0.971864
156	176	1.01975
156	177	0.960181
156	178	0.958395
156	179	0.95441
156	180	1.03206
157	27	0.626789
157	29	1.2327
157	32	0.789582
157	42	0.852275
157	47	0.707196
157	54	0.929078
157	59	0.671725
157	67	0.599256
157	85	0.733925
157	103	0.779656
157	108	1.06997
157	110	1.14487
157	121	1.12575
157	126	1.15371
157	130	1.18921
157	131	1.07708
157	135	1.17957
157	141	0.710519
157	143	1.19869
157	151	1.06446
157	154	1.15526
157	159	1.12114
157	160	1.18716
157	161	1.0899
157	164	1.14649
157	165	1.16282
157	166	1.08342
157	170	1.0613
157	171	1.05926
157	172	1.05475
157	173	0.992978
157	174	0.956689
157	175	0.991203
157	176	1.04086
157	177	0.981295
157	178	0.979508
157	180	1.05317
158	6	0.568198
158	37	0.606477
158	71	0.610619
158	75	0.61493
158	86	0.71499
158	105	1.25407
158	106	1.21764
158	109	0.631328
158	117	1.28482
158	119	0.691568
158	121	1.18521
158	134	1.13839
158	137	1.23789
158	141	0.699988
158	144	1.15811
158	145	0.64907
158	146	1.15861
158	150	0.63612
158	152	0.776712
158	154	1.21472
158	159	1.1806
158	160	1.24662
158	161	1.14935
158	163	1.08477
158	164	1.20595
158	167	1.24133
158	168	1.13697
158	170	1.12076
158	171	1.11872
158	172	1.1142
158	173	1.05244
158	174	1.01615
158	175	1.05066
158	176	1.10032
158	177	1.04075
158	178	1.03897
159	18	0.882497
159	33	0.618699
159	48	0.768169
159	51	1.25695
159	81	0.728391
159	82	1.26353
159	90	0.907159
159	91	0.58682
159	95	0.608567
159	96	0.945455
159	101	0.510016
159	105	1.18431
159	110	1.13457
159	122	1.16848
159	128	1.12576
159	129	0.844227
159	138	1.17917
159	139	1.09801
159	153	1.12497
159	157	1.12114
159	158	1.1806
159	160	1.17686
159	162	1.15133
159	164	1.1362
159	165	1.15252
159	168	1.06722
159	170	1.051
159	171	1.04896
159	172	1.04445
159	173	0.982679
159	174	0.946391
159	175	0.980904
159	176	1.03056
159	177	0.970996
159	178	0.96921
159	179	0.965226
159	180	1.04287
160	31	0.803099
160	55	0.660715
160	58	0.622338
160	63	0.658329
160	64	0.70222
160	70	0.546414
160	92	0.584099
160	110	1.20059
160	115	0.59866
160	123	1.18947
160	127	1.26373
160	130	1.24493
160	132	1.22658
160	133	0.741271
160	134	1.13466
160	135	1.2353
160	145	0.647121
160	148	1.14993
160	151	1.12018
160	152	0.774763
160	157	1.18716
160	158	1.24662
160	159	1.17686
160	161	1.14562
160	163	1.08104
160	165	1.21854
160	167	1.23759
160	168	1.13324
160	169	0.529623
160	170	1.11702
160	171	1.11499
160	172	1.11047
160	173	1.0487
160	174	1.01241
160	175	1.04693
160	176	1.09659
160	177	1.03702
160	178	1.03523
160	179	1.03125
160	180	1.1089
161	36	0.814509
161	39	1.15238
161	42	0.891951
161	68	0.96843
161	79	1.28838
161	80	0.855926
161	83	0.663976
161	104	1.14404
161	106	1.11664
161	120	0.804836
161	121	1.08421
161	125	0.748727
161	128	1.09451
161	131	1.03554
161	132	1.12931
161	137	1.13689
161	140	1.14872
161	142	0.751442
161	143	1.15714
161	144	1.05711
161	149	1.07442
161	154	1.11372
161	155	0.587076
161	157	1.0899
161	158	1.14935
161	160	1.14562
161	163	0.983769
161	164	1.10495
161	165	1.12128
161	166	1.04188
161	168	1.03597
161	169	0.581779
161	170	1.01975
161	174	0.915146
161	176	0.999319
161	177	0.939752
161	178	0.937965
161	179	0.933981
161	180	1.01163
162	8	0.799527
162	24	0.715844
162	61	0.556726
162	70	0.550312
162	93	1.22986
162	97	0.751776
162	104	1.21578
162	107	0.746918
162	110	1.17506
162	120	0.756578
162	123	1.16394
162	125	0.700468
162	126	1.1839
162	132	1.20105
162	138	1.21967
162	140	1.22046
162	141	0.701937
162	142	0.703184
162	144	1.12885
162	146	1.12935
162	149	1.14616
162	150	0.638069
162	151	1.09465
162	152	0.778661
162	153	1.16547
162	159	1.15133
162	163	1.05551
162	164	1.17669
162	165	1.19301
162	166	1.11362
162	168	1.10771
162	170	1.09149
162	171	1.08946
162	172	1.08494
162	173	1.02317
162	174	0.986884
162	175	1.0214
162	176	1.07106
162	177	1.01149
162	178	1.0097
162	179	1.00572
162	180	1.08337
163	5	1.16945
163	33	0.988348
163	83	0.976561
163	95	0.978217
163	100	1.09244
163	103	1.13192
163	104	1.07946
163	115	0.963401
163	117	1.11923
163	122	1.07265
163	123	1.02762
163	124	1.03588
163	126	1.04758
163	128	1.02993
163	131	0.970953
163	138	1.08335
163	139	1.00218
163	143	1.09256
163	144	0.99253
163	149	1.00984
163	151	0.95833
163	154	1.04914
163	155	0.89966
163	158	1.08477
163	160	1.08104
163	161	0.983769
163	162	1.05551
163	165	1.05669
163	166	0.977298
163	168	0.971387
163	170	0.955172
163	171	0.953137
163	172	0.948619
163	173	0.886851
163	174	0.850563
163	175	0.885076
163	176	0.934736
163	177	0.875168
163	178	0.873382
163	179	0.869398
163	180	0.947046
164	1	0.906159
164	26	0.791628
164	37	0.57975
164	56	1.27355
164	58	0.597561
164	60	0.681141
164	75	0.588203
164	78	0.598856
164	98	0.622836
164	105	1.20967
164	106	1.17324
164	107	0.718242
164	110	1.15992
164	114	0.678453
164	117	1.24042
164	118	1.15943
164	119	0.664842
164	121	1.14081
164	122	1.19384
164	123	1.1488
164	126	1.16876
164	137	1.19349
164	138	1.20453
164	143	1.21374
164	145	0.622343
164	149	1.13102
164	152	0.749986
164	154	1.17032
164	157	1.14649
164	158	1.20595
164	159	1.1362
164	161	1.10495
164	162	1.17669
164	165	1.17788
164	166	1.09848
164	168	1.09257
164	170	1.07635
164	171	1.07432
164	172	1.0698
164	173	1.00803
164	174	0.971745
164	176	1.05592
164	177	0.996351
164	179	0.99058
165	13	0.694268
165	20	1.05534
165	45	0.720473
165	64	0.656287
165	68	0.870341
165	80	0.757837
165	81	0.687365
165	84	0.806179
165	97	0.701945
165	98	0.60168
165	104	1.21697
165	106	1.18956
165	109	0.583446
165	116	0.609804
165	117	1.25674
165	118	1.17575
165	121	1.15713
165	130	1.22059
165	133	0.695338
165	135	1.21095
165	137	1.20981
165	140	1.22165
165	146	1.13054
165	148	1.12559
165	151	1.09584
165	157	1.16282
165	159	1.15252
165	160	1.21854
165	161	1.12128
165	162	1.19301
165	163	1.05669
165	164	1.17788
165	166	1.11481
165	168	1.1089
165	169	0.48369
165	171	1.09065
165	172	1.08613
165	173	1.02436
165	174	0.988071
165	175	1.02258
165	176	1.07224
165	177	1.01268
165	178	1.01089
165	179	1.00691
165	180	1.08455
166	11	0.921051
166	16	0.848749
166	50	1.08473
166	51	1.21923
166	59	0.780442
166	76	0.809576
166	79	1.28191
166	83	0.733017
166	84	0.973309
166	85	0.842643
166	92	0.705297
166	95	0.734673
166	97	0.869075
166	106	1.11017
166	118	1.09636
166	122	1.13077
166	123	1.08573
166	126	1.1057
166	127	1.15999
166	130	1.1412
166	131	1.02907
166	135	1.13156
166	146	1.05114
166	148	1.04619
166	151	1.01644
166	153	1.08726
166	154	1.10725
166	156	1.06231
166	157	1.08342
166	161	1.04188
166	162	1.11362
166	163	0.977298
166	164	1.09848
166	165	1.11481
166	169	0.65082
166	171	1.01125
166	172	1.00673
166	173	0.944964
166	174	0.908676
166	175	0.94319
166	176	0.992849
166	177	0.933282
166	178	0.931495
166	179	0.927511
166	180	1.00516
167	4	0.629293
167	5	0.750693
167	7	1.24875
167	23	0.684217
167	25	1.21027
167	35	1.19855
167	40	0.574679
167	44	1.17642
167	48	1.13997
167	52	0.640543
167	53	0.582491
167	65	0.634151
167	68	1.11147
167	73	1.18664
167	74	0.606305
167	80	0.749752
167	81	1.17925
167	83	1.14874
167	91	1.21348
167	100	1.16662
167	102	0.696533
167	103	1.16643
167	109	1.22338
167	112	0.604005
167	121	1.17618
167	129	0.795117
167	134	1.12936
167	137	1.22886
167	139	1.15874
167	142	0.645268
167	146	1.14959
167	153	1.1857
167	154	1.20569
167	158	1.24133
167	160	1.23759
167	168	1.12794
167	169	0.475605
167	170	1.11173
167	172	1.10518
167	173	1.04341
167	174	1.00712
167	175	1.04163
167	176	1.09129
167	177	1.03173
167	178	1.02994
167	180	1.1036
168	9	0.920223
168	17	0.990753
168	27	0.698116
168	30	1.20157
168	46	0.770483
168	50	1.07881
168	51	1.21332
168	52	0.778367
168	55	0.744521
168	66	0.907226
168	82	1.2199
168	87	1.10548
168	91	0.675535
168	95	0.697282
168	96	1.03417
168	98	0.73142
168	105	1.14069
168	107	0.826826
168	108	1.01604
168	113	0.946145
168	122	1.12485
168	123	1.07982
168	124	1.08808
168	130	1.13529
168	132	1.11693
168	133	0.825078
168	134	1.02501
168	135	1.12565
168	137	1.12451
168	139	1.05438
168	140	1.13634
168	146	1.04523
168	149	1.06204
168	151	1.01053
168	158	1.13697
168	159	1.06722
168	160	1.13324
168	161	1.03597
168	162	1.10771
168	163	0.971387
168	164	1.09257
168	165	1.1089
168	167	1.12794
168	170	1.00737
168	172	1.00082
168	173	0.939053
168	174	0.902765
168	175	0.937278
168	176	0.986938
168	177	0.92737
168	178	0.925584
168	179	0.9216
168	180	0.999248
169	2	1.0942
169	4	1.25357
169	6	1.23914
169	8	1.24297
169	18	1.10072
169	21	1.17006
169	23	1.19144
169	32	1.19622
169	40	1.16886
169	42	1.1687
169	52	1.24204
169	54	1.12752
169	55	1.24045
169	58	1.12851
169	64	1.20085
169	66	1.09212
169	72	1.16344
169	74	1.15497
169	77	1.17016
169	84	1.1471
169	85	1.11451
169	89	1.19891
169	90	1.13169
169	93	1.24176
169	96	1.08841
169	98	1.18261
169	101	1.24859
169	106	0.618943
169	107	1.21231
169	108	0.683952
169	113	1.04217
169	114	1.18225
169	118	0.567129
169	119	1.21747
169	120	1.15007
169	122	0.517196
169	125	1.19115
169	128	0.562248
169	129	1.11742
169	131	0.729507
169	133	1.14609
169	134	0.659509
169	140	0.500258
169	142	1.15443
169	145	1.19604
169	148	1.1363
169	149	0.67163
169	150	1.20227
169	152	1.16411
169	153	0.505256
169	155	1.18839
169	156	0.634125
169	160	0.529623
169	161	0.581779
169	165	0.48369
169	166	0.65082
169	167	0.475605
169	174	1.21789
169	179	1.08097
169	180	0.727005
170	29	1.16256
170	41	0.952354
170	43	0.836713
170	46	0.829641
170	55	0.80368
170	56	1.18836
170	63	0.801294
170	66	0.966384
170	82	1.20368
170	86	0.856005
170	101	0.657889
170	104	1.11545
170	105	1.12447
170	106	1.08804
170	107	0.885984
170	108	0.999825
170	109	0.772344
170	110	1.07473
170	114	0.846196
170	117	1.15522
170	121	1.05561
170	122	1.10864
170	123	1.06361
170	126	1.08357
170	127	1.13787
170	128	1.06591
170	131	1.00694
170	134	1.00879
170	135	1.10943
170	136	0.839393
170	137	1.10829
170	138	1.11933
170	140	1.12013
170	143	1.12855
170	146	1.02901
170	147	0.774988
170	150	0.777136
170	151	0.994317
170	153	1.06513
170	156	1.04018
170	157	1.0613
170	158	1.12076
170	159	1.051
170	160	1.11702
170	161	1.01975
170	162	1.09149
170	163	0.955172
170	164	1.07635
170	167	1.11173
170	168	1.00737
170	171	0.989123
170	173	0.922838
170	174	0.886549
170	175	0.921063
170	176	0.970722
170	177	0.911155
170	178	0.909368
170	179	0.905384
171	3	1.08468
171	18	1.05271
171	22	0.68641
171	31	0.968401
171	51	1.19507
171	59	0.824546
171	60	0.87122
171	66	0.988721
171	71	0.773971
171	86	0.878342
171	87	1.08722
171	88	1.16149
171	91	0.75703
171	93	1.12749
171	104	1.11341
171	105	1.12244
171	109	0.79468
171	110	1.07269
171	112	0.823324
171	114	0.868533
171	118	1.07219
171	121	1.05358
171	122	1.1066
171	123	1.06157
171	124	1.06983
171	126	1.08153
171	130	1.11704
171	131	1.0049
171	132	1.09868
171	134	1.00676
171	135	1.1074
171	137	1.10625
171	138	1.1173
171	140	1.11809
171	144	1.02648
171	145	0.812423
171	146	1.02698
171	148	1.02203
171	149	1.04379
171	150	0.799472
171	151	0.992282
171	153	1.0631
171	154	1.08309
171	155	0.700221
171	156	1.03815
171	157	1.05926
171	158	1.11872
171	159	1.04896
171	160	1.11499
171	162	1.08946
171	163	0.953137
171	164	1.07432
171	165	1.09065
171	166	1.01125
171	170	0.989123
171	172	0.98257
171	174	0.884514
171	175	0.919028
171	176	0.968687
171	177	0.90912
171	178	0.907333
171	179	0.903349
171	180	0.980998
172	3	1.08016
172	4	0.850674
172	7	0.829811
172	20	0.947263
172	27	0.781672
172	29	1.15601
172	36	0.929716
172	39	1.11723
172	40	0.79606
172	56	1.18181
172	67	0.754139
172	77	0.889676
172	78	0.790997
172	80	0.971133
172	82	1.19713
172	87	1.08271
172	93	1.12298
172	105	1.11792
172	106	1.08149
172	108	0.993272
172	110	1.06817
172	113	0.923377
172	117	1.14867
172	118	1.06768
172	123	1.05705
172	126	1.07702
172	127	1.13131
172	129	1.0165
172	130	1.11252
172	131	1.00039
172	132	1.09416
172	134	1.00224
172	135	1.10288
172	136	0.863792
172	138	1.11278
172	139	1.03162
172	140	1.11357
172	141	0.865403
172	143	1.122
172	144	1.02196
172	145	0.814485
172	146	1.02246
172	148	1.01751
172	149	1.03927
172	150	0.801534
172	152	0.942127
172	154	1.07857
172	155	0.702283
172	157	1.05475
172	158	1.1142
172	159	1.04445
172	160	1.11047
172	162	1.08494
172	163	0.948619
172	164	1.0698
172	165	1.08613
172	166	1.00673
172	167	1.10518
172	168	1.00082
172	171	0.98257
172	173	0.916285
172	174	0.879996
172	175	0.91451
172	176	0.964169
172	177	0.904602
172	178	0.902815
172	179	0.898831
172	180	0.976479
173	3	1.0184
173	20	0.885496
173	27	1.01846
173	29	1.09424
173	30	1.11704
173	34	0.900253
173	38	0.721972
173	45	1.17056
173	46	1.09083
173	48	1.17723
173	51	1.12878
173	56	1.12004
173	61	0.956982
173	70	0.950568
173	79	1.19146
173	82	1.13536
173	87	1.02094
173	88	1.09521
173	93	1.06121
173	94	1.03294
173	101	0.919078
173	104	1.04713
173	105	1.05615
173	106	1.01972
173	108	0.931505
173	112	1.06218
173	113	0.861609
173	116	1.05989
173	118	1.00591
173	122	1.04032
173	124	1.00354
173	125	1.10072
173	126	1.01525
173	127	1.06955
173	128	0.997594
173	130	1.05075
173	132	1.0324
173	134	0.940474
173	135	1.04111
173	137	1.03997
173	138	1.05101
173	139	0.969849
173	140	1.05181
173	143	1.06023
173	144	0.960196
173	146	0.960694
173	148	0.955743
173	149	0.977504
173	150	1.03832
173	154	1.0168
173	156	0.971864
173	157	0.992978
173	158	1.05244
173	159	0.982679
173	160	1.0487
173	162	1.02317
173	163	0.886851
173	164	1.00803
173	165	1.02436
173	166	0.944964
173	167	1.04341
173	168	0.939053
173	170	0.922838
173	172	0.916285
173	174	0.818229
173	175	0.852742
173	176	0.902402
173	177	0.842834
173	178	0.841048
173	179	0.837064
173	180	0.914712
174	14	1.12343
174	19	1.20119
174	20	0.849207
174	29	1.05795
174	30	1.08075
174	34	1.18437
174	38	1.00609
174	39	1.01917
174	40	1.31697
174	56	1.08375
174	57	1.26718
174	70	1.23468
174	79	1.15518
174	87	0.984651
174	88	1.05892
174	92	1.27237
174	104	1.01084
174	105	1.01986
174	106	0.983431
174	110	0.970119
174	112	1.34629
174	113	0.825321
174	117	1.05061
174	118	0.969621
174	122	1.00403
174	126	0.97896
174	127	1.03326
174	128	0.961305
174	130	1.01446
174	131	0.90233
174	132	0.996108
174	133	1.42954
174	134	0.904185
174	135	1.00482
174	137	1.00368
174	138	1.01472
174	139	0.93356
174	140	1.01552
174	143	1.02394
174	144	0.923908
174	146	0.924406
174	148	0.919455
174	149	0.941216
174	151	0.889708
174	154	0.980513
174	157	0.956689
174	158	1.01615
174	159	0.946391
174	160	1.01241
174	161	0.915146
174	162	0.986884
174	163	0.850563
174	164	0.971745
174	165	0.988071
174	166	0.908676
174	167	1.00712
174	168	0.902765
174	169	1.21789
174	170	0.886549
174	171	0.884514
174	172	0.879996
174	173	0.818229
174	175	0.816454
174	176	0.866113
174	177	0.806546
174	178	0.804759
174	179	0.800775
174	180	0.878424
175	3	1.01662
175	12	1.32882
175	22	0.860566
175	30	1.11526
175	39	1.05368
175	47	1.03417
175	49	1.10592
175	51	1.12701
175	56	1.11826
175	63	0.997786
175	67	0.926233
175	69	1.0761
175	82	1.13359
175	87	1.01916
175	88	1.09343
175	89	1.03253
175	91	0.931186
175	93	1.05943
175	98	0.98707
175	104	1.04535
175	105	1.05438
175	106	1.01795
175	108	0.92973
175	110	1.00463
175	111	1.07351
175	117	1.08513
175	118	1.00413
175	121	0.985518
175	122	1.03854
175	123	0.993512
175	124	1.00177
175	126	1.01347
175	127	1.06777
175	130	1.04898
175	131	0.936844
175	132	1.03062
175	134	0.938699
175	135	1.03934
175	136	1.03589
175	137	1.03819
175	138	1.04924
175	139	0.968074
175	140	1.05003
175	142	1.03874
175	143	1.05845
175	144	0.958421
175	146	0.958919
175	147	0.97148
175	148	0.953968
175	149	0.97573
175	151	0.924221
175	154	1.01503
175	157	0.991203
175	158	1.05066
175	159	0.980904
175	160	1.04693
175	162	1.0214
175	163	0.885076
175	165	1.02258
175	166	0.94319
175	167	1.04163
175	168	0.937278
175	170	0.921063
175	171	0.919028
175	172	0.91451
175	173	0.852742
175	174	0.816454
175	176	0.900627
175	177	0.84106
175	178	0.839273
175	179	0.835289
175	180	0.912937
176	3	1.06628
176	6	0.72218
176	9	0.992348
176	11	0.955785
176	20	0.93338
176	28	0.942957
176	29	1.14212
176	30	1.16492
176	36	0.918285
176	39	1.10334
176	43	0.84968
176	50	1.04216
176	52	0.850492
176	55	0.816646
176	59	0.815176
176	62	1.13132
176	68	1.07221
176	71	0.764601
176	73	1.04057
176	87	1.06882
176	88	1.14309
176	92	0.740031
176	93	1.10909
176	104	1.09501
176	105	1.10404
176	108	0.979389
176	110	1.05429
176	113	0.909494
176	118	1.05379
176	121	1.03518
176	122	1.0882
176	123	1.04317
176	124	1.05143
176	126	1.06313
176	127	1.11743
176	128	1.04548
176	130	1.09863
176	131	0.986503
176	132	1.08028
176	134	0.988358
176	135	1.089
176	137	1.08785
176	138	1.0989
176	140	1.09969
176	141	0.853971
176	143	1.10811
176	144	1.00808
176	145	0.803053
176	148	1.00363
176	149	1.02539
176	151	0.973881
176	152	0.930695
176	153	1.0447
176	156	1.01975
176	157	1.04086
176	158	1.10032
176	159	1.03056
176	160	1.09659
176	161	0.999319
176	162	1.07106
176	163	0.934736
176	164	1.05592
176	165	1.07224
176	166	0.992849
176	167	1.09129
176	168	0.986938
176	170	0.970722
176	171	0.968687
176	172	0.964169
176	173	0.902402
176	174	0.866113
176	175	0.900627
176	177	0.890719
176	178	0.888932
176	179	0.884948
176	180	0.962596
177	3	1.00671
177	6	1.02561
177	7	1.12181
177	20	0.873813
177	25	1.03886
177	29	1.08256
177	30	1.10536
177	38	0.777177
177	39	1.04378
177	43	1.15311
177	51	1.1171
177	56	1.10836
177	75	1.07234
177	77	1.18167
177	79	1.17978
177	82	1.12368
177	87	1.00926
177	88	1.08352
177	94	1.08815
177	95	1.07283
177	98	1.10697
177	100	1.18706
177	102	1.20991
177	104	1.03544
177	105	1.04447
177	106	1.00804
177	108	0.919822
177	110	0.994725
177	113	0.849927
177	115	1.05802
177	118	0.994226
177	121	0.97561
177	122	1.02864
177	126	1.00357
177	127	1.05786
177	130	1.03907
177	131	0.926936
177	132	1.02071
177	134	0.928791
177	135	1.02943
177	137	1.02829
177	138	1.03933
177	139	0.958166
177	140	1.04012
177	143	1.04854
177	144	0.948513
177	145	1.10648
177	146	0.949011
177	148	0.94406
177	149	0.965822
177	151	0.914313
177	153	0.985129
177	154	1.00512
177	156	0.960181
177	157	0.981295
177	158	1.04075
177	159	0.970996
177	160	1.03702
177	161	0.939752
177	162	1.01149
177	163	0.875168
177	164	0.996351
177	165	1.01268
177	166	0.933282
177	167	1.03173
177	168	0.92737
177	170	0.911155
177	171	0.90912
177	172	0.904602
177	173	0.842834
177	174	0.806546
177	175	0.84106
177	176	0.890719
177	178	0.829365
177	179	0.825381
177	180	0.903029
178	3	1.00493
178	14	0.951137
178	20	0.872026
178	22	1.03708
178	30	1.10357
178	38	0.833794
178	39	1.04199
178	50	0.980809
178	51	1.11531
178	58	1.13831
178	61	1.0688
178	78	1.13961
178	79	1.17799
178	81	1.24927
178	82	1.12189
178	83	1.1278
178	85	1.23742
178	87	1.00747
178	88	1.08174
178	93	1.04774
178	101	1.0309
178	104	1.03366
178	105	1.04268
178	106	1.00625
178	108	0.918035
178	113	0.84814
178	116	1.17171
178	117	1.07343
178	118	0.99244
178	122	1.02685
178	123	0.981818
178	124	0.990074
178	126	1.00178
178	127	1.05608
178	128	0.984124
178	130	1.03728
178	131	0.925149
178	132	1.01893
178	134	0.927004
178	135	1.02764
178	137	1.0265
178	138	1.03754
178	139	0.956379
178	140	1.03834
178	142	1.21526
178	143	1.04676
178	144	0.946727
178	146	0.947225
178	147	1.148
178	148	0.942274
178	149	0.964035
178	151	0.912527
178	153	0.983342
178	154	1.00333
178	155	1.05089
178	156	0.958395
178	157	0.979508
178	158	1.03897
178	159	0.96921
178	160	1.03523
178	161	0.937965
178	162	1.0097
178	163	0.873382
178	165	1.01089
178	166	0.931495
178	167	1.02994
178	168	0.925584
178	170	0.909368
178	171	0.907333
178	172	0.902815
178	173	0.841048
178	174	0.804759
178	175	0.839273
178	176	0.888932
178	177	0.829365
178	179	0.823594
178	180	0.901243
179	10	1.28393
179	12	0.913416
179	28	1.01424
179	45	0.962611
179	46	0.936141
179	53	1.18786
179	57	1.13026
179	58	1.17369
179	59	1.06117
179	63	1.01564
179	65	1.23952
179	67	1.01603
179	69	1.01666
179	70	1.0174
179	71	1.16002
179	76	1.23973
179	79	1.17401
179	82	1.11791
179	105	1.0387
179	106	1.00227
179	118	0.988455
179	120	1.30403
179	123	0.977833
179	139	0.952395
179	140	1.03435
179	143	1.04277
179	144	0.942743
179	146	0.943241
179	149	0.960051
179	151	0.908543
179	152	0.966102
179	153	0.979358
179	154	0.999348
179	156	0.95441
179	159	0.965226
179	160	1.03125
179	161	0.933981
179	162	1.00572
179	163	0.869398
179	164	0.99058
179	165	1.00691
179	166	0.927511
179	168	0.9216
179	169	1.08097
179	170	0.905384
179	171	0.903349
179	172	0.898831
179	173	0.837064
179	174	0.800775
179	175	0.835289
179	176	0.884948
179	177	0.825381
179	178	0.823594
179	180	0.897258
180	2	1.09107
180	12	0.991064
180	16	0.924934
180	23	0.935617
180	25	0.776884
180	28	1.09189
180	33	0.820989
180	37	0.80191
180	44	0.893021
180	45	1.04026
180	46	1.01379
180	47	0.892099
180	50	1.05447
180	59	1.13882
180	63	1.09329
180	64	0.899602
180	67	1.09368
180	69	1.09431
180	70	1.09505
180	79	1.25166
180	85	0.918827
180	89	0.890451
180	104	1.10732
180	115	0.796042
180	118	1.0661
180	121	1.04749
180	126	1.07544
180	127	1.12974
180	132	1.09259
180	135	1.10131
180	137	1.10016
180	143	1.12042
180	144	1.02039
180	146	1.02089
180	148	1.01594
180	149	1.0377
180	150	0.831553
180	151	0.986191
180	152	1.04375
180	154	1.077
180	156	1.03206
180	157	1.05317
180	159	1.04287
180	160	1.1089
180	161	1.01163
180	162	1.08337
180	163	0.947046
180	165	1.08455
180	166	1.00516
180	167	1.1036
180	168	0.999248
180	169	0.727005
180	171	0.980998
180	172	0.976479
180	173	0.914712
180	174	0.878424
180	175	0.912937
180	176	0.962596
180	177	0.903029
180	178	0.901243
180	179	0.897258
