1	153	0.904662
1	155	1.18694
1	156	0.893694
1	159	1.19819
1	162	0.898887
1	163	1.21719
1	164	1.19167
1	169	0.903384
1	171	0.898743
1	176	0.902815
1	178	0.901242
1	179	0.896585
2	159	0.803393
2	161	0.789405
2	163	0.798295
2	164	0.800063
2	165	0.794609
2	167	0.799549
2	171	1.59916
2	173	0.801136
2	174	0.803181
2	176	1.59214
2	177	0.810384
2	178	1.61404
3	10	0.741094
3	101	0.815495
3	104	1.54256
3	109	0.785838
3	111	0.821856
3	114	0.806793
3	116	0.78787
3	121	0.810234
3	123	0.821996
3	128	0.808793
3	149	1.61974
3	180	1.64507
4	30	0.908129
4	38	0.904064
4	49	0.809956
4	58	0.945426
4	66	0.919047
4	72	0.891837
4	73	0.899409
4	105	1.05923
4	135	1.26836
4	137	0.922126
4	144	1.20888
4	177	1.26789
5	25	0.915078
5	35	0.901385
5	51	0.868405
5	56	0.922889
5	57	1.18046
5	60	0.922952
5	68	0.903014
5	97	0.867785
5	127	0.898474
5	133	1.2056
5	152	1.19379
5	179	1.22775
6	10	0.738845
6	48	0.830499
6	109	0.783589
6	111	0.819607
6	114	0.804544
6	119	1.55703
6	121	0.807984
6	122	1.63592
6	123	0.819747
6	128	0.806544
6	132	1.61559
6	147	0.788622
7	29	1.02636
7	54	1.09366
7	59	0.921199
7	65	0.905195
7	71	0.885255
7	83	0.934067
7	84	0.910012
7	93	0.871784
7	95	0.87658
7	100	0.895879
7	163	1.40594
7	180	1.28165
8	11	0.844826
8	56	0.983741
8	69	1.25954
8	82	1.41426
8	142	1.13448
8	144	0.925631
8	150	0.900791
8	162	0.910819
8	166	0.894294
8	169	0.915316
8	175	0.899811
8	179	0.908517
9	56	1.55875
9	71	0.786067
9	87	0.809115
9	95	0.777392
9	96	0.819848
9	155	1.65483
9	160	0.804188
9	166	0.789493
9	169	0.810514
9	170	1.58224
9	175	0.79501
9	178	0.808372
10	3	0.741094
10	6	0.738845
10	86	1.57406
10	109	0.807929
10	114	0.828884
10	116	0.809961
10	121	0.832325
10	122	1.67271
10	126	0.797103
10	128	0.830884
10	147	0.812962
10	176	1.55868
11	8	0.844826
11	67	1.56009
11	134	0.794286
11	145	1.59536
11	149	0.79431
11	151	0.808316
11	154	1.63783
11	157	0.801312
11	171	0.788136
11	176	0.792208
11	178	0.790635
11	179	0.785978
12	75	1.31544
12	101	1.24462
12	103	1.24086
12	116	1.3891
12	151	0.884341
12	152	0.873732
12	162	0.864304
12	166	0.847779
12	169	0.868801
12	171	0.86416
12	176	0.868232
12	178	0.866659
12	179	0.862002
13	21	0.886218
13	25	0.862826
13	32	0.8451
13	51	0.816153
13	53	0.951364
13	56	0.870637
13	60	0.8707
13	68	0.850762
13	104	1.17155
13	127	0.846221
13	165	1.43659
13	175	1.32367
13	180	1.27407
14	15	1.27934
14	48	0.891076
14	79	0.861336
14	101	0.873822
14	106	0.85073
14	111	0.880183
14	115	1.30763
14	116	0.846197
14	123	0.880323
14	128	0.86712
14	147	0.849198
14	168	1.35128
14	180	1.27227
15	14	1.27934
15	33	1.07571
15	46	1.5357
15	80	1.2985
15	138	0.875082
15	139	0.872655
15	162	0.867914
15	166	0.851389
15	169	0.872411
15	171	0.86777
15	175	0.856906
15	178	0.870269
15	179	0.865612
16	54	0.886046
16	102	0.848843
16	116	1.33874
16	152	0.877889
16	161	1.32702
16	162	0.868462
16	166	0.851937
16	172	1.27075
16	173	1.25836
16	175	0.857454
16	176	0.87239
16	178	0.870817
16	179	0.86616
17	31	0.791411
17	38	0.775504
17	41	0.789998
17	49	0.681396
17	58	0.816867
17	66	0.790488
17	72	0.763277
17	73	0.77085
17	78	1.75044
17	103	0.826636
17	105	1.67048
17	137	0.793566
17	150	1.78208
18	67	0.844534
18	79	0.869173
18	101	0.881659
18	105	1.21079
18	112	1.35397
18	114	0.872957
18	116	0.854034
18	121	0.876398
18	123	0.88816
18	127	0.838123
18	128	0.874957
18	146	1.32132
18	150	1.3224
19	41	1.51024
19	44	1.18448
19	137	1.29538
19	141	0.880821
19	155	0.864082
19	164	0.864414
19	165	0.858961
19	167	0.8639
19	168	0.868327
19	169	1.20994
19	170	0.867936
19	172	0.866084
19	173	0.865487
20	126	1.30444
20	135	0.856037
20	144	0.88065
20	146	0.873754
20	150	0.85581
20	153	0.871613
20	155	1.28563
20	156	0.860645
20	159	1.29689
20	167	1.30678
20	176	0.869766
20	178	0.868193
20	179	0.863536
21	13	0.886218
21	32	0.86379
21	35	0.867823
21	51	0.834844
21	56	0.889328
21	60	0.88939
21	68	0.869452
21	97	0.834223
21	122	1.3777
21	127	0.864912
21	143	1.2328
21	146	1.27428
21	180	1.32555
22	67	0.76405
22	89	1.70206
22	91	1.64264
22	114	0.792473
22	121	0.795914
22	123	0.807676
22	143	1.86063
22	147	0.776551
22	165	0.765071
22	172	0.772194
22	173	0.771597
22	174	0.773642
22	177	0.780845
23	34	1.2919
23	119	0.858099
23	142	1.29839
23	150	0.860747
23	152	0.880203
23	161	1.29386
23	165	1.31221
23	166	0.854251
23	171	0.870632
23	175	0.859768
23	176	0.874703
23	178	0.87313
23	179	0.868474
24	44	0.914821
24	81	0.834638
24	84	0.877919
24	87	0.87621
24	93	0.839691
24	95	0.844487
24	96	0.886943
24	100	0.863786
24	126	0.861487
24	143	1.18524
24	148	1.37259
24	172	1.36588
24	180	1.27799
25	5	0.915078
25	13	0.862826
25	35	0.844432
25	51	0.811452
25	53	0.946663
25	56	0.865936
25	59	1.27013
25	60	0.865999
25	68	0.84606
25	99	1.34369
25	127	0.84152
25	178	1.27863
25	180	1.31861
26	58	1.25386
26	152	0.8758
26	153	0.872148
26	157	0.879404
26	160	0.864543
26	162	0.866373
26	164	1.31007
26	166	0.849848
26	167	1.32649
26	171	0.866229
26	174	1.30301
26	175	0.855365
26	176	0.8703
27	73	1.77527
27	100	1.73773
27	128	1.67976
27	143	0.795724
27	162	0.77828
27	170	0.780009
27	172	0.778156
27	173	0.777559
27	174	0.779604
27	175	0.767273
27	177	0.786807
27	178	0.780635
27	179	0.775978
28	83	0.860753
28	95	0.803266
28	96	0.845722
28	100	0.822565
28	106	0.837656
28	111	0.867109
28	116	0.833123
28	121	0.855487
28	126	0.820265
28	128	0.854046
28	133	1.37583
28	138	1.35157
28	164	1.46275
28	175	1.41358
29	7	1.02636
29	94	1.27651
29	116	1.15454
29	135	0.922485
29	143	0.949729
29	144	0.947097
29	157	0.945317
29	166	0.915761
29	171	0.932142
29	174	1.09036
29	175	0.921278
29	176	0.936213
29	177	1.04552
29	179	0.929984
30	4	0.908129
30	31	0.852876
30	41	0.851464
30	49	0.742861
30	58	0.878332
30	66	0.851953
30	72	0.824742
30	73	0.832315
30	86	1.34232
30	97	0.802286
30	137	0.855032
30	146	1.33756
30	158	1.48422
30	177	1.43568
31	17	0.791411
31	30	0.852876
31	36	1.45661
31	38	0.848811
31	41	0.863305
31	49	0.754703
31	66	0.863794
31	73	0.844156
31	97	0.814127
31	102	1.39718
31	103	0.899943
31	137	0.866873
31	162	1.35304
31	180	1.40455
32	13	0.8451
32	21	0.86379
32	35	0.826705
32	51	0.793725
32	53	0.928936
32	56	0.848209
32	60	0.848272
32	68	0.828334
32	86	1.31597
32	97	0.793105
32	127	0.823794
32	159	1.46777
32	174	1.45418
32	180	1.36248
33	15	1.07571
33	77	0.929856
33	106	0.925568
33	109	0.919004
33	114	0.939958
33	116	0.921036
33	121	0.943399
33	122	1.12078
33	123	0.955161
33	128	0.941959
33	132	1.10046
33	133	1.08048
33	147	0.924036
33	165	1.23116
34	23	1.2919
34	38	1.51051
34	76	1.30206
34	129	1.49584
34	131	0.827999
34	141	0.852666
34	154	0.843349
34	158	0.838866
34	167	0.835745
34	168	0.840172
34	172	0.837929
34	173	0.837332
34	174	0.839377
34	177	0.84658
35	5	0.901385
35	21	0.867823
35	25	0.844432
35	32	0.826705
35	51	0.797759
35	56	0.852243
35	60	0.852305
35	68	0.832367
35	97	0.797138
35	127	0.827827
35	132	1.42666
35	146	1.34357
35	175	1.44444
35	180	1.39484
36	31	1.45661
36	116	1.4619
36	123	1.25531
36	126	1.41886
36	133	0.848899
36	134	0.840801
36	143	0.852238
36	154	0.840091
36	155	0.832669
36	171	0.83465
36	173	0.834073
36	174	0.836118
36	177	0.843321
36	178	0.837149
37	57	1.17592
37	89	0.937903
37	148	0.933723
37	151	1.08907
37	156	1.21747
37	160	1.18704
37	161	0.922352
37	163	0.931242
37	165	0.927556
37	168	0.936923
37	172	0.93468
37	173	0.934083
37	174	0.936128
37	177	0.943331
38	4	0.904064
38	17	0.775504
38	31	0.848811
38	34	1.51051
38	41	0.847399
38	49	0.738796
38	58	0.874267
38	66	0.847888
38	73	0.82825
38	103	0.884037
38	137	0.850967
38	138	1.35589
38	140	1.42148
38	162	1.31679
39	48	1.27748
39	76	1.35608
39	136	1.49289
39	154	0.844664
39	155	0.837242
39	156	1.47843
39	158	0.840181
39	164	0.837575
39	165	0.832121
39	167	0.83706
39	168	0.841487
39	170	0.841097
39	174	0.840692
39	177	0.847895
40	103	1.0471
40	108	1.14161
40	124	1.15097
40	146	0.940758
40	156	0.927649
40	158	1.13485
40	160	0.931013
40	162	0.932842
40	168	1.11847
40	169	0.937339
40	175	0.921835
40	176	0.93677
40	178	0.935197
40	180	0.936607
41	17	0.789998
41	19	1.51024
41	30	0.851464
41	31	0.863305
41	38	0.847399
41	49	0.75329
41	58	0.888761
41	66	0.862382
41	72	0.835171
41	73	0.842744
41	89	1.23139
41	104	1.38019
41	110	1.48394
41	137	0.865461
42	43	0.896777
42	52	0.81131
42	59	0.857488
42	64	1.26765
42	81	0.803021
42	83	0.870357
42	84	0.846301
42	87	0.844592
42	93	0.808073
42	100	0.832169
42	126	0.829869
42	157	1.39208
42	159	1.52377
42	160	1.41629
43	42	0.896777
43	44	0.951264
43	71	0.889604
43	81	0.871081
43	87	0.912652
43	93	0.876133
43	95	0.88093
43	96	0.923386
43	100	0.900228
43	126	0.897929
43	132	1.20167
43	133	1.18169
43	156	1.19809
43	172	1.25774
43	180	1.16985
44	19	1.18448
44	24	0.914821
44	43	0.951264
44	52	0.865797
44	83	0.924844
44	84	0.900788
44	87	0.899079
44	93	0.86256
44	96	0.909813
44	100	0.886655
44	126	0.884356
44	152	1.15698
44	167	1.27213
44	173	1.23245
44	180	1.15695
45	88	1.38477
45	89	0.861916
45	106	1.47361
45	146	0.821532
45	149	0.819646
45	153	0.819391
45	164	1.57276
45	166	0.797091
45	169	0.818113
45	171	0.813472
45	172	1.56189
45	175	0.802609
45	176	0.817544
45	179	0.811314
45	180	0.81738
46	15	1.5357
46	80	0.841595
46	107	1.52387
46	148	0.816041
46	158	0.817935
46	159	0.818658
46	161	0.80467
46	164	0.815329
46	165	0.809875
46	167	0.814814
46	169	1.45709
46	172	0.816998
46	174	0.818446
46	177	0.825649
46	178	1.48864
47	101	1.18547
47	140	1.22724
47	145	0.908072
47	155	0.89775
47	161	0.887424
47	165	0.892629
47	166	1.23181
47	168	0.901995
47	172	0.899752
47	173	0.899155
47	174	0.9012
47	175	1.22367
47	177	0.908403
47	178	1.13408
47	180	0.90364
48	6	0.830499
48	14	0.891076
48	39	1.27748
48	77	0.910436
48	94	0.858941
48	114	0.920539
48	116	0.901616
48	120	1.14952
48	121	0.923979
48	123	0.935742
48	128	0.922539
48	131	1.25254
48	147	0.904617
48	168	1.16027
48	173	1.15676
49	4	0.809956
49	17	0.681396
49	30	0.742861
49	31	0.754703
49	38	0.738796
49	41	0.75329
49	58	0.780159
49	66	0.75378
49	73	0.734142
49	97	0.704113
49	102	2.00741
49	103	0.789928
49	137	0.756858
49	170	2.03624
49	171	1.95992
50	62	1.24218
50	138	1.20569
50	140	1.27128
50	143	1.12536
50	148	0.89753
50	154	0.903908
50	158	0.899424
50	164	0.896818
50	167	0.896303
50	168	0.90073
50	170	0.90034
50	171	1.16324
50	173	0.89789
50	174	0.899935
50	177	0.907138
51	5	0.868405
51	13	0.816153
51	21	0.834844
51	25	0.811452
51	32	0.793725
51	35	0.797759
51	53	0.89999
51	54	1.38216
51	56	0.819263
51	68	0.799387
51	97	0.764158
51	127	0.794847
51	132	1.60198
51	162	1.51864
51	176	1.50827
52	42	0.81131
52	44	0.865797
52	71	0.804138
52	81	0.785615
52	83	0.85295
52	84	0.828895
52	93	0.790667
52	95	0.795463
52	96	0.837919
52	100	0.814762
52	102	1.53022
52	105	1.37579
52	126	0.812463
52	150	1.48739
52	173	1.6131
53	13	0.951364
53	25	0.946663
53	32	0.928936
53	51	0.89999
53	56	0.954474
53	60	0.954537
53	68	0.934598
53	97	0.899369
53	104	1.01005
53	122	1.16472
53	127	0.930058
53	135	1.15989
53	154	1.18635
53	157	1.08617
54	7	1.09366
54	16	0.886046
54	51	1.38216
54	68	1.21321
54	94	1.34381
54	97	1.36088
54	148	0.870776
54	150	0.861829
54	152	0.881285
54	164	0.870064
54	169	0.876354
54	172	0.871734
54	173	0.871137
54	175	0.86085
54	177	0.880385
54	179	0.869556
55	110	1.61092
55	129	1.70937
55	145	0.806668
55	155	0.796346
55	159	0.800008
55	163	0.794911
55	167	0.796164
55	168	0.800591
55	169	1.53815
55	170	0.800201
55	172	0.798348
55	173	0.797751
55	174	0.799796
55	176	1.54781
55	177	0.806999
55	180	0.802236
56	5	0.922889
56	8	0.983741
56	9	1.55875
56	13	0.870637
56	21	0.889328
56	25	0.865936
56	32	0.848209
56	35	0.852243
56	51	0.819263
56	53	0.954474
56	60	0.87381
56	68	0.853871
56	127	0.849331
56	129	1.35159
56	134	1.2591
56	180	1.25192
57	5	1.18046
57	37	1.17592
57	144	0.887581
57	149	0.878799
57	152	0.882197
57	155	1.3347
57	156	0.867576
57	160	0.870939
57	163	1.36494
57	164	1.33943
57	166	0.856244
57	171	0.872625
57	175	0.861762
57	176	0.876697
57	178	0.875124
57	179	0.870467
58	4	0.945426
58	17	0.816867
58	26	1.25386
58	30	0.878332
58	38	0.874267
58	41	0.888761
58	49	0.780159
58	66	0.88925
58	73	0.869612
58	97	0.839583
58	103	0.925399
58	133	1.30835
58	137	0.892329
58	156	1.32475
58	169	1.22496
58	180	1.29651
59	7	0.921199
59	25	1.27013
59	42	0.857488
59	87	0.873364
59	95	0.841641
59	100	0.86094
59	114	1.21388
59	127	1.31787
59	139	0.875008
59	144	0.885078
59	154	1.27926
59	157	0.883298
59	159	1.31076
59	169	0.874763
59	175	0.859259
59	179	0.867964
60	5	0.922952
60	13	0.8707
60	21	0.88939
60	25	0.865999
60	32	0.848272
60	35	0.852305
60	53	0.954537
60	56	0.87381
60	68	0.853934
60	97	0.818705
60	127	0.849394
60	144	1.23848
60	156	1.27887
60	160	1.24845
60	172	1.33853
60	175	1.30023
61	124	0.868223
61	145	0.881488
61	146	1.27734
61	155	0.871166
61	157	1.30221
61	161	0.86084
61	163	0.869731
61	167	0.870984
61	168	0.875411
61	171	1.27374
61	172	0.873168
61	173	0.872571
61	174	0.874616
61	176	1.26673
61	177	0.881819
61	178	1.28862
62	50	1.24218
62	110	0.834359
62	118	1.36221
62	134	0.853957
62	135	0.83815
62	151	0.867987
62	153	0.853726
62	156	0.842757
62	157	0.860982
62	161	1.4222
62	163	1.40232
62	169	0.852447
62	171	0.847807
62	172	1.36593
62	176	0.851878
62	178	0.850305
62	179	0.845649
63	68	1.46835
63	107	1.31634
63	141	0.863163
63	146	1.26983
63	154	0.853847
63	155	0.846425
63	159	0.850087
63	161	0.836099
63	166	1.37884
63	167	0.846242
63	168	0.85067
63	170	0.850279
63	172	0.848426
63	173	0.847829
63	174	0.849874
63	175	1.3707
63	177	0.857077
64	42	1.26765
64	112	1.0845
64	135	1.15045
64	144	1.09097
64	145	0.933953
64	154	0.931054
64	155	0.923631
64	157	1.07673
64	158	0.92657
64	159	0.927294
64	161	0.913305
64	168	0.927876
64	170	0.927486
64	173	0.925036
64	177	0.934284
64	179	1.13712
64	180	0.929521
65	7	0.905195
65	71	0.834312
65	81	0.815788
65	93	0.82084
65	95	0.825637
65	96	0.868093
65	118	1.3837
65	124	1.41104
65	145	1.33084
65	152	0.86369
65	162	0.854262
65	170	1.32097
65	171	0.854118
65	175	0.843255
65	176	0.85819
65	177	1.34638
65	178	0.856617
66	4	0.919047
66	17	0.790488
66	30	0.851953
66	31	0.863794
66	38	0.847888
66	41	0.862382
66	49	0.75378
66	58	0.88925
66	73	0.843233
66	97	0.813204
66	103	0.89902
66	125	1.40811
66	137	0.86595
66	161	1.45247
66	166	1.36604
66	178	1.26831
66	180	1.3083
67	11	1.56009
67	18	0.844534
67	22	0.76405
67	79	0.862376
67	94	0.804562
67	101	0.874862
67	106	0.85177
67	111	0.881223
67	116	0.847237
67	121	0.869601
67	122	1.30215
67	123	0.881363
67	128	0.86816
67	131	1.42129
67	147	0.850238
67	170	1.27145
67	180	1.25
68	5	0.903014
68	13	0.850762
68	21	0.869452
68	25	0.84606
68	32	0.828334
68	35	0.832367
68	51	0.799387
68	53	0.934598
68	54	1.21321
68	56	0.853871
68	60	0.853934
68	63	1.46835
68	97	0.798767
68	127	0.829456
68	137	1.41509
68	143	1.30845
68	180	1.4012
69	8	1.25954
69	119	1.50098
69	130	0.83069
69	151	1.42756
69	154	0.835903
69	155	0.82848
69	158	0.831419
69	163	0.827045
69	164	0.828813
69	165	0.823359
69	167	0.828298
69	168	0.832725
69	169	1.45617
69	170	0.832335
69	173	0.829885
69	174	0.83193
69	177	0.839133
69	179	1.56171
70	77	0.830607
70	94	0.779112
70	101	0.849412
70	106	0.82632
70	109	0.819755
70	111	0.855773
70	114	0.84071
70	116	0.821787
70	121	0.84415
70	123	0.855913
70	126	0.808929
70	128	0.84271
70	133	1.45117
70	145	1.47065
70	147	0.824788
70	162	1.38781
70	166	1.49706
70	178	1.39934
71	7	0.885255
71	9	0.786067
71	43	0.889604
71	52	0.804138
71	65	0.834312
71	81	0.795849
71	83	0.863184
71	84	0.839129
71	93	0.800901
71	95	0.805697
71	96	0.848154
71	99	1.45324
71	100	0.824996
71	104	1.32565
71	126	0.822697
71	162	1.37665
71	167	1.54335
71	168	1.50718
72	4	0.891837
72	17	0.763277
72	30	0.824742
72	41	0.835171
72	73	0.816023
72	118	1.41681
72	124	1.44414
72	130	1.44148
72	137	0.838739
72	142	1.48132
72	149	0.837391
72	153	0.837136
72	154	1.40641
72	169	0.835858
72	175	0.820354
72	176	0.835289
72	179	0.82906
72	180	0.835126
73	4	0.899409
73	17	0.77085
73	27	1.77527
73	30	0.832315
73	31	0.844156
73	38	0.82825
73	41	0.842744
73	49	0.734142
73	58	0.869612
73	66	0.843233
73	72	0.816023
73	97	0.793566
73	103	0.879382
73	105	1.16413
73	131	1.49721
73	137	0.846312
73	167	1.44111
73	180	1.32593
74	107	1.28068
74	111	1.26208
74	141	0.891513
74	142	0.863848
74	151	1.18528
74	153	1.2745
74	158	0.877713
74	160	1.28326
74	163	0.873339
74	164	0.875107
74	165	0.869653
74	167	0.874592
74	168	0.879019
74	170	0.878629
74	172	0.876776
74	173	0.876179
74	174	0.878224
74	177	0.885427
74	179	1.31943
75	12	1.31544
75	91	1.02544
75	125	0.873659
75	138	1.32376
75	146	1.2849
75	153	1.32524
75	155	0.87632
75	160	1.33399
75	161	0.865994
75	163	0.874885
75	164	0.876653
75	165	0.871199
75	167	0.876138
75	170	0.880174
75	172	0.878322
75	173	0.877725
75	174	0.87977
75	177	0.886973
75	180	0.88221
76	34	1.30206
76	39	1.35608
76	79	1.15086
76	113	0.888236
76	129	0.848445
76	143	0.892322
76	146	0.882795
76	147	1.23546
76	153	0.880654
76	157	0.88791
76	160	0.873049
76	161	1.30402
76	169	0.879375
76	171	0.874735
76	172	1.24775
76	175	0.863871
76	176	0.878806
76	178	0.877233
76	179	0.872577
77	33	0.929856
77	48	0.910436
77	70	0.830607
77	79	0.880697
77	94	0.822882
77	106	0.87009
77	109	0.863526
77	111	0.899544
77	116	0.865558
77	121	0.887921
77	123	0.899683
77	126	0.8527
77	128	0.886481
77	140	1.29198
77	151	1.13865
77	155	1.33285
77	161	1.38297
77	171	1.18394
77	179	1.2728
78	17	1.75044
78	90	1.24819
78	112	1.15349
78	137	1.186
78	141	0.889997
78	144	1.15996
78	155	0.873258
78	158	0.876197
78	159	0.87692
78	163	0.871823
78	164	0.873591
78	167	0.873076
78	168	0.877503
78	170	0.877113
78	172	0.87526
78	173	0.874663
78	174	0.876708
78	176	1.11023
78	177	0.883911
79	14	0.861336
79	18	0.869173
79	67	0.862376
79	76	1.15086
79	77	0.880697
79	94	0.829201
79	101	0.899501
79	106	0.876409
79	109	0.869845
79	111	0.905862
79	114	0.890799
79	123	0.906002
79	127	0.855966
79	128	0.892799
79	140	1.29814
79	149	1.21963
79	154	1.31875
79	173	1.32047
79	175	1.29456
80	15	1.2985
80	46	0.841595
80	141	0.893359
80	143	1.19869
80	148	0.877665
80	149	1.26611
80	153	1.2805
80	154	0.884042
80	155	0.87662
80	159	0.880282
80	162	1.23992
80	163	0.875185
80	164	0.876953
80	165	0.871499
80	167	0.876438
80	170	0.880475
80	172	0.878622
80	177	0.887273
80	179	1.32543
81	24	0.834638
81	42	0.803021
81	43	0.871081
81	52	0.785615
81	65	0.815788
81	71	0.795849
81	83	0.844661
81	84	0.820606
81	87	0.818897
81	93	0.782378
81	95	0.787174
81	96	0.82963
81	100	0.806473
81	105	1.37416
81	126	0.804174
81	132	1.56778
81	134	1.54314
81	174	1.62766
81	178	1.49597
82	8	1.41426
82	91	1.3717
82	142	0.803123
82	151	1.58228
82	155	0.814049
82	158	0.816988
82	161	0.803723
82	163	0.812614
82	164	0.814382
82	165	0.808928
82	167	0.813867
82	168	0.818294
82	169	1.61089
82	170	0.817904
82	171	1.62757
82	172	0.816051
82	173	0.815454
82	177	0.824702
82	180	0.819939
83	7	0.934067
83	28	0.860753
83	42	0.870357
83	44	0.924844
83	52	0.85295
83	71	0.863184
83	81	0.844661
83	84	0.887941
83	87	0.886232
83	93	0.849713
83	95	0.85451
83	96	0.896966
83	100	0.873808
83	158	1.2922
83	161	1.34097
83	163	1.32109
83	170	1.21825
83	179	1.23079
83	180	1.1968
84	7	0.910012
84	24	0.877919
84	42	0.846301
84	44	0.900788
84	52	0.828895
84	71	0.839129
84	81	0.820606
84	83	0.887941
84	87	0.862177
84	93	0.825658
84	95	0.830454
84	96	0.87291
84	100	0.849753
84	115	1.34393
84	126	0.847454
84	168	1.38759
84	175	1.35817
84	178	1.26859
84	179	1.34257
84	180	1.30857
85	120	1.30013
85	140	0.847202
85	143	0.871785
85	149	0.860372
85	151	0.874378
85	152	0.86377
85	153	0.860117
85	157	0.867374
85	160	0.852512
85	161	1.37603
85	162	0.854342
85	165	1.39439
85	166	0.837817
85	167	1.34705
85	170	1.25332
85	174	1.32357
85	175	0.843334
85	176	0.85827
85	178	0.856697
85	179	0.85204
86	10	1.57406
86	30	1.34232
86	32	1.31597
86	129	1.30712
86	141	0.871219
86	152	1.20748
86	154	0.861903
86	155	0.854481
86	158	0.857419
86	161	0.844155
86	163	0.853045
86	165	0.849359
86	167	0.854298
86	170	0.858335
86	172	0.856483
86	173	0.855886
86	174	0.85793
86	175	1.25704
86	177	0.865134
86	180	0.860371
87	9	0.809115
87	24	0.87621
87	42	0.844592
87	43	0.912652
87	44	0.899079
87	59	0.873364
87	81	0.818897
87	83	0.886232
87	84	0.862177
87	93	0.823949
87	95	0.828745
87	96	0.871201
87	100	0.848044
87	103	1.31316
87	126	0.845745
87	142	1.45421
87	144	1.29336
87	151	1.20536
87	164	1.40428
87	170	1.32697
88	45	1.38477
88	102	1.15736
88	107	1.15997
88	134	1.17192
88	137	1.17862
88	152	1.16477
88	154	0.905775
88	155	0.898353
88	156	1.19298
88	158	0.901291
88	159	0.902015
88	161	0.888027
88	163	0.896917
88	164	0.898685
88	165	0.893231
88	168	0.902598
88	170	0.902207
88	172	0.900355
88	173	0.899758
88	174	0.901802
88	177	0.909006
89	22	1.70206
89	37	0.937903
89	41	1.23139
89	45	0.861916
89	117	0.903835
89	131	1.17392
89	136	0.88479
89	143	0.920016
89	150	0.892544
89	151	0.922609
89	152	0.912
89	156	0.897379
89	157	0.915604
89	159	1.10793
89	165	1.16516
89	166	0.886048
89	173	1.07814
89	175	0.891565
89	176	0.9065
89	178	0.904927
89	179	0.900271
90	78	1.24819
90	93	1.50844
90	98	1.39193
90	107	0.852206
90	125	1.42985
90	138	0.846408
90	139	0.843982
90	146	0.847156
90	147	1.40565
90	150	0.829212
90	156	0.834047
90	157	0.852272
90	162	0.83924
90	166	0.822716
90	168	1.40905
90	169	0.843737
90	171	0.839097
90	175	0.828233
90	176	0.843168
90	178	0.841595
90	179	0.836939
91	22	1.64264
91	75	1.02544
91	82	1.3717
91	92	1.161
91	115	0.90194
91	116	1.09911
91	146	0.908814
91	150	0.890869
91	153	0.906673
91	160	0.899068
91	162	0.900898
91	166	0.884373
91	167	1.0584
91	169	0.905394
91	171	0.900754
91	174	1.03492
91	175	0.88989
91	176	0.904826
91	178	0.903253
91	179	0.898596
91	180	0.904662
92	91	1.161
92	136	1.51444
92	139	1.46536
92	145	0.848045
92	148	0.838768
92	149	1.4464
92	150	1.42153
92	158	0.840662
92	159	0.841386
92	161	0.827397
92	164	0.838056
92	165	0.832602
92	167	0.837541
92	168	0.841968
92	169	1.40019
92	170	0.841578
92	172	0.839725
92	173	0.839128
92	174	0.841173
92	177	0.848376
92	180	0.843613
93	7	0.871784
93	24	0.839691
93	42	0.808073
93	43	0.876133
93	44	0.86256
93	52	0.790667
93	65	0.82084
93	71	0.800901
93	81	0.782378
93	83	0.849713
93	84	0.825658
93	87	0.823949
93	90	1.50844
93	95	0.792226
93	96	0.834682
93	100	0.811525
93	126	0.809226
93	134	1.43954
93	138	1.41994
93	174	1.52406
93	177	1.47921
93	180	1.43236
94	29	1.27651
94	48	0.858941
94	54	1.34381
94	67	0.804562
94	70	0.779112
94	77	0.822882
94	79	0.829201
94	101	0.841687
94	106	0.818595
94	109	0.81203
94	111	0.848048
94	114	0.832985
94	116	0.814062
94	121	0.836426
94	123	0.848188
94	126	0.801204
94	128	0.834985
94	135	1.57913
94	137	1.54569
94	147	0.817063
94	162	1.48029
94	177	1.57866
95	7	0.87658
95	9	0.777392
95	24	0.844487
95	28	0.803266
95	43	0.88093
95	52	0.795463
95	59	0.841641
95	65	0.825637
95	71	0.805697
95	81	0.787174
95	83	0.85451
95	84	0.830454
95	87	0.828745
95	93	0.792226
95	96	0.839479
95	100	0.816321
95	105	1.33849
95	115	1.53565
95	121	1.4781
95	160	1.49811
95	178	1.46031
95	180	1.50029
96	9	0.819848
96	24	0.886943
96	28	0.845722
96	43	0.923386
96	44	0.909813
96	52	0.837919
96	65	0.868093
96	71	0.848154
96	81	0.82963
96	83	0.896966
96	84	0.87291
96	87	0.871201
96	93	0.834682
96	95	0.839479
96	100	0.858778
96	122	1.36271
96	126	0.856478
96	132	1.34238
96	147	1.38617
96	153	1.29962
96	169	1.23902
96	170	1.33201
96	176	1.24868
97	5	0.867785
97	21	0.834223
97	30	0.802286
97	31	0.814127
97	32	0.793105
97	35	0.797138
97	49	0.704113
97	51	0.764158
97	53	0.899369
97	54	1.36088
97	58	0.839583
97	60	0.818705
97	66	0.813204
97	68	0.798767
97	73	0.793566
97	103	0.849353
97	108	1.65103
97	118	1.63305
97	127	0.794226
97	133	1.56072
97	137	0.816283
97	151	1.44872
97	180	1.54887
98	90	1.39193
98	134	1.32303
98	137	1.32974
98	139	1.30948
98	142	0.85058
98	145	0.871828
98	148	0.862551
98	153	1.30492
98	157	1.28946
98	158	0.864445
98	159	0.865168
98	161	0.85118
98	163	0.860071
98	164	0.861839
98	165	0.856385
98	167	0.861324
98	168	0.865751
98	170	0.865361
98	171	1.26099
98	172	0.863508
98	173	0.862911
98	174	0.864956
98	177	0.872159
99	25	1.34369
99	71	1.45324
99	101	1.29043
99	112	0.862056
99	124	1.39055
99	129	0.81998
99	130	1.38788
99	138	0.853582
99	140	0.839274
99	143	0.863857
99	146	0.85433
99	152	0.855841
99	154	1.35282
99	156	0.84122
99	157	0.859445
99	160	0.844584
99	162	0.846413
99	166	0.829889
99	169	0.85091
99	174	1.37073
99	175	0.835406
99	176	0.850341
99	178	0.848768
99	179	0.844112
100	7	0.895879
100	24	0.863786
100	27	1.73773
100	28	0.822565
100	42	0.832169
100	43	0.900228
100	44	0.886655
100	52	0.814762
100	59	0.86094
100	71	0.824996
100	81	0.806473
100	83	0.873808
100	84	0.849753
100	87	0.848044
100	93	0.811525
100	95	0.816321
100	96	0.858778
100	115	1.32374
100	126	0.833321
100	133	1.30023
100	136	1.33109
100	138	1.27597
100	144	1.27623
100	147	1.364
101	3	0.815495
101	12	1.24462
101	14	0.873822
101	18	0.881659
101	47	1.18547
101	67	0.874862
101	70	0.849412
101	79	0.899501
101	94	0.841687
101	99	1.29043
101	106	0.888895
101	109	0.882331
101	111	0.918348
101	114	0.903285
101	115	1.30071
101	116	0.884362
101	121	0.906726
101	123	0.918488
101	127	0.868451
101	128	0.905285
101	132	1.29718
101	133	1.2772
101	147	0.887363
101	162	1.21384
101	176	1.20347
102	16	0.848843
102	31	1.39718
102	49	2.00741
102	52	1.53022
102	88	1.15736
102	110	0.821063
102	121	1.22438
102	135	0.824854
102	136	0.816872
102	137	0.842032
102	138	0.841822
102	146	0.84257
102	149	0.840684
102	150	0.824626
102	153	0.840429
102	160	0.832825
102	164	1.34535
102	166	0.81813
102	169	0.839151
102	171	0.834511
102	172	1.33448
102	175	0.823647
102	176	0.838582
102	178	0.837009
102	179	0.832353
103	12	1.24086
103	17	0.826636
103	31	0.899943
103	38	0.884037
103	40	1.0471
103	49	0.789928
103	58	0.925399
103	66	0.89902
103	73	0.879382
103	87	1.31316
103	97	0.849353
103	109	1.32931
103	117	1.2876
103	137	0.902099
103	139	1.25523
103	142	0.881669
103	148	0.89364
103	157	1.2352
103	159	0.896257
103	163	0.89116
103	168	0.89684
103	172	0.894597
103	173	0.894
103	174	0.896045
103	179	1.29559
104	3	1.54256
104	13	1.17155
104	41	1.38019
104	53	1.01005
104	71	1.32565
104	116	1.30733
104	121	1.12924
104	128	1.12791
104	140	0.874696
104	142	0.868784
104	151	0.901872
104	158	0.882649
104	159	0.883372
104	160	0.880006
104	168	0.883955
104	169	0.886333
104	171	0.881692
104	172	0.881712
104	173	0.881115
104	174	0.88316
104	175	0.870828
104	176	0.885764
104	177	0.890363
104	178	0.884191
104	179	0.879534
105	4	1.05923
105	17	1.67048
105	18	1.21079
105	52	1.37579
105	73	1.16413
105	81	1.37416
105	95	1.33849
105	127	1.20455
105	130	0.866054
105	134	0.871977
105	140	0.858831
105	146	0.873886
105	149	0.872
105	150	0.855942
105	153	0.871745
105	154	0.871267
105	163	0.862409
105	165	0.858723
105	168	0.86809
105	169	0.870467
105	170	0.867699
105	172	0.865846
105	174	0.867294
105	175	0.854963
105	177	0.874498
105	178	0.868325
106	14	0.85073
106	28	0.837656
106	33	0.925568
106	45	1.47361
106	67	0.85177
106	70	0.82632
106	77	0.87009
106	79	0.876409
106	94	0.818595
106	101	0.888895
106	109	0.859238
106	111	0.895256
106	114	0.880193
106	121	0.883634
106	123	0.895396
106	126	0.848412
106	127	0.845359
106	128	0.882193
106	133	1.26542
106	147	0.864271
106	153	1.24264
106	167	1.36876
106	169	1.18203
106	170	1.27503
106	174	1.34528
106	180	1.25357
107	46	1.52387
107	63	1.31634
107	74	1.28068
107	88	1.15997
107	90	0.852206
107	119	0.854562
107	128	1.22566
107	138	0.874407
107	139	0.87198
107	145	1.28051
107	150	0.85721
107	151	0.887275
107	152	0.876666
107	156	0.862046
107	157	0.880271
107	160	0.865409
107	162	0.867239
107	166	0.850714
107	170	1.27065
107	171	0.867095
107	172	1.33709
107	175	0.856231
107	176	0.871167
107	178	0.869594
107	179	0.864937
107	180	0.871003
108	40	1.14161
108	97	1.65103
108	118	0.844713
108	134	1.36329
108	138	1.34369
108	142	0.841113
108	144	1.34396
108	145	0.862362
108	146	1.30484
108	148	0.853085
108	153	1.34517
108	154	0.859462
108	155	0.85204
108	158	0.854978
108	159	0.855702
108	161	0.841714
108	163	0.850605
108	164	0.852372
108	165	0.846919
108	167	0.851858
108	168	0.856285
108	170	0.855894
108	172	0.854042
108	173	0.853445
108	174	0.85549
108	178	1.31612
108	180	0.85793
109	3	0.785838
109	6	0.783589
109	10	0.807929
109	33	0.919004
109	70	0.819755
109	77	0.863526
109	79	0.869845
109	94	0.81203
109	101	0.882331
109	103	1.32931
109	106	0.859238
109	111	0.888692
109	113	1.29517
109	114	0.873629
109	115	1.35703
109	116	0.854706
109	121	0.877069
109	123	0.888831
109	126	0.841848
109	127	0.838795
109	128	0.875629
109	132	1.35349
109	140	1.37484
109	147	0.857706
109	156	1.34992
109	173	1.39718
109	179	1.35566
110	41	1.48394
110	55	1.61092
110	62	0.834359
110	102	0.821063
110	119	0.828005
110	124	1.3667
110	125	1.355
110	136	0.822899
110	138	0.84785
110	139	0.845423
110	140	0.833542
110	144	0.855494
110	146	0.848598
110	148	1.34979
110	150	0.830653
110	151	0.860718
110	153	0.846457
110	156	0.835489
110	157	0.853714
110	163	1.37947
110	166	0.824157
110	169	0.845179
110	171	0.840538
110	172	1.34308
110	177	1.30204
110	178	0.843037
110	179	0.83838
110	180	0.844446
111	3	0.821856
111	6	0.819607
111	14	0.880183
111	28	0.867109
111	67	0.881223
111	70	0.855773
111	74	1.26208
111	77	0.899544
111	79	0.905862
111	94	0.848048
111	101	0.918348
111	106	0.895256
111	109	0.888692
111	114	0.909646
111	115	1.26595
111	116	0.890723
111	121	0.913087
111	123	0.924849
111	127	0.874812
111	128	0.911646
111	136	1.2733
111	147	0.893724
111	153	1.21966
111	160	1.22841
111	175	1.28019
111	178	1.19061
111	179	1.26459
111	180	1.23059
112	18	1.35397
112	64	1.0845
112	78	1.15349
112	99	0.862056
112	115	0.870958
112	124	1.34685
112	126	1.34818
112	135	0.860115
112	136	0.852133
112	139	0.874657
112	140	0.862776
112	143	0.887359
112	146	0.877832
112	148	1.32994
112	149	0.875945
112	150	0.859887
112	151	0.889952
112	156	0.864722
112	157	0.882947
112	159	1.34062
112	160	0.868086
112	166	0.853391
112	167	1.35052
112	171	0.869772
112	176	0.873843
112	177	1.28219
112	178	0.87227
112	179	0.867614
112	180	0.87368
113	76	0.888236
113	109	1.29517
113	123	1.17674
113	128	1.20391
113	134	0.873637
113	135	0.85783
113	137	0.875009
113	139	0.872372
113	140	0.860491
113	141	1.27297
113	146	0.875547
113	147	1.30306
113	151	0.887667
113	152	0.877058
113	154	1.30124
113	155	1.32149
113	156	0.862438
113	157	0.880663
113	158	1.32284
113	160	0.865801
113	162	0.867631
113	165	1.38997
113	166	0.851106
113	169	0.872128
113	171	0.867487
113	175	0.856623
113	176	0.871559
113	179	0.865329
113	180	0.871395
114	3	0.806793
114	6	0.804544
114	10	0.828884
114	18	0.872957
114	22	0.792473
114	33	0.939958
114	48	0.920539
114	59	1.21388
114	70	0.84071
114	79	0.890799
114	94	0.832985
114	101	0.903285
114	106	0.880193
114	109	0.873629
114	111	0.909646
114	115	1.29772
114	116	0.87566
114	117	1.28837
114	121	0.898024
114	123	0.909786
114	126	0.862802
114	127	0.859749
114	128	0.896583
114	129	1.36204
114	132	1.29419
114	137	1.27625
114	149	1.23703
114	158	1.35776
114	170	1.28381
115	14	1.30763
115	84	1.34393
115	91	0.90194
115	95	1.53565
115	100	1.32374
115	101	1.30071
115	109	1.35703
115	111	1.26595
115	112	0.870958
115	114	1.29772
115	128	1.26578
115	140	0.848176
115	145	0.863511
115	157	0.868347
115	159	0.856852
115	160	0.853486
115	161	0.842864
115	162	0.855315
115	163	0.851754
115	165	0.848068
115	166	0.838791
115	167	0.853007
115	170	0.857044
115	172	0.855192
115	174	0.856639
115	175	0.844308
115	176	0.859243
115	177	0.863843
115	178	0.85767
115	179	0.853014
116	3	0.78787
116	10	0.809961
116	12	1.3891
116	14	0.846197
116	16	1.33874
116	18	0.854034
116	28	0.833123
116	29	1.15454
116	33	0.921036
116	36	1.4619
116	48	0.901616
116	67	0.847237
116	70	0.821787
116	77	0.865558
116	91	1.09911
116	94	0.814062
116	101	0.884362
116	104	1.30733
116	109	0.854706
116	111	0.890723
116	114	0.87566
116	121	0.879101
116	123	0.890863
116	126	0.84388
116	127	0.840827
116	128	0.87766
116	146	1.35857
116	147	0.859738
116	173	1.48535
116	180	1.40984
117	89	0.903835
117	103	1.2876
117	114	1.28837
117	118	1.36414
117	123	1.22925
117	129	0.829101
117	136	0.837753
117	137	0.862913
117	139	0.860277
117	144	0.870347
117	147	1.35557
117	150	0.845507
117	151	0.875572
117	152	0.864963
117	153	0.86131
117	156	0.850342
117	158	1.37535
117	160	0.853706
117	162	0.855535
117	163	1.40425
117	166	0.83901
117	168	1.35897
117	169	0.860032
117	171	0.855391
117	175	0.844528
117	176	0.859463
117	177	1.32682
117	178	0.85789
117	179	0.853233
117	180	0.859299
118	62	1.36221
118	65	1.3837
118	72	1.41681
118	97	1.63305
118	108	0.844713
118	117	1.36414
118	120	0.864643
118	124	0.839752
118	125	0.840033
118	130	0.844905
118	139	1.33176
118	143	1.24539
118	145	0.853016
118	148	0.843739
118	154	0.850117
118	158	0.845633
118	159	0.846357
118	161	0.832369
118	163	0.841259
118	164	0.843027
118	165	0.837573
118	167	0.842512
118	168	0.84694
118	170	0.846549
118	172	0.844697
118	173	0.844099
118	174	0.846144
118	177	0.853348
118	178	1.29815
118	179	1.37213
118	180	0.848585
119	6	1.55703
119	23	0.858099
119	69	1.50098
119	107	0.854562
119	110	0.828005
119	134	0.847603
119	135	0.831796
119	139	0.846337
119	143	0.859039
119	144	0.856408
119	146	0.849512
119	149	0.847626
119	151	0.861632
119	152	0.851024
119	156	0.836403
119	157	0.854628
119	158	1.32261
119	161	1.37138
119	163	1.3515
119	165	1.38974
119	166	0.825071
119	168	1.30623
119	169	0.846093
119	171	0.841452
119	174	1.31892
119	175	0.830589
119	176	0.845524
119	177	1.27408
119	178	0.843951
119	179	0.839294
119	180	0.84536
120	48	1.14952
120	85	1.30013
120	118	0.864643
120	121	1.30002
120	124	0.869027
120	130	0.87418
120	131	0.864042
120	134	1.3294
120	141	0.888709
120	142	0.861044
120	143	1.22947
120	145	0.882292
120	148	0.873015
120	151	1.22207
120	155	0.87197
120	158	0.874909
120	159	0.875632
120	161	0.861644
120	163	0.870535
120	164	0.872303
120	165	0.866849
120	166	1.37996
120	167	0.871788
120	168	0.876215
120	170	0.875824
120	171	1.26736
120	172	0.873972
120	173	0.873375
120	174	0.87542
120	175	1.37182
120	176	1.26034
120	177	0.882623
121	3	0.810234
121	6	0.807984
121	10	0.832325
121	18	0.876398
121	22	0.795914
121	28	0.855487
121	33	0.943399
121	48	0.923979
121	67	0.869601
121	70	0.84415
121	77	0.887921
121	94	0.836426
121	95	1.4781
121	101	0.906726
121	102	1.22438
121	104	1.12924
121	106	0.883634
121	109	0.877069
121	111	0.913087
121	114	0.898024
121	116	0.879101
121	120	1.30002
121	123	0.913227
121	127	0.86319
121	128	0.900024
121	134	1.23894
121	147	0.882102
121	158	1.32715
121	166	1.28949
121	172	1.31965
121	179	1.26575
121	180	1.23176
122	6	1.63592
122	10	1.67271
122	21	1.3777
122	33	1.12078
122	53	1.16472
122	67	1.30215
122	96	1.36271
122	123	1.2554
122	126	1.41895
122	128	1.28257
122	131	0.838935
122	137	0.856367
122	143	0.866433
122	144	0.863801
122	146	0.856905
122	150	0.838961
122	153	0.854764
122	154	0.854286
122	159	0.850526
122	160	0.84716
122	161	0.836537
122	162	0.848989
122	163	0.845428
122	164	0.847196
122	167	0.846681
122	170	0.850718
122	172	0.848865
122	173	0.848268
122	175	0.837982
122	176	0.852917
122	177	0.857516
122	178	0.851344
122	179	0.846688
122	180	0.852753
123	3	0.821996
123	6	0.819747
123	14	0.880323
123	18	0.88816
123	22	0.807676
123	33	0.955161
123	36	1.25531
123	48	0.935742
123	67	0.881363
123	70	0.855913
123	77	0.899683
123	79	0.906002
123	94	0.848188
123	101	0.918488
123	106	0.895396
123	109	0.888831
123	111	0.924849
123	113	1.17674
123	114	0.909786
123	116	0.890863
123	117	1.22925
123	121	0.913227
123	122	1.2554
123	126	0.878005
123	127	0.874952
123	128	0.911786
123	133	1.2151
123	139	1.19688
123	147	0.893864
123	152	1.20328
123	155	1.29729
123	173	1.27876
123	174	1.29495
123	180	1.20325
124	40	1.15097
124	61	0.868223
124	65	1.41104
124	72	1.44414
124	99	1.39055
124	110	1.3667
124	112	1.34685
124	118	0.839752
124	120	0.869027
124	130	0.849288
124	131	0.83915
124	136	1.40818
124	141	0.863817
124	142	0.836152
124	145	0.8574
124	148	0.848123
124	154	0.854501
124	155	0.847079
124	157	1.33907
124	158	0.850017
124	159	0.850741
124	161	0.836753
124	163	0.845643
124	164	0.847411
124	165	0.841957
124	166	1.42321
124	167	0.846896
124	168	0.851324
124	170	0.850933
124	172	0.84908
124	173	0.848483
124	174	0.850528
124	177	0.857731
124	178	1.32548
125	66	1.40811
125	75	0.873659
125	90	1.42985
125	110	1.355
125	118	0.840033
125	131	0.839432
125	135	1.40109
125	139	1.3474
125	141	0.864099
125	142	0.836434
125	145	0.857682
125	147	0.853719
125	148	0.848405
125	151	1.25361
125	154	0.854782
125	155	0.84736
125	158	0.850299
125	159	0.851022
125	161	0.837034
125	162	1.30226
125	163	0.845925
125	164	0.847693
125	165	0.842239
125	166	1.4115
125	167	0.847178
125	168	0.851605
125	170	0.851214
125	171	1.2989
125	172	0.849362
125	173	0.848765
125	174	0.85081
125	175	1.40337
125	177	0.858013
125	180	0.85325
126	10	0.797103
126	20	1.30444
126	24	0.861487
126	28	0.820265
126	36	1.41886
126	42	0.829869
126	43	0.897929
126	44	0.884356
126	52	0.812463
126	70	0.808929
126	71	0.822697
126	77	0.8527
126	81	0.804174
126	84	0.847454
126	87	0.845745
126	93	0.809226
126	94	0.801204
126	96	0.856478
126	100	0.833321
126	106	0.848412
126	109	0.841848
126	112	1.34818
126	114	0.862802
126	116	0.84388
126	122	1.41895
126	123	0.878005
126	127	0.827969
126	128	0.864803
126	132	1.39862
126	135	1.41412
126	136	1.40951
126	147	0.84688
126	149	1.34147
126	161	1.51097
126	173	1.44231
127	5	0.898474
127	13	0.846221
127	18	0.838123
127	21	0.864912
127	25	0.84152
127	32	0.823794
127	35	0.827827
127	51	0.794847
127	53	0.930058
127	56	0.849331
127	59	1.31787
127	60	0.849394
127	68	0.829456
127	79	0.855966
127	97	0.794226
127	101	0.868451
127	105	1.20455
127	106	0.845359
127	109	0.838795
127	111	0.874812
127	114	0.859749
127	116	0.840827
127	121	0.86319
127	123	0.874952
127	126	0.827969
127	128	0.861749
127	133	1.3782
127	139	1.35998
127	153	1.35542
127	166	1.42409
127	173	1.44186
127	174	1.45806
127	176	1.30447
127	180	1.36635
128	3	0.808793
128	6	0.806544
128	10	0.830884
128	14	0.86712
128	18	0.874957
128	27	1.67976
128	28	0.854046
128	33	0.941959
128	48	0.922539
128	67	0.86816
128	70	0.84271
128	77	0.886481
128	79	0.892799
128	94	0.834985
128	101	0.905285
128	104	1.12791
128	106	0.882193
128	107	1.22566
128	109	0.875629
128	111	0.911646
128	113	1.20391
128	114	0.896583
128	115	1.26578
128	116	0.87766
128	121	0.900024
128	122	1.28257
128	123	0.911786
128	126	0.864803
128	127	0.861749
128	139	1.22405
128	147	0.880661
128	157	1.20402
128	159	1.33571
128	171	1.17555
128	177	1.27728
129	34	1.49584
129	55	1.70937
129	56	1.35159
129	76	0.848445
129	86	1.30712
129	99	0.81998
129	114	1.36204
129	117	0.829101
129	134	0.833846
129	135	0.818039
129	138	0.835007
129	139	0.83258
129	143	0.845282
129	144	0.842651
129	149	0.833869
129	150	0.817811
129	151	0.847875
129	152	0.837267
129	153	0.833614
129	155	1.44767
129	156	0.822646
129	157	0.840871
129	158	1.44902
129	160	0.826009
129	162	0.827839
129	166	0.811314
129	167	1.46881
129	169	0.832336
129	170	1.37508
129	171	0.827695
129	173	1.42914
129	175	0.816832
129	176	0.831767
129	178	0.830194
129	179	0.825537
129	180	0.831603
130	69	0.83069
130	72	1.44148
130	99	1.38788
130	105	0.866054
130	118	0.844905
130	120	0.87418
130	124	0.849288
130	131	0.844303
130	136	1.40551
130	141	0.86897
130	142	0.841305
130	145	0.862553
130	146	1.31153
130	148	0.853276
130	150	1.3126
130	152	1.36284
130	154	0.859654
130	155	0.852231
130	158	0.85517
130	159	0.855893
130	160	1.36062
130	161	0.841905
130	162	1.31129
130	163	0.850796
130	164	0.852564
130	165	0.84711
130	167	0.852049
130	168	0.856476
130	169	1.29126
130	170	0.856086
130	171	1.30794
130	172	0.854233
130	173	0.853636
130	174	0.855681
130	177	0.862884
130	178	1.32282
130	180	0.858121
131	34	0.827999
131	48	1.25254
131	67	1.42129
131	73	1.49721
131	89	1.17392
131	120	0.864042
131	122	0.838935
131	124	0.83915
131	125	0.839432
131	130	0.844303
131	133	0.858323
131	140	1.47841
131	141	0.858832
131	142	0.831167
131	145	0.852415
131	148	0.843138
131	150	1.37504
131	151	1.32509
131	152	1.42527
131	154	0.849515
131	155	0.842093
131	156	1.45349
131	158	0.845031
131	159	0.845755
131	160	1.42306
131	161	0.831767
131	163	0.840658
131	164	0.842425
131	165	0.836972
131	167	0.841911
131	168	0.846338
131	170	0.845947
131	172	0.844095
131	173	0.843498
131	174	0.845543
131	177	0.852746
131	178	1.38525
131	180	0.847983
132	6	1.61559
132	33	1.10046
132	35	1.42666
132	43	1.20167
132	51	1.60198
132	81	1.56778
132	96	1.34238
132	101	1.29718
132	109	1.35349
132	114	1.29419
132	126	1.39862
132	138	0.849999
132	142	0.829778
132	144	0.857642
132	148	0.841749
132	149	0.84886
132	151	0.862867
132	152	0.852258
132	153	0.848606
132	154	0.848127
132	158	0.843643
132	159	0.844367
132	160	0.841001
132	161	0.830379
132	162	0.84283
132	163	0.839269
132	164	0.841037
132	167	0.840522
132	169	0.847327
132	170	0.844559
132	171	0.842687
132	172	0.842707
132	174	0.844154
132	175	0.831823
132	176	0.846758
132	177	0.851358
132	178	0.845185
132	179	0.840529
133	5	1.2056
133	28	1.37583
133	33	1.08048
133	36	0.848899
133	43	1.18169
133	58	1.30835
133	70	1.45117
133	97	1.56072
133	100	1.30023
133	101	1.2772
133	106	1.26542
133	123	1.2151
133	127	1.3782
133	131	0.858323
133	136	0.850595
133	138	0.875546
133	139	0.873119
133	140	0.861238
133	141	0.88299
133	142	0.855325
133	145	0.876573
133	149	0.874407
133	153	0.874153
133	156	0.863184
133	160	0.866548
133	161	0.855926
133	162	0.868377
133	164	0.866584
133	165	0.86113
133	168	0.870497
133	170	0.870106
133	171	0.868234
133	172	0.868254
133	173	0.867656
133	174	0.869701
133	175	0.85737
133	176	0.872305
133	177	0.876905
133	179	0.866076
134	11	0.794286
134	36	0.840801
134	56	1.2591
134	62	0.853957
134	81	1.54314
134	88	1.17192
134	93	1.43954
134	98	1.32303
134	105	0.871977
134	108	1.36329
134	113	0.873637
134	119	0.847603
134	120	1.3294
134	121	1.23894
134	129	0.833846
134	135	0.850479
134	136	0.842497
134	138	0.867448
134	139	0.865021
134	140	0.85314
134	143	0.877723
134	149	0.86631
134	150	0.850251
134	151	0.880316
134	153	0.866055
134	156	0.855086
134	157	0.873311
134	160	0.85845
134	162	0.86028
134	164	1.3599
134	166	0.843755
134	169	0.864776
134	170	1.28259
134	171	0.860136
134	172	1.34903
134	173	1.33664
134	176	0.864208
134	178	0.862635
134	179	0.857978
134	180	0.864044
135	4	1.26836
135	20	0.856037
135	29	0.922485
135	53	1.15989
135	62	0.83815
135	64	1.15045
135	94	1.57913
135	102	0.824854
135	112	0.860115
135	113	0.85783
135	119	0.831796
135	125	1.40109
135	126	1.41412
135	129	0.818039
135	134	0.850479
135	136	0.82669
135	139	0.849214
135	142	1.44998
135	143	0.861916
135	144	0.859284
135	146	0.852389
135	149	0.850502
135	150	0.834444
135	151	0.864509
135	152	0.8539
135	153	0.850248
135	156	0.839279
135	157	0.857504
135	158	1.39667
135	161	1.44544
135	166	0.827948
135	167	1.41646
135	169	0.848969
135	170	1.32273
135	171	0.844329
135	172	1.38917
135	175	0.833465
135	176	0.8484
135	178	0.846827
135	179	0.842171
135	180	0.848237
136	39	1.49289
136	89	0.88479
136	92	1.51444
136	100	1.33109
136	102	0.816872
136	110	0.822899
136	111	1.2733
136	112	0.852133
136	117	0.837753
136	124	1.40818
136	126	1.40951
136	130	1.40551
136	133	0.850595
136	134	0.842497
136	135	0.82669
136	138	0.843659
136	139	0.841232
136	140	0.829351
136	141	1.34218
136	143	0.853934
136	144	0.851302
136	146	0.844407
136	149	0.84252
136	150	0.826462
136	151	0.856527
136	152	0.845918
136	153	0.842265
136	156	0.831297
136	157	0.849522
136	159	1.40195
136	160	0.834661
136	162	0.83649
136	165	1.45918
136	166	0.819966
136	167	1.41185
136	169	0.840987
136	171	0.836347
136	175	0.825483
136	176	0.840418
136	177	1.34352
136	178	0.838845
136	179	0.834189
137	4	0.922126
137	17	0.793566
137	19	1.29538
137	30	0.855032
137	31	0.866873
137	38	0.850967
137	41	0.865461
137	49	0.756858
137	58	0.892329
137	66	0.86595
137	68	1.41509
137	72	0.838739
137	73	0.846312
137	78	1.186
137	88	1.17862
137	94	1.54569
137	97	0.816283
137	98	1.32974
137	102	0.842032
137	103	0.902099
137	113	0.875009
137	114	1.27625
137	117	0.862913
137	122	0.856367
137	138	0.868819
137	140	0.854511
137	148	1.36245
137	152	0.871078
137	156	0.856458
137	157	0.874683
137	158	1.36324
137	160	0.859821
137	164	1.36661
137	169	0.866148
137	174	1.35955
137	175	0.850643
137	176	0.865579
137	177	1.3147
137	178	0.864006
137	179	0.859349
138	15	0.875082
138	28	1.35157
138	38	1.35589
138	50	1.20569
138	75	1.32376
138	90	0.846408
138	93	1.41994
138	99	0.853582
138	100	1.27597
138	102	0.841822
138	107	0.874407
138	108	1.34369
138	110	0.84785
138	129	0.835007
138	132	0.849999
138	133	0.875546
138	134	0.867448
138	136	0.843659
138	137	0.868819
138	139	0.866183
138	140	0.854301
138	141	1.28706
138	146	0.869357
138	147	1.31715
138	149	0.867471
138	150	0.851413
138	151	0.881478
138	152	0.870869
138	153	0.867216
138	156	0.856248
138	160	0.859611
138	162	0.861441
138	165	1.40406
138	166	0.844916
138	169	0.865938
138	170	1.26299
138	172	1.32944
138	173	1.31705
138	175	0.850434
138	176	0.865369
138	178	0.863796
138	179	0.859139
138	180	0.865205
139	15	0.872655
139	59	0.875008
139	90	0.843982
139	92	1.46536
139	98	1.30948
139	103	1.25523
139	107	0.87198
139	110	0.845423
139	112	0.874657
139	113	0.872372
139	117	0.860277
139	118	1.33176
139	119	0.846337
139	123	1.19688
139	125	1.3474
139	127	1.35998
139	128	1.22405
139	129	0.83258
139	133	0.873119
139	134	0.865021
139	135	0.849214
139	136	0.841232
139	138	0.866183
139	140	0.851875
139	142	1.39628
139	143	0.876458
139	144	0.873826
139	145	1.27891
139	148	1.34219
139	149	0.865044
139	150	0.848986
139	152	0.868442
139	154	1.32137
139	156	0.853821
139	160	0.857185
139	162	0.859014
139	167	1.36277
139	169	0.863511
139	175	0.848007
139	176	0.862942
139	178	0.861369
139	179	0.856713
139	180	0.862779
140	38	1.42148
140	47	1.22724
140	50	1.27128
140	77	1.29198
140	79	1.29814
140	85	0.847202
140	99	0.839274
140	104	0.874696
140	105	0.858831
140	109	1.37484
140	110	0.833542
140	112	0.862776
140	113	0.860491
140	115	0.848176
140	131	1.47841
140	133	0.861238
140	134	0.85314
140	136	0.829351
140	137	0.854511
140	138	0.854301
140	139	0.851875
140	141	1.35265
140	143	0.864576
140	144	0.861945
140	146	0.855049
140	147	1.38274
140	148	1.40173
140	149	0.853163
140	151	0.86717
140	152	0.856561
140	153	0.852908
140	154	1.38092
140	156	0.84194
140	157	0.860165
140	162	0.847133
140	166	0.830608
140	170	1.32858
140	171	0.846989
140	173	1.38264
140	175	0.836126
140	176	0.851061
140	178	0.849488
140	179	0.844831
140	180	0.850897
141	19	0.880821
141	34	0.852666
141	63	0.863163
141	74	0.891513
141	78	0.889997
141	80	0.893359
141	86	0.871219
141	113	1.27297
141	120	0.888709
141	124	0.863817
141	125	0.864099
141	130	0.86897
141	131	0.858832
141	133	0.88299
141	136	1.34218
141	138	1.28706
141	140	1.35265
141	142	0.855834
141	143	1.20672
141	144	1.28732
141	145	0.877082
141	150	1.24928
141	154	0.874182
141	155	0.86676
141	156	1.32772
141	158	0.869699
141	159	0.870422
141	160	1.29729
141	161	0.856434
141	163	0.865325
141	164	0.867093
141	165	0.861639
141	167	0.866578
141	168	0.871005
141	169	1.22793
141	170	0.870614
141	171	1.24461
141	172	0.868762
141	173	0.868165
141	174	0.87021
141	175	1.34907
141	176	1.23759
141	177	0.877413
141	179	1.33347
141	180	0.87265
142	8	1.13448
142	23	1.29839
142	72	1.48132
142	74	0.863848
142	82	0.803123
142	87	1.45421
142	98	0.85058
142	103	0.881669
142	104	0.868784
142	108	0.841113
142	120	0.861044
142	124	0.836152
142	125	0.836434
142	130	0.841305
142	131	0.831167
142	132	0.829778
142	133	0.855325
142	135	1.44998
142	139	1.39628
142	141	0.855834
142	145	0.849417
142	146	1.35138
142	148	0.84014
142	150	1.35245
142	152	1.40269
142	154	0.846517
142	155	0.839095
142	158	0.842033
142	159	0.842757
142	161	0.828769
142	163	0.83766
142	164	0.839427
142	165	0.833974
142	166	1.46039
142	167	0.838913
142	168	0.84334
142	170	0.842949
142	172	0.841097
142	173	0.8405
142	174	0.842545
142	175	1.45225
142	176	1.34077
142	177	0.849748
142	179	1.43665
142	180	0.844985
143	21	1.2328
143	22	1.86063
143	24	1.18524
143	27	0.795724
143	29	0.949729
143	36	0.852238
143	50	1.12536
143	68	1.30845
143	76	0.892322
143	80	1.19869
143	85	0.871785
143	89	0.920016
143	99	0.863857
143	112	0.887359
143	118	1.24539
143	119	0.859039
143	120	1.22947
143	122	0.866433
143	129	0.845282
143	134	0.877723
143	135	0.861916
143	136	0.853934
143	139	0.876458
143	140	0.864576
143	141	1.20672
143	144	0.886528
143	146	0.879632
143	148	1.25581
143	149	0.877746
143	150	0.861688
143	151	0.891753
143	152	0.881144
143	153	0.877491
143	154	1.23499
143	156	0.866523
143	157	0.884748
143	158	1.2566
143	161	1.30537
143	162	0.871716
143	163	1.28549
143	164	1.25997
143	166	0.855192
143	169	0.876213
143	171	0.871573
143	175	0.860709
143	178	0.874071
143	179	0.869415
143	180	0.87548
144	4	1.20888
144	8	0.925631
144	20	0.88065
144	29	0.947097
144	57	0.887581
144	59	0.885078
144	60	1.23848
144	64	1.09097
144	78	1.15996
144	87	1.29336
144	100	1.27623
144	108	1.34396
144	110	0.855494
144	117	0.870347
144	119	0.856408
144	122	0.863801
144	129	0.842651
144	132	0.857642
144	135	0.859284
144	136	0.851302
144	139	0.873826
144	140	0.861945
144	141	1.28732
144	143	0.886528
144	146	0.877001
144	149	0.875115
144	150	0.859057
144	151	0.889121
144	153	0.87486
144	155	1.33584
144	156	0.863892
144	157	0.882117
144	159	1.3471
144	160	0.867255
144	162	0.869085
144	165	1.40433
144	166	0.85256
144	168	1.32082
144	169	0.873582
144	170	1.26326
144	171	0.868941
144	174	1.33351
144	175	0.858077
144	176	0.873013
144	177	1.28866
144	178	0.87144
144	179	0.866783
144	180	0.872849
145	11	1.59536
145	47	0.908072
145	55	0.806668
145	61	0.881488
145	64	0.933953
145	65	1.33084
145	70	1.47065
145	92	0.848045
145	98	0.871828
145	107	1.28051
145	108	0.862362
145	115	0.863511
145	118	0.853016
145	120	0.882292
145	124	0.8574
145	125	0.857682
145	130	0.862553
145	131	0.852415
145	133	0.876573
145	139	1.27891
145	141	0.877082
145	142	0.849417
145	148	0.861388
145	149	1.25995
145	150	1.23508
145	151	1.18512
145	154	0.867765
145	155	0.860343
145	158	0.863282
145	159	0.864005
145	160	1.28309
145	161	0.850017
145	163	0.858908
145	164	0.860676
145	165	0.855222
145	166	1.34301
145	167	0.860161
145	168	0.864588
145	170	0.864197
145	171	1.23041
145	172	0.862345
145	173	0.861748
145	174	0.863793
145	175	1.33488
145	176	1.2234
145	177	0.870996
145	178	1.24529
145	179	1.31927
145	180	0.866233
146	18	1.32132
146	20	0.873754
146	21	1.27428
146	30	1.33756
146	35	1.34357
146	40	0.940758
146	45	0.821532
146	61	1.27734
146	63	1.26983
146	75	1.2849
146	76	0.882795
146	90	0.847156
146	91	0.908814
146	99	0.85433
146	102	0.84257
146	105	0.873886
146	108	1.30484
146	110	0.848598
146	112	0.877832
146	113	0.875547
146	116	1.35857
146	119	0.849512
146	122	0.856905
146	130	1.31153
146	135	0.852389
146	136	0.844407
146	138	0.869357
146	140	0.855049
146	142	1.35138
146	143	0.879632
146	144	0.877001
146	149	0.868219
146	150	0.852161
146	153	0.867964
146	157	0.875221
146	160	0.860359
146	162	0.862189
146	163	1.32697
146	164	1.30145
146	166	0.845664
146	168	1.2817
146	169	0.866686
146	171	0.862045
146	175	0.851182
146	176	0.866117
146	177	1.24954
146	178	0.864544
146	179	0.859887
146	180	0.865953
147	6	0.788622
147	10	0.812962
147	14	0.849198
147	22	0.776551
147	33	0.924036
147	48	0.904617
147	67	0.850238
147	70	0.824788
147	76	1.23546
147	90	1.40565
147	94	0.817063
147	96	1.38617
147	100	1.364
147	101	0.887363
147	106	0.864271
147	109	0.857706
147	111	0.893724
147	113	1.30306
147	116	0.859738
147	117	1.35557
147	121	0.882102
147	123	0.893864
147	125	0.853719
147	126	0.84688
147	128	0.880661
147	138	1.31715
147	140	1.38274
147	148	0.857425
147	151	1.22941
147	152	1.3296
147	154	0.863802
147	156	1.35781
147	157	1.30317
147	158	0.859319
147	159	0.860042
147	161	0.846054
147	163	0.854945
147	164	0.856713
147	165	0.851259
147	166	1.3873
147	167	0.856198
147	168	0.860625
147	170	0.860235
147	172	0.858382
147	173	0.857785
147	174	0.85983
147	177	0.867033
147	178	1.28958
147	179	1.36356
147	180	0.86227
148	24	1.37259
148	37	0.933723
148	46	0.816041
148	50	0.89753
148	54	0.870776
148	80	0.877665
148	92	0.838768
148	98	0.862551
148	103	0.89364
148	108	0.853085
148	110	1.34979
148	112	1.32994
148	118	0.843739
148	120	0.873015
148	124	0.848123
148	125	0.848405
148	130	0.853276
148	131	0.843138
148	132	0.841749
148	137	1.36245
148	139	1.34219
148	140	1.40173
148	142	0.84014
148	143	1.25581
148	145	0.861388
148	147	0.857425
148	149	1.32323
148	152	1.34859
148	153	1.33762
148	154	0.858488
148	155	0.851066
148	158	0.854005
148	159	0.854728
148	160	1.34638
148	161	0.84074
148	162	1.29705
148	163	0.849631
148	164	0.851399
148	165	0.845945
148	167	0.850884
148	168	0.855311
148	169	1.27702
148	170	0.85492
148	172	0.853068
148	173	0.852471
148	174	0.854516
148	176	1.28668
148	177	0.861719
148	179	1.38255
148	180	0.856956
149	3	1.61974
149	11	0.79431
149	45	0.819646
149	57	0.878799
149	72	0.837391
149	79	1.21963
149	80	1.26611
149	85	0.860372
149	92	1.4464
149	102	0.840684
149	105	0.872
149	112	0.875945
149	114	1.23703
149	119	0.847626
149	126	1.34147
149	129	0.833869
149	132	0.84886
149	133	0.874407
149	134	0.86631
149	135	0.850502
149	136	0.84252
149	138	0.867471
149	139	0.865044
149	140	0.853163
149	143	0.877746
149	144	0.875115
149	145	1.25995
149	146	0.868219
149	148	1.32323
149	152	0.86973
149	153	0.866078
149	154	1.30241
149	155	1.32266
149	156	0.85511
149	157	0.873335
149	160	0.858473
149	162	0.860303
149	163	1.35291
149	164	1.32739
149	166	0.843778
149	167	1.34381
149	168	1.30764
149	169	0.8648
149	171	0.860159
149	174	1.32033
149	175	0.849295
149	176	0.864231
149	178	0.862658
149	179	0.858001
149	180	0.864067
150	8	0.900791
150	17	1.78208
150	18	1.3224
150	20	0.85581
150	23	0.860747
150	52	1.48739
150	54	0.861829
150	89	0.892544
150	90	0.829212
150	91	0.890869
150	92	1.42153
150	102	0.824626
150	105	0.855942
150	107	0.85721
150	110	0.830653
150	112	0.859887
150	117	0.845507
150	122	0.838961
150	129	0.817811
150	130	1.3126
150	131	1.37504
150	134	0.850251
150	135	0.834444
150	136	0.826462
150	138	0.851413
150	139	0.848986
150	141	1.24928
150	142	1.35245
150	143	0.861688
150	144	0.859057
150	145	1.23508
150	146	0.852161
150	151	0.864281
150	152	0.853672
150	153	0.85002
150	160	0.842415
150	161	1.34792
150	162	0.844245
150	164	1.30252
150	165	1.36628
150	166	0.82772
150	167	1.31894
150	169	0.848741
150	170	1.22521
150	171	0.844101
150	174	1.29546
150	175	0.833237
150	176	0.848172
150	178	0.846599
150	179	0.841943
150	180	0.848009
151	11	0.808316
151	12	0.884341
151	37	1.08907
151	62	0.867987
151	69	1.42756
151	74	1.18528
151	77	1.13865
151	82	1.58228
151	85	0.874378
151	87	1.20536
151	89	0.922609
151	97	1.44872
151	104	0.901872
151	107	0.887275
151	110	0.860718
151	112	0.889952
151	113	0.887667
151	117	0.875572
151	119	0.861632
151	120	1.22207
151	125	1.25361
151	129	0.847875
151	131	1.32509
151	132	0.862867
151	134	0.880316
151	135	0.864509
151	136	0.856527
151	138	0.881478
151	140	0.86717
151	143	0.891753
151	144	0.889121
151	145	1.18512
151	147	1.22941
151	150	0.864281
151	152	0.883737
151	153	0.880084
151	156	0.869116
151	157	0.887341
151	158	1.24919
151	159	1.25909
151	160	0.87248
151	163	1.27809
151	165	1.31632
151	166	0.857785
151	169	0.878806
151	171	0.874166
151	175	0.863302
151	176	0.878237
151	178	0.876664
151	179	0.872008
151	180	0.878074
152	5	1.19379
152	12	0.873732
152	16	0.877889
152	23	0.880203
152	26	0.8758
152	44	1.15698
152	54	0.881285
152	57	0.882197
152	65	0.86369
152	85	0.86377
152	86	1.20748
152	88	1.16477
152	89	0.912
152	99	0.855841
152	107	0.876666
152	113	0.877058
152	117	0.864963
152	119	0.851024
152	123	1.20328
152	129	0.837267
152	130	1.36284
152	131	1.42527
152	132	0.852258
152	135	0.8539
152	136	0.845918
152	137	0.871078
152	138	0.870869
152	139	0.868442
152	140	0.856561
152	142	1.40269
152	143	0.881144
152	147	1.3296
152	148	1.34859
152	149	0.86973
152	150	0.853672
152	151	0.883737
152	154	1.32778
152	155	1.34803
152	156	0.858507
152	157	0.876732
152	160	0.861871
152	162	0.8637
152	166	0.847176
152	168	1.333
152	171	0.863557
152	172	1.34189
152	174	1.34569
152	175	0.852693
152	176	0.867628
152	177	1.30085
152	178	0.866055
152	179	0.861399
153	1	0.904662
153	20	0.871613
153	26	0.872148
153	45	0.819391
153	62	0.853726
153	72	0.837136
153	74	1.2745
153	75	1.32524
153	76	0.880654
153	80	1.2805
153	85	0.860117
153	91	0.906673
153	96	1.29962
153	98	1.30492
153	102	0.840429
153	105	0.871745
153	106	1.24264
153	108	1.34517
153	110	0.846457
153	111	1.21966
153	117	0.86131
153	122	0.854764
153	127	1.35542
153	129	0.833614
153	132	0.848606
153	133	0.874153
153	134	0.866055
153	135	0.850248
153	136	0.842265
153	138	0.867216
153	140	0.852908
153	143	0.877491
153	144	0.87486
153	146	0.867964
153	148	1.33762
153	149	0.866078
153	150	0.85002
153	151	0.880084
153	155	1.33706
153	156	0.854855
153	157	0.87308
153	160	0.858218
153	162	0.860048
153	163	1.3673
153	165	1.40554
153	167	1.3582
153	169	0.864545
153	171	0.859904
153	172	1.33092
153	173	1.31853
153	175	0.849041
153	176	0.863976
153	177	1.28988
153	178	0.862403
153	179	0.857746
153	180	0.863812
154	11	1.63783
154	34	0.843349
154	36	0.840091
154	39	0.844664
154	50	0.903908
154	53	1.18635
154	59	1.27926
154	63	0.853847
154	64	0.931054
154	69	0.835903
154	72	1.40641
154	79	1.31875
154	80	0.884042
154	86	0.861903
154	88	0.905775
154	99	1.35282
154	105	0.871267
154	108	0.859462
154	113	1.30124
154	118	0.850117
154	122	0.854286
154	124	0.854501
154	125	0.854782
154	130	0.859654
154	131	0.849515
154	132	0.848127
154	139	1.32137
154	140	1.38092
154	141	0.874182
154	142	0.846517
154	143	1.23499
154	145	0.867765
154	147	0.863802
154	148	0.858488
154	149	1.30241
154	152	1.32778
154	155	0.857444
154	158	0.860382
154	159	0.861106
154	161	0.847118
154	162	1.27623
154	163	0.856008
154	164	0.857776
154	165	0.852322
154	167	0.857261
154	168	0.861689
154	169	1.2562
154	170	0.861298
154	171	1.27288
154	172	0.859446
154	173	0.858848
154	174	0.860893
154	176	1.26586
154	177	0.868097
154	178	1.28775
154	180	0.863334
155	1	1.18694
155	9	1.65483
155	19	0.864082
155	20	1.28563
155	36	0.832669
155	39	0.837242
155	47	0.89775
155	55	0.796346
155	57	1.3347
155	61	0.871166
155	63	0.846425
155	64	0.923631
155	69	0.82848
155	75	0.87632
155	77	1.33285
155	78	0.873258
155	80	0.87662
155	82	0.814049
155	86	0.854481
155	88	0.898353
155	108	0.85204
155	113	1.32149
155	120	0.87197
155	123	1.29729
155	124	0.847079
155	125	0.84736
155	129	1.44767
155	130	0.852231
155	131	0.842093
155	141	0.86676
155	142	0.839095
155	144	1.33584
155	145	0.860343
155	148	0.851066
155	149	1.32266
155	152	1.34803
155	153	1.33706
155	154	0.857444
155	158	0.85296
155	159	0.853684
155	160	1.34581
155	161	0.839696
155	162	1.29648
155	163	0.848586
155	164	0.850354
155	165	0.8449
155	167	0.849839
155	168	0.854267
155	170	0.853876
155	171	1.29313
155	172	0.852023
155	173	0.851426
155	174	0.853471
155	176	1.28611
155	177	0.860674
155	179	1.38199
155	180	0.855911
156	1	0.893694
156	20	0.860645
156	37	1.21747
156	39	1.47843
156	40	0.927649
156	43	1.19809
156	57	0.867576
156	58	1.32475
156	60	1.27887
156	62	0.842757
156	88	1.19298
156	89	0.897379
156	90	0.834047
156	99	0.84122
156	107	0.862046
156	109	1.34992
156	110	0.835489
156	112	0.864722
156	113	0.862438
156	117	0.850342
156	119	0.836403
156	129	0.822646
156	131	1.45349
156	133	0.863184
156	134	0.855086
156	135	0.839279
156	136	0.831297
156	137	0.856458
156	138	0.856248
156	139	0.853821
156	140	0.84194
156	141	1.32772
156	143	0.866523
156	144	0.863892
156	147	1.35781
156	149	0.85511
156	151	0.869116
156	152	0.858507
156	153	0.854855
156	157	0.862112
156	159	1.38749
156	160	0.84725
156	161	1.42637
156	162	0.84908
156	164	1.38097
156	166	0.832555
156	168	1.36121
156	169	0.853577
156	171	0.848936
156	172	1.3701
156	173	1.35771
156	175	0.838072
156	176	0.853008
156	177	1.32906
156	178	0.851435
156	179	0.846778
156	180	0.852844
157	11	0.801312
157	26	0.879404
157	29	0.945317
157	42	1.39208
157	53	1.08617
157	59	0.883298
157	61	1.30221
157	62	0.860982
157	64	1.07673
157	76	0.88791
157	85	0.867374
157	89	0.915604
157	90	0.852272
157	98	1.28946
157	99	0.859445
157	103	1.2352
157	107	0.880271
157	110	0.853714
157	112	0.882947
157	113	0.880663
157	115	0.868347
157	119	0.854628
157	124	1.33907
157	128	1.20402
157	129	0.840871
157	134	0.873311
157	135	0.857504
157	136	0.849522
157	137	0.874683
157	140	0.860165
157	143	0.884748
157	144	0.882117
157	146	0.875221
157	147	1.30317
157	149	0.873335
157	151	0.887341
157	152	0.876732
157	153	0.87308
157	156	0.862112
157	159	1.33285
157	160	0.865475
157	161	1.37172
157	162	0.867305
157	163	1.35184
157	165	1.39008
157	166	0.85078
157	167	1.34274
157	168	1.30657
157	169	0.871802
157	170	1.24901
157	171	0.867161
157	172	1.31546
157	173	1.30307
157	175	0.856297
157	176	0.871233
157	178	0.86966
157	179	0.865003
157	180	0.871069
158	30	1.48422
158	34	0.838866
158	39	0.840181
158	40	1.13485
158	46	0.817935
158	50	0.899424
158	64	0.92657
158	69	0.831419
158	74	0.877713
158	78	0.876197
158	82	0.816988
158	83	1.2922
158	86	0.857419
158	88	0.901291
158	92	0.840662
158	98	0.864445
158	104	0.882649
158	108	0.854978
158	113	1.32284
158	114	1.35776
158	117	1.37535
158	118	0.845633
158	119	1.32261
158	120	0.874909
158	121	1.32715
158	124	0.850017
158	125	0.850299
158	129	1.44902
158	130	0.85517
158	131	0.845031
158	132	0.843643
158	135	1.39667
158	137	1.36324
158	141	0.869699
158	142	0.842033
158	143	1.2566
158	145	0.863282
158	147	0.859319
158	148	0.854005
158	151	1.24919
158	154	0.860382
158	155	0.85296
158	159	0.856622
158	161	0.842634
158	162	1.29784
158	163	0.851524
158	164	0.853292
158	165	0.847839
158	167	0.852778
158	168	0.857205
158	170	0.856814
158	172	0.854962
158	173	0.854365
158	174	0.85641
158	175	1.39895
158	176	1.28747
158	177	0.863613
158	178	1.30936
158	179	1.38334
158	180	0.85885
159	1	1.19819
159	2	0.803393
159	20	1.29689
159	32	1.46777
159	42	1.52377
159	46	0.818658
159	55	0.800008
159	59	1.31076
159	63	0.850087
159	64	0.927294
159	78	0.87692
159	80	0.880282
159	88	0.902015
159	89	1.10793
159	92	0.841386
159	98	0.865168
159	103	0.896257
159	104	0.883372
159	108	0.855702
159	112	1.34062
159	115	0.856852
159	118	0.846357
159	120	0.875632
159	122	0.850526
159	124	0.850741
159	125	0.851022
159	128	1.33571
159	130	0.855893
159	131	0.845755
159	132	0.844367
159	136	1.40195
159	141	0.870422
159	142	0.842757
159	144	1.3471
159	145	0.864005
159	147	0.860042
159	148	0.854728
159	151	1.25909
159	154	0.861106
159	155	0.853684
159	156	1.38749
159	157	1.33285
159	158	0.856622
159	160	1.35706
159	161	0.843358
159	162	1.30773
159	163	0.852248
159	164	0.854016
159	165	0.848562
159	166	1.41698
159	167	0.853501
159	168	0.857929
159	170	0.857538
159	172	0.855685
159	173	0.855088
159	174	0.857133
159	176	1.29736
159	177	0.864337
159	178	1.31926
159	180	0.859573
160	9	0.804188
160	26	0.864543
160	37	1.18704
160	40	0.931013
160	42	1.41629
160	57	0.870939
160	60	1.24845
160	74	1.28326
160	75	1.33399
160	76	0.873049
160	85	0.852512
160	91	0.899068
160	95	1.49811
160	99	0.844584
160	102	0.832825
160	104	0.880006
160	107	0.865409
160	111	1.22841
160	112	0.868086
160	113	0.865801
160	115	0.853486
160	117	0.853706
160	122	0.84716
160	129	0.826009
160	130	1.36062
160	131	1.42306
160	132	0.841001
160	133	0.866548
160	134	0.85845
160	136	0.834661
160	137	0.859821
160	138	0.859611
160	139	0.857185
160	141	1.29729
160	144	0.867255
160	145	1.28309
160	146	0.860359
160	148	1.34638
160	149	0.858473
160	150	0.842415
160	151	0.87248
160	152	0.861871
160	153	0.858218
160	155	1.34581
160	156	0.84725
160	157	0.865475
160	159	1.35706
160	162	0.852443
160	165	1.41429
160	166	0.835919
160	168	1.33079
160	169	0.85694
160	171	0.8523
160	174	1.34348
160	175	0.841436
160	176	0.856371
160	177	1.29863
160	178	0.854798
160	179	0.850142
160	180	0.856207
161	2	0.789405
161	16	1.32702
161	23	1.29386
161	37	0.922352
161	46	0.80467
161	47	0.887424
161	61	0.86084
161	62	1.4222
161	63	0.836099
161	64	0.913305
161	66	1.45247
161	75	0.865994
161	76	1.30402
161	77	1.38297
161	82	0.803723
161	83	1.34097
161	85	1.37603
161	86	0.844155
161	88	0.888027
161	92	0.827397
161	98	0.85118
161	108	0.841714
161	115	0.842864
161	118	0.832369
161	119	1.37138
161	120	0.861644
161	122	0.836537
161	124	0.836753
161	125	0.837034
161	126	1.51097
161	130	0.841905
161	131	0.831767
161	132	0.830379
161	133	0.855926
161	135	1.44544
161	141	0.856434
161	142	0.828769
161	143	1.30537
161	145	0.850017
161	147	0.846054
161	148	0.84074
161	150	1.34792
161	154	0.847118
161	155	0.839696
161	156	1.42637
161	157	1.37172
161	158	0.842634
161	159	0.843358
161	163	0.83826
161	164	0.840028
161	165	0.834574
161	167	0.839513
161	168	0.843941
161	170	0.84355
161	172	0.841697
161	173	0.8411
161	174	0.843145
161	176	1.33624
161	177	0.850348
161	178	1.35813
161	179	1.43211
161	180	0.845585
162	1	0.898887
162	8	0.910819
162	12	0.864304
162	15	0.867914
162	16	0.868462
162	26	0.866373
162	27	0.77828
162	31	1.35304
162	38	1.31679
162	40	0.932842
162	51	1.51864
162	65	0.854262
162	70	1.38781
162	71	1.37665
162	80	1.23992
162	85	0.854342
162	90	0.83924
162	91	0.900898
162	94	1.48029
162	99	0.846413
162	101	1.21384
162	107	0.867239
162	113	0.867631
162	115	0.855315
162	117	0.855535
162	122	0.848989
162	125	1.30226
162	129	0.827839
162	130	1.31129
162	132	0.84283
162	133	0.868377
162	134	0.86028
162	136	0.83649
162	138	0.861441
162	139	0.859014
162	140	0.847133
162	143	0.871716
162	144	0.869085
162	146	0.862189
162	148	1.29705
162	149	0.860303
162	150	0.844245
162	152	0.8637
162	153	0.860048
162	154	1.27623
162	155	1.29648
162	156	0.84908
162	157	0.867305
162	158	1.29784
162	159	1.30773
162	160	0.852443
162	163	1.32673
162	166	0.837748
162	167	1.31763
162	168	1.28146
162	169	0.85877
162	171	0.854129
162	174	1.29415
162	175	0.843265
162	176	0.858201
162	178	0.856628
162	179	0.851971
162	180	0.858037
163	1	1.21719
163	2	0.798295
163	7	1.40594
163	37	0.931242
163	55	0.794911
163	57	1.36494
163	61	0.869731
163	62	1.40232
163	69	0.827045
163	74	0.873339
163	75	0.874885
163	78	0.871823
163	80	0.875185
163	82	0.812614
163	83	1.32109
163	86	0.853045
163	88	0.896917
163	98	0.860071
163	103	0.89116
163	105	0.862409
163	108	0.850605
163	110	1.37947
163	115	0.851754
163	117	1.40425
163	118	0.841259
163	119	1.3515
163	120	0.870535
163	122	0.845428
163	124	0.845643
163	125	0.845925
163	130	0.850796
163	131	0.840658
163	132	0.839269
163	141	0.865325
163	142	0.83766
163	143	1.28549
163	145	0.858908
163	146	1.32697
163	147	0.854945
163	148	0.849631
163	149	1.35291
163	151	1.27809
163	153	1.3673
163	154	0.856008
163	155	0.848586
163	157	1.35184
163	158	0.851524
163	159	0.852248
163	161	0.83826
163	162	1.32673
163	164	0.848918
163	165	0.843465
163	167	0.848404
163	168	0.852831
163	169	1.3067
163	170	0.85244
163	171	1.32337
163	172	0.850588
163	173	0.849991
163	174	0.852036
163	175	1.42784
163	177	0.859239
163	179	1.41223
163	180	0.854476
164	1	1.19167
164	2	0.800063
164	19	0.864414
164	26	1.31007
164	28	1.46275
164	39	0.837575
164	45	1.57276
164	46	0.815329
164	50	0.896818
164	54	0.870064
164	57	1.33943
164	69	0.828813
164	74	0.875107
164	75	0.876653
164	78	0.873591
164	80	0.876953
164	82	0.814382
164	87	1.40428
164	88	0.898685
164	92	0.838056
164	98	0.861839
164	102	1.34535
164	108	0.852372
164	118	0.843027
164	120	0.872303
164	122	0.847196
164	124	0.847411
164	125	0.847693
164	130	0.852564
164	131	0.842425
164	132	0.841037
164	133	0.866584
164	134	1.3599
164	137	1.36661
164	141	0.867093
164	142	0.839427
164	143	1.25997
164	145	0.860676
164	146	1.30145
164	147	0.856713
164	148	0.851399
164	149	1.32739
164	150	1.30252
164	154	0.857776
164	155	0.850354
164	156	1.38097
164	158	0.853292
164	159	0.854016
164	161	0.840028
164	163	0.848918
164	165	0.845232
164	166	1.41046
164	167	0.850172
164	168	0.854599
164	169	1.28118
164	170	0.854208
164	171	1.29786
164	172	0.852356
164	173	0.851759
164	174	0.853804
164	175	1.40232
164	176	1.29084
164	177	0.861007
164	180	0.856244
165	2	0.794609
165	13	1.43659
165	19	0.858961
165	22	0.765071
165	23	1.31221
165	33	1.23116
165	37	0.927556
165	39	0.832121
165	46	0.809875
165	47	0.892629
165	69	0.823359
165	74	0.869653
165	75	0.871199
165	80	0.871499
165	82	0.808928
165	85	1.39439
165	86	0.849359
165	88	0.893231
165	89	1.16516
165	92	0.832602
165	98	0.856385
165	105	0.858723
165	108	0.846919
165	113	1.38997
165	115	0.848068
165	118	0.837573
165	119	1.38974
165	120	0.866849
165	124	0.841957
165	125	0.842239
165	130	0.84711
165	131	0.836972
165	133	0.86113
165	136	1.45918
165	138	1.40406
165	141	0.861639
165	142	0.833974
165	144	1.40433
165	145	0.855222
165	147	0.851259
165	148	0.845945
165	150	1.36628
165	151	1.31632
165	153	1.40554
165	154	0.852322
165	155	0.8449
165	157	1.39008
165	158	0.847839
165	159	0.848562
165	160	1.41429
165	161	0.834574
165	163	0.843465
165	164	0.845232
165	167	0.844718
165	168	0.849145
165	169	1.34493
165	170	0.848754
165	171	1.36161
165	172	0.846902
165	173	0.846305
165	174	0.84835
165	175	1.46608
165	176	1.3546
165	177	0.855553
165	180	0.85079
166	8	0.894294
166	9	0.789493
166	12	0.847779
166	15	0.851389
166	16	0.851937
166	23	0.854251
166	26	0.849848
166	29	0.915761
166	45	0.797091
166	47	1.23181
166	57	0.856244
166	63	1.37884
166	66	1.36604
166	70	1.49706
166	85	0.837817
166	89	0.886048
166	90	0.822716
166	91	0.884373
166	99	0.829889
166	102	0.81813
166	107	0.850714
166	110	0.824157
166	112	0.853391
166	113	0.851106
166	115	0.838791
166	117	0.83901
166	119	0.825071
166	120	1.37996
166	121	1.28949
166	124	1.42321
166	125	1.4115
166	127	1.42409
166	129	0.811314
166	134	0.843755
166	135	0.827948
166	136	0.819966
166	138	0.844916
166	140	0.830608
166	142	1.46039
166	143	0.855192
166	144	0.85256
166	145	1.34301
166	146	0.845664
166	147	1.3873
166	149	0.843778
166	150	0.82772
166	151	0.857785
166	152	0.847176
166	156	0.832555
166	157	0.85078
166	159	1.41698
166	160	0.835919
166	162	0.837748
166	164	1.41046
166	167	1.42688
166	169	0.842245
166	171	0.837604
166	172	1.39959
166	173	1.3872
166	174	1.4034
166	175	0.826741
166	176	0.841676
166	177	1.35855
166	178	0.840103
166	179	0.835447
166	180	0.841512
167	2	0.799549
167	19	0.8639
167	20	1.30678
167	26	1.32649
167	34	0.835745
167	39	0.83706
167	44	1.27213
167	46	0.814814
167	50	0.896303
167	55	0.796164
167	61	0.870984
167	63	0.846242
167	69	0.828298
167	71	1.54335
167	73	1.44111
167	74	0.874592
167	75	0.876138
167	78	0.873076
167	80	0.876438
167	82	0.813867
167	85	1.34705
167	86	0.854298
167	91	1.0584
167	92	0.837541
167	98	0.861324
167	106	1.36876
167	108	0.851858
167	112	1.35052
167	115	0.853007
167	118	0.842512
167	120	0.871788
167	122	0.846681
167	124	0.846896
167	125	0.847178
167	129	1.46881
167	130	0.852049
167	131	0.841911
167	132	0.840522
167	135	1.41646
167	136	1.41185
167	139	1.36277
167	141	0.866578
167	142	0.838913
167	145	0.860161
167	147	0.856198
167	148	0.850884
167	149	1.34381
167	150	1.31894
167	153	1.3582
167	154	0.857261
167	155	0.849839
167	157	1.34274
167	158	0.852778
167	159	0.853501
167	161	0.839513
167	162	1.31763
167	163	0.848404
167	164	0.850172
167	165	0.844718
167	166	1.42688
167	168	0.854084
167	170	0.853693
167	172	0.851841
167	173	0.851244
167	174	0.853289
167	175	1.41874
167	177	0.860492
167	180	0.855729
168	14	1.35128
168	19	0.868327
168	34	0.840172
168	37	0.936923
168	39	0.841487
168	40	1.11847
168	47	0.901995
168	48	1.16027
168	50	0.90073
168	55	0.800591
168	61	0.875411
168	63	0.85067
168	64	0.927876
168	69	0.832725
168	71	1.50718
168	74	0.879019
168	78	0.877503
168	82	0.818294
168	84	1.38759
168	88	0.902598
168	90	1.40905
168	92	0.841968
168	98	0.865751
168	103	0.89684
168	104	0.883955
168	105	0.86809
168	108	0.856285
168	117	1.35897
168	118	0.84694
168	119	1.30623
168	120	0.876215
168	124	0.851324
168	125	0.851605
168	130	0.856476
168	131	0.846338
168	133	0.870497
168	141	0.871005
168	142	0.84334
168	144	1.32082
168	145	0.864588
168	146	1.2817
168	147	0.860625
168	148	0.855311
168	149	1.30764
168	152	1.333
168	154	0.861689
168	155	0.854267
168	156	1.36121
168	157	1.30657
168	158	0.857205
168	159	0.857929
168	160	1.33079
168	161	0.843941
168	162	1.28146
168	163	0.852831
168	164	0.854599
168	165	0.849145
168	167	0.854084
168	169	1.26143
168	170	0.858121
168	171	1.2781
168	172	0.856268
168	173	0.855671
168	174	0.857716
168	175	1.38257
168	176	1.27109
168	177	0.864919
168	178	1.29298
168	180	0.860156
169	1	0.903384
169	8	0.915316
169	9	0.810514
169	12	0.868801
169	15	0.872411
169	19	1.20994
169	40	0.937339
169	45	0.818113
169	46	1.45709
169	54	0.876354
169	55	1.53815
169	58	1.22496
169	59	0.874763
169	62	0.852447
169	69	1.45617
169	72	0.835858
169	76	0.879375
169	82	1.61089
169	90	0.843737
169	91	0.905394
169	92	1.40019
169	96	1.23902
169	99	0.85091
169	102	0.839151
169	104	0.886333
169	105	0.870467
169	106	1.18203
169	110	0.845179
169	113	0.872128
169	117	0.860032
169	119	0.846093
169	129	0.832336
169	130	1.29126
169	132	0.847327
169	134	0.864776
169	135	0.848969
169	136	0.840987
169	137	0.866148
169	138	0.865938
169	139	0.863511
169	141	1.22793
169	143	0.876213
169	144	0.873582
169	146	0.866686
169	148	1.27702
169	149	0.8648
169	150	0.848741
169	151	0.878806
169	153	0.864545
169	154	1.2562
169	156	0.853577
169	157	0.871802
169	160	0.85694
169	162	0.85877
169	163	1.3067
169	164	1.28118
169	165	1.34493
169	166	0.842245
169	168	1.26143
169	171	0.858626
169	172	1.27031
169	173	1.25792
169	174	1.27412
169	175	0.847762
169	176	0.862698
169	177	1.22927
169	178	0.861125
169	179	0.856468
169	180	0.862534
170	9	1.58224
170	19	0.867936
170	27	0.780009
170	39	0.841097
170	49	2.03624
170	50	0.90034
170	55	0.800201
170	63	0.850279
170	64	0.927486
170	65	1.32097
170	67	1.27145
170	69	0.832335
170	74	0.878629
170	75	0.880174
170	78	0.877113
170	80	0.880475
170	82	0.817904
170	83	1.21825
170	85	1.25332
170	86	0.858335
170	87	1.32697
170	88	0.902207
170	92	0.841578
170	96	1.33201
170	98	0.865361
170	105	0.867699
170	106	1.27503
170	107	1.27065
170	108	0.855894
170	114	1.28381
170	115	0.857044
170	118	0.846549
170	120	0.875824
170	122	0.850718
170	124	0.850933
170	125	0.851214
170	129	1.37508
170	130	0.856086
170	131	0.845947
170	132	0.844559
170	133	0.870106
170	134	1.28259
170	135	1.32273
170	138	1.26299
170	140	1.32858
170	141	0.870614
170	142	0.842949
170	144	1.26326
170	145	0.864197
170	147	0.860235
170	148	0.85492
170	150	1.22521
170	154	0.861298
170	155	0.853876
170	157	1.24901
170	158	0.856814
170	159	0.857538
170	161	0.84355
170	163	0.85244
170	164	0.854208
170	165	0.848754
170	167	0.853693
170	168	0.858121
170	172	0.855878
170	173	0.855281
170	174	0.857325
170	176	1.21353
170	177	0.864529
170	179	1.3094
170	180	0.859766
171	1	0.898743
171	2	1.59916
171	11	0.788136
171	12	0.86416
171	15	0.86777
171	23	0.870632
171	26	0.866229
171	29	0.932142
171	36	0.83465
171	45	0.813472
171	49	1.95992
171	50	1.16324
171	57	0.872625
171	61	1.27374
171	62	0.847807
171	65	0.854118
171	76	0.874735
171	77	1.18394
171	82	1.62757
171	90	0.839097
171	91	0.900754
171	98	1.26099
171	102	0.834511
171	104	0.881692
171	107	0.867095
171	110	0.840538
171	112	0.869772
171	113	0.867487
171	117	0.855391
171	119	0.841452
171	120	1.26736
171	125	1.2989
171	128	1.17555
171	129	0.827695
171	130	1.30794
171	132	0.842687
171	133	0.868234
171	134	0.860136
171	135	0.844329
171	136	0.836347
171	140	0.846989
171	141	1.24461
171	143	0.871573
171	144	0.868941
171	145	1.23041
171	146	0.862045
171	149	0.860159
171	150	0.844101
171	151	0.874166
171	152	0.863557
171	153	0.859904
171	154	1.27288
171	155	1.29313
171	156	0.848936
171	157	0.867161
171	160	0.8523
171	162	0.854129
171	163	1.32337
171	164	1.29786
171	165	1.36161
171	166	0.837604
171	168	1.2781
171	169	0.858626
171	172	1.28699
171	174	1.29079
171	175	0.843122
171	176	0.858057
171	178	0.856484
171	179	0.851827
171	180	0.857893
172	16	1.27075
172	19	0.866084
172	22	0.772194
172	24	1.36588
172	27	0.778156
172	34	0.837929
172	37	0.93468
172	43	1.25774
172	45	1.56189
172	46	0.816998
172	47	0.899752
172	54	0.871734
172	55	0.798348
172	60	1.33853
172	61	0.873168
172	62	1.36593
172	63	0.848426
172	74	0.876776
172	75	0.878322
172	76	1.24775
172	78	0.87526
172	80	0.878622
172	82	0.816051
172	86	0.856483
172	88	0.900355
172	92	0.839725
172	98	0.863508
172	102	1.33448
172	103	0.894597
172	104	0.881712
172	105	0.865846
172	107	1.33709
172	108	0.854042
172	110	1.34308
172	115	0.855192
172	118	0.844697
172	120	0.873972
172	121	1.31965
172	122	0.848865
172	124	0.84908
172	125	0.849362
172	130	0.854233
172	131	0.844095
172	132	0.842707
172	133	0.868254
172	134	1.34903
172	135	1.38917
172	138	1.32944
172	141	0.868762
172	142	0.841097
172	145	0.862345
172	147	0.858382
172	148	0.853068
172	152	1.34189
172	153	1.33092
172	154	0.859446
172	155	0.852023
172	156	1.3701
172	157	1.31546
172	158	0.854962
172	159	0.855685
172	161	0.841697
172	163	0.850588
172	164	0.852356
172	165	0.846902
172	166	1.39959
172	167	0.851841
172	168	0.856268
172	169	1.27031
172	170	0.855878
172	171	1.28699
172	173	0.853428
172	174	0.855473
172	177	0.862676
172	178	1.30187
172	179	1.37585
172	180	0.857913
173	2	0.801136
173	16	1.25836
173	19	0.865487
173	22	0.771597
173	27	0.777559
173	34	0.837332
173	36	0.834073
173	37	0.934083
173	44	1.23245
173	47	0.899155
173	48	1.15676
173	50	0.89789
173	52	1.6131
173	54	0.871137
173	55	0.797751
173	61	0.872571
173	63	0.847829
173	64	0.925036
173	69	0.829885
173	74	0.876179
173	75	0.877725
173	78	0.874663
173	79	1.32047
173	82	0.815454
173	86	0.855886
173	88	0.899758
173	89	1.07814
173	92	0.839128
173	98	0.862911
173	103	0.894
173	104	0.881115
173	108	0.853445
173	109	1.39718
173	116	1.48535
173	118	0.844099
173	120	0.873375
173	122	0.848268
173	123	1.27876
173	124	0.848483
173	125	0.848765
173	126	1.44231
173	127	1.44186
173	129	1.42914
173	130	0.853636
173	131	0.843498
173	133	0.867656
173	134	1.33664
173	138	1.31705
173	140	1.38264
173	141	0.868165
173	142	0.8405
173	145	0.861748
173	147	0.857785
173	148	0.852471
173	153	1.31853
173	154	0.858848
173	155	0.851426
173	156	1.35771
173	157	1.30307
173	158	0.854365
173	159	0.855088
173	161	0.8411
173	163	0.849991
173	164	0.851759
173	165	0.846305
173	166	1.3872
173	167	0.851244
173	168	0.855671
173	169	1.25792
173	170	0.855281
173	172	0.853428
173	174	0.854876
173	175	1.37906
173	176	1.26758
173	177	0.862079
173	179	1.36346
173	180	0.857316
174	2	0.803181
174	22	0.773642
174	26	1.30301
174	27	0.779604
174	29	1.09036
174	32	1.45418
174	34	0.839377
174	36	0.836118
174	37	0.936128
174	39	0.840692
174	46	0.818446
174	47	0.9012
174	50	0.899935
174	55	0.799796
174	61	0.874616
174	63	0.849874
174	69	0.83193
174	74	0.878224
174	75	0.87977
174	78	0.876708
174	81	1.62766
174	85	1.32357
174	86	0.85793
174	88	0.901802
174	91	1.03492
174	92	0.841173
174	93	1.52406
174	98	0.864956
174	99	1.37073
174	103	0.896045
174	104	0.88316
174	105	0.867294
174	106	1.34528
174	108	0.85549
174	115	0.856639
174	118	0.846144
174	119	1.31892
174	120	0.87542
174	123	1.29495
174	124	0.850528
174	125	0.85081
174	127	1.45806
174	130	0.855681
174	131	0.845543
174	132	0.844154
174	133	0.869701
174	137	1.35955
174	141	0.87021
174	142	0.842545
174	144	1.33351
174	145	0.863793
174	147	0.85983
174	148	0.854516
174	149	1.32033
174	150	1.29546
174	152	1.34569
174	154	0.860893
174	155	0.853471
174	158	0.85641
174	159	0.857133
174	160	1.34348
174	161	0.843145
174	162	1.29415
174	163	0.852036
174	164	0.853804
174	165	0.84835
174	166	1.4034
174	167	0.853289
174	168	0.857716
174	169	1.27412
174	170	0.857325
174	171	1.29079
174	172	0.855473
174	173	0.854876
174	175	1.39526
174	177	0.864124
174	180	0.859361
175	8	0.899811
175	9	0.79501
175	13	1.32367
175	15	0.856906
175	16	0.857454
175	23	0.859768
175	26	0.855365
175	27	0.767273
175	28	1.41358
175	29	0.921278
175	35	1.44444
175	40	0.921835
175	45	0.802609
175	47	1.22367
175	54	0.86085
175	57	0.861762
175	59	0.859259
175	60	1.30023
175	63	1.3707
175	65	0.843255
175	72	0.820354
175	76	0.863871
175	79	1.29456
175	84	1.35817
175	85	0.843334
175	86	1.25704
175	89	0.891565
175	90	0.828233
175	91	0.88989
175	99	0.835406
175	102	0.823647
175	104	0.870828
175	105	0.854963
175	107	0.856231
175	111	1.28019
175	113	0.856623
175	115	0.844308
175	117	0.844528
175	119	0.830589
175	120	1.37182
175	122	0.837982
175	125	1.40337
175	129	0.816832
175	132	0.831823
175	133	0.85737
175	135	0.833465
175	136	0.825483
175	137	0.850643
175	138	0.850434
175	139	0.848007
175	140	0.836126
175	141	1.34907
175	142	1.45225
175	143	0.860709
175	144	0.858077
175	145	1.33488
175	146	0.851182
175	149	0.849295
175	150	0.833237
175	151	0.863302
175	152	0.852693
175	153	0.849041
175	156	0.838072
175	157	0.856297
175	158	1.39895
175	160	0.841436
175	162	0.843265
175	163	1.42784
175	164	1.40232
175	165	1.46608
175	166	0.826741
175	167	1.41874
175	168	1.38257
175	169	0.847762
175	171	0.843122
175	173	1.37906
175	174	1.39526
175	176	0.847193
175	177	1.35041
175	178	0.84562
175	179	0.840964
175	180	0.84703
176	1	0.902815
176	2	1.59214
176	10	1.55868
176	11	0.792208
176	12	0.868232
176	16	0.87239
176	20	0.869766
176	23	0.874703
176	26	0.8703
176	29	0.936213
176	40	0.93677
176	45	0.817544
176	51	1.50827
176	55	1.54781
176	57	0.876697
176	61	1.26673
176	62	0.851878
176	65	0.85819
176	72	0.835289
176	76	0.878806
176	78	1.11023
176	85	0.85827
176	89	0.9065
176	90	0.843168
176	91	0.904826
176	96	1.24868
176	99	0.850341
176	101	1.20347
176	102	0.838582
176	104	0.885764
176	107	0.871167
176	112	0.873843
176	113	0.871559
176	115	0.859243
176	117	0.859463
176	119	0.845524
176	120	1.26034
176	122	0.852917
176	127	1.30447
176	129	0.831767
176	132	0.846758
176	133	0.872305
176	134	0.864208
176	135	0.8484
176	136	0.840418
176	137	0.865579
176	138	0.865369
176	139	0.862942
176	140	0.851061
176	141	1.23759
176	142	1.34077
176	144	0.873013
176	145	1.2234
176	146	0.866117
176	148	1.28668
176	149	0.864231
176	150	0.848172
176	151	0.878237
176	152	0.867628
176	153	0.863976
176	154	1.26586
176	155	1.28611
176	156	0.853008
176	157	0.871233
176	158	1.28747
176	159	1.29736
176	160	0.856371
176	161	1.33624
176	162	0.858201
176	164	1.29084
176	165	1.3546
176	166	0.841676
176	168	1.27109
176	169	0.862698
176	170	1.21353
176	171	0.858057
176	173	1.26758
176	175	0.847193
176	177	1.23893
176	178	0.860556
176	179	0.855899
176	180	0.861965
177	2	0.810384
177	4	1.26789
177	22	0.780845
177	27	0.786807
177	29	1.04552
177	30	1.43568
177	34	0.84658
177	36	0.843321
177	37	0.943331
177	39	0.847895
177	46	0.825649
177	47	0.908403
177	50	0.907138
177	54	0.880385
177	55	0.806999
177	61	0.881819
177	63	0.857077
177	64	0.934284
177	65	1.34638
177	69	0.839133
177	74	0.885427
177	75	0.886973
177	78	0.883911
177	80	0.887273
177	82	0.824702
177	86	0.865134
177	88	0.909006
177	92	0.848376
177	93	1.47921
177	94	1.57866
177	98	0.872159
177	104	0.890363
177	105	0.874498
177	110	1.30204
177	112	1.28219
177	115	0.863843
177	117	1.32682
177	118	0.853348
177	119	1.27408
177	120	0.882623
177	122	0.857516
177	124	0.857731
177	125	0.858013
177	128	1.27728
177	130	0.862884
177	131	0.852746
177	132	0.851358
177	133	0.876905
177	136	1.34352
177	137	1.3147
177	141	0.877413
177	142	0.849748
177	144	1.28866
177	145	0.870996
177	146	1.24954
177	147	0.867033
177	148	0.861719
177	152	1.30085
177	153	1.28988
177	154	0.868097
177	155	0.860674
177	156	1.32906
177	158	0.863613
177	159	0.864337
177	160	1.29863
177	161	0.850348
177	163	0.859239
177	164	0.861007
177	165	0.855553
177	166	1.35855
177	167	0.860492
177	168	0.864919
177	169	1.22927
177	170	0.864529
177	172	0.862676
177	173	0.862079
177	174	0.864124
177	175	1.35041
177	176	1.23893
177	178	1.26083
177	179	1.33481
177	180	0.866564
178	1	0.901242
178	2	1.61404
178	9	0.808372
178	11	0.790635
178	12	0.866659
178	15	0.870269
178	16	0.870817
178	20	0.868193
178	23	0.87313
178	25	1.27863
178	27	0.780635
178	36	0.837149
178	40	0.935197
178	46	1.48864
178	47	1.13408
178	57	0.875124
178	61	1.28862
178	62	0.850305
178	65	0.856617
178	66	1.26831
178	70	1.39934
178	76	0.877233
178	81	1.49597
178	84	1.26859
178	85	0.856697
178	89	0.904927
178	90	0.841595
178	91	0.903253
178	95	1.46031
178	99	0.848768
178	102	0.837009
178	104	0.884191
178	105	0.868325
178	107	0.869594
178	108	1.31612
178	110	0.843037
178	111	1.19061
178	112	0.87227
178	115	0.85767
178	117	0.85789
178	118	1.29815
178	119	0.843951
178	122	0.851344
178	124	1.32548
178	129	0.830194
178	130	1.32282
178	131	1.38525
178	132	0.845185
178	134	0.862635
178	135	0.846827
178	136	0.838845
178	137	0.864006
178	138	0.863796
178	139	0.861369
178	140	0.849488
178	143	0.874071
178	144	0.87144
178	145	1.24529
178	146	0.864544
178	147	1.28958
178	149	0.862658
178	150	0.846599
178	151	0.876664
178	152	0.866055
178	153	0.862403
178	154	1.28775
178	156	0.851435
178	157	0.86966
178	158	1.30936
178	159	1.31926
178	160	0.854798
178	161	1.35813
178	162	0.856628
178	166	0.840103
178	168	1.29298
178	169	0.861125
178	171	0.856484
178	172	1.30187
178	175	0.84562
178	176	0.860556
178	177	1.26083
178	179	0.854326
178	180	0.860392
179	1	0.896585
179	5	1.22775
179	8	0.908517
179	11	0.785978
179	12	0.862002
179	15	0.865612
179	16	0.86616
179	20	0.863536
179	23	0.868474
179	27	0.775978
179	29	0.929984
179	45	0.811314
179	54	0.869556
179	57	0.870467
179	59	0.867964
179	62	0.845649
179	64	1.13712
179	69	1.56171
179	72	0.82906
179	74	1.31943
179	76	0.872577
179	77	1.2728
179	80	1.32543
179	83	1.23079
179	84	1.34257
179	85	0.85204
179	89	0.900271
179	90	0.836939
179	91	0.898596
179	99	0.844112
179	102	0.832353
179	103	1.29559
179	104	0.879534
179	107	0.864937
179	109	1.35566
179	110	0.83838
179	111	1.26459
179	112	0.867614
179	113	0.865329
179	115	0.853014
179	117	0.853233
179	118	1.37213
179	119	0.839294
179	121	1.26575
179	122	0.846688
179	129	0.825537
179	132	0.840529
179	133	0.866076
179	134	0.857978
179	135	0.842171
179	136	0.834189
179	137	0.859349
179	138	0.859139
179	139	0.856713
179	140	0.844831
179	141	1.33347
179	142	1.43665
179	143	0.869415
179	144	0.866783
179	145	1.31927
179	146	0.859887
179	147	1.36356
179	148	1.38255
179	149	0.858001
179	150	0.841943
179	151	0.872008
179	152	0.861399
179	153	0.857746
179	155	1.38199
179	156	0.846778
179	157	0.865003
179	158	1.38334
179	160	0.850142
179	161	1.43211
179	162	0.851971
179	163	1.41223
179	166	0.835447
179	169	0.856468
179	170	1.3094
179	171	0.851827
179	172	1.37585
179	173	1.36346
179	175	0.840964
179	176	0.855899
179	177	1.33481
179	178	0.854326
179	180	0.855735
180	3	1.64507
180	7	1.28165
180	13	1.27407
180	14	1.27227
180	21	1.32555
180	24	1.27799
180	25	1.31861
180	31	1.40455
180	32	1.36248
180	35	1.39484
180	40	0.936607
180	43	1.16985
180	44	1.15695
180	45	0.81738
180	47	0.90364
180	55	0.802236
180	56	1.25192
180	58	1.29651
180	64	0.929521
180	66	1.3083
180	67	1.25
180	68	1.4012
180	72	0.835126
180	73	1.32593
180	75	0.88221
180	82	0.819939
180	83	1.1968
180	84	1.30857
180	86	0.860371
180	91	0.904662
180	92	0.843613
180	93	1.43236
180	95	1.50029
180	97	1.54887
180	106	1.25357
180	107	0.871003
180	108	0.85793
180	110	0.844446
180	111	1.23059
180	112	0.87368
180	113	0.871395
180	116	1.40984
180	117	0.859299
180	118	0.848585
180	119	0.84536
180	121	1.23176
180	122	0.852753
180	123	1.20325
180	125	0.85325
180	127	1.36635
180	129	0.831603
180	130	0.858121
180	131	0.847983
180	134	0.864044
180	135	0.848237
180	138	0.865205
180	139	0.862779
180	140	0.850897
180	141	0.87265
180	142	0.844985
180	143	0.87548
180	144	0.872849
180	145	0.866233
180	146	0.865953
180	147	0.86227
180	148	0.856956
180	149	0.864067
180	150	0.848009
180	151	0.878074
180	153	0.863812
180	154	0.863334
180	155	0.855911
180	156	0.852844
180	157	0.871069
180	158	0.85885
180	159	0.859573
180	160	0.856207
180	161	0.845585
180	162	0.858037
180	163	0.854476
180	164	0.856244
180	165	0.85079
180	166	0.841512
180	167	0.855729
180	168	0.860156
180	169	0.862534
180	170	0.859766
180	171	0.857893
180	172	0.857913
180	173	0.857316
180	174	0.859361
180	175	0.84703
180	176	0.861965
180	177	0.866564
180	178	0.860392
180	179	0.855735
