1	13	0.540828
1	55	1.25274
1	59	1.21633
1	68	1.18605
1	72	1.07715
1	75	1.16186
1	79	1.24975
1	106	1.20642
1	108	1.25626
1	110	0.675209
1	163	0.617792
1	171	0.883477
2	38	1.15312
2	39	1.24278
2	43	0.422049
2	111	1.16645
2	112	1.1652
2	127	1.21308
2	145	1.21506
2	148	1.22984
2	157	1.21696
2	170	0.67051
2	172	0.869627
2	178	0.759009
3	5	1.00912
3	7	1.13754
3	63	1.04884
3	107	1.04953
3	141	0.908216
3	145	1.07011
3	148	1.08488
3	151	0.8751
3	153	1.06811
3	156	1.0736
3	157	1.072
3	162	0.855801
4	37	0.725031
4	148	0.675255
4	155	0.756047
4	165	1.13054
4	166	1.08111
4	170	1.09348
4	174	1.13301
4	176	1.02073
4	177	1.06829
4	178	1.04973
4	179	1.02499
4	180	1.0296
5	3	1.00912
5	50	0.821629
5	101	0.849052
5	111	1.04418
5	112	1.04293
5	117	1.08856
5	128	1.14602
5	148	1.10756
5	156	1.09628
5	157	1.09469
5	168	0.9718
5	174	0.963781
6	66	0.546305
6	142	0.57506
6	154	0.491856
6	167	0.463891
6	172	1.16277
6	173	1.23067
6	174	1.28523
6	176	1.17295
6	177	1.22051
6	178	1.20194
6	179	1.1772
6	180	1.18182
7	3	1.13754
7	111	1.1726
7	112	1.17135
7	127	1.21923
7	148	1.23599
7	153	1.21922
7	156	1.2247
7	157	1.22311
7	165	0.592061
7	174	0.5314
7	176	0.795597
7	179	0.802547
8	22	0.541225
8	24	0.577448
8	59	0.510276
8	95	0.467132
8	170	1.24239
8	172	1.15946
8	173	1.22736
8	174	1.28192
8	176	1.16964
8	178	1.19864
8	179	1.1739
8	180	1.17851
9	13	0.702583
9	51	1.09516
9	53	1.08055
9	54	0.989033
9	117	1.06271
9	121	1.09587
9	147	1.06994
9	149	1.0756
9	154	1.07664
9	155	1.05587
9	175	1.00366
9	177	0.936368
10	105	1.09898
10	115	1.07248
10	116	1.07513
10	123	0.86798
10	124	1.07481
10	129	1.12629
10	138	1.06815
10	139	1.10289
10	162	0.855991
10	163	0.912376
10	171	0.981042
10	175	0.999762
11	18	0.562945
11	55	1.20141
11	59	1.165
11	72	1.02582
11	73	1.10837
11	75	1.11053
11	79	1.19842
11	106	1.15509
11	108	1.20493
11	134	1.23301
11	164	0.663014
11	171	0.869691
11	178	0.816405
12	92	0.780258
12	94	1.19044
12	131	1.11837
12	134	0.557702
12	136	1.15869
12	142	1.13352
12	144	1.13504
12	147	1.15813
12	149	1.1638
12	155	1.14407
12	163	0.628935
12	167	1.20074
12	172	0.951953
13	1	0.540828
13	9	0.702583
13	33	0.62638
13	138	1.18229
13	139	1.21703
13	148	1.21384
13	153	1.19707
13	155	0.569785
13	156	1.20255
13	173	1.1163
13	175	1.1139
13	177	1.10614
13	180	1.06745
14	76	1.1573
14	114	0.627707
14	123	1.19536
14	127	1.14607
14	133	0.801135
14	135	0.780617
14	145	1.14805
14	151	0.70812
14	153	1.14606
14	154	1.15776
14	156	1.15154
14	157	1.14995
14	163	1.14262
15	30	1.15278
15	80	1.19912
15	95	1.20277
15	98	0.585945
15	99	1.19548
15	102	1.17087
15	125	0.812193
15	150	0.826995
15	152	1.1591
15	161	0.69428
15	163	1.17168
15	168	1.05612
15	175	1.09195
16	23	1.08548
16	77	1.11431
16	85	1.15631
16	109	1.19794
16	136	1.1758
16	141	0.649852
16	142	1.15064
16	147	1.17525
16	149	1.18092
16	155	1.16119
16	162	0.597436
16	164	0.71283
16	179	0.958237
17	26	1.17486
17	40	1.14163
17	49	1.14169
17	65	1.25596
17	67	1.15462
17	74	1.25601
17	78	1.22129
17	114	0.531361
17	164	0.70787
17	167	1.25208
17	173	0.795282
17	174	0.682131
18	11	0.562945
18	22	0.669273
18	93	0.492942
18	142	0.643617
18	169	1.2248
18	172	1.10988
18	173	1.17778
18	174	1.23233
18	176	1.12006
18	177	1.16761
18	178	1.14905
18	179	1.12431
18	180	1.12893
19	43	0.851743
19	85	1.0468
19	88	1.03327
19	131	1.02598
19	136	1.06629
19	142	1.04113
19	144	1.04265
19	146	0.955159
19	147	1.06574
19	149	1.07141
19	155	1.05168
19	164	1.03531
19	171	0.958858
20	89	1.01354
20	94	1.06729
20	114	0.820415
20	121	1.06092
20	122	1.06769
20	134	0.866681
20	142	1.01037
20	144	1.01189
20	147	1.03498
20	149	1.04065
20	155	1.02092
20	167	1.07758
20	178	1.15031
21	35	1.14661
21	80	1.19473
21	87	0.726513
21	95	1.19838
21	99	1.19109
21	102	1.16648
21	110	0.65604
21	119	1.21388
21	152	1.1547
21	164	0.657633
21	168	1.05173
21	175	1.08756
21	180	0.873958
22	8	0.541225
22	18	0.669273
22	27	1.13691
22	34	1.1369
22	40	1.09896
22	49	1.09902
22	58	0.619449
22	65	1.21329
22	67	1.11195
22	74	1.21335
22	78	1.17863
22	167	1.20941
22	178	0.922733
23	16	1.08548
23	62	1.0697
23	92	0.986222
23	105	0.90063
23	106	1.05114
23	108	1.10098
23	129	0.831644
23	149	1.07566
23	155	1.05593
23	157	0.833441
23	177	0.974075
23	178	0.955513
23	179	0.930771
23	180	0.935387
24	8	0.577448
24	104	1.13843
24	105	1.15035
24	115	1.12385
24	116	1.1265
24	124	1.12618
24	129	1.17766
24	132	0.792121
24	138	1.11951
24	139	1.15426
24	143	0.765939
24	171	1.03241
24	175	1.05113
24	177	0.903377
25	86	1.10911
25	87	0.770904
25	105	1.15358
25	115	1.12709
25	116	1.12973
25	124	1.12941
25	129	1.18089
25	138	1.12275
25	139	1.15749
25	143	0.662397
25	170	0.766915
25	171	1.03565
25	175	1.05437
25	180	0.918349
26	17	1.17486
26	27	1.09526
26	34	1.09525
26	40	1.05731
26	49	1.05737
26	65	1.17164
26	67	1.0703
26	74	1.17169
26	78	1.13698
26	101	0.697861
26	132	0.824885
26	163	0.77932
26	167	1.16776
26	174	0.81259
27	22	1.13691
27	26	1.09526
27	34	1.09997
27	40	1.06203
27	49	1.06209
27	65	1.17636
27	67	1.07502
27	74	1.17641
27	78	1.14169
27	100	0.631577
27	167	1.17248
27	171	0.884091
27	173	0.764827
27	178	0.830806
28	76	1.13747
28	107	1.10765
28	112	1.07837
28	125	0.813291
28	127	1.12625
28	128	1.18146
28	133	0.715537
28	141	0.65564
28	145	1.12823
28	156	1.13172
28	157	1.13013
28	167	1.17383
28	168	1.00724
28	180	0.934944
29	51	1.13911
29	90	0.711955
29	100	1.16215
29	128	1.16412
29	129	1.15225
29	138	1.09411
29	139	1.12885
29	147	1.11389
29	155	1.09982
29	157	1.11278
29	164	0.769592
29	165	0.804514
29	170	0.834484
29	175	1.02572
30	15	1.15278
30	41	0.568349
30	46	1.18317
30	58	0.643276
30	80	1.15145
30	95	1.15511
30	99	1.14781
30	102	1.1232
30	152	1.11143
30	163	1.12401
30	168	1.00846
30	171	0.999845
30	175	1.04428
30	177	0.89098
31	55	0.604894
31	67	1.11471
31	78	1.18139
31	105	0.618602
31	142	0.630661
31	144	0.635416
31	148	1.18135
31	156	1.17006
31	157	1.16847
31	167	1.21217
31	177	1.07365
31	178	1.05509
31	179	1.03034
31	180	1.03496
32	52	0.649649
32	91	1.0883
32	104	1.14542
32	114	0.68835
32	115	1.13085
32	116	1.13349
32	124	1.13317
32	125	0.959531
32	126	0.818323
32	129	1.18465
32	138	1.12651
32	139	1.16125
32	171	1.0394
32	175	1.05812
33	13	0.62638
33	48	1.14785
33	59	1.14113
33	62	1.14977
33	68	1.11085
33	72	1.00195
33	73	1.08449
33	75	1.08666
33	79	1.17454
33	106	1.13122
33	108	1.18106
33	162	0.646959
33	169	0.794797
33	171	0.96903
34	22	1.1369
34	26	1.09525
34	27	1.09997
34	40	1.06201
34	49	1.06208
34	65	1.17635
34	67	1.075
34	74	1.1764
34	78	1.14168
34	143	0.59699
34	167	1.17247
34	168	0.914853
34	176	0.875073
34	177	0.734427
35	21	1.14661
35	45	1.18828
35	80	1.14967
35	95	1.15332
35	99	1.14603
35	102	1.12142
35	117	1.12343
35	158	0.667741
35	163	1.12223
35	168	1.00667
35	174	0.667231
35	175	1.0425
35	178	0.846361
35	179	0.938377
36	66	1.21926
36	92	1.18374
36	113	1.27248
36	137	0.521984
36	145	1.26452
36	148	1.27929
36	153	1.26252
36	157	1.26641
36	160	0.634477
36	167	1.31012
36	168	1.14352
36	174	0.549946
36	177	0.673497
36	179	0.821092
37	4	0.725031
37	55	1.17479
37	59	1.13837
37	62	1.14702
37	68	1.1081
37	72	0.999197
37	73	1.08174
37	75	1.08391
37	79	1.17179
37	106	1.12846
37	108	1.1783
37	161	0.651502
37	177	0.772553
37	180	0.891067
38	2	1.15312
38	66	1.04658
38	126	0.71881
38	127	1.08985
38	128	1.14506
38	145	1.09184
38	153	1.08984
38	156	1.09532
38	157	1.09373
38	163	1.0864
38	164	0.765345
38	167	1.13744
38	168	0.970845
38	170	0.830237
38	176	1.0038
39	2	1.24278
39	69	1.24253
39	127	1.17951
39	128	1.23473
39	132	0.575196
39	145	1.1815
39	148	1.19627
39	153	1.1795
39	156	1.18499
39	157	1.18339
39	163	1.17606
39	169	0.621084
39	170	0.653532
39	171	0.795317
39	175	0.753742
40	17	1.14163
40	22	1.09896
40	26	1.05731
40	27	1.06203
40	34	1.06201
40	49	1.02414
40	65	1.13841
40	67	1.03706
40	74	1.13846
40	78	1.10374
40	103	0.89723
40	151	0.759762
40	158	0.830629
40	159	0.83362
40	167	1.13453
41	30	0.568349
41	46	0.506349
41	56	0.602679
41	115	0.492968
41	138	0.523135
41	164	1.26395
41	170	1.23398
41	172	1.15105
41	173	1.21895
41	174	1.27351
41	176	1.16123
41	177	1.20879
41	178	1.19023
41	179	1.16549
41	180	1.1701
42	99	0.520443
42	117	0.590494
42	121	0.449985
42	157	0.535487
42	164	1.26395
42	167	0.503566
42	170	1.23398
42	172	1.15105
42	173	1.21895
42	174	1.27351
42	176	1.16123
42	177	1.20879
42	178	1.19023
42	179	1.16549
42	180	1.1701
43	2	0.422049
43	19	0.851743
43	119	0.497041
43	152	0.514367
43	153	0.472379
43	166	1.22585
43	170	1.23822
43	172	1.15529
43	173	1.22319
43	174	1.27775
43	176	1.16547
43	177	1.21303
43	178	1.19447
43	179	1.16973
43	180	1.17434
44	109	1.23717
44	121	1.24042
44	122	1.24718
44	131	1.17472
44	132	0.653664
44	141	0.60413
44	142	1.18987
44	144	1.19138
44	149	1.22014
44	152	1.19346
44	155	1.20041
44	163	0.6081
44	166	0.776848
44	171	1.10759
44	173	0.754521
45	35	1.18828
45	46	1.26812
45	80	1.2364
45	84	0.590417
45	95	1.24005
45	99	1.23276
45	102	1.20815
45	123	0.529943
45	152	1.19637
45	163	1.20895
45	166	0.743088
45	168	1.0934
45	169	0.665792
45	175	1.12923
45	176	0.871806
46	30	1.18317
46	41	0.506349
46	45	1.26812
46	80	1.22951
46	95	1.23316
46	96	0.705593
46	99	1.22587
46	100	0.685332
46	102	1.20126
46	119	1.24866
46	158	0.705941
46	163	1.20206
46	168	1.08651
46	174	0.70543
46	175	1.12234
47	58	0.76541
47	69	1.12923
47	126	0.868768
47	127	1.06621
47	128	1.12142
47	134	1.13026
47	143	0.875677
47	145	1.0682
47	148	1.08297
47	153	1.0662
47	154	1.0779
47	156	1.07169
47	157	1.07009
47	162	0.799909
47	167	1.1138
48	33	1.14785
48	75	1.09413
48	82	0.645665
48	95	1.18021
48	106	1.13869
48	108	1.18853
48	116	0.701011
48	147	0.703842
48	167	0.628622
48	168	1.03356
48	170	1.08682
48	175	1.06939
48	176	1.01407
48	178	1.04306
48	180	1.02294
49	17	1.14169
49	22	1.09902
49	26	1.05737
49	27	1.06209
49	34	1.06208
49	40	1.02414
49	52	0.675242
49	65	1.13847
49	67	1.03713
49	74	1.13852
49	78	1.1038
49	114	0.713943
49	163	0.831442
49	167	1.13459
49	171	1.09713
50	5	0.821629
50	82	0.481668
50	89	0.608977
50	113	0.505217
50	165	1.22816
50	167	0.464625
50	169	1.2231
50	170	1.19111
50	172	1.10817
50	173	1.17607
50	174	1.23063
50	176	1.11835
50	177	1.16591
50	178	1.14735
50	179	1.12261
50	180	1.12722
51	9	1.09516
51	29	1.13911
51	77	1.12406
51	84	0.633814
51	88	1.15253
51	121	1.21094
51	131	1.14524
51	147	1.185
51	149	1.19067
51	152	1.16398
51	155	1.17094
51	158	0.651516
51	165	0.711666
51	167	1.2276
51	168	0.954983
51	174	0.651006
52	32	0.649649
52	49	0.675242
52	88	0.580027
52	115	0.502578
52	127	0.551445
52	165	1.22816
52	169	1.2231
52	170	1.19111
52	172	1.10817
52	173	1.17607
52	174	1.23063
52	176	1.11835
52	177	1.16591
52	178	1.14735
52	179	1.12261
52	180	1.12722
53	9	1.08055
53	70	1.20207
53	85	1.15144
53	90	0.724719
53	96	0.75678
53	120	0.628193
53	121	1.19632
53	136	1.17094
53	142	1.14577
53	144	1.14729
53	147	1.17039
53	149	1.17605
53	155	1.15632
53	161	0.759117
53	163	0.723347
53	167	1.21299
54	9	0.989033
54	56	1.10942
54	85	1.05993
54	89	1.05743
54	109	1.10156
54	120	0.760334
54	122	1.11158
54	131	1.03911
54	136	1.07942
54	142	1.05426
54	149	1.08454
54	152	1.05785
54	155	1.06481
54	158	0.889268
54	159	0.892259
54	170	0.979389
55	1	1.25274
55	11	1.20141
55	31	0.604894
55	37	1.17479
55	59	1.17829
55	62	1.18694
55	68	1.14802
55	72	1.03912
55	73	1.12166
55	75	1.12383
55	106	1.16838
55	108	1.21822
55	125	0.812593
55	133	0.714838
55	146	0.637766
55	169	0.750363
56	41	0.602679
56	54	1.10942
56	77	1.12938
56	89	1.16888
56	114	0.65099
56	120	0.673335
56	122	1.22303
56	136	1.19087
56	142	1.16571
56	144	1.16723
56	147	1.19032
56	149	1.19599
56	151	0.731404
56	155	1.17626
56	169	0.859942
56	171	1.08344
57	89	0.656716
57	93	0.472857
57	152	0.577783
57	154	0.540328
57	156	0.548539
57	164	1.22174
57	169	1.22376
57	170	1.19177
57	172	1.10884
57	173	1.17674
57	174	1.2313
57	176	1.11902
57	177	1.16658
57	178	1.14802
57	179	1.12328
57	180	1.12789
58	22	0.619449
58	30	0.643276
58	47	0.76541
58	112	0.646631
58	117	0.569552
58	162	1.24536
58	164	1.1853
58	166	1.14297
58	170	1.15534
58	172	1.0724
58	173	1.1403
58	174	1.19486
58	176	1.08258
58	177	1.13014
58	178	1.11158
58	179	1.08684
58	180	1.09145
59	1	1.21633
59	8	0.510276
59	11	1.165
59	33	1.14113
59	37	1.13837
59	55	1.17829
59	68	1.1116
59	72	1.00271
59	73	1.08525
59	75	1.08741
59	79	1.1753
59	106	1.13197
59	108	1.18181
59	150	0.847867
59	160	0.797184
59	164	0.738393
59	173	0.825804
60	78	0.553946
60	117	0.638977
60	119	0.600142
60	129	0.582174
60	155	0.62529
60	165	1.19671
60	166	1.14728
60	169	1.19164
60	170	1.15965
60	172	1.07672
60	173	1.14462
60	174	1.19918
60	176	1.0869
60	177	1.13446
60	178	1.1159
60	179	1.09116
60	180	1.09577
61	77	1.07844
61	109	1.16207
61	121	1.16532
61	122	1.17209
61	131	1.09962
61	136	1.13993
61	142	1.11477
61	144	1.11628
61	147	1.13938
61	149	1.14505
61	154	1.14608
61	155	1.12532
61	162	0.541206
61	164	0.656601
61	168	0.934838
61	172	0.920609
61	173	0.744013
62	23	1.0697
62	33	1.14977
62	37	1.14702
62	55	1.18694
62	68	1.12025
62	72	1.01135
62	73	1.09389
62	75	1.09606
62	79	1.18394
62	106	1.14062
62	108	1.19045
62	133	0.658789
62	134	1.21853
62	160	0.720662
62	170	0.726762
62	171	0.868547
62	175	0.826972
63	3	1.04884
63	83	0.601955
63	98	1.20938
63	103	0.767131
63	111	1.08389
63	112	1.08264
63	127	1.13052
63	128	1.18574
63	148	1.14728
63	153	1.13051
63	156	1.136
63	157	1.1344
63	163	1.12707
63	164	0.725758
63	167	1.17811
63	173	0.81317
63	175	0.890859
64	86	1.22993
64	91	1.20536
64	100	0.533797
64	104	1.26248
64	115	1.24791
64	116	1.25055
64	124	1.25023
64	129	1.30171
64	138	1.24357
64	139	1.27831
64	158	0.554405
64	163	0.520625
64	168	0.857872
64	169	0.612078
64	171	1.15647
64	175	1.17519
64	180	0.79596
65	17	1.25596
65	22	1.21329
65	26	1.17164
65	27	1.17636
65	34	1.17635
65	40	1.13841
65	49	1.13847
65	67	1.1514
65	71	0.861235
65	74	1.25279
65	78	1.21807
65	93	1.25898
65	98	0.518069
65	123	0.546238
65	167	1.24886
65	170	0.714535
65	174	0.623904
65	175	0.814745
66	6	0.546305
66	36	1.21926
66	38	1.04658
66	100	1.15979
66	107	1.08794
66	111	1.05991
66	113	1.11649
66	128	1.16175
66	135	0.691332
66	148	1.1233
66	153	1.10653
66	156	1.11201
66	157	1.11042
66	163	1.10309
66	168	0.987533
66	169	0.747374
66	172	0.97894
66	176	0.953388
67	17	1.15462
67	22	1.11195
67	26	1.0703
67	27	1.07502
67	31	1.11471
67	34	1.075
67	40	1.03706
67	49	1.03713
67	65	1.1514
67	74	1.15145
67	78	1.11673
67	93	1.15764
67	96	0.711945
67	118	0.665407
67	150	0.846996
67	167	1.14752
67	171	0.944198
67	173	0.824933
68	1	1.18605
68	33	1.11085
68	37	1.1081
68	55	1.14802
68	59	1.1116
68	62	1.12025
68	72	0.972426
68	73	1.05497
68	75	1.05713
68	79	1.14502
68	84	1.13892
68	92	0.822825
68	106	1.10169
68	108	1.15153
68	143	0.690884
68	163	0.671501
68	166	0.84025
68	179	0.975918
69	39	1.24253
69	47	1.12923
69	76	1.22405
69	101	0.457664
69	107	1.19423
69	111	1.16619
69	112	1.16494
69	133	0.595051
69	148	1.22958
69	152	1.19679
69	153	1.21281
69	156	1.2183
69	157	1.2167
69	161	0.574893
69	163	1.20937
69	172	0.862141
69	176	0.83659
69	178	0.751523
70	53	1.20207
70	88	1.15899
70	89	1.17003
70	92	0.761138
70	94	1.22377
70	98	0.537249
70	109	1.21415
70	122	1.22417
70	123	1.23577
70	144	1.16837
70	147	1.19147
70	149	1.19713
70	155	1.1774
70	161	0.645584
70	164	0.668824
70	167	1.23407
70	169	0.701267
70	177	0.766636
71	65	0.861235
71	79	0.826776
71	113	0.8847
71	121	0.790528
71	160	1.08124
71	164	1.07656
71	165	1.08364
71	166	1.03422
71	169	1.07858
71	170	1.04659
71	172	0.963654
71	173	1.03155
71	174	1.08611
71	176	0.973834
71	177	1.02139
71	178	1.00283
71	179	0.978089
71	180	0.982705
72	1	1.07715
72	11	1.02582
72	33	1.00195
72	37	0.999197
72	55	1.03912
72	59	1.00271
72	62	1.01135
72	68	0.972426
72	73	0.946072
72	75	0.948236
72	79	1.03612
72	83	0.957459
72	84	1.03003
72	92	1.17358
72	106	0.992795
72	108	1.04263
72	134	1.07071
72	162	0.965867
72	163	1.02225
73	11	1.10837
73	33	1.08449
73	37	1.08174
73	55	1.12166
73	59	1.08525
73	62	1.09389
73	68	1.05497
73	72	0.946072
73	75	1.03078
73	79	1.11867
73	84	1.11257
73	100	0.723551
73	106	1.07534
73	108	1.12518
73	134	1.15326
73	159	0.74715
73	166	0.879128
73	171	0.976065
73	177	0.8672
74	17	1.25601
74	22	1.21335
74	26	1.17169
74	27	1.17641
74	34	1.1764
74	40	1.13846
74	49	1.13852
74	65	1.25279
74	67	1.15145
74	78	1.21813
74	93	1.25903
74	97	0.68169
74	118	0.609517
74	141	0.618654
74	163	0.622623
74	167	1.24891
74	169	0.714075
74	178	0.835023
75	1	1.16186
75	11	1.11053
75	33	1.08666
75	37	1.08391
75	48	1.09413
75	55	1.12383
75	59	1.08741
75	62	1.09606
75	68	1.05713
75	72	0.948236
75	73	1.03078
75	79	1.12083
75	98	0.735768
75	106	1.0775
75	108	1.12734
75	123	0.763938
75	158	0.842114
75	162	0.751949
75	176	1.1058
76	14	1.1573
76	28	1.13747
76	69	1.22405
76	113	1.17098
76	127	1.16103
76	128	1.21624
76	145	1.16302
76	148	1.17779
76	152	1.145
76	153	1.16102
76	156	1.16651
76	157	1.16491
76	158	0.590272
76	163	1.15758
76	165	0.650422
76	169	0.647944
76	170	0.680393
76	176	0.853958
76	179	0.860908
77	16	1.11431
77	51	1.12406
77	56	1.12938
77	61	1.07844
77	85	1.07989
77	88	1.06636
77	109	1.12152
77	131	1.05907
77	142	1.07422
77	144	1.07574
77	147	1.09883
77	149	1.1045
77	155	1.08477
77	159	0.657843
77	168	0.958319
77	170	0.744973
77	171	0.991948
77	172	0.94409
77	180	0.896407
78	17	1.22129
78	22	1.17863
78	26	1.13698
78	27	1.14169
78	31	1.18139
78	34	1.14168
78	40	1.10374
78	49	1.1038
78	60	0.553946
78	65	1.21807
78	67	1.11673
78	74	1.21813
78	93	1.22432
78	146	0.554261
78	163	0.575405
78	167	1.21419
78	168	0.912651
78	176	0.872871
78	177	0.732225
79	1	1.24975
79	11	1.19842
79	33	1.17454
79	37	1.17179
79	59	1.1753
79	62	1.18394
79	68	1.14502
79	71	0.826776
79	72	1.03612
79	73	1.11867
79	75	1.12083
79	100	0.569347
79	103	0.656557
79	106	1.16539
79	108	1.21523
79	134	1.24331
79	150	0.724659
79	173	0.702596
79	177	0.712996
80	15	1.19912
80	21	1.19473
80	30	1.15145
80	35	1.14967
80	45	1.2364
80	46	1.22951
80	95	1.20144
80	97	0.719434
80	99	1.19415
80	102	1.16954
80	123	0.615971
80	134	0.589134
80	135	0.695778
80	140	0.694882
80	152	1.15777
80	163	1.17035
80	168	1.05479
80	175	1.09062
80	179	0.964784
81	109	0.571976
81	119	0.587329
81	137	1.24532
81	144	0.65516
81	145	0.560483
81	152	0.604656
81	162	1.2427
81	164	1.18265
81	166	1.14031
81	167	0.539236
81	169	1.18467
81	170	1.15268
81	172	1.06975
81	173	1.13765
81	174	1.19221
81	176	1.07993
81	177	1.12749
81	178	1.10893
81	179	1.08419
81	180	1.0888
82	48	0.645665
82	50	0.481668
82	86	1.19043
82	91	1.16586
82	104	1.22298
82	105	1.2349
82	115	1.20841
82	116	1.21105
82	124	1.21073
82	129	1.26221
82	138	1.20407
82	139	1.23881
82	163	0.59055
82	169	0.682003
82	171	1.11696
82	174	0.62382
82	175	1.13569
82	179	0.894967
83	63	0.601955
83	72	0.957459
83	95	0.571446
83	108	0.538321
83	116	1.17298
83	124	1.17266
83	127	0.642851
83	128	0.569565
83	131	1.14602
83	138	1.166
83	139	1.20074
83	142	1.16117
83	149	1.19145
83	155	1.17171
83	171	1.0789
83	172	1.03212
83	175	1.09762
83	176	1.0423
83	177	1.08986
83	179	1.04655
83	180	1.05117
84	45	0.590417
84	51	0.633814
84	68	1.13892
84	72	1.03003
84	73	1.11257
84	106	1.15929
84	108	1.20913
84	136	0.657764
84	139	0.663918
84	145	1.17515
84	147	0.664805
84	149	0.666836
84	152	1.15713
84	153	1.17315
84	156	1.17864
84	157	1.17705
84	173	1.09239
84	177	1.08223
84	178	1.06366
84	179	1.03892
84	180	1.04354
85	16	1.15631
85	19	1.0468
85	53	1.15144
85	54	1.05993
85	77	1.07989
85	90	0.671323
85	94	1.17314
85	109	1.16352
85	123	1.18514
85	131	1.10107
85	136	1.14139
85	141	0.665982
85	142	1.11622
85	144	1.11774
85	146	0.648807
85	147	1.14083
85	155	1.12677
85	171	1.03395
85	175	0.894062
85	177	0.826772
85	179	0.974367
86	25	1.10911
86	64	1.22993
86	82	1.19043
86	91	1.06837
86	104	1.12549
86	105	1.13741
86	115	1.11091
86	116	1.11356
86	123	0.597813
86	124	1.11324
86	129	1.16472
86	138	1.10657
86	139	1.14132
86	154	1.13306
86	160	0.76001
86	166	0.810958
86	168	0.979456
86	171	1.01947
86	174	0.675479
86	175	1.03819
86	178	0.854609
87	21	0.726513
87	25	0.770904
87	104	0.768815
87	139	0.77573
87	145	0.722645
87	159	1.11756
87	161	1.1546
87	162	1.16013
87	164	1.10008
87	165	1.10717
87	169	1.1021
87	170	1.07011
87	172	0.987179
87	173	1.05508
87	174	1.10964
87	176	0.997359
87	177	1.04492
87	178	1.02636
87	179	1.00161
87	180	1.00623
88	19	1.03327
88	51	1.15253
88	52	0.580027
88	70	1.15899
88	77	1.06636
88	109	1.14999
88	121	1.15324
88	122	1.16001
88	131	1.08754
88	136	1.12785
88	142	1.10269
88	144	1.10421
88	147	1.1273
88	149	1.13297
88	154	1.134
88	155	1.11324
88	159	0.772998
88	160	0.854028
88	163	0.736227
88	165	0.830157
88	169	0.82768
89	20	1.01354
89	50	0.608977
89	54	1.05743
89	56	1.16888
89	57	0.656716
89	70	1.17003
89	94	1.17064
89	122	1.17104
89	131	1.09858
89	134	0.646627
89	135	0.753271
89	136	1.13889
89	142	1.11372
89	144	1.11524
89	147	1.13834
89	149	1.144
89	154	1.14504
89	155	1.12427
89	169	0.809313
89	171	1.03145
89	172	1.04088
90	29	0.711955
90	53	0.724719
90	85	0.671323
90	128	0.635731
90	139	0.649212
90	148	0.567329
90	158	1.19278
90	159	1.17504
90	162	1.21761
90	164	1.15756
90	165	1.16465
90	166	1.11522
90	170	1.12759
90	172	1.04466
90	173	1.11256
90	174	1.16712
90	176	1.05484
90	177	1.1024
90	178	1.08384
90	179	1.0591
90	180	1.06371
91	32	1.0883
91	64	1.20536
91	82	1.16586
91	86	1.06837
91	104	1.10092
91	105	1.11284
91	115	1.08635
91	116	1.08899
91	119	1.13994
91	124	1.08867
91	129	1.14015
91	133	0.764259
91	138	1.08201
91	139	1.11675
91	140	0.742846
91	151	0.671245
91	154	1.10849
91	163	0.708331
91	171	0.994903
91	175	1.01362
91	179	1.01275
91	180	0.983666
92	12	0.780258
92	23	0.986222
92	36	1.18374
92	68	0.822825
92	70	0.761138
92	72	1.17358
92	113	1.08096
92	129	1.11436
92	131	0.781641
92	135	1.07
92	138	1.05622
92	139	1.09096
92	153	1.071
92	156	1.07649
92	157	1.07489
92	169	1.03726
92	171	0.969115
92	175	0.987835
92	177	0.980075
92	178	0.961513
92	179	0.936771
92	180	0.941387
93	18	0.492942
93	57	0.472857
93	65	1.25898
93	67	1.15764
93	74	1.25903
93	78	1.22432
93	99	1.22787
93	102	1.20325
93	112	1.15964
93	113	1.21746
93	140	0.568517
93	153	1.2075
93	156	1.21299
93	163	1.20406
93	167	1.2551
93	168	1.08851
93	171	0.799687
93	173	0.680423
93	175	1.12434
93	178	0.746402
93	179	0.838418
94	12	1.19044
94	20	1.06729
94	70	1.22377
94	85	1.17314
94	89	1.17064
94	103	0.698552
94	109	1.21477
94	120	0.503016
94	122	1.22479
94	130	0.556185
94	131	1.15232
94	136	1.19263
94	142	1.16747
94	144	1.16899
94	147	1.19208
94	149	1.19775
94	155	1.17802
94	165	0.692101
94	168	0.935417
94	171	1.0852
94	175	0.822281
94	177	0.754991
95	8	0.467132
95	15	1.20277
95	21	1.19838
95	30	1.15511
95	35	1.15332
95	45	1.24005
95	46	1.23316
95	48	1.18021
95	80	1.20144
95	83	0.571446
95	97	0.695307
95	99	1.1978
95	102	1.17319
95	117	1.1752
95	126	0.648714
95	152	1.16142
95	162	0.579855
95	163	1.174
95	168	1.05845
95	171	0.901925
95	175	1.09427
95	176	0.933706
96	46	0.705593
96	53	0.75678
96	67	0.711945
96	109	0.63968
96	118	1.21129
96	122	0.683843
96	131	0.663751
96	159	1.14635
96	161	1.18339
96	162	1.18893
96	164	1.12887
96	166	1.08654
96	169	1.1309
96	170	1.09891
96	172	1.01597
96	173	1.08387
96	174	1.13843
96	176	1.02615
96	177	1.07371
96	178	1.05515
96	179	1.03041
96	180	1.03502
97	74	0.68169
97	80	0.719434
97	95	0.695307
97	131	0.689385
97	149	0.709825
97	154	0.66054
97	159	1.1516
97	160	1.13881
97	161	1.18864
97	162	1.19418
97	164	1.13412
97	166	1.09179
97	169	1.13615
97	170	1.10416
97	172	1.02122
97	173	1.08912
97	174	1.14368
97	176	1.0314
97	177	1.07896
97	178	1.0604
97	179	1.03566
97	180	1.04027
98	15	0.585945
98	63	1.20938
98	65	0.518069
98	70	0.537249
98	75	0.735768
98	102	0.626397
98	115	1.21821
98	124	1.22053
98	138	1.21387
98	139	1.24861
98	145	1.23065
98	147	0.576162
98	148	1.24542
98	149	0.578193
98	156	1.23414
98	168	1.10966
98	170	1.16292
98	171	1.12676
98	176	1.09017
98	178	1.11916
98	179	1.09442
98	180	1.09904
99	15	1.19548
99	21	1.19109
99	30	1.14781
99	35	1.14603
99	42	0.520443
99	45	1.23276
99	46	1.22587
99	80	1.19415
99	93	1.22787
99	95	1.1978
99	101	0.508925
99	102	1.1659
99	119	1.2133
99	150	0.758868
99	152	1.15413
99	159	0.627155
99	163	1.16671
99	165	0.684315
99	168	1.05115
99	172	0.913402
99	175	1.08698
99	180	0.865719
100	27	0.631577
100	29	1.16215
100	46	0.685332
100	64	0.533797
100	66	1.15979
100	73	0.723551
100	79	0.569347
100	105	0.68579
100	121	1.23398
100	129	0.616804
100	142	1.18343
100	147	1.20804
100	152	1.18702
100	153	1.20304
100	155	1.19397
100	156	1.20853
100	171	1.10116
100	174	1.17684
100	176	1.06456
100	177	1.11212
100	178	1.09355
100	179	1.06881
100	180	1.07343
101	5	0.849052
101	26	0.697861
101	69	0.457664
101	99	0.508925
101	112	0.656055
101	127	0.626186
101	139	0.566381
101	151	1.24752
101	159	1.20083
101	162	1.2434
101	164	1.18335
101	165	1.19044
101	166	1.14101
101	169	1.18537
101	170	1.15338
101	172	1.07045
101	173	1.13835
101	174	1.19291
101	176	1.08063
101	177	1.12819
101	178	1.10962
101	179	1.08488
101	180	1.0895
102	15	1.17087
102	21	1.16648
102	30	1.1232
102	35	1.12142
102	45	1.20815
102	46	1.20126
102	80	1.16954
102	93	1.20325
102	95	1.17319
102	98	0.626397
102	99	1.1659
102	117	1.1433
102	119	1.18869
102	146	0.677818
102	151	0.661876
102	152	1.12951
102	161	0.734731
102	163	1.14209
102	165	0.792893
102	168	1.02654
102	174	0.732232
102	175	1.06237
102	177	0.855783
103	40	0.89723
103	63	0.767131
103	79	0.656557
103	94	0.698552
103	116	0.746278
103	150	1.09798
103	159	1.13392
103	160	1.12112
103	161	1.17096
103	163	1.14876
103	165	1.12352
103	166	1.0741
103	167	0.673889
103	169	1.11846
103	170	1.08647
103	172	1.00354
103	173	1.07144
103	174	1.126
103	176	1.01372
103	177	1.06127
103	178	1.04271
103	179	1.01797
103	180	1.02259
104	24	1.13843
104	32	1.14542
104	64	1.26248
104	82	1.22298
104	86	1.12549
104	87	0.768815
104	91	1.10092
104	105	1.16996
104	115	1.14347
104	116	1.14611
104	123	0.596529
104	124	1.14579
104	125	0.794607
104	129	1.19727
104	132	0.68649
104	135	0.676335
104	138	1.13913
104	139	1.17387
104	154	1.16561
104	162	0.58454
104	171	1.05203
104	172	0.963943
104	175	1.07075
105	10	1.09898
105	23	0.90063
105	24	1.15035
105	25	1.15358
105	31	0.618602
105	82	1.2349
105	86	1.13741
105	91	1.11284
105	100	0.68579
105	104	1.16996
105	110	0.730035
105	115	1.15539
105	116	1.15803
105	118	0.659513
105	124	1.15771
105	129	1.20919
105	138	1.15105
105	139	1.18579
105	154	1.17753
105	162	0.616233
105	171	1.06394
105	174	0.705888
105	175	1.08266
106	1	1.20642
106	11	1.15509
106	23	1.05114
106	33	1.13122
106	37	1.12846
106	48	1.13869
106	55	1.16838
106	59	1.13197
106	62	1.14062
106	68	1.10169
106	72	0.992795
106	73	1.07534
106	75	1.0775
106	79	1.16539
106	84	1.15929
106	108	1.1719
106	134	1.19998
106	158	0.643155
106	160	0.727176
106	170	0.733276
106	171	0.875061
106	174	0.642645
106	175	0.833486
106	176	0.906842
107	3	1.04953
107	28	1.10765
107	66	1.08794
107	69	1.19423
107	111	1.08458
107	113	1.14116
107	127	1.13121
107	128	1.18642
107	134	1.19526
107	140	0.616326
107	145	1.1332
107	148	1.14797
107	150	0.750295
107	153	1.1312
107	154	1.1429
107	156	1.13668
107	157	1.13509
107	160	0.699612
107	167	1.1788
107	168	1.01221
107	172	0.904829
107	173	0.728232
107	175	0.805921
107	180	0.857146
108	1	1.25626
108	11	1.20493
108	23	1.10098
108	33	1.18106
108	37	1.1783
108	48	1.18853
108	55	1.21822
108	59	1.18181
108	62	1.19045
108	68	1.15153
108	72	1.04263
108	73	1.12518
108	75	1.12734
108	79	1.21523
108	83	0.538321
108	84	1.20913
108	106	1.1719
108	123	0.558719
108	134	1.24982
108	143	0.622498
108	160	0.720916
108	165	0.697046
108	170	0.727016
108	171	0.868801
108	175	0.827226
109	16	1.19794
109	44	1.23717
109	54	1.10156
109	61	1.16207
109	70	1.21415
109	77	1.12152
109	81	0.571976
109	85	1.16352
109	88	1.14999
109	94	1.21477
109	96	0.63968
109	131	1.1427
109	134	0.535014
109	136	1.18302
109	137	0.611555
109	140	0.640763
109	144	1.15937
109	147	1.18246
109	149	1.18813
109	154	1.18916
109	155	1.1684
109	167	1.22506
109	173	0.752669
109	178	0.818647
109	179	0.910664
110	1	0.675209
110	21	0.65604
110	105	0.730035
110	113	0.671516
110	121	0.577344
110	122	0.707827
110	151	1.20056
110	157	0.662846
110	158	1.17161
110	160	1.14107
110	161	1.19091
110	162	1.19644
110	164	1.13639
110	165	1.14348
110	166	1.09405
110	169	1.13841
110	170	1.10642
110	172	1.02349
110	173	1.09139
110	174	1.14595
110	176	1.03367
110	177	1.08123
110	178	1.06266
110	179	1.03792
110	180	1.04254
111	2	1.16645
111	5	1.04418
111	7	1.1726
111	63	1.08389
111	66	1.05991
111	69	1.16619
111	107	1.08458
111	112	1.0553
111	113	1.11313
111	127	1.10318
111	128	1.15839
111	130	0.6652
111	137	0.712493
111	145	1.10516
111	146	0.686041
111	148	1.11994
111	153	1.10317
111	156	1.10865
111	157	1.10706
111	163	1.09973
111	167	1.15076
111	171	0.972871
111	173	0.853606
111	174	0.740455
111	175	0.931296
112	2	1.1652
112	5	1.04293
112	7	1.17135
112	28	1.07837
112	58	0.646631
112	63	1.08264
112	69	1.16494
112	93	1.15964
112	101	0.656055
112	111	1.0553
112	113	1.11188
112	119	1.14507
112	127	1.10193
112	128	1.15714
112	135	0.772925
112	146	0.71637
112	148	1.11869
112	153	1.10192
112	156	1.1074
112	157	1.10581
112	159	0.774285
112	167	1.14951
112	168	0.982921
112	172	1.06053
112	174	0.770784
113	36	1.27248
113	50	0.505217
113	66	1.11649
113	71	0.8847
113	76	1.17098
113	92	1.08096
113	93	1.21746
113	107	1.14116
113	110	0.671516
113	111	1.11313
113	112	1.11188
113	127	1.15975
113	128	1.21497
113	130	0.572114
113	145	1.16174
113	152	1.14372
113	153	1.15974
113	156	1.16523
113	157	1.16363
113	161	0.649869
113	163	1.1563
113	164	0.673109
113	165	0.70803
113	167	1.20734
113	168	1.04075
113	172	0.937117
114	14	0.627707
114	17	0.531361
114	20	0.820415
114	32	0.68835
114	49	0.713943
114	56	0.65099
114	131	0.512819
114	156	0.492184
114	158	1.21874
114	159	1.201
114	160	1.18821
114	161	1.23804
114	162	1.24357
114	164	1.18352
114	165	1.19061
114	166	1.14118
114	169	1.18554
114	170	1.15355
114	172	1.07062
114	173	1.13852
114	174	1.19308
114	176	1.0808
114	177	1.12836
114	178	1.1098
114	179	1.08505
114	180	1.08967
115	10	1.07248
115	24	1.12385
115	25	1.12709
115	32	1.13085
115	41	0.492968
115	52	0.502578
115	64	1.24791
115	82	1.20841
115	86	1.11091
115	91	1.08635
115	98	1.21821
115	104	1.14347
115	105	1.15539
115	116	1.13153
115	124	1.13121
115	129	1.1827
115	138	1.12455
115	139	1.1593
115	141	0.654809
115	154	1.15103
115	159	0.69555
115	168	0.996025
115	169	0.750231
115	171	1.03745
115	172	0.981797
115	173	0.8052
115	175	1.05617
116	10	1.07513
116	24	1.1265
116	25	1.12973
116	32	1.13349
116	48	0.701011
116	64	1.25055
116	82	1.21105
116	83	1.17298
116	86	1.11356
116	91	1.08899
116	103	0.746278
116	104	1.14611
116	105	1.15803
116	115	1.13153
116	124	1.13386
116	129	1.18534
116	134	0.574663
116	138	1.1272
116	139	1.16194
116	151	0.60881
116	154	1.15368
116	161	0.681665
116	165	0.739827
116	171	1.04009
116	172	0.968914
116	175	1.05881
116	178	0.858296
117	5	1.08856
117	9	1.06271
117	35	1.12343
117	42	0.590494
117	58	0.569552
117	60	0.638977
117	95	1.1752
117	102	1.1433
117	121	1.17848
117	126	0.67291
117	128	1.20277
117	144	1.12945
117	145	1.14954
117	147	1.15254
117	148	1.16432
117	149	1.15821
117	153	1.14755
117	155	1.13848
117	157	1.15144
117	163	1.14411
117	166	0.829185
117	167	1.19515
117	168	1.02855
117	172	0.983454
117	174	0.693706
117	175	1.06438
117	177	0.817257
118	67	0.665407
118	74	0.609517
118	96	1.21129
118	105	0.659513
118	129	0.590527
118	136	0.628581
118	152	0.625822
118	153	0.583834
118	155	0.633644
118	158	1.19589
118	159	1.17815
118	160	1.16536
118	161	1.21519
118	162	1.22072
118	164	1.16067
118	165	1.16776
118	166	1.11833
118	169	1.16269
118	170	1.1307
118	172	1.04777
118	173	1.11567
118	174	1.17023
118	176	1.05795
118	177	1.10551
118	178	1.08695
118	179	1.06221
118	180	1.06682
119	21	1.21388
119	43	0.497041
119	46	1.24866
119	60	0.600142
119	81	0.587329
119	91	1.13994
119	99	1.2133
119	102	1.18869
119	112	1.14507
119	124	1.18481
119	126	0.634075
119	129	1.2363
119	133	0.677529
119	138	1.17815
119	139	1.2129
119	145	1.19493
119	148	1.2097
119	150	0.790085
119	152	1.17691
119	153	1.19293
119	157	1.19683
119	163	1.18949
119	168	1.07394
119	170	0.745502
119	171	1.09105
119	173	0.768022
119	175	1.10977
119	177	0.778422
120	53	0.628193
120	54	0.760334
120	56	0.673335
120	94	0.503016
120	129	0.508478
120	137	1.26463
120	138	0.593792
120	145	0.4996
120	149	0.555604
120	158	1.23718
120	159	1.21944
120	160	1.20664
120	161	1.25648
120	162	1.26201
120	164	1.20196
120	165	1.20905
120	166	1.15962
120	167	0.478353
120	169	1.20398
120	170	1.17199
120	172	1.08906
120	173	1.15696
120	174	1.21152
120	176	1.09924
120	177	1.1468
120	178	1.12823
120	179	1.10349
120	180	1.10811
121	9	1.09587
121	20	1.06092
121	42	0.449985
121	44	1.24042
121	51	1.21094
121	53	1.19632
121	61	1.16532
121	71	0.790528
121	88	1.15324
121	100	1.23398
121	110	0.577344
121	117	1.17848
121	122	1.21842
121	123	1.23001
121	131	1.14595
121	142	1.1611
121	144	1.16262
121	147	1.18571
121	149	1.19138
121	152	1.1647
121	155	1.17165
121	161	0.555696
121	167	1.22831
121	169	0.611379
121	175	0.744037
121	178	0.732327
121	179	0.824343
121	180	0.795262
122	20	1.06769
122	44	1.24718
122	54	1.11158
122	56	1.22303
122	61	1.17209
122	70	1.22417
122	88	1.16001
122	89	1.17104
122	94	1.22479
122	96	0.683843
122	110	0.707827
122	121	1.21842
122	131	1.15272
122	134	0.579177
122	137	0.655718
122	142	1.16787
122	144	1.16938
122	147	1.19248
122	149	1.19815
122	151	0.613324
122	154	1.19918
122	155	1.17841
122	159	0.687181
122	161	0.68618
122	167	1.23508
122	171	1.0856
122	174	0.68368
122	178	0.86281
123	10	0.86798
123	14	1.19536
123	45	0.529943
123	65	0.546238
123	70	1.23577
123	75	0.763938
123	80	0.615971
123	85	1.18514
123	86	0.597813
123	104	0.596529
123	108	0.558719
123	121	1.23001
123	131	1.16432
123	136	1.20463
123	138	0.64455
123	142	1.17946
123	145	1.20108
123	148	1.21585
123	154	1.21078
123	155	1.19001
123	156	1.20457
123	157	1.20297
123	172	1.05041
123	174	1.17287
123	176	1.06059
123	177	1.10815
123	178	1.08959
123	179	1.06485
123	180	1.06946
124	10	1.07481
124	24	1.12618
124	25	1.12941
124	32	1.13317
124	64	1.25023
124	82	1.21073
124	83	1.17266
124	86	1.11324
124	91	1.08867
124	98	1.22053
124	104	1.14579
124	105	1.15771
124	115	1.13121
124	116	1.13386
124	119	1.18481
124	129	1.18502
124	130	0.619668
124	138	1.12688
124	139	1.16162
124	140	0.696168
124	154	1.15336
124	158	0.695433
124	160	0.779454
124	161	0.697422
124	162	0.605268
124	168	0.9989
124	171	1.03977
124	174	0.694923
124	175	1.05849
124	180	0.936988
125	15	0.812193
125	28	0.813291
125	32	0.959531
125	55	0.812593
125	104	0.794607
125	137	1.13403
125	143	1.12267
125	146	1.12923
125	148	0.719639
125	150	1.0529
125	151	1.13553
125	158	1.10658
125	160	1.07605
125	161	1.12588
125	162	1.13141
125	165	1.07845
125	166	1.02902
125	167	0.72719
125	168	0.988131
125	169	1.07338
125	170	1.04139
125	172	0.958459
125	173	1.02636
125	174	1.08092
125	176	0.968639
125	177	1.0162
125	178	0.997635
125	179	0.972894
125	180	0.977509
126	32	0.818323
126	38	0.71881
126	47	0.868768
126	95	0.648714
126	117	0.67291
126	119	0.634075
126	138	0.70142
126	141	1.18975
126	148	0.578431
126	150	1.10462
126	151	1.18725
126	158	1.15829
126	159	1.14055
126	160	1.12776
126	161	1.17759
126	162	1.18312
126	164	1.12307
126	165	1.13016
126	166	1.08073
126	169	1.12509
126	170	1.0931
126	172	1.01017
126	173	1.07807
126	174	1.13263
126	176	1.02035
126	177	1.06791
126	178	1.04935
126	179	1.02461
126	180	1.02922
127	2	1.21308
127	7	1.21923
127	14	1.14607
127	28	1.12625
127	38	1.08985
127	39	1.17951
127	47	1.06621
127	52	0.551445
127	63	1.13052
127	76	1.16103
127	83	0.642851
127	101	0.626186
127	107	1.13121
127	111	1.10318
127	112	1.10193
127	113	1.15975
127	128	1.20502
127	141	0.703676
127	145	1.15179
127	148	1.16656
127	153	1.14979
127	154	1.16149
127	156	1.15528
127	157	1.15368
127	159	0.744416
127	160	0.825446
127	161	0.743414
127	164	0.766654
127	166	0.876394
127	168	1.0308
128	5	1.14602
128	28	1.18146
128	29	1.16412
128	38	1.14506
128	39	1.23473
128	47	1.12142
128	63	1.18574
128	66	1.16175
128	76	1.21624
128	83	0.569565
128	90	0.635731
128	107	1.18642
128	111	1.15839
128	112	1.15714
128	113	1.21497
128	117	1.20277
128	127	1.20502
128	132	0.679923
128	135	0.669769
128	141	0.630389
128	143	0.653742
128	148	1.22178
128	152	1.18899
128	153	1.20501
128	156	1.21049
128	157	1.2089
128	160	0.752159
128	162	0.577973
128	168	1.08601
128	170	0.75826
128	180	0.909694
129	10	1.12629
129	23	0.831644
129	24	1.17766
129	25	1.18089
129	29	1.15225
129	32	1.18465
129	60	0.582174
129	64	1.30171
129	82	1.26221
129	86	1.16472
129	91	1.14015
129	92	1.11436
129	100	0.616804
129	104	1.19727
129	105	1.20919
129	115	1.1827
129	116	1.18534
129	118	0.590527
129	119	1.2363
129	120	0.508478
129	124	1.18502
129	138	1.17836
129	139	1.2131
129	154	1.20484
129	160	0.721433
129	162	0.547247
129	164	0.662642
129	171	1.09126
129	174	0.636902
129	175	1.10998
129	176	0.901099
130	94	0.556185
130	111	0.6652
130	113	0.572114
130	124	0.619668
130	132	1.22448
130	139	0.605855
130	143	1.2309
130	145	0.55277
130	147	0.606742
130	148	0.523972
130	149	0.608773
130	150	1.16113
130	151	1.24376
130	155	0.604764
130	158	1.21481
130	159	1.19707
130	160	1.18428
130	161	1.23411
130	162	1.23964
130	164	1.17959
130	165	1.18668
130	166	1.13725
130	169	1.18161
130	170	1.14962
130	172	1.06669
130	173	1.13459
130	174	1.18915
130	176	1.07687
130	177	1.12443
130	178	1.10587
130	179	1.08113
130	180	1.08574
131	12	1.11837
131	19	1.02598
131	44	1.17472
131	51	1.14524
131	54	1.03911
131	61	1.09962
131	77	1.05907
131	83	1.14602
131	85	1.10107
131	88	1.08754
131	89	1.09858
131	92	0.781641
131	94	1.15232
131	96	0.663751
131	97	0.689385
131	109	1.1427
131	114	0.512819
131	121	1.14595
131	122	1.15272
131	123	1.16432
131	136	1.12057
131	144	1.09692
131	147	1.12002
131	149	1.12568
131	155	1.10595
131	163	0.630318
131	167	1.16262
131	168	0.967565
131	169	0.721771
131	171	1.01313
131	176	0.927785
131	180	0.905653
132	24	0.792121
132	26	0.824885
132	39	0.575196
132	44	0.653664
132	104	0.68649
132	128	0.679923
132	130	1.22448
132	136	0.687251
132	140	1.17599
132	141	1.18982
132	145	0.64032
132	146	1.18101
132	150	1.10469
132	158	1.15837
132	159	1.14062
132	160	1.12783
132	161	1.17766
132	162	1.1832
132	164	1.12314
132	165	1.13023
132	166	1.08081
132	167	0.619072
132	169	1.12517
132	170	1.09318
132	172	1.01024
132	173	1.07814
132	174	1.1327
132	176	1.02042
132	177	1.06798
132	178	1.04942
132	179	1.02468
132	180	1.02929
133	14	0.801135
133	28	0.715537
133	55	0.714838
133	62	0.658789
133	69	0.595051
133	91	0.764259
133	119	0.677529
133	141	1.19143
133	143	1.17607
133	146	1.18262
133	150	1.1063
133	151	1.18893
133	153	0.652867
133	154	0.657401
133	158	1.15998
133	159	1.14223
133	160	1.12944
133	161	1.17927
133	162	1.18481
133	164	1.12476
133	165	1.13184
133	166	1.08242
133	169	1.12678
133	170	1.09479
133	172	1.01185
133	173	1.07975
133	174	1.13431
133	176	1.02203
133	177	1.06959
133	178	1.05103
133	179	1.02629
133	180	1.0309
134	11	1.23301
134	12	0.557702
134	20	0.866681
134	47	1.13026
134	62	1.21853
134	72	1.07071
134	73	1.15326
134	79	1.24331
134	80	0.589134
134	89	0.646627
134	106	1.19998
134	107	1.19526
134	108	1.24982
134	109	0.535014
134	116	0.574663
134	122	0.579177
134	142	0.613444
134	144	0.618199
134	145	1.21584
134	148	1.23061
134	149	0.579525
134	153	1.21384
134	156	1.21933
134	157	1.21773
134	169	1.1801
134	172	1.06518
134	173	1.13308
134	176	1.07536
134	177	1.12291
134	178	1.10435
134	179	1.07961
134	180	1.08423
135	14	0.780617
135	66	0.691332
135	80	0.695778
135	89	0.753271
135	92	1.07
135	104	0.676335
135	112	0.772925
135	128	0.669769
135	136	0.677097
135	138	0.724356
135	141	1.17969
135	143	1.16433
135	146	1.17088
135	150	1.09456
135	151	1.17719
135	158	1.14824
135	159	1.1305
135	160	1.1177
135	161	1.16753
135	162	1.17307
135	164	1.11302
135	165	1.1201
135	166	1.07068
135	169	1.11504
135	170	1.08305
135	172	1.00012
135	173	1.06802
135	174	1.12257
135	176	1.0103
135	177	1.05785
135	178	1.03929
135	179	1.01455
135	180	1.01917
136	12	1.15869
136	16	1.1758
136	19	1.06629
136	53	1.17094
136	54	1.07942
136	56	1.19087
136	61	1.13993
136	84	0.657764
136	85	1.14139
136	88	1.12785
136	89	1.13889
136	94	1.19263
136	109	1.18302
136	118	0.628581
136	123	1.20463
136	131	1.12057
136	132	0.687251
136	135	0.677097
136	141	0.637717
136	142	1.13571
136	144	1.13723
136	146	0.620542
136	147	1.16033
136	149	1.16599
136	151	0.6046
136	152	1.13931
136	154	1.16703
136	155	1.14626
136	165	0.735617
136	167	1.20293
136	168	0.978933
136	171	1.05344
136	178	0.854086
137	36	0.521984
137	81	1.24532
137	109	0.611555
137	111	0.712493
137	120	1.26463
137	122	0.655718
137	125	1.13403
137	138	0.694253
137	140	1.19377
137	144	0.69474
137	146	1.19879
137	148	0.571264
137	150	1.12247
137	152	0.644235
137	153	0.602247
137	157	0.610737
137	158	1.17614
137	159	1.1584
137	160	1.14561
137	161	1.19544
137	162	1.20097
137	164	1.14092
137	165	1.14801
137	166	1.09858
137	169	1.14294
137	170	1.11095
137	172	1.02802
137	173	1.09592
137	174	1.15048
137	176	1.0382
137	177	1.08576
137	178	1.0672
137	179	1.04246
137	180	1.04707
138	10	1.06815
138	13	1.18229
138	24	1.11951
138	25	1.12275
138	29	1.09411
138	32	1.12651
138	41	0.523135
138	64	1.24357
138	82	1.20407
138	83	1.166
138	86	1.10657
138	91	1.08201
138	92	1.05622
138	98	1.21387
138	104	1.13913
138	105	1.15105
138	115	1.12455
138	116	1.1272
138	119	1.17815
138	120	0.593792
138	123	0.64455
138	124	1.12688
138	126	0.70142
138	129	1.17836
138	135	0.724356
138	137	0.694253
138	139	1.15496
138	140	0.723461
138	150	0.85743
138	154	1.1467
138	162	0.632561
138	168	1.02619
138	171	1.03311
138	175	1.05183
139	10	1.10289
139	13	1.21703
139	24	1.15426
139	25	1.15749
139	29	1.12885
139	32	1.16125
139	64	1.27831
139	82	1.23881
139	83	1.20074
139	84	0.663918
139	86	1.14132
139	87	0.77573
139	90	0.649212
139	91	1.11675
139	92	1.09096
139	98	1.24861
139	101	0.566381
139	104	1.17387
139	105	1.18579
139	115	1.1593
139	116	1.16194
139	119	1.2129
139	124	1.16162
139	129	1.2131
139	130	0.605855
139	138	1.15496
139	143	0.667223
139	151	0.610754
139	154	1.18144
139	159	0.684611
139	170	0.771741
139	171	1.06786
139	174	0.68111
139	175	1.08658
139	177	0.804661
140	80	0.694882
140	91	0.742846
140	93	0.568517
140	107	0.616326
140	109	0.640763
140	124	0.696168
140	132	1.17599
140	137	1.19377
140	138	0.723461
140	142	0.719192
140	143	1.18241
140	146	1.18896
140	150	1.11264
140	151	1.19527
140	152	0.673443
140	155	0.681264
140	158	1.16632
140	159	1.14858
140	160	1.13578
140	161	1.18562
140	162	1.19115
140	164	1.1311
140	165	1.13819
140	166	1.08876
140	169	1.13312
140	170	1.10113
140	172	1.0182
140	173	1.0861
140	174	1.14066
140	175	1.0837
140	176	1.02838
140	177	1.07594
140	178	1.05737
140	179	1.03263
140	180	1.03725
141	3	0.908216
141	16	0.649852
141	28	0.65564
141	44	0.60413
141	74	0.618654
141	85	0.665982
141	115	0.654809
141	126	1.18975
141	127	0.703676
141	128	0.630389
141	132	1.18982
141	133	1.19143
141	135	1.17969
141	136	0.637717
141	143	1.19624
141	145	0.590786
141	146	1.20279
141	150	1.12647
141	151	1.2091
141	158	1.18015
141	159	1.16241
141	160	1.14961
141	161	1.19944
141	162	1.20498
141	164	1.14493
141	165	1.15201
141	166	1.10259
141	169	1.14695
141	170	1.11496
141	172	1.03203
141	173	1.09993
141	174	1.15448
141	176	1.04221
141	177	1.08976
141	178	1.0712
141	179	1.04646
141	180	1.05108
142	6	0.57506
142	12	1.13352
142	16	1.15064
142	18	0.643617
142	19	1.04113
142	20	1.01037
142	31	0.630661
142	44	1.18987
142	53	1.14577
142	54	1.05426
142	56	1.16571
142	61	1.11477
142	77	1.07422
142	83	1.16117
142	85	1.11622
142	88	1.10269
142	89	1.11372
142	94	1.16747
142	100	1.18343
142	121	1.1611
142	122	1.16787
142	123	1.17946
142	134	0.613444
142	136	1.13571
142	140	0.719192
142	144	1.11207
142	147	1.13516
142	149	1.14083
142	152	1.11415
142	155	1.1211
142	163	0.684677
142	165	0.778607
142	166	0.853425
142	167	1.17776
142	171	1.02828
142	173	0.831098
142	175	0.908787
142	177	0.841497
143	24	0.765939
143	25	0.662397
143	34	0.59699
143	47	0.875677
143	68	0.690884
143	108	0.622498
143	125	1.12267
143	128	0.653742
143	130	1.2309
143	133	1.17607
143	135	1.16433
143	139	0.667223
143	140	1.18241
143	141	1.19624
143	145	0.614138
143	146	1.18743
143	150	1.11111
143	151	1.19374
143	153	0.616322
143	158	1.16479
143	159	1.14704
143	160	1.13425
143	161	1.18408
143	162	1.18962
143	164	1.12957
143	165	1.13665
143	166	1.08723
143	167	0.59289
143	169	1.13159
143	170	1.0996
143	172	1.01666
143	173	1.08456
143	174	1.13912
143	176	1.02684
143	177	1.0744
143	178	1.05584
143	179	1.0311
143	180	1.03571
144	12	1.13504
144	19	1.04265
144	20	1.01189
144	31	0.635416
144	44	1.19138
144	53	1.14729
144	56	1.16723
144	61	1.11628
144	70	1.16837
144	77	1.07574
144	81	0.65516
144	85	1.11774
144	88	1.10421
144	89	1.11524
144	94	1.16899
144	109	1.15937
144	117	1.12945
144	121	1.16262
144	122	1.16938
144	131	1.09692
144	134	0.618199
144	136	1.13723
144	137	0.69474
144	142	1.11207
144	146	0.668288
144	147	1.13668
144	149	1.14234
144	152	1.11566
144	154	1.14338
144	155	1.12261
144	163	0.689432
144	164	0.748441
144	166	0.858181
144	167	1.17928
144	169	0.780885
144	171	1.0298
144	177	0.846253
144	180	0.964767
145	2	1.21506
145	3	1.07011
145	14	1.14805
145	28	1.12823
145	36	1.26452
145	38	1.09184
145	39	1.1815
145	47	1.0682
145	76	1.16302
145	81	0.560483
145	84	1.17515
145	87	0.722645
145	98	1.23065
145	107	1.1332
145	111	1.10516
145	113	1.16174
145	117	1.14954
145	119	1.19493
145	120	0.4996
145	123	1.20108
145	127	1.15179
145	130	0.55277
145	132	0.64032
145	134	1.21584
145	141	0.590786
145	143	0.614138
145	148	1.16855
145	152	1.13576
145	153	1.15178
145	156	1.15726
145	157	1.15567
145	159	0.631526
145	163	1.14834
145	166	0.763503
145	167	1.19938
145	168	1.03278
145	172	0.917773
145	178	0.807155
145	179	0.899171
146	19	0.955159
146	55	0.637766
146	78	0.554261
146	85	0.648807
146	102	0.677818
146	111	0.686041
146	112	0.71637
146	125	1.12923
146	132	1.18101
146	133	1.18262
146	135	1.17088
146	136	0.620542
146	137	1.19879
146	140	1.18896
146	141	1.20279
146	143	1.18743
146	144	0.668288
146	150	1.11766
146	151	1.20029
146	152	0.617784
146	156	0.588539
146	157	0.584285
146	158	1.17134
146	159	1.1536
146	160	1.1408
146	161	1.19064
146	162	1.19617
146	164	1.13612
146	165	1.1432
146	166	1.09378
146	169	1.13814
146	170	1.10615
146	172	1.02322
146	173	1.09112
146	174	1.14568
146	175	1.08872
146	176	1.0334
146	177	1.08096
146	178	1.06239
146	179	1.03765
146	180	1.04227
147	9	1.06994
147	12	1.15813
147	16	1.17525
147	19	1.06574
147	20	1.03498
147	29	1.11389
147	48	0.703842
147	51	1.185
147	53	1.17039
147	56	1.19032
147	61	1.13938
147	70	1.19147
147	77	1.09883
147	84	0.664805
147	85	1.14083
147	88	1.1273
147	89	1.13834
147	94	1.19208
147	98	0.576162
147	100	1.20804
147	109	1.18246
147	117	1.15254
147	121	1.18571
147	122	1.19248
147	130	0.606742
147	131	1.12002
147	136	1.16033
147	142	1.13516
147	144	1.13668
147	149	1.16544
147	151	0.611641
147	154	1.16648
147	155	1.14571
147	158	0.682508
147	166	0.817476
147	167	1.20238
147	169	0.74018
147	170	0.772628
147	171	1.05289
147	173	0.795148
147	174	0.681997
147	177	0.805548
147	178	0.861127
148	2	1.22984
148	3	1.08488
148	4	0.675255
148	5	1.10756
148	7	1.23599
148	13	1.21384
148	31	1.18135
148	36	1.27929
148	39	1.19627
148	47	1.08297
148	63	1.14728
148	66	1.1233
148	69	1.22958
148	76	1.17779
148	90	0.567329
148	98	1.24542
148	107	1.14797
148	111	1.11994
148	112	1.11869
148	117	1.16432
148	119	1.2097
148	123	1.21585
148	125	0.719639
148	126	0.578431
148	127	1.16656
148	128	1.22178
148	130	0.523972
148	134	1.23061
148	137	0.571264
148	145	1.16855
148	153	1.16655
148	154	1.17825
148	156	1.17204
148	157	1.17044
148	162	0.509572
148	163	1.16311
148	164	0.624966
148	166	0.734706
148	168	1.04756
148	171	0.831642
148	174	0.599227
148	175	0.790067
148	179	0.870373
148	180	0.841292
149	9	1.0756
149	12	1.1638
149	16	1.18092
149	19	1.07141
149	20	1.04065
149	23	1.07566
149	44	1.22014
149	51	1.19067
149	53	1.17605
149	54	1.08454
149	56	1.19599
149	61	1.14505
149	70	1.19713
149	77	1.1045
149	83	1.19145
149	84	0.666836
149	88	1.13297
149	89	1.144
149	94	1.19775
149	97	0.709825
149	98	0.578193
149	109	1.18813
149	117	1.15821
149	120	0.555604
149	121	1.19138
149	122	1.19815
149	130	0.608773
149	131	1.12568
149	134	0.579525
149	136	1.16599
149	142	1.14083
149	144	1.14234
149	147	1.16544
149	152	1.14442
149	154	1.17214
149	155	1.15137
149	158	0.684538
149	161	0.686528
149	162	0.594373
149	164	0.709768
149	165	0.744689
149	166	0.819507
149	167	1.20804
149	171	1.05856
149	176	0.948225
149	179	0.955175
150	15	0.826995
150	59	0.847867
150	67	0.846996
150	79	0.724659
150	99	0.758868
150	103	1.09798
150	107	0.750295
150	119	0.790085
150	125	1.0529
150	126	1.10462
150	130	1.16113
150	132	1.10469
150	133	1.1063
150	135	1.09456
150	137	1.12247
150	138	0.85743
150	140	1.11264
150	141	1.12647
150	143	1.11111
150	146	1.11766
150	151	1.12397
150	153	0.765423
150	155	0.815233
150	157	0.773913
150	158	1.09502
150	159	1.07727
150	160	1.06448
150	161	1.11431
150	162	1.11985
150	164	1.0598
150	165	1.06688
150	166	1.01746
150	168	0.976566
150	169	1.06182
150	170	1.02983
150	171	0.993673
150	172	0.946895
150	173	1.01479
150	174	1.06935
150	175	1.01239
150	176	0.957074
150	177	1.00463
150	178	0.986071
150	179	0.961329
150	180	0.965945
151	3	0.8751
151	14	0.70812
151	40	0.759762
151	56	0.731404
151	91	0.671245
151	101	1.24752
151	102	0.661876
151	110	1.20056
151	116	0.60881
151	122	0.613324
151	125	1.13553
151	126	1.18725
151	130	1.24376
151	133	1.18893
151	135	1.17719
151	136	0.6046
151	139	0.610754
151	140	1.19527
151	141	1.2091
151	143	1.19374
151	146	1.20029
151	147	0.611641
151	150	1.12397
151	153	0.559853
151	156	0.572597
151	157	0.568343
151	158	1.17765
151	159	1.1599
151	160	1.14711
151	161	1.19694
151	162	1.20248
151	164	1.14242
151	165	1.14951
151	166	1.10009
151	168	1.0592
151	169	1.14445
151	170	1.11246
151	171	1.0763
151	172	1.02952
151	173	1.09742
151	174	1.15198
151	175	1.09502
151	176	1.0397
151	177	1.08726
151	178	1.0687
151	179	1.04396
151	180	1.04857
152	15	1.1591
152	21	1.1547
152	30	1.11143
152	43	0.514367
152	44	1.19346
152	45	1.19637
152	51	1.16398
152	54	1.05785
152	57	0.577783
152	69	1.19679
152	76	1.145
152	80	1.15777
152	81	0.604656
152	84	1.15713
152	95	1.16142
152	99	1.15413
152	100	1.18702
152	102	1.12951
152	113	1.14372
152	118	0.625822
152	119	1.17691
152	121	1.1647
152	128	1.18899
152	136	1.13931
152	137	0.644235
152	140	0.673443
152	142	1.11415
152	144	1.11566
152	145	1.13576
152	146	0.617784
152	149	1.14442
152	153	1.13376
152	155	1.12469
152	156	1.13925
152	157	1.13765
152	159	0.675699
152	160	0.756729
152	163	1.13032
152	166	0.807676
152	167	1.18136
152	168	1.01477
152	170	0.762829
152	171	1.03187
152	175	1.0506
152	176	0.936394
152	178	0.851328
152	180	0.914263
153	3	1.06811
153	7	1.21922
153	13	1.19707
153	14	1.14606
153	36	1.26252
153	38	1.08984
153	39	1.1795
153	43	0.472379
153	47	1.0662
153	63	1.13051
153	66	1.10653
153	69	1.21281
153	76	1.16102
153	84	1.17315
153	92	1.071
153	93	1.2075
153	100	1.20304
153	107	1.1312
153	111	1.10317
153	112	1.10192
153	113	1.15974
153	117	1.14755
153	118	0.583834
153	119	1.19293
153	127	1.14979
153	128	1.20501
153	133	0.652867
153	134	1.21384
153	137	0.602247
153	143	0.616322
153	145	1.15178
153	148	1.16655
153	150	0.765423
153	151	0.559853
153	152	1.13376
153	154	1.16148
153	156	1.15527
153	157	1.15367
153	161	0.632709
153	163	1.14634
153	165	0.69087
153	167	1.19738
153	168	1.03079
153	171	0.862625
153	173	0.743361
153	175	0.82105
153	177	0.75376
153	178	0.809339
153	180	0.872274
154	6	0.491856
154	9	1.07664
154	14	1.15776
154	47	1.0779
154	57	0.540328
154	61	1.14608
154	86	1.13306
154	88	1.134
154	89	1.14504
154	91	1.10849
154	97	0.66054
154	104	1.16561
154	105	1.17753
154	107	1.1429
154	109	1.18916
154	115	1.15103
154	116	1.15368
154	122	1.19918
154	123	1.21078
154	124	1.15336
154	127	1.16149
154	129	1.20484
154	133	0.657401
154	136	1.16703
154	138	1.1467
154	139	1.18144
154	144	1.14338
154	147	1.16648
154	148	1.17825
154	149	1.17214
154	153	1.16148
154	155	1.15241
154	156	1.16697
154	157	1.16537
154	158	0.635253
154	159	0.638244
154	161	0.637242
154	163	1.15804
154	165	0.695403
154	167	1.20908
154	170	0.725374
154	171	1.05959
154	173	0.747894
154	175	1.07831
154	176	0.898939
154	177	0.758293
154	178	0.813872
154	179	0.905889
154	180	0.876808
155	4	0.756047
155	9	1.05587
155	12	1.14407
155	13	0.569785
155	16	1.16119
155	19	1.05168
155	20	1.02092
155	23	1.05593
155	29	1.09982
155	44	1.20041
155	51	1.17094
155	53	1.15632
155	54	1.06481
155	56	1.17626
155	60	0.62529
155	61	1.12532
155	70	1.1774
155	77	1.08477
155	83	1.17171
155	85	1.12677
155	88	1.11324
155	89	1.12427
155	94	1.17802
155	100	1.19397
155	109	1.1684
155	117	1.13848
155	118	0.633644
155	121	1.17165
155	122	1.17841
155	123	1.19001
155	130	0.604764
155	131	1.10595
155	136	1.14626
155	140	0.681264
155	142	1.1211
155	144	1.12261
155	147	1.14571
155	149	1.15137
155	150	0.815233
155	152	1.12469
155	154	1.15241
155	161	0.682518
155	162	0.590364
155	163	0.646749
155	166	0.815498
155	167	1.18831
155	168	0.983996
155	170	0.77065
155	171	1.03883
155	173	0.79317
155	175	0.87086
156	3	1.0736
156	5	1.09628
156	7	1.2247
156	13	1.20255
156	14	1.15154
156	28	1.13172
156	31	1.17006
156	38	1.09532
156	39	1.18499
156	47	1.07169
156	57	0.548539
156	63	1.136
156	66	1.11201
156	69	1.2183
156	76	1.16651
156	84	1.17864
156	92	1.07649
156	93	1.21299
156	98	1.23414
156	100	1.20853
156	107	1.13668
156	111	1.10865
156	112	1.1074
156	113	1.16523
156	114	0.492184
156	123	1.20457
156	127	1.15528
156	128	1.21049
156	134	1.21933
156	145	1.15726
156	146	0.588539
156	148	1.17204
156	151	0.572597
156	152	1.13925
156	153	1.15527
156	154	1.16697
156	157	1.15916
156	159	0.646455
156	160	0.727484
156	161	0.645453
156	163	1.15183
156	165	0.703614
156	167	1.20287
156	168	1.03627
156	170	0.733584
156	173	0.756105
156	174	0.642953
156	175	0.833794
156	176	0.90715
156	177	0.766504
156	179	0.9141
156	180	0.885018
157	2	1.21696
157	3	1.072
157	5	1.09469
157	7	1.22311
157	14	1.14995
157	23	0.833441
157	28	1.13013
157	29	1.11278
157	31	1.16847
157	36	1.26641
157	38	1.09373
157	39	1.18339
157	42	0.535487
157	47	1.07009
157	63	1.1344
157	66	1.11042
157	69	1.2167
157	76	1.16491
157	84	1.17705
157	92	1.07489
157	107	1.13509
157	110	0.662846
157	111	1.10706
157	112	1.10581
157	113	1.16363
157	117	1.15144
157	119	1.19683
157	123	1.20297
157	127	1.15368
157	128	1.2089
157	134	1.21773
157	137	0.610737
157	145	1.15567
157	146	0.584285
157	148	1.17044
157	150	0.773913
157	151	0.568343
157	152	1.13765
157	153	1.15367
157	154	1.16537
157	156	1.15916
157	158	0.639209
157	160	0.72323
157	161	0.641198
157	162	0.549044
157	163	1.15023
157	166	0.774178
157	167	1.20127
157	169	0.696881
157	175	0.829539
157	178	0.817829
157	180	0.880764
158	35	0.667741
158	40	0.830629
158	46	0.705941
158	51	0.651516
158	54	0.889268
158	64	0.554405
158	75	0.842114
158	76	0.590272
158	90	1.19278
158	106	0.643155
158	110	1.17161
158	114	1.21874
158	118	1.19589
158	120	1.23718
158	124	0.695433
158	125	1.10658
158	126	1.15829
158	130	1.21481
158	132	1.15837
158	133	1.15998
158	135	1.14824
158	137	1.17614
158	140	1.16632
158	141	1.18015
158	143	1.16479
158	146	1.17134
158	147	0.682508
158	149	0.684538
158	150	1.09502
158	151	1.17765
158	154	0.635253
158	157	0.639209
158	159	1.13095
158	160	1.11816
158	161	1.16799
158	162	1.17353
158	164	1.11347
158	165	1.12056
158	166	1.07114
158	167	0.607288
158	169	1.1155
158	170	1.08351
158	171	1.04735
158	172	1.00057
158	173	1.06847
158	174	1.12303
158	175	1.06607
158	176	1.01075
158	177	1.05831
158	178	1.03975
158	179	1.01501
158	180	1.01962
159	40	0.83362
159	54	0.892259
159	73	0.74715
159	77	0.657843
159	87	1.11756
159	88	0.772998
159	90	1.17504
159	96	1.14635
159	97	1.1516
159	99	0.627155
159	101	1.20083
159	103	1.13392
159	112	0.774285
159	114	1.201
159	115	0.69555
159	118	1.17815
159	120	1.21944
159	122	0.687181
159	126	1.14055
159	127	0.744416
159	130	1.19707
159	132	1.14062
159	133	1.14223
159	135	1.1305
159	137	1.1584
159	139	0.684611
159	140	1.14858
159	141	1.16241
159	143	1.14704
159	145	0.631526
159	146	1.1536
159	150	1.07727
159	151	1.1599
159	152	0.675699
159	154	0.638244
159	156	0.646455
159	158	1.13095
159	160	1.10042
159	161	1.15025
159	162	1.15578
159	163	1.12806
159	164	1.09573
159	165	1.10282
159	166	1.05339
159	167	0.610278
159	169	1.09775
159	170	1.06576
159	171	1.02961
159	172	0.982831
159	173	1.05073
159	174	1.10529
159	175	1.04833
159	176	0.99301
159	177	1.04057
159	178	1.02201
159	179	0.997265
159	180	1.00188
160	36	0.634477
160	59	0.797184
160	62	0.720662
160	71	1.08124
160	86	0.76001
160	88	0.854028
160	97	1.13881
160	103	1.12112
160	106	0.727176
160	107	0.699612
160	108	0.720916
160	110	1.14107
160	114	1.18821
160	118	1.16536
160	120	1.20664
160	124	0.779454
160	125	1.07605
160	126	1.12776
160	127	0.825446
160	128	0.752159
160	129	0.721433
160	130	1.18428
160	132	1.12783
160	133	1.12944
160	135	1.1177
160	137	1.14561
160	140	1.13578
160	141	1.14961
160	143	1.13425
160	146	1.1408
160	150	1.06448
160	151	1.14711
160	152	0.756729
160	156	0.727484
160	157	0.72323
160	158	1.11816
160	159	1.10042
160	161	1.13746
160	162	1.14299
160	163	1.11526
160	164	1.08294
160	165	1.09002
160	166	1.0406
160	168	0.999709
160	169	1.08496
160	170	1.05297
160	171	1.01682
160	172	0.970037
160	173	1.03794
160	174	1.0925
160	175	1.03554
160	176	0.980217
160	177	1.02778
160	178	1.00921
160	179	0.984471
160	180	0.989087
161	15	0.69428
161	37	0.651502
161	53	0.759117
161	69	0.574893
161	70	0.645584
161	87	1.1546
161	96	1.18339
161	97	1.18864
161	102	0.734731
161	103	1.17096
161	110	1.19091
161	113	0.649869
161	114	1.23804
161	116	0.681665
161	118	1.21519
161	120	1.25648
161	121	0.555696
161	122	0.68618
161	124	0.697422
161	125	1.12588
161	126	1.17759
161	127	0.743414
161	130	1.23411
161	132	1.17766
161	133	1.17927
161	135	1.16753
161	137	1.19544
161	140	1.18562
161	141	1.19944
161	143	1.18408
161	146	1.19064
161	149	0.686528
161	150	1.11431
161	151	1.19694
161	153	0.632709
161	154	0.637242
161	155	0.682518
161	156	0.645453
161	157	0.641198
161	158	1.16799
161	159	1.15025
161	160	1.13746
161	162	1.19282
161	163	1.1651
161	164	1.13277
161	165	1.13986
161	166	1.09043
161	168	1.04954
161	169	1.13479
161	170	1.1028
161	171	1.06665
161	172	1.01987
161	173	1.08777
161	174	1.14233
161	175	1.08537
161	176	1.03005
161	177	1.07761
161	178	1.05905
161	179	1.0343
161	180	1.03892
162	3	0.855801
162	10	0.855991
162	16	0.597436
162	33	0.646959
162	47	0.799909
162	58	1.24536
162	61	0.541206
162	72	0.965867
162	75	0.751949
162	81	1.2427
162	87	1.16013
162	90	1.21761
162	95	0.579855
162	96	1.18893
162	97	1.19418
162	101	1.2434
162	104	0.58454
162	105	0.616233
162	110	1.19644
162	114	1.24357
162	118	1.22072
162	120	1.26201
162	124	0.605268
162	125	1.13141
162	126	1.18312
162	128	0.577973
162	129	0.547247
162	130	1.23964
162	132	1.1832
162	133	1.18481
162	135	1.17307
162	137	1.20097
162	138	0.632561
162	140	1.19115
162	141	1.20498
162	143	1.18962
162	146	1.19617
162	148	0.509572
162	149	0.594373
162	150	1.11985
162	151	1.20248
162	155	0.590364
162	157	0.549044
162	158	1.17353
162	159	1.15578
162	160	1.14299
162	161	1.19282
162	163	1.17063
162	164	1.1383
162	165	1.14539
162	166	1.09597
162	167	0.517122
162	168	1.05508
162	169	1.14033
162	170	1.10834
162	171	1.07218
162	172	1.0254
162	173	1.0933
162	174	1.14786
162	175	1.0909
162	176	1.03558
162	177	1.08314
162	178	1.06458
162	179	1.03984
162	180	1.04445
163	1	0.617792
163	10	0.912376
163	12	0.628935
163	14	1.14262
163	15	1.17168
163	26	0.77932
163	30	1.12401
163	35	1.12223
163	38	1.0864
163	39	1.17606
163	44	0.6081
163	45	1.20895
163	46	1.20206
163	49	0.831442
163	53	0.723347
163	63	1.12707
163	64	0.520625
163	66	1.10309
163	68	0.671501
163	69	1.20937
163	72	1.02225
163	74	0.622623
163	76	1.15758
163	78	0.575405
163	80	1.17035
163	82	0.59055
163	88	0.736227
163	91	0.708331
163	93	1.20406
163	95	1.174
163	99	1.16671
163	102	1.14209
163	103	1.14876
163	111	1.09973
163	113	1.1563
163	117	1.14411
163	119	1.18949
163	131	0.630318
163	142	0.684677
163	144	0.689432
163	145	1.14834
163	148	1.16311
163	152	1.13032
163	153	1.14634
163	154	1.15804
163	155	0.646749
163	156	1.15183
163	157	1.15023
163	159	1.12806
163	160	1.11526
163	161	1.1651
163	162	1.17063
163	165	1.11766
163	166	1.06824
163	168	1.02735
163	169	1.1126
163	170	1.08061
163	172	0.997677
163	173	1.06558
163	174	1.12014
163	175	1.06318
163	176	1.00786
163	177	1.05541
163	178	1.03685
163	179	1.01211
163	180	1.01673
164	11	0.663014
164	16	0.71283
164	17	0.70787
164	19	1.03531
164	21	0.657633
164	29	0.769592
164	38	0.765345
164	41	1.26395
164	42	1.26395
164	57	1.22174
164	58	1.1853
164	59	0.738393
164	61	0.656601
164	63	0.725758
164	70	0.668824
164	71	1.07656
164	81	1.18265
164	87	1.10008
164	90	1.15756
164	96	1.12887
164	97	1.13412
164	101	1.18335
164	110	1.13639
164	113	0.673109
164	114	1.18352
164	118	1.16067
164	120	1.20196
164	126	1.12307
164	127	0.766654
164	129	0.662642
164	130	1.17959
164	132	1.12314
164	133	1.12476
164	135	1.11302
164	137	1.14092
164	140	1.1311
164	141	1.14493
164	143	1.12957
164	144	0.748441
164	146	1.13612
164	148	0.624966
164	149	0.709768
164	150	1.0598
164	151	1.14242
164	158	1.11347
164	159	1.09573
164	160	1.08294
164	161	1.13277
164	162	1.1383
164	165	1.08534
164	166	1.03591
164	167	0.632517
164	168	0.995023
164	169	1.08027
164	170	1.04828
164	171	1.01213
164	172	0.965351
164	173	1.03325
164	174	1.08781
164	175	1.03085
164	176	0.975531
164	177	1.02309
164	178	1.00453
164	179	0.979786
164	180	0.984402
165	4	1.13054
165	7	0.592061
165	29	0.804514
165	50	1.22816
165	51	0.711666
165	52	1.22816
165	60	1.19671
165	71	1.08364
165	76	0.650422
165	87	1.10717
165	88	0.830157
165	90	1.16465
165	94	0.692101
165	99	0.684315
165	101	1.19044
165	102	0.792893
165	103	1.12352
165	108	0.697046
165	110	1.14348
165	113	0.70803
165	114	1.19061
165	116	0.739827
165	118	1.16776
165	120	1.20905
165	125	1.07845
165	126	1.13016
165	130	1.18668
165	132	1.13023
165	133	1.13184
165	135	1.1201
165	136	0.735617
165	137	1.14801
165	140	1.13819
165	141	1.15201
165	142	0.778607
165	143	1.13665
165	146	1.1432
165	149	0.744689
165	150	1.06688
165	151	1.14951
165	153	0.69087
165	154	0.695403
165	156	0.703614
165	158	1.12056
165	159	1.10282
165	160	1.09002
165	161	1.13986
165	162	1.14539
165	163	1.11766
165	164	1.08534
165	166	1.043
165	167	0.667438
165	168	1.00211
165	169	1.08736
165	170	1.05537
165	171	1.01922
165	172	0.972439
165	173	1.04034
165	174	1.0949
165	175	1.03794
165	176	0.982618
165	177	1.03018
165	178	1.01161
165	179	0.986873
165	180	0.991489
166	4	1.08111
166	43	1.22585
166	44	0.776848
166	45	0.743088
166	58	1.14297
166	60	1.14728
166	68	0.84025
166	71	1.03422
166	73	0.879128
166	81	1.14031
166	86	0.810958
166	90	1.11522
166	96	1.08654
166	97	1.09179
166	101	1.14101
166	103	1.0741
166	110	1.09405
166	114	1.14118
166	117	0.829185
166	118	1.11833
166	120	1.15962
166	125	1.02902
166	126	1.08073
166	127	0.876394
166	130	1.13725
166	132	1.08081
166	133	1.08242
166	135	1.07068
166	137	1.09858
166	140	1.08876
166	141	1.10259
166	142	0.853425
166	143	1.08723
166	144	0.858181
166	145	0.763503
166	146	1.09378
166	147	0.817476
166	148	0.734706
166	149	0.819507
166	150	1.01746
166	151	1.10009
166	152	0.807676
166	155	0.815498
166	157	0.774178
166	158	1.07114
166	159	1.05339
166	160	1.0406
166	161	1.09043
166	162	1.09597
166	163	1.06824
166	164	1.03591
166	165	1.043
166	168	0.952685
166	169	1.03794
166	170	1.00595
166	171	0.969791
166	172	0.923013
166	173	0.990913
166	174	1.04547
166	175	0.988512
166	176	0.933193
166	177	0.980751
166	178	0.962189
166	179	0.937448
166	180	0.942063
167	6	0.463891
167	12	1.20074
167	17	1.25208
167	20	1.07758
167	22	1.20941
167	26	1.16776
167	27	1.17248
167	28	1.17383
167	31	1.21217
167	34	1.17247
167	36	1.31012
167	38	1.13744
167	40	1.13453
167	42	0.503566
167	47	1.1138
167	48	0.628622
167	49	1.13459
167	50	0.464625
167	51	1.2276
167	53	1.21299
167	63	1.17811
167	65	1.24886
167	67	1.14752
167	70	1.23407
167	74	1.24891
167	78	1.21419
167	81	0.539236
167	93	1.2551
167	103	0.673889
167	107	1.1788
167	109	1.22506
167	111	1.15076
167	112	1.14951
167	113	1.20734
167	117	1.19515
167	120	0.478353
167	121	1.22831
167	122	1.23508
167	125	0.72719
167	131	1.16262
167	132	0.619072
167	136	1.20293
167	142	1.17776
167	143	0.59289
167	144	1.17928
167	145	1.19938
167	147	1.20238
167	149	1.20804
167	152	1.18136
167	153	1.19738
167	154	1.20908
167	155	1.18831
167	156	1.20287
167	157	1.20127
167	158	0.607288
167	159	0.610278
167	162	0.517122
167	164	0.632517
167	165	0.667438
167	168	1.07839
167	169	0.66496
167	170	0.697408
167	173	0.719928
167	174	0.606777
167	175	0.797618
167	176	0.870974
167	179	0.877924
168	5	0.9718
168	15	1.05612
168	21	1.05173
168	28	1.00724
168	30	1.00846
168	34	0.914853
168	35	1.00667
168	36	1.14352
168	38	0.970845
168	45	1.0934
168	46	1.08651
168	48	1.03356
168	51	0.954983
168	61	0.934838
168	64	0.857872
168	66	0.987533
168	77	0.958319
168	78	0.912651
168	80	1.05479
168	86	0.979456
168	93	1.08851
168	94	0.935417
168	95	1.05845
168	98	1.10966
168	99	1.05115
168	102	1.02654
168	107	1.01221
168	112	0.982921
168	113	1.04075
168	115	0.996025
168	117	1.02855
168	119	1.07394
168	124	0.9989
168	125	0.988131
168	127	1.0308
168	128	1.08601
168	131	0.967565
168	136	0.978933
168	138	1.02619
168	145	1.03278
168	148	1.04756
168	150	0.976566
168	151	1.0592
168	152	1.01477
168	153	1.03079
168	155	0.983996
168	156	1.03627
168	160	0.999709
168	161	1.04954
168	162	1.05508
168	163	1.02735
168	164	0.995023
168	165	1.00211
168	166	0.952685
168	167	1.07839
168	169	0.997045
168	170	0.965055
168	171	0.928901
168	172	0.882122
168	173	0.950023
168	174	1.00458
168	175	0.947621
168	176	0.892302
168	177	0.93986
168	178	0.921299
168	179	0.896557
168	180	0.901173
169	18	1.2248
169	33	0.794797
169	39	0.621084
169	45	0.665792
169	50	1.2231
169	52	1.2231
169	55	0.750363
169	56	0.859942
169	57	1.22376
169	60	1.19164
169	64	0.612078
169	66	0.747374
169	70	0.701267
169	71	1.07858
169	74	0.714075
169	76	0.647944
169	81	1.18467
169	82	0.682003
169	87	1.1021
169	88	0.82768
169	89	0.809313
169	92	1.03726
169	96	1.1309
169	97	1.13615
169	101	1.18537
169	103	1.11846
169	110	1.13841
169	114	1.18554
169	115	0.750231
169	118	1.16269
169	120	1.20398
169	121	0.611379
169	125	1.07338
169	126	1.12509
169	130	1.18161
169	131	0.721771
169	132	1.12517
169	133	1.12678
169	134	1.1801
169	135	1.11504
169	137	1.14294
169	140	1.13312
169	141	1.14695
169	143	1.13159
169	144	0.780885
169	146	1.13814
169	147	0.74018
169	150	1.06182
169	151	1.14445
169	157	0.696881
169	158	1.1155
169	159	1.09775
169	160	1.08496
169	161	1.13479
169	162	1.14033
169	163	1.1126
169	164	1.08027
169	165	1.08736
169	166	1.03794
169	167	0.66496
169	168	0.997045
169	170	1.05031
169	171	1.01415
169	172	0.967374
169	173	1.03527
169	174	1.08983
169	175	1.03287
169	176	0.977553
169	177	1.02511
169	178	1.00655
169	179	0.981808
169	180	0.986424
170	2	0.67051
170	4	1.09348
170	8	1.24239
170	25	0.766915
170	29	0.834484
170	38	0.830237
170	39	0.653532
170	41	1.23398
170	42	1.23398
170	43	1.23822
170	48	1.08682
170	50	1.19111
170	52	1.19111
170	54	0.979389
170	57	1.19177
170	58	1.15534
170	60	1.15965
170	62	0.726762
170	65	0.714535
170	71	1.04659
170	76	0.680393
170	77	0.744973
170	81	1.15268
170	87	1.07011
170	90	1.12759
170	96	1.09891
170	97	1.10416
170	98	1.16292
170	101	1.15338
170	103	1.08647
170	106	0.733276
170	108	0.727016
170	110	1.10642
170	114	1.15355
170	118	1.1307
170	119	0.745502
170	120	1.17199
170	125	1.04139
170	126	1.0931
170	128	0.75826
170	130	1.14962
170	132	1.09318
170	133	1.09479
170	135	1.08305
170	137	1.11095
170	139	0.771741
170	140	1.10113
170	141	1.11496
170	143	1.0996
170	146	1.10615
170	147	0.772628
170	150	1.02983
170	151	1.11246
170	152	0.762829
170	154	0.725374
170	155	0.77065
170	156	0.733584
170	158	1.08351
170	159	1.06576
170	160	1.05297
170	161	1.1028
170	162	1.10834
170	163	1.08061
170	164	1.04828
170	165	1.05537
170	166	1.00595
170	167	0.697408
170	168	0.965055
170	169	1.05031
170	171	0.982162
170	172	0.935384
170	173	1.00328
170	174	1.05784
170	175	1.00088
170	176	0.945563
170	177	0.993122
170	178	0.97456
170	179	0.949818
170	180	0.954434
171	1	0.883477
171	10	0.981042
171	11	0.869691
171	19	0.958858
171	24	1.03241
171	25	1.03565
171	27	0.884091
171	30	0.999845
171	32	1.0394
171	33	0.96903
171	39	0.795317
171	44	1.10759
171	49	1.09713
171	56	1.08344
171	62	0.868547
171	64	1.15647
171	67	0.944198
171	73	0.976065
171	77	0.991948
171	82	1.11696
171	83	1.0789
171	85	1.03395
171	86	1.01947
171	89	1.03145
171	91	0.994903
171	92	0.969115
171	93	0.799687
171	94	1.0852
171	95	0.901925
171	98	1.12676
171	100	1.10116
171	104	1.05203
171	105	1.06394
171	106	0.875061
171	108	0.868801
171	111	0.972871
171	115	1.03745
171	116	1.04009
171	119	1.09105
171	122	1.0856
171	124	1.03977
171	129	1.09126
171	131	1.01313
171	136	1.05344
171	138	1.03311
171	139	1.06786
171	142	1.02828
171	144	1.0298
171	147	1.05289
171	148	0.831642
171	149	1.05856
171	150	0.993673
171	151	1.0763
171	152	1.03187
171	153	0.862625
171	154	1.05959
171	155	1.03883
171	158	1.04735
171	159	1.02961
171	160	1.01682
171	161	1.06665
171	162	1.07218
171	164	1.01213
171	165	1.01922
171	166	0.969791
171	168	0.928901
171	169	1.01415
171	170	0.982162
171	172	0.899229
171	173	0.967129
171	174	1.02169
171	175	0.964728
171	176	0.909408
171	177	0.956967
171	178	0.938405
171	179	0.913663
171	180	0.918279
172	2	0.869627
172	6	1.16277
172	8	1.15946
172	12	0.951953
172	18	1.10988
172	41	1.15105
172	42	1.15105
172	43	1.15529
172	50	1.10817
172	52	1.10817
172	57	1.10884
172	58	1.0724
172	60	1.07672
172	61	0.920609
172	66	0.97894
172	69	0.862141
172	71	0.963654
172	77	0.94409
172	81	1.06975
172	83	1.03212
172	87	0.987179
172	89	1.04088
172	90	1.04466
172	96	1.01597
172	97	1.02122
172	99	0.913402
172	101	1.07045
172	103	1.00354
172	104	0.963943
172	107	0.904829
172	110	1.02349
172	112	1.06053
172	113	0.937117
172	114	1.07062
172	115	0.981797
172	116	0.968914
172	117	0.983454
172	118	1.04777
172	120	1.08906
172	123	1.05041
172	125	0.958459
172	126	1.01017
172	130	1.06669
172	132	1.01024
172	133	1.01185
172	134	1.06518
172	135	1.00012
172	137	1.02802
172	140	1.0182
172	141	1.03203
172	143	1.01666
172	145	0.917773
172	146	1.02322
172	150	0.946895
172	151	1.02952
172	158	1.00057
172	159	0.982831
172	160	0.970037
172	161	1.01987
172	162	1.0254
172	163	0.997677
172	164	0.965351
172	165	0.972439
172	166	0.923013
172	168	0.882122
172	169	0.967374
172	170	0.935384
172	171	0.899229
172	173	0.920351
172	174	0.974909
172	175	0.91795
172	176	0.86263
172	177	0.910189
172	178	0.891627
172	179	0.866885
172	180	0.871501
173	6	1.23067
173	8	1.22736
173	13	1.1163
173	17	0.795282
173	18	1.17778
173	27	0.764827
173	41	1.21895
173	42	1.21895
173	43	1.22319
173	44	0.754521
173	50	1.17607
173	52	1.17607
173	57	1.17674
173	58	1.1403
173	59	0.825804
173	60	1.14462
173	61	0.744013
173	63	0.81317
173	67	0.824933
173	71	1.03155
173	79	0.702596
173	81	1.13765
173	84	1.09239
173	87	1.05508
173	90	1.11256
173	93	0.680423
173	96	1.08387
173	97	1.08912
173	101	1.13835
173	103	1.07144
173	107	0.728232
173	109	0.752669
173	110	1.09139
173	111	0.853606
173	114	1.13852
173	115	0.8052
173	118	1.11567
173	119	0.768022
173	120	1.15696
173	125	1.02636
173	126	1.07807
173	130	1.13459
173	132	1.07814
173	133	1.07975
173	134	1.13308
173	135	1.06802
173	137	1.09592
173	140	1.0861
173	141	1.09993
173	142	0.831098
173	143	1.08456
173	146	1.09112
173	147	0.795148
173	150	1.01479
173	151	1.09742
173	153	0.743361
173	154	0.747894
173	155	0.79317
173	156	0.756105
173	158	1.06847
173	159	1.05073
173	160	1.03794
173	161	1.08777
173	162	1.0933
173	163	1.06558
173	164	1.03325
173	165	1.04034
173	166	0.990913
173	167	0.719928
173	168	0.950023
173	169	1.03527
173	170	1.00328
173	171	0.967129
173	172	0.920351
173	174	1.04281
173	175	0.98585
173	176	0.93053
173	177	0.978089
173	178	0.959527
173	179	0.934785
173	180	0.939401
174	4	1.13301
174	5	0.963781
174	6	1.28523
174	7	0.5314
174	8	1.28192
174	17	0.682131
174	18	1.23233
174	26	0.81259
174	35	0.667231
174	36	0.549946
174	41	1.27351
174	42	1.27351
174	43	1.27775
174	46	0.70543
174	50	1.23063
174	51	0.651006
174	52	1.23063
174	57	1.2313
174	58	1.19486
174	60	1.19918
174	65	0.623904
174	71	1.08611
174	81	1.19221
174	82	0.62382
174	86	0.675479
174	87	1.10964
174	90	1.16712
174	96	1.13843
174	97	1.14368
174	100	1.17684
174	101	1.19291
174	102	0.732232
174	103	1.126
174	105	0.705888
174	106	0.642645
174	110	1.14595
174	111	0.740455
174	112	0.770784
174	114	1.19308
174	117	0.693706
174	118	1.17023
174	120	1.21152
174	122	0.68368
174	123	1.17287
174	124	0.694923
174	125	1.08092
174	126	1.13263
174	129	0.636902
174	130	1.18915
174	132	1.1327
174	133	1.13431
174	135	1.12257
174	137	1.15048
174	139	0.68111
174	140	1.14066
174	141	1.15448
174	143	1.13912
174	146	1.14568
174	147	0.681997
174	148	0.599227
174	150	1.06935
174	151	1.15198
174	156	0.642953
174	158	1.12303
174	159	1.10529
174	160	1.0925
174	161	1.14233
174	162	1.14786
174	163	1.12014
174	164	1.08781
174	165	1.0949
174	166	1.04547
174	167	0.606777
174	168	1.00458
174	169	1.08983
174	170	1.05784
174	171	1.02169
174	172	0.974909
174	173	1.04281
174	175	1.04041
174	176	0.985089
174	177	1.03265
174	178	1.01409
174	179	0.989343
174	180	0.993959
175	9	1.00366
175	10	0.999762
175	13	1.1139
175	15	1.09195
175	21	1.08756
175	24	1.05113
175	25	1.05437
175	29	1.02572
175	30	1.04428
175	32	1.05812
175	35	1.0425
175	39	0.753742
175	45	1.12923
175	46	1.12234
175	48	1.06939
175	62	0.826972
175	63	0.890859
175	64	1.17519
175	65	0.814745
175	80	1.09062
175	82	1.13569
175	83	1.09762
175	85	0.894062
175	86	1.03819
175	91	1.01362
175	92	0.987835
175	93	1.12434
175	94	0.822281
175	95	1.09427
175	99	1.08698
175	102	1.06237
175	104	1.07075
175	105	1.08266
175	106	0.833486
175	107	0.805921
175	108	0.827226
175	111	0.931296
175	115	1.05617
175	116	1.05881
175	117	1.06438
175	119	1.10977
175	121	0.744037
175	124	1.05849
175	129	1.10998
175	138	1.05183
175	139	1.08658
175	140	1.0837
175	142	0.908787
175	146	1.08872
175	148	0.790067
175	150	1.01239
175	151	1.09502
175	152	1.0506
175	153	0.82105
175	154	1.07831
175	155	0.87086
175	156	0.833794
175	157	0.829539
175	158	1.06607
175	159	1.04833
175	160	1.03554
175	161	1.08537
175	162	1.0909
175	163	1.06318
175	164	1.03085
175	165	1.03794
175	166	0.988512
175	167	0.797618
175	168	0.947621
175	169	1.03287
175	170	1.00088
175	171	0.964728
175	172	0.91795
175	173	0.98585
175	174	1.04041
175	176	0.928129
175	177	0.975688
175	178	0.957126
175	179	0.932384
175	180	0.937
176	4	1.02073
176	6	1.17295
176	7	0.795597
176	8	1.16964
176	18	1.12006
176	34	0.875073
176	38	1.0038
176	41	1.16123
176	42	1.16123
176	43	1.16547
176	45	0.871806
176	48	1.01407
176	50	1.11835
176	52	1.11835
176	57	1.11902
176	58	1.08258
176	60	1.0869
176	66	0.953388
176	69	0.83659
176	71	0.973834
176	75	1.1058
176	76	0.853958
176	78	0.872871
176	81	1.07993
176	83	1.0423
176	87	0.997359
176	90	1.05484
176	95	0.933706
176	96	1.02615
176	97	1.0314
176	98	1.09017
176	100	1.06456
176	101	1.08063
176	103	1.01372
176	106	0.906842
176	110	1.03367
176	114	1.0808
176	118	1.05795
176	120	1.09924
176	123	1.06059
176	125	0.968639
176	126	1.02035
176	129	0.901099
176	130	1.07687
176	131	0.927785
176	132	1.02042
176	133	1.02203
176	134	1.07536
176	135	1.0103
176	137	1.0382
176	140	1.02838
176	141	1.04221
176	143	1.02684
176	146	1.0334
176	149	0.948225
176	150	0.957074
176	151	1.0397
176	152	0.936394
176	154	0.898939
176	156	0.90715
176	158	1.01075
176	159	0.99301
176	160	0.980217
176	161	1.03005
176	162	1.03558
176	163	1.00786
176	164	0.975531
176	165	0.982618
176	166	0.933193
176	167	0.870974
176	168	0.892302
176	169	0.977553
176	170	0.945563
176	171	0.909408
176	172	0.86263
176	173	0.93053
176	174	0.985089
176	175	0.928129
176	177	0.920368
176	178	0.901806
176	179	0.877065
176	180	0.88168
177	4	1.06829
177	6	1.22051
177	9	0.936368
177	13	1.10614
177	18	1.16761
177	23	0.974075
177	24	0.903377
177	30	0.89098
177	31	1.07365
177	34	0.734427
177	36	0.673497
177	37	0.772553
177	41	1.20879
177	42	1.20879
177	43	1.21303
177	50	1.16591
177	52	1.16591
177	57	1.16658
177	58	1.13014
177	60	1.13446
177	70	0.766636
177	71	1.02139
177	73	0.8672
177	78	0.732225
177	79	0.712996
177	81	1.12749
177	83	1.08986
177	84	1.08223
177	85	0.826772
177	87	1.04492
177	90	1.1024
177	92	0.980075
177	94	0.754991
177	96	1.07371
177	97	1.07896
177	100	1.11212
177	101	1.12819
177	102	0.855783
177	103	1.06127
177	110	1.08123
177	114	1.12836
177	117	0.817257
177	118	1.10551
177	119	0.778422
177	120	1.1468
177	123	1.10815
177	125	1.0162
177	126	1.06791
177	130	1.12443
177	132	1.06798
177	133	1.06959
177	134	1.12291
177	135	1.05785
177	137	1.08576
177	139	0.804661
177	140	1.07594
177	141	1.08976
177	142	0.841497
177	143	1.0744
177	144	0.846253
177	146	1.08096
177	147	0.805548
177	150	1.00463
177	151	1.08726
177	153	0.75376
177	154	0.758293
177	156	0.766504
177	158	1.05831
177	159	1.04057
177	160	1.02778
177	161	1.07761
177	162	1.08314
177	163	1.05541
177	164	1.02309
177	165	1.03018
177	166	0.980751
177	168	0.93986
177	169	1.02511
177	170	0.993122
177	171	0.956967
177	172	0.910189
177	173	0.978089
177	174	1.03265
177	175	0.975688
177	176	0.920368
177	178	0.949365
177	179	0.924623
177	180	0.929239
178	2	0.759009
178	4	1.04973
178	6	1.20194
178	8	1.19864
178	11	0.816405
178	18	1.14905
178	20	1.15031
178	22	0.922733
178	23	0.955513
178	27	0.830806
178	31	1.05509
178	35	0.846361
178	41	1.19023
178	42	1.19023
178	43	1.19447
178	48	1.04306
178	50	1.14735
178	52	1.14735
178	57	1.14802
178	58	1.11158
178	60	1.1159
178	69	0.751523
178	71	1.00283
178	74	0.835023
178	81	1.10893
178	84	1.06366
178	86	0.854609
178	87	1.02636
178	90	1.08384
178	92	0.961513
178	93	0.746402
178	96	1.05515
178	97	1.0604
178	98	1.11916
178	100	1.09355
178	101	1.10962
178	103	1.04271
178	109	0.818647
178	110	1.06266
178	114	1.1098
178	116	0.858296
178	118	1.08695
178	120	1.12823
178	121	0.732327
178	122	0.86281
178	123	1.08959
178	125	0.997635
178	126	1.04935
178	130	1.10587
178	132	1.04942
178	133	1.05103
178	134	1.10435
178	135	1.03929
178	136	0.854086
178	137	1.0672
178	140	1.05737
178	141	1.0712
178	143	1.05584
178	145	0.807155
178	146	1.06239
178	147	0.861127
178	150	0.986071
178	151	1.0687
178	152	0.851328
178	153	0.809339
178	154	0.813872
178	157	0.817829
178	158	1.03975
178	159	1.02201
178	160	1.00921
178	161	1.05905
178	162	1.06458
178	163	1.03685
178	164	1.00453
178	165	1.01161
178	166	0.962189
178	168	0.921299
178	169	1.00655
178	170	0.97456
178	171	0.938405
178	172	0.891627
178	173	0.959527
178	174	1.01409
178	175	0.957126
178	176	0.901806
178	177	0.949365
178	179	0.906061
178	180	0.910677
179	4	1.02499
179	6	1.1772
179	7	0.802547
179	8	1.1739
179	16	0.958237
179	18	1.12431
179	23	0.930771
179	31	1.03034
179	35	0.938377
179	36	0.821092
179	41	1.16549
179	42	1.16549
179	43	1.16973
179	50	1.12261
179	52	1.12261
179	57	1.12328
179	58	1.08684
179	60	1.09116
179	68	0.975918
179	71	0.978089
179	76	0.860908
179	80	0.964784
179	81	1.08419
179	82	0.894967
179	83	1.04655
179	84	1.03892
179	85	0.974367
179	87	1.00161
179	90	1.0591
179	91	1.01275
179	92	0.936771
179	93	0.838418
179	96	1.03041
179	97	1.03566
179	98	1.09442
179	100	1.06881
179	101	1.08488
179	103	1.01797
179	109	0.910664
179	110	1.03792
179	114	1.08505
179	118	1.06221
179	120	1.10349
179	121	0.824343
179	123	1.06485
179	125	0.972894
179	126	1.02461
179	130	1.08113
179	132	1.02468
179	133	1.02629
179	134	1.07961
179	135	1.01455
179	137	1.04246
179	140	1.03263
179	141	1.04646
179	143	1.0311
179	145	0.899171
179	146	1.03765
179	148	0.870373
179	149	0.955175
179	150	0.961329
179	151	1.04396
179	154	0.905889
179	156	0.9141
179	158	1.01501
179	159	0.997265
179	160	0.984471
179	161	1.0343
179	162	1.03984
179	163	1.01211
179	164	0.979786
179	165	0.986873
179	166	0.937448
179	167	0.877924
179	168	0.896557
179	169	0.981808
179	170	0.949818
179	171	0.913663
179	172	0.866885
179	173	0.934785
179	174	0.989343
179	175	0.932384
179	176	0.877065
179	177	0.924623
179	178	0.906061
179	180	0.885935
180	4	1.0296
180	6	1.18182
180	8	1.17851
180	13	1.06745
180	18	1.12893
180	21	0.873958
180	23	0.935387
180	25	0.918349
180	28	0.934944
180	31	1.03496
180	37	0.891067
180	41	1.1701
180	42	1.1701
180	43	1.17434
180	48	1.02294
180	50	1.12722
180	52	1.12722
180	57	1.12789
180	58	1.09145
180	60	1.09577
180	64	0.79596
180	71	0.982705
180	77	0.896407
180	81	1.0888
180	83	1.05117
180	84	1.04354
180	87	1.00623
180	90	1.06371
180	91	0.983666
180	92	0.941387
180	96	1.03502
180	97	1.04027
180	98	1.09904
180	99	0.865719
180	100	1.07343
180	101	1.0895
180	103	1.02259
180	107	0.857146
180	110	1.04254
180	114	1.08967
180	118	1.06682
180	120	1.10811
180	121	0.795262
180	123	1.06946
180	124	0.936988
180	125	0.977509
180	126	1.02922
180	128	0.909694
180	130	1.08574
180	131	0.905653
180	132	1.02929
180	133	1.0309
180	134	1.08423
180	135	1.01917
180	137	1.04707
180	140	1.03725
180	141	1.05108
180	143	1.03571
180	144	0.964767
180	146	1.04227
180	148	0.841292
180	150	0.965945
180	151	1.04857
180	152	0.914263
180	153	0.872274
180	154	0.876808
180	156	0.885018
180	157	0.880764
180	158	1.01962
180	159	1.00188
180	160	0.989087
180	161	1.03892
180	162	1.04445
180	163	1.01673
180	164	0.984402
180	165	0.991489
180	166	0.942063
180	168	0.901173
180	169	0.986424
180	170	0.954434
180	171	0.918279
180	172	0.871501
180	173	0.939401
180	174	0.993959
180	175	0.937
180	176	0.88168
180	177	0.929239
180	178	0.910677
180	179	0.885935
