1	115	1.58618
1	143	1.5784
1	156	0.861361
1	161	0.838523
1	170	0.794694
1	171	0.833398
1	175	0.793354
1	176	0.808863
1	177	1.20939
1	178	0.76371
1	179	0.757739
1	180	0.752649
2	8	1.23996
2	15	1.45925
2	57	0.850613
2	61	0.905671
2	93	0.785291
2	105	0.813734
2	124	0.934064
2	150	0.927137
2	152	0.910856
2	177	0.981466
2	179	0.849808
2	180	0.844718
3	70	0.863895
3	105	0.871492
3	114	0.883799
3	115	0.883883
3	116	0.927648
3	128	0.915875
3	132	0.903435
3	148	1.2368
3	159	1.36806
3	164	1.2965
3	169	1.45114
3	177	0.94743
4	109	0.812737
4	122	0.79193
4	124	1.52743
4	137	0.79728
4	143	0.783224
4	144	0.817971
4	146	0.804332
4	150	0.799251
4	152	0.78297
4	161	1.63938
4	174	0.808043
4	179	2.06178
5	84	1.61323
5	102	1.18742
5	112	0.888649
5	117	0.866594
5	125	0.927418
5	127	0.917358
5	129	1.22863
5	130	0.902143
5	133	0.892113
5	136	0.904451
5	155	1.27982
5	174	0.900765
6	37	1.55697
6	70	1.49883
6	162	0.838692
6	163	0.822613
6	166	0.841289
6	169	0.814135
6	174	1.2783
6	175	0.794611
6	176	0.81012
6	178	0.764968
6	179	0.758997
6	180	0.753907
7	18	0.808442
7	20	0.850275
7	22	0.800171
7	29	0.801358
7	34	0.878904
7	38	0.778885
7	53	0.725004
7	55	0.805429
7	102	1.70227
7	129	1.74349
7	148	1.71977
7	164	0.789745
8	2	1.23996
8	86	0.764862
8	117	0.764474
8	120	0.795575
8	125	0.825297
8	127	0.815238
8	130	0.800023
8	133	0.789993
8	136	0.80233
8	158	1.76689
8	175	2.07736
8	177	0.844181
9	35	0.876544
9	44	0.876455
9	54	1.20787
9	56	0.943398
9	57	0.823655
9	59	0.943986
9	61	0.878714
9	124	1.33944
9	140	0.894377
9	166	1.45443
9	173	1.38476
9	177	0.954509
10	32	0.895495
10	33	0.868996
10	41	0.867876
10	50	0.933719
10	64	0.999817
10	113	1.1553
10	159	0.880937
10	161	1.37939
10	164	0.892675
10	168	1.36925
10	173	0.888372
10	176	1.45091
11	114	0.789077
11	115	0.789161
11	116	0.832926
11	118	1.58881
11	119	0.820925
11	128	0.821153
11	132	0.808713
11	164	1.53778
11	167	0.753616
11	172	0.71063
11	177	0.852708
11	180	2.11625
12	57	0.827769
12	61	0.882827
12	120	0.910016
12	121	1.68937
12	136	0.916771
12	137	0.902323
12	146	0.909374
12	152	0.888013
12	155	1.27061
12	158	1.1425
12	165	1.26829
12	177	0.958622
13	97	1.39586
13	143	1.47301
13	149	0.836973
13	152	1.50476
13	156	0.861853
13	168	0.832403
13	170	0.795186
13	175	0.793846
13	176	0.809355
13	178	0.764202
13	179	0.758231
13	180	0.753141
14	19	0.856811
14	30	0.856811
14	69	0.929866
14	77	0.848919
14	78	1.41346
14	79	0.898475
14	80	1.36618
14	85	0.894098
14	153	0.845447
14	156	1.411
14	159	0.842464
14	163	1.55915
14	174	0.864695
15	2	1.45925
15	39	1.61328
15	42	0.802218
15	87	0.795128
15	97	0.764989
15	114	0.750009
15	115	0.750093
15	116	0.793858
15	119	0.781857
15	128	0.782085
15	132	0.769645
15	151	2.4045
15	177	0.81364
16	25	0.878212
16	35	0.843082
16	44	0.842993
16	56	0.909936
16	57	0.790193
16	59	0.910524
16	61	0.845252
16	66	1.53234
16	95	1.30274
16	138	1.46469
16	140	0.860915
16	173	1.42327
16	177	0.921047
17	32	0.866002
17	33	0.839504
17	39	1.09085
17	41	0.838384
17	50	0.904227
17	64	0.970324
17	92	1.31005
17	126	0.832866
17	145	1.509
17	159	0.851445
17	164	0.863183
17	167	1.8511
17	173	0.85888
18	7	0.808442
18	22	0.879629
18	24	0.876977
18	34	0.958362
18	38	0.858343
18	51	1.31292
18	53	0.804462
18	55	0.884887
18	80	0.883766
18	135	1.43505
18	148	1.43076
18	154	1.55033
18	164	0.869203
19	14	0.856811
19	69	0.92878
19	77	0.847832
19	79	0.897388
19	85	0.893012
19	140	0.849014
19	153	0.84436
19	159	0.841377
19	160	1.33358
19	168	1.35182
19	171	1.3153
19	174	0.863609
19	179	1.78436
20	7	0.850275
20	22	0.921462
20	29	0.922649
20	38	0.900176
20	52	1.35825
20	53	0.846295
20	55	0.92672
20	80	0.925599
20	147	1.39437
20	164	0.911036
20	169	1.10444
20	180	1.52827
21	23	0.890686
21	28	0.889462
21	31	0.88303
21	46	0.816823
21	63	0.869553
21	65	0.868965
21	71	0.922986
21	72	0.838183
21	153	0.85769
21	157	1.21188
21	173	1.1657
21	178	1.67666
21	180	1.73523
22	7	0.800171
22	18	0.879629
22	20	0.921462
22	29	0.872545
22	34	0.950091
22	38	0.850071
22	53	0.796191
22	55	0.876615
22	88	1.13737
22	118	1.53286
22	161	1.55739
22	164	0.860932
22	171	1.51074
23	21	0.890686
23	27	0.879159
23	46	0.825126
23	63	0.877856
23	65	0.877268
23	71	0.931288
23	72	0.846486
23	110	0.835965
23	153	0.865992
23	159	1.16508
23	167	1.36797
23	179	1.59147
23	180	1.67198
24	18	0.876977
24	29	0.869893
24	34	0.947439
24	38	0.84742
24	52	1.69047
24	53	0.793539
24	55	0.873964
24	80	0.872843
24	102	1.20483
24	108	1.52341
24	111	0.858786
24	162	1.31823
24	164	0.85828
25	16	0.878212
25	35	0.841767
25	44	0.841678
25	56	0.908622
25	57	0.788879
25	59	0.909209
25	61	0.843937
25	140	0.859601
25	166	1.29334
25	167	1.4892
25	168	1.28016
25	177	0.919732
25	178	1.73464
26	89	1.30511
26	112	0.862972
26	117	0.840918
26	120	0.872019
26	125	0.901741
26	130	0.876467
26	133	0.866437
26	136	0.878774
26	166	1.26658
26	170	1.45932
26	172	0.778547
26	177	0.920626
26	180	1.76646
27	23	0.879159
27	31	0.871503
27	39	0.959559
27	46	0.805296
27	63	0.858025
27	65	0.857437
27	71	0.911458
27	72	0.826655
27	92	1.23752
27	129	1.46814
27	153	0.846162
27	164	1.50412
27	165	1.51701
28	21	0.889462
28	31	0.890109
28	46	0.823902
28	63	0.876631
28	65	0.876043
28	71	0.930064
28	72	0.845261
28	100	0.821381
28	149	1.21441
28	153	0.864768
28	168	1.29259
28	172	1.84101
28	175	1.42474
29	7	0.801358
29	20	0.922649
29	22	0.872545
29	24	0.869893
29	34	0.951278
29	38	0.851259
29	48	1.04395
29	53	0.797378
29	55	0.877803
29	164	0.862119
29	165	1.31609
29	167	1.57766
29	178	1.8231
30	14	0.856811
30	69	0.92878
30	77	0.847832
30	79	0.897388
30	85	0.893012
30	106	1.18034
30	140	0.849014
30	153	0.84436
30	159	0.841377
30	167	1.50495
30	171	1.2594
30	172	1.84434
30	174	0.863609
31	21	0.88303
31	27	0.871503
31	28	0.890109
31	46	0.81747
31	52	1.6655
31	63	0.8702
31	65	0.869612
31	71	0.923632
31	72	0.83883
31	153	0.858336
31	160	1.30424
31	167	1.53151
31	171	1.28596
32	10	0.895495
32	17	0.866002
32	33	0.829646
32	41	0.828526
32	50	0.894369
32	64	0.960467
32	151	1.63737
32	159	0.841587
32	163	1.42441
32	164	0.853325
32	165	1.34483
32	171	1.36084
32	173	0.849022
33	10	0.868996
33	17	0.839504
33	32	0.829646
33	41	0.802028
33	50	0.86787
33	64	0.933968
33	126	0.796509
33	147	1.82303
33	157	1.43356
33	159	0.815088
33	164	0.826826
33	165	1.39134
33	173	0.822524
33	176	1.52554
34	7	0.878904
34	18	0.958362
34	22	0.950091
34	24	0.947439
34	29	0.951278
34	53	0.874924
34	55	0.955349
34	62	1.21331
34	111	0.940171
34	158	1.10682
34	161	1.29528
34	163	1.31219
34	164	0.939665
34	169	1.37437
35	9	0.876544
35	16	0.843082
35	25	0.841767
35	44	0.806548
35	56	0.873492
35	57	0.753749
35	59	0.87408
35	61	0.808807
35	104	1.3809
35	139	1.51835
35	140	0.824471
35	168	1.66457
35	173	1.60808
35	177	0.884602
36	86	0.808616
36	117	0.808228
36	120	0.839328
36	127	0.858991
36	130	0.843776
36	133	0.833746
36	136	0.846084
36	139	1.33002
36	155	1.42603
36	171	1.43973
36	173	0.827602
36	174	0.842398
36	177	0.887935
36	180	1.98929
37	6	1.55697
37	76	0.799884
37	122	0.8373
37	123	0.836108
37	131	0.843651
37	135	1.42311
37	141	0.871003
37	143	0.828594
37	146	0.849703
37	150	0.844622
37	152	0.828341
37	166	1.55712
37	173	1.48746
37	174	0.853414
38	7	0.778885
38	18	0.858343
38	20	0.900176
38	22	0.850071
38	24	0.84742
38	29	0.851259
38	53	0.774905
38	55	0.855329
38	108	1.63155
38	111	0.840151
38	154	1.45003
38	164	0.839645
38	165	1.40305
38	170	1.66149
39	15	1.61328
39	17	1.09085
39	27	0.959559
39	46	0.905527
39	67	0.729533
39	72	0.926886
39	77	0.949865
39	85	0.995045
39	107	0.822257
39	133	0.907304
39	155	0.967323
39	174	0.965642
39	179	0.87952
39	180	0.87443
40	112	0.824921
40	117	0.802866
40	125	0.86369
40	127	0.85363
40	130	0.838415
40	133	0.828385
40	134	1.53549
40	136	0.840723
40	156	1.23245
40	167	1.56259
40	173	0.82224
40	174	0.837037
40	177	0.882574
40	180	1.8666
41	10	0.867876
41	17	0.838384
41	32	0.828526
41	33	0.802028
41	50	0.866751
41	58	1.58799
41	64	0.932848
41	92	1.34572
41	126	0.795389
41	138	1.66268
41	158	1.49941
41	159	0.813969
41	164	0.825707
41	173	0.821404
42	15	0.802218
42	93	0.899774
42	97	0.902493
42	105	0.875206
42	115	0.887597
42	116	0.931363
42	119	0.919362
42	128	0.91959
42	132	0.90715
42	142	1.07596
42	151	1.35298
42	166	1.12615
42	177	0.951145
42	178	1.56745
42	180	1.62602
43	94	0.903415
43	99	2.06621
43	131	0.897158
43	137	0.896158
43	139	0.919204
43	140	0.892326
43	141	0.92451
43	143	0.882101
43	144	0.916848
43	146	0.903209
43	150	0.898128
43	152	0.881848
43	157	1.05512
43	160	1.04719
43	172	1.61385
44	9	0.876455
44	16	0.842993
44	25	0.841678
44	35	0.806548
44	56	0.873403
44	57	0.75366
44	59	0.87399
44	61	0.808718
44	140	0.824382
44	149	1.3749
44	164	1.38766
44	176	1.53474
44	177	0.884513
44	179	1.88562
45	112	0.889967
45	117	0.867913
45	120	0.899014
45	125	0.928736
45	127	0.918677
45	130	0.903462
45	133	0.893432
45	136	0.905769
45	145	1.08317
45	147	1.5954
45	155	1.16603
45	166	1.22942
45	173	0.887287
45	174	0.902084
45	178	1.67072
46	21	0.816823
46	23	0.825126
46	27	0.805296
46	28	0.823902
46	31	0.81747
46	39	0.905527
46	63	0.803993
46	65	0.803405
46	71	0.857426
46	72	0.772623
46	121	1.98535
46	145	1.48374
46	153	0.79213
46	155	1.56659
46	164	1.55139
47	98	0.821569
47	109	0.828119
47	123	0.80612
47	137	0.812663
47	141	0.841015
47	143	0.798606
47	144	0.833353
47	146	0.819714
47	150	0.814633
47	152	0.798353
47	163	1.505
47	171	1.44143
47	172	2.02637
47	174	0.823426
47	175	1.6101
48	29	1.04395
48	110	1.36434
48	125	1.06299
48	132	1.13337
48	142	0.937285
48	157	0.925474
48	160	0.937875
48	165	0.932671
48	169	0.908796
48	175	0.889273
48	176	0.904782
48	177	0.835969
48	178	0.859629
48	179	0.853658
48	180	0.848568
49	107	0.927176
49	109	0.914273
49	123	0.892273
49	131	0.899816
49	135	1.11425
49	137	0.898816
49	143	0.884759
49	146	0.905867
49	150	0.900787
49	152	0.884506
49	153	0.89033
49	160	1.21685
49	163	1.26213
49	170	1.441
49	178	1.68956
50	10	0.933719
50	17	0.904227
50	32	0.894369
50	33	0.86787
50	41	0.866751
50	64	0.998691
50	126	0.861232
50	154	1.30977
50	155	1.2651
50	159	0.879812
50	160	1.29707
50	164	0.89155
50	173	0.887247
50	175	1.44746
50	176	1.39698
51	18	1.31292
51	93	1.24758
51	120	1.22641
51	125	1.1447
51	143	0.876246
51	144	0.910993
51	150	0.892273
51	152	0.875993
51	158	0.927066
51	159	0.878834
51	164	0.890572
51	173	0.886269
51	177	0.917682
51	178	0.820915
51	179	0.814944
51	180	0.809854
52	20	1.35825
52	24	1.69047
52	31	1.6655
52	73	1.56801
52	77	0.806056
52	85	0.851236
52	134	0.765042
52	141	0.839422
52	144	0.831761
52	150	0.813041
52	152	0.79676
52	163	0.799327
52	166	0.818003
52	174	0.821833
52	178	0.741682
52	180	0.730621
53	7	0.725004
53	18	0.804462
53	20	0.846295
53	22	0.796191
53	24	0.793539
53	29	0.797378
53	34	0.874924
53	38	0.774905
53	55	0.801449
53	80	0.800328
53	92	1.47587
53	111	0.786271
53	162	1.77868
53	164	0.785765
53	171	1.77137
53	175	1.94004
54	9	1.20787
54	94	1.21747
54	140	1.17118
54	141	1.00921
54	149	0.904059
54	151	0.842299
54	153	1.21157
54	156	0.928939
54	161	0.906101
54	162	0.905012
54	171	0.900976
54	175	0.860932
54	176	0.876441
54	178	0.831288
54	179	0.825317
54	180	0.820227
55	7	0.805429
55	18	0.884887
55	20	0.92672
55	22	0.876615
55	24	0.873964
55	29	0.877803
55	34	0.955349
55	38	0.855329
55	53	0.801449
55	89	1.45761
55	103	1.35411
55	111	0.866695
55	145	1.27284
55	161	1.41604
55	164	0.866189
55	167	1.61494
56	9	0.943398
56	16	0.909936
56	25	0.908622
56	35	0.873492
56	44	0.873403
56	57	0.820603
56	59	0.940934
56	61	0.875662
56	62	1.19979
56	140	0.891325
56	145	1.13856
56	164	1.20621
56	167	1.48066
56	177	0.951457
56	178	1.7261
57	2	0.850613
57	9	0.823655
57	12	0.827769
57	16	0.790193
57	25	0.788879
57	35	0.753749
57	44	0.75366
57	56	0.820603
57	59	0.821191
57	61	0.755919
57	88	1.42756
57	118	1.82305
57	140	0.771582
57	149	1.75926
57	169	1.92666
57	177	0.831714
58	41	1.58799
58	110	1.59927
58	135	0.83884
58	140	1.31481
58	148	0.831209
58	152	1.47167
58	155	0.83399
58	162	0.825882
58	163	0.809803
58	168	0.820359
58	171	0.821846
58	175	0.781802
58	176	0.797311
58	178	0.752158
58	179	0.746187
58	180	0.741097
59	9	0.943986
59	16	0.910524
59	25	0.909209
59	35	0.87408
59	44	0.87399
59	56	0.940934
59	57	0.821191
59	61	0.876249
59	102	1.18248
59	140	0.891913
59	142	1.28808
59	169	1.41431
59	170	1.531
59	173	1.2686
59	177	0.952044
60	67	1.5662
60	85	1.53149
60	112	1.70864
60	147	0.751105
60	156	0.841222
60	157	0.809416
60	160	0.821818
60	161	0.818384
60	168	0.811773
60	169	0.792739
60	170	0.774555
60	175	0.773215
60	176	0.788724
60	177	1.44609
60	178	0.743572
60	179	0.737601
60	180	0.73251
61	2	0.905671
61	9	0.878714
61	12	0.882827
61	16	0.845252
61	25	0.843937
61	35	0.808807
61	44	0.808718
61	56	0.875662
61	57	0.755919
61	59	0.876249
61	104	1.20293
61	140	0.826641
61	151	1.72662
61	154	1.48106
61	166	1.49978
61	175	1.61876
61	177	0.886772
62	34	1.21331
62	56	1.19979
62	113	0.902073
62	137	1.40867
62	140	1.33272
62	161	0.88238
62	163	0.865213
62	166	0.883889
62	168	0.875768
62	169	0.856734
62	170	0.838551
62	174	1.19344
62	175	0.837211
62	176	0.85272
62	178	0.807567
62	179	0.801596
62	180	0.796506
63	21	0.869553
63	23	0.877856
63	27	0.858025
63	28	0.876631
63	31	0.8702
63	46	0.803993
63	65	0.856134
63	71	0.910155
63	72	0.825352
63	100	0.801471
63	110	0.814831
63	148	1.24413
63	153	0.844859
63	155	1.31903
63	167	1.57828
63	170	1.57516
63	179	1.80178
64	10	0.999817
64	17	0.970324
64	32	0.960467
64	33	0.933968
64	41	0.932848
64	50	0.998691
64	103	1.11639
64	118	1.1538
64	126	0.92733
64	159	0.945909
64	161	1.17832
64	164	0.957647
64	167	1.37722
64	171	1.13167
64	173	0.953344
64	175	1.30034
65	21	0.868965
65	23	0.877268
65	27	0.857437
65	28	0.876043
65	31	0.869612
65	46	0.803405
65	63	0.856134
65	71	0.909567
65	72	0.824764
65	96	1.60387
65	100	0.800883
65	104	1.22596
65	110	0.814243
65	153	0.844271
65	163	1.53669
65	167	1.71867
65	173	1.45315
66	16	1.53234
66	92	0.858699
66	117	1.56284
66	137	1.53309
66	147	0.763748
66	155	0.838046
66	157	0.822059
66	163	0.813859
66	166	0.832535
66	168	0.824415
66	174	1.31786
66	175	0.785858
66	176	0.801367
66	178	0.756214
66	179	0.750243
66	180	0.745153
67	39	0.729533
67	60	1.5662
67	91	0.917026
67	98	0.903222
67	122	0.888965
67	131	0.895316
67	137	0.894315
67	141	0.922667
67	143	0.880259
67	144	0.915006
67	146	0.901367
67	150	0.896286
67	151	1.52076
67	152	0.880005
67	159	1.2869
67	166	1.29393
67	169	1.36997
67	174	0.905078
68	76	0.855803
68	94	0.905827
68	96	1.35265
68	106	1.14285
68	109	0.914027
68	131	0.89957
68	137	0.89857
68	141	0.926922
68	143	0.884513
68	144	0.919261
68	146	0.905621
68	150	0.900541
68	152	0.88426
68	161	1.26855
68	162	1.22921
68	166	1.27159
68	172	1.80684
68	174	0.909333
69	14	0.929866
69	19	0.92878
69	30	0.92878
69	77	0.920888
69	79	0.970443
69	85	0.966067
69	100	0.874028
69	104	0.98937
69	121	1.64159
69	140	0.92207
69	153	0.917415
69	158	1.09472
69	159	0.914432
69	162	1.24384
69	167	1.48208
69	171	1.23653
69	174	0.936664
70	3	0.863895
70	6	1.49883
70	93	0.827661
70	101	0.838493
70	105	0.803094
70	111	0.823508
70	114	0.815401
70	115	0.815485
70	116	0.85925
70	119	0.847249
70	121	1.85435
70	128	0.847477
70	132	0.835037
70	145	1.35273
70	163	1.51285
70	172	0.736954
70	176	1.56747
70	177	0.879032
71	21	0.922986
71	23	0.931288
71	27	0.911458
71	28	0.930064
71	31	0.923632
71	46	0.857426
71	63	0.910155
71	65	0.909567
71	72	0.878785
71	78	1.04613
71	84	1.44797
71	95	0.987755
71	99	2.16555
71	100	0.854904
71	110	0.868264
71	153	0.898292
71	154	1.15923
71	161	1.17491
72	21	0.838183
72	23	0.846486
72	27	0.826655
72	28	0.845261
72	31	0.83883
72	39	0.926886
72	46	0.772623
72	63	0.825352
72	65	0.824764
72	71	0.878785
72	100	0.770101
72	110	0.783461
72	139	1.32134
72	153	0.813489
72	158	1.28924
72	163	1.49461
72	178	1.92204
72	179	1.9001
73	52	1.56801
73	80	1.05906
73	82	0.89511
73	93	0.899864
73	97	0.902584
73	105	0.875297
73	111	0.895711
73	115	0.887688
73	116	0.931453
73	119	0.919452
73	121	1.59352
73	128	0.91968
73	132	0.907241
73	138	1.20992
73	159	1.23113
73	168	1.22498
73	172	0.809157
73	177	0.951235
74	122	1.16915
74	125	1.07019
74	128	0.979751
74	132	1.14057
74	147	0.845815
74	152	1.24393
74	153	1.12747
74	155	0.920112
74	163	0.895926
74	166	0.914602
74	168	0.906482
74	169	0.887448
74	170	0.869264
74	171	0.907968
74	175	0.867924
74	176	0.883433
74	178	0.838281
74	179	0.83231
74	180	0.82722
75	86	0.786773
75	88	1.28922
75	90	0.838914
75	106	1.58353
75	108	1.87507
75	112	0.808439
75	117	0.786385
75	120	0.817486
75	125	0.847208
75	127	0.837149
75	130	0.821934
75	133	0.811904
75	134	1.88104
75	136	0.824241
75	165	1.64657
75	172	0.724014
75	173	0.805759
75	174	0.820556
75	177	0.866093
76	37	0.799884
76	68	0.855803
76	89	1.75634
76	107	0.83556
76	113	1.49069
76	122	0.801849
76	123	0.800657
76	137	0.8072
76	141	0.835552
76	142	1.66763
76	143	0.793143
76	144	0.827891
76	146	0.814252
76	150	0.809171
76	152	0.79289
76	153	0.798714
76	157	1.69433
76	168	1.70464
76	174	0.817963
77	14	0.848919
77	19	0.847832
77	30	0.847832
77	39	0.949865
77	52	0.806056
77	69	0.920888
77	79	0.889496
77	81	0.838452
77	85	0.88512
77	100	0.79308
77	121	1.79089
77	140	0.841122
77	149	1.34416
77	153	0.836468
77	156	1.30124
77	159	0.833485
77	165	1.36981
77	174	0.855717
77	175	1.55449
77	176	1.504
78	14	1.41346
78	71	1.04613
78	103	0.88591
78	104	0.950294
78	108	0.826672
78	111	1.3772
78	131	1.21868
78	148	0.886626
78	151	0.818585
78	153	1.3263
78	154	0.867739
78	165	0.880616
78	166	0.883895
78	168	0.875775
78	169	0.856741
78	176	0.852727
78	177	1.042
78	178	0.807574
78	179	0.801603
78	180	0.796513
79	14	0.898475
79	19	0.897388
79	30	0.897388
79	69	0.970443
79	77	0.889496
79	81	0.888007
79	85	0.934675
79	89	1.12809
79	99	2.07717
79	100	0.842636
79	121	1.44494
79	140	0.890678
79	153	0.886024
79	159	0.88304
79	169	1.16561
79	173	1.0199
79	174	0.905272
79	175	1.20854
80	14	1.36618
80	18	0.883766
80	20	0.925599
80	24	0.872843
80	53	0.800328
80	73	1.05906
80	89	0.853324
80	90	0.893921
80	130	0.87694
80	132	1.29212
80	133	0.86691
80	136	0.879248
80	144	1.1799
80	146	1.24882
80	153	1.27902
80	164	0.865069
80	171	0.8651
80	176	0.840565
80	179	0.789441
80	180	0.784351
81	77	0.838452
81	79	0.888007
81	85	0.883631
81	87	0.881253
81	113	1.34259
81	114	0.836134
81	119	0.867982
81	122	0.838115
81	128	0.86821
81	132	0.85577
81	135	1.4357
81	139	1.41031
81	144	0.864156
81	146	0.850517
81	150	0.845436
81	152	0.829155
81	161	1.56667
81	168	1.55653
81	171	1.52002
81	174	0.854228
82	73	0.89511
82	87	0.887929
82	97	0.85779
82	101	0.865902
82	105	0.830503
82	114	0.84281
82	115	0.842894
82	116	0.88666
82	119	0.874659
82	128	0.874887
82	129	1.2289
82	132	0.862447
82	145	1.19723
82	147	1.70945
82	151	1.57031
82	162	1.30109
82	167	0.80735
82	172	0.764363
82	177	0.906442
82	180	1.84335
83	108	0.81686
83	112	1.3262
83	128	1.20023
83	136	1.34256
83	138	0.869096
83	139	0.888548
83	144	1.24882
83	147	0.805296
83	150	1.34752
83	151	0.808773
83	154	0.857928
83	158	0.903914
83	165	0.870804
83	168	0.865964
83	171	0.86745
83	175	0.827406
83	176	0.842915
83	177	1.06365
83	178	0.797763
83	179	0.791792
83	180	0.786701
84	5	1.61323
84	71	1.44797
84	100	1.78851
84	121	0.76218
84	128	1.58042
84	129	0.811988
84	141	1.52578
84	156	0.838693
84	162	0.814766
84	163	0.798687
84	165	0.814084
84	166	0.817363
84	168	0.809243
84	169	0.790209
84	170	0.772026
84	171	0.81073
84	175	0.770686
84	176	0.786195
84	178	0.741042
84	179	0.735071
84	180	0.729981
85	14	0.894098
85	19	0.893012
85	30	0.893012
85	39	0.995045
85	52	0.851236
85	60	1.53149
85	69	0.966067
85	77	0.88512
85	79	0.934675
85	81	0.883631
85	100	0.83826
85	103	1.19424
85	118	1.23165
85	124	1.14422
85	140	0.886302
85	153	0.881647
85	158	1.06772
85	159	0.878664
85	169	1.33526
85	174	0.900896
85	180	1.75909
86	8	0.764862
86	36	0.808616
86	75	0.786773
86	90	0.856069
86	112	0.825594
86	117	0.80354
86	120	0.834641
86	125	0.864363
86	127	0.854304
86	130	0.839089
86	133	0.829059
86	136	0.841396
86	139	1.39649
86	157	1.5324
86	162	1.51351
86	166	1.55589
86	172	0.741169
86	173	0.822914
86	174	0.837711
86	176	1.62437
86	177	0.883248
86	180	2.05576
87	15	0.795128
87	81	0.881253
87	82	0.887929
87	93	0.892683
87	97	0.895403
87	101	0.903515
87	105	0.868116
87	114	0.880423
87	115	0.880507
87	119	0.912272
87	124	1.20394
87	128	0.9125
87	132	0.90006
87	142	1.26875
87	156	1.18465
87	166	1.31893
87	167	0.844963
87	168	1.30575
87	172	0.801976
87	177	0.944054
87	179	1.7383
87	180	1.8188
88	22	1.13737
88	57	1.42756
88	75	1.28922
88	102	0.918819
88	109	0.958704
88	110	1.27913
88	134	0.861214
88	139	0.92864
88	142	0.915511
88	146	1.00486
88	147	0.845388
88	148	0.916906
88	152	1.15153
88	168	0.906056
88	169	0.887022
88	170	0.868838
88	171	0.907542
88	175	0.867498
88	176	0.883007
88	178	0.837855
88	179	0.831884
88	180	0.826794
89	26	1.30511
89	55	1.45761
89	76	1.75634
89	79	1.12809
89	80	0.853324
89	112	1.47489
89	131	1.38902
89	135	0.855786
89	139	0.85989
89	147	0.776638
89	155	0.850936
89	160	0.847351
89	161	0.843917
89	162	0.842828
89	163	0.826749
89	165	0.842146
89	166	0.845425
89	169	0.818271
89	171	0.838792
89	178	0.769104
89	179	0.763133
89	180	0.758043
90	75	0.838914
90	80	0.893921
90	86	0.856069
90	104	1.17523
90	112	0.877735
90	117	0.855681
90	120	0.886782
90	125	0.916504
90	127	0.906445
90	130	0.89123
90	133	0.8812
90	135	1.33807
90	136	0.893537
90	138	1.44384
90	148	1.33379
90	160	1.44066
90	163	1.48595
90	169	1.54812
90	172	0.79331
90	173	0.875055
90	174	0.889851
90	177	0.935388
91	67	0.917026
91	98	0.881584
91	107	0.901038
91	108	1.51538
91	109	0.888135
91	122	0.867327
91	123	0.866135
91	131	0.873678
91	137	0.872678
91	139	1.19318
91	141	0.90103
91	143	0.858621
91	144	0.893369
91	146	0.87973
91	150	0.874649
91	152	0.858368
91	153	0.864192
91	162	1.3102
91	165	1.28687
91	173	1.28292
91	176	1.42107
91	179	1.77195
92	17	1.31005
92	27	1.23752
92	41	1.34572
92	53	1.47587
92	66	0.858699
92	130	1.12442
92	137	1.14849
92	145	0.902462
92	150	1.11249
92	154	0.873842
92	156	0.911328
92	162	0.887401
92	163	0.871322
92	165	0.886719
92	166	0.889998
92	169	0.862844
92	170	0.844661
92	171	0.883365
92	175	0.843321
92	176	0.85883
92	178	0.813677
92	179	0.807706
92	180	0.802616
93	2	0.785291
93	42	0.899774
93	51	1.24758
93	70	0.827661
93	73	0.899864
93	87	0.892683
93	97	0.862545
93	101	0.870656
93	105	0.835258
93	114	0.847565
93	115	0.847649
93	116	0.891414
93	119	0.879413
93	128	0.879641
93	132	0.867201
93	142	1.45353
93	147	1.86969
93	157	1.48023
93	163	1.51759
93	167	0.812104
93	172	0.769117
93	176	1.5722
93	177	0.911196
94	43	0.903415
94	54	1.21747
94	68	0.905827
94	107	0.885584
94	122	0.851874
94	123	0.850682
94	126	0.827177
94	131	0.858225
94	137	0.857225
94	140	0.853393
94	141	0.885577
94	143	0.843168
94	144	0.877915
94	146	0.864276
94	149	1.37267
94	150	0.859195
94	151	1.69085
94	152	0.842915
94	154	1.4453
94	159	1.457
94	163	1.47789
94	164	1.38543
94	167	0.814433
95	16	1.30274
95	71	0.987755
95	111	1.31883
95	112	1.24617
95	123	1.38602
95	130	1.27942
95	142	0.888637
95	145	0.899766
95	151	0.821991
95	156	0.908631
95	157	0.876825
95	158	0.917132
95	160	0.889227
95	161	0.885793
95	162	0.884705
95	163	0.868626
95	170	0.841964
95	175	0.840624
95	176	0.856133
95	177	0.983626
95	178	0.810981
95	179	0.80501
95	180	0.79992
96	65	1.60387
96	68	1.35265
96	119	1.34365
96	133	1.55275
96	138	0.828286
96	145	0.845738
96	146	1.50897
96	154	0.817118
96	156	0.854604
96	157	0.822798
96	160	0.835199
96	161	0.831766
96	165	0.829995
96	166	0.833274
96	168	0.825154
96	169	0.80612
96	171	0.826641
96	175	0.786597
96	176	0.802106
96	177	1.25487
96	178	0.756953
96	179	0.750982
96	180	0.745892
97	13	1.39586
97	15	0.764989
97	42	0.902493
97	73	0.902584
97	82	0.85779
97	87	0.895403
97	93	0.862545
97	101	0.873376
97	105	0.837977
97	110	0.819102
97	114	0.850285
97	115	0.850368
97	116	0.894134
97	128	0.882361
97	132	0.869921
97	135	1.33168
97	157	1.4422
97	159	1.45866
97	160	1.43427
97	167	0.814824
97	168	1.45251
97	176	1.53417
97	177	0.913916
98	47	0.821569
98	67	0.903222
98	91	0.881584
98	104	0.975273
98	107	0.887233
98	122	0.853523
98	123	0.852331
98	131	0.859874
98	137	0.858874
98	141	0.887226
98	143	0.844817
98	144	0.879564
98	146	0.865925
98	147	1.6381
98	150	0.860845
98	152	0.844564
98	162	1.22974
98	164	1.19353
98	167	0.816082
98	172	1.80737
98	174	0.869637
98	178	1.71342
98	179	1.69149
99	43	2.06621
99	71	2.16555
99	79	2.07717
99	139	0.775908
99	142	0.762779
99	144	2.3466
99	147	0.692656
99	151	0.696133
99	155	0.766954
99	157	0.750967
99	161	0.759935
99	162	0.758847
99	163	0.742768
99	166	0.761444
99	168	0.753324
99	169	0.73429
99	171	0.75481
99	175	0.714766
99	176	0.730275
99	178	0.685123
99	179	0.679152
99	180	0.674062
100	28	0.821381
100	63	0.801471
100	65	0.800883
100	69	0.874028
100	71	0.854904
100	72	0.770101
100	77	0.79308
100	79	0.842636
100	84	1.78851
100	85	0.83826
100	137	0.798094
100	144	0.818785
100	146	0.805146
100	150	0.800065
100	152	0.783784
100	153	0.789608
100	154	1.49977
100	159	0.786625
100	169	1.59454
100	173	1.44883
100	174	0.808857
100	175	1.63747
100	179	1.93786
101	70	0.838493
101	82	0.865902
101	87	0.903515
101	93	0.870656
101	97	0.873376
101	105	0.846089
101	110	0.827214
101	111	0.866503
101	114	0.858396
101	115	0.85848
101	116	0.902245
101	118	1.44756
101	119	0.890245
101	128	0.890473
101	132	0.878033
101	145	1.32888
101	149	1.38377
101	158	1.28363
101	162	1.43275
101	165	1.40942
101	167	0.822936
101	172	0.779949
101	178	1.91643
102	5	1.18742
102	7	1.70227
102	24	1.20483
102	59	1.18248
102	88	0.918819
102	132	1.31543
102	139	0.882942
102	145	0.880942
102	146	1.27213
102	150	1.3019
102	158	0.898308
102	161	0.866969
102	163	0.849802
102	165	0.865199
102	166	0.868478
102	167	0.818752
102	169	0.841324
102	170	0.82314
102	171	0.861844
102	175	0.8218
102	176	0.837309
102	178	0.792157
102	179	0.786186
102	180	0.781096
103	55	1.35411
103	64	1.11639
103	78	0.88591
103	85	1.19424
103	107	1.32168
103	115	1.48563
103	135	0.87621
103	141	1.19079
103	142	0.867184
103	146	1.36295
103	149	0.862298
103	155	0.871359
103	157	0.855373
103	160	0.867774
103	162	0.863252
103	163	0.847173
103	165	0.86257
103	166	0.865849
103	170	0.820511
103	171	0.859215
103	176	0.83468
103	178	0.789528
103	179	0.783557
103	180	0.778467
104	35	1.3809
104	61	1.20293
104	65	1.22596
104	69	0.98937
104	78	0.950294
104	90	1.17523
104	98	0.975273
104	136	1.15588
104	137	1.19684
104	145	0.942697
104	147	0.861446
104	151	0.864923
104	155	0.935744
104	157	0.919757
104	163	0.911558
104	165	0.926954
104	166	0.930234
104	169	0.90308
104	171	0.9236
104	175	0.883556
104	176	0.899065
104	178	0.853913
104	179	0.847942
104	180	0.842851
105	2	0.813734
105	3	0.871492
105	42	0.875206
105	70	0.803094
105	73	0.875297
105	82	0.830503
105	87	0.868116
105	93	0.835258
105	97	0.837977
105	101	0.846089
105	114	0.822998
105	115	0.823081
105	116	0.866847
105	119	0.854846
105	128	0.855074
105	132	0.842634
105	145	1.38591
105	159	1.52513
105	167	0.787537
105	170	1.7249
105	173	1.46249
105	176	1.60064
105	177	0.886629
105	179	1.95152
106	30	1.18034
106	68	1.14285
106	75	1.58353
106	114	1.43249
106	126	1.28419
106	133	1.34295
106	147	0.793228
106	151	0.796705
106	152	1.44584
106	154	0.845859
106	156	0.883344
106	157	0.851538
106	158	0.891845
106	162	0.859418
106	165	0.858735
106	166	0.862015
106	168	0.853895
106	169	0.834861
106	170	0.816677
106	171	0.855381
106	175	0.815337
106	176	0.830846
106	178	0.785694
106	179	0.779723
106	180	0.774633
107	39	0.822257
107	49	0.927176
107	76	0.83556
107	91	0.901038
107	94	0.885584
107	98	0.887233
107	103	1.32168
107	109	0.893784
107	122	0.872976
107	123	0.871784
107	126	0.848279
107	131	0.879327
107	141	0.906679
107	143	0.86427
107	144	0.899018
107	146	0.885379
107	149	1.2953
107	150	0.880298
107	152	0.864017
107	158	1.19515
107	162	1.34427
107	172	1.9219
107	174	0.88909
107	175	1.50563
107	176	1.45514
108	24	1.52341
108	38	1.63155
108	75	1.87507
108	78	0.826672
108	83	0.81686
108	91	1.51538
108	114	1.72403
108	148	0.809342
108	155	0.812122
108	158	0.836441
108	160	0.808536
108	161	0.805103
108	162	0.804014
108	163	0.787935
108	165	0.803332
108	166	0.806611
108	168	0.798491
108	170	0.761274
108	171	0.799978
108	174	1.44125
108	175	0.759934
108	176	0.775443
108	178	0.73029
108	179	0.724319
108	180	0.719229
109	4	0.812737
109	47	0.828119
109	49	0.914273
109	68	0.914027
109	88	0.958704
109	91	0.888135
109	107	0.893784
109	122	0.860073
109	123	0.858881
109	126	0.835376
109	131	0.866425
109	134	1.55052
109	137	0.865424
109	141	0.893776
109	143	0.851367
109	144	0.886115
109	146	0.872476
109	150	0.867395
109	152	0.851114
109	157	1.35827
109	161	1.37872
109	167	0.822632
109	169	1.45781
109	172	1.91701
109	173	1.3121
109	176	1.45025
110	23	0.835965
110	48	1.36434
110	58	1.59927
110	63	0.814831
110	65	0.814243
110	71	0.868264
110	72	0.783461
110	88	1.27913
110	97	0.819102
110	101	0.827214
110	115	0.804206
110	119	0.835971
110	120	0.819147
110	124	1.5872
110	127	0.83881
110	128	0.836199
110	130	0.823595
110	132	0.823759
110	133	0.813565
110	136	0.825902
110	153	0.802968
110	157	1.6787
110	171	1.6525
110	172	0.725675
110	175	1.82116
110	177	0.867754
111	24	0.858786
111	34	0.940171
111	38	0.840151
111	53	0.786271
111	55	0.866695
111	70	0.823508
111	73	0.895711
111	78	1.3772
111	95	1.31883
111	101	0.866503
111	114	0.843411
111	132	0.863047
111	134	1.67778
111	141	0.879095
111	143	0.836686
111	146	0.857794
111	150	0.852713
111	152	0.836432
111	156	1.37474
111	158	1.31752
111	163	1.52289
111	164	0.851012
111	167	0.80795
111	172	0.764964
111	173	1.43936
111	175	1.62799
111	177	0.907042
112	5	0.888649
112	26	0.862972
112	40	0.824921
112	45	0.889967
112	60	1.70864
112	75	0.808439
112	83	1.3262
112	86	0.825594
112	89	1.47489
112	90	0.877735
112	95	1.24617
112	117	0.825206
112	120	0.856307
112	125	0.886029
112	126	0.818566
112	127	0.87597
112	130	0.860755
112	133	0.850725
112	136	0.863062
112	159	1.42934
112	165	1.37066
112	168	1.42319
112	171	1.38667
112	172	0.762835
112	173	0.84458
112	174	0.859377
112	177	0.904914
113	10	1.1553
113	62	0.902073
113	76	1.49069
113	81	1.34259
113	114	1.33411
113	115	1.32348
113	120	1.25543
113	124	0.883983
113	134	0.829057
113	144	1.13187
113	147	0.813232
113	151	0.816709
113	156	0.903348
113	157	0.871543
113	159	0.863616
113	160	0.883944
113	161	0.88051
113	162	0.879422
113	163	0.863343
113	170	0.836681
113	171	0.875385
113	174	1.05133
113	175	0.835341
113	176	0.85085
113	178	0.805698
113	179	0.799727
113	180	0.794637
114	3	0.883799
114	11	0.789077
114	15	0.750009
114	70	0.815401
114	81	0.836134
114	82	0.84281
114	87	0.880423
114	93	0.847565
114	97	0.850285
114	101	0.858396
114	105	0.822998
114	106	1.43249
114	108	1.72403
114	111	0.843411
114	113	1.33411
114	115	0.835389
114	116	0.879154
114	119	0.867153
114	128	0.867381
114	132	0.854941
114	148	1.42294
114	156	1.42696
114	159	1.55421
114	160	1.52982
114	164	1.48264
114	167	0.799844
114	172	0.756857
114	177	0.898936
115	1	1.58618
115	3	0.883883
115	11	0.789161
115	15	0.750093
115	42	0.887597
115	70	0.815485
115	73	0.887688
115	82	0.842894
115	87	0.880507
115	93	0.847649
115	97	0.850368
115	101	0.85848
115	103	1.48563
115	105	0.823081
115	110	0.804206
115	113	1.32348
115	114	0.835389
115	116	0.879238
115	119	0.867237
115	128	0.867465
115	132	0.855025
115	162	1.50823
115	165	1.4849
115	167	0.799928
115	168	1.53743
115	171	1.50092
115	172	0.756941
115	173	1.48095
116	3	0.927648
116	11	0.832926
116	15	0.793858
116	42	0.931363
116	70	0.85925
116	73	0.931453
116	82	0.88666
116	93	0.891414
116	97	0.894134
116	101	0.902245
116	105	0.866847
116	114	0.879154
116	115	0.879238
116	119	0.911002
116	128	0.91123
116	132	0.89879
116	142	1.26829
116	148	1.18018
116	156	1.18419
116	159	1.31144
116	164	1.23988
116	166	1.31847
116	167	0.843693
116	170	1.51121
116	172	0.800706
116	177	0.942785
116	178	1.75977
116	179	1.73783
117	5	0.866594
117	8	0.764474
117	26	0.840918
117	36	0.808228
117	40	0.802866
117	45	0.867913
117	66	1.56284
117	75	0.786385
117	86	0.80354
117	90	0.855681
117	112	0.825206
117	118	0.811032
117	120	0.834253
117	124	1.40844
117	125	0.863975
117	127	0.853916
117	130	0.838701
117	133	0.828671
117	136	0.841008
117	142	1.47325
117	154	1.50471
117	160	1.49202
117	164	1.44484
117	167	1.71929
117	172	0.740781
117	173	0.822526
117	174	0.837323
117	177	0.88286
117	180	2.02331
118	11	1.58881
118	22	1.53286
118	57	1.82305
118	64	1.1538
118	85	1.23165
118	101	1.44756
118	117	0.811032
118	119	1.23503
118	125	0.871855
118	127	0.861795
118	128	1.28283
118	130	0.84658
118	131	0.83544
118	133	0.83655
118	136	0.848888
118	141	0.862791
118	143	0.820382
118	144	0.85513
118	146	0.841491
118	150	0.83641
118	152	0.820129
118	158	0.871203
118	170	0.796035
118	175	0.794695
118	176	0.810204
118	177	0.890739
118	178	0.765052
118	179	0.759081
118	180	0.753991
119	11	0.820925
119	15	0.781857
119	42	0.919362
119	70	0.847249
119	73	0.919452
119	81	0.867982
119	82	0.874659
119	87	0.912272
119	93	0.879413
119	96	1.34365
119	101	0.890245
119	105	0.854846
119	110	0.835971
119	114	0.867153
119	115	0.867237
119	116	0.911002
119	118	1.23503
119	128	0.899229
119	132	0.886789
119	138	1.23436
119	160	1.23119
119	162	1.22022
119	165	1.19689
119	167	0.831692
119	172	0.788706
119	177	0.930784
119	178	1.7039
119	179	1.68196
119	180	1.76247
120	8	0.795575
120	12	0.910016
120	26	0.872019
120	36	0.839328
120	45	0.899014
120	51	1.22641
120	75	0.817486
120	86	0.834641
120	90	0.886782
120	110	0.819147
120	112	0.856307
120	113	1.25543
120	117	0.834253
120	125	0.895076
120	126	0.827612
120	127	0.885016
120	130	0.869801
120	133	0.859771
120	136	0.872109
120	148	1.34426
120	151	1.70938
120	158	1.29105
120	159	1.47552
120	162	1.44017
120	167	1.67841
120	169	1.5586
120	172	0.771882
120	173	0.853627
120	174	0.868423
120	177	0.91396
121	12	1.68937
121	46	1.98535
121	69	1.64159
121	70	1.85435
121	73	1.59352
121	77	1.79089
121	79	1.44494
121	84	0.76218
121	134	0.75569
121	138	0.803663
121	142	0.809987
121	145	0.821115
121	147	0.739864
121	151	0.743341
121	155	0.814162
121	157	0.798175
121	158	0.838481
121	160	0.810576
121	161	0.807143
121	163	0.789975
121	165	0.805372
121	166	0.808651
121	168	0.800531
121	170	0.763314
121	171	0.802018
121	175	0.761974
121	176	0.777483
121	178	0.73233
121	179	0.726359
121	180	0.721269
122	4	0.79193
122	37	0.8373
122	67	0.888965
122	74	1.16915
122	76	0.801849
122	81	0.838115
122	91	0.867327
122	94	0.851874
122	98	0.853523
122	107	0.872976
122	109	0.860073
122	123	0.838074
122	131	0.845617
122	134	1.66856
122	135	1.36579
122	137	0.844617
122	139	1.3404
122	141	0.872969
122	143	0.83056
122	144	0.865307
122	146	0.851668
122	150	0.846587
122	152	0.830307
122	153	0.836131
122	155	1.43641
122	163	1.51367
122	167	0.801825
122	171	1.45011
122	172	2.03505
122	174	0.85538
122	176	1.56829
123	37	0.836108
123	47	0.80612
123	49	0.892273
123	76	0.800657
123	91	0.866135
123	94	0.850682
123	95	1.38602
123	98	0.852331
123	107	0.871784
123	109	0.858881
123	122	0.838074
123	131	0.844425
123	135	1.4422
123	137	0.843424
123	138	1.54797
123	139	1.41681
123	140	0.839593
123	141	0.871776
123	143	0.829367
123	144	0.864115
123	146	0.850476
123	150	0.845395
123	152	0.829114
123	153	0.834938
123	154	1.55749
123	155	1.51282
123	160	1.5448
123	161	1.57317
123	167	0.800632
123	173	1.50655
123	174	0.854187
124	2	0.934064
124	4	1.52743
124	9	1.33944
124	85	1.14422
124	87	1.20394
124	110	1.5872
124	113	0.883983
124	117	1.40844
124	125	1.28585
124	126	1.29794
124	129	0.860424
124	134	0.812837
124	145	0.878262
124	151	0.800488
124	154	0.849643
124	155	0.871309
124	157	0.855322
124	158	0.895629
124	162	0.863202
124	163	0.847123
124	165	0.862519
124	168	0.857679
124	169	0.838645
124	170	0.820461
124	171	0.859165
124	174	1.16346
124	175	0.819121
124	176	0.83463
124	178	0.789478
124	179	0.783507
124	180	0.778416
125	5	0.927418
125	8	0.825297
125	26	0.901741
125	40	0.86369
125	45	0.928736
125	48	1.06299
125	51	1.1447
125	74	1.07019
125	75	0.847208
125	86	0.864363
125	90	0.916504
125	112	0.886029
125	117	0.863975
125	118	0.871855
125	120	0.895076
125	124	1.28585
125	126	0.857335
125	127	0.914739
125	129	1.28626
125	130	0.899524
125	133	0.889494
125	136	0.901831
125	157	1.37735
125	160	1.36942
125	162	1.35846
125	168	1.38766
125	172	0.801604
125	173	0.883349
125	174	0.898146
125	177	0.943683
125	180	1.90071
126	17	0.832866
126	33	0.796509
126	41	0.795389
126	50	0.861232
126	64	0.92733
126	94	0.827177
126	106	1.28419
126	107	0.848279
126	109	0.835376
126	112	0.818566
126	120	0.827612
126	124	1.29794
126	125	0.857335
126	127	0.847275
126	133	0.82203
126	136	0.834368
126	141	0.848271
126	143	0.805862
126	144	0.84061
126	150	0.82189
126	151	1.63977
126	152	0.805609
126	159	0.80845
126	161	1.40989
126	164	0.820188
126	166	1.41293
126	168	1.39976
126	170	1.60567
126	173	0.815886
126	177	0.876219
126	178	1.85423
126	180	1.91281
127	5	0.917358
127	8	0.815238
127	36	0.858991
127	40	0.85363
127	45	0.918677
127	75	0.837149
127	86	0.854304
127	90	0.906445
127	110	0.83881
127	112	0.87597
127	117	0.853916
127	118	0.861795
127	120	0.885016
127	125	0.914739
127	126	0.847275
127	130	0.889464
127	133	0.879434
127	134	1.54817
127	135	1.2454
127	136	0.891772
127	142	1.32923
127	151	1.60624
127	154	1.36069
127	156	1.24513
127	161	1.37637
127	163	1.39328
127	164	1.30082
127	172	0.791545
127	173	0.87329
127	174	0.888086
127	177	0.933623
127	178	1.82071
128	3	0.915875
128	11	0.821153
128	15	0.782085
128	42	0.91959
128	70	0.847477
128	73	0.91968
128	74	0.979751
128	81	0.86821
128	82	0.874887
128	83	1.20023
128	84	1.58042
128	87	0.9125
128	93	0.879641
128	97	0.882361
128	101	0.890473
128	105	0.855074
128	110	0.836199
128	114	0.867381
128	115	0.867465
128	116	0.91123
128	118	1.28283
128	119	0.899229
128	132	0.887017
128	149	1.21905
128	156	1.17612
128	167	0.83192
128	170	1.50314
128	171	1.26071
128	172	0.788934
128	177	0.931012
128	178	1.7517
128	179	1.72977
129	5	1.22863
129	7	1.74349
129	27	1.46814
129	82	1.2289
129	84	0.811988
129	124	0.860424
129	125	1.28626
129	134	0.805498
129	135	0.86882
129	141	1.14119
129	142	0.859795
129	143	1.42826
129	144	1.24442
129	148	0.86119
129	149	0.854909
129	151	0.793149
129	152	1.46001
129	154	0.842304
129	155	0.86397
129	156	0.879789
129	160	0.860385
129	161	0.856951
129	162	0.855862
129	165	0.85518
129	169	0.831305
129	170	0.813122
129	171	0.851826
129	175	0.811782
129	176	0.827291
129	178	0.782138
129	179	0.776167
129	180	0.771077
130	5	0.902143
130	8	0.800023
130	26	0.876467
130	36	0.843776
130	40	0.838415
130	45	0.903462
130	75	0.821934
130	80	0.87694
130	86	0.839089
130	90	0.89123
130	92	1.12442
130	95	1.27942
130	110	0.823595
130	112	0.860755
130	117	0.838701
130	118	0.84658
130	120	0.869801
130	125	0.899524
130	127	0.889464
130	133	0.864219
130	136	0.876557
130	145	1.32336
130	147	1.83559
130	156	1.33533
130	159	1.46258
130	164	1.39102
130	165	1.4039
130	167	1.66547
130	172	0.77633
130	173	0.858075
130	174	0.872871
130	176	1.5381
130	177	0.918408
131	37	0.843651
131	43	0.897158
131	49	0.899816
131	67	0.895316
131	68	0.89957
131	78	1.21868
131	89	1.38902
131	91	0.873678
131	94	0.858225
131	98	0.859874
131	107	0.879327
131	109	0.866425
131	118	0.83544
131	122	0.845617
131	123	0.844425
131	137	0.850968
131	138	1.32226
131	140	0.847136
131	141	0.87932
131	142	1.30031
131	143	0.836911
131	144	0.871659
131	146	0.858019
131	150	0.852939
131	152	0.836658
131	153	0.842482
131	157	1.32701
131	166	1.3505
131	167	0.808176
131	171	1.3008
131	172	1.88574
131	175	1.46947
131	178	1.7918
132	3	0.903435
132	11	0.808713
132	15	0.769645
132	42	0.90715
132	48	1.13337
132	70	0.835037
132	73	0.907241
132	74	1.14057
132	80	1.29212
132	81	0.85577
132	82	0.862447
132	87	0.90006
132	93	0.867201
132	97	0.869921
132	101	0.878033
132	102	1.31543
132	105	0.842634
132	110	0.823759
132	111	0.863047
132	114	0.854941
132	115	0.855025
132	116	0.89879
132	119	0.886789
132	128	0.887017
132	155	1.40783
132	156	1.33694
132	162	1.42884
132	166	1.47122
132	167	0.81948
132	170	1.66396
132	172	0.776494
132	177	0.918572
132	179	1.89059
133	5	0.892113
133	8	0.789993
133	26	0.866437
133	36	0.833746
133	39	0.907304
133	40	0.828385
133	45	0.893432
133	75	0.811904
133	80	0.86691
133	86	0.829059
133	90	0.8812
133	96	1.55275
133	106	1.34295
133	110	0.813565
133	112	0.850725
133	117	0.828671
133	118	0.83655
133	120	0.859771
133	125	0.889494
133	126	0.82203
133	127	0.879434
133	130	0.864219
133	136	0.866527
133	155	1.40831
133	156	1.33742
133	168	1.45852
133	169	1.54774
133	170	1.66444
133	171	1.42201
133	172	0.7663
133	173	0.848045
133	174	0.862841
133	177	0.908378
133	180	1.97157
134	40	1.53549
134	52	0.765042
134	75	1.88104
134	88	0.861214
134	109	1.55052
134	111	1.67778
134	113	0.829057
134	121	0.75569
134	122	1.66856
134	124	0.812837
134	127	1.54817
134	129	0.805498
134	136	1.62149
134	139	0.825337
134	141	1.42453
134	142	0.812208
134	149	0.807322
134	157	0.800397
134	158	0.840703
134	160	0.812798
134	161	0.809364
134	162	0.808276
134	163	0.792197
134	165	0.807594
134	168	0.802753
134	169	0.783719
134	171	0.804239
134	172	0.718161
134	175	0.764195
134	176	0.779704
134	178	0.734552
134	179	0.728581
134	180	0.723491
135	18	1.43505
135	37	1.42311
135	49	1.11425
135	58	0.83884
135	81	1.4357
135	89	0.855786
135	90	1.33807
135	97	1.33168
135	103	0.87621
135	122	1.36579
135	123	1.4422
135	127	1.2454
135	129	0.86882
135	138	0.869207
135	142	0.87553
135	147	0.805408
135	149	0.870645
135	151	0.808885
135	153	1.32411
135	155	0.879705
135	158	0.904025
135	160	0.87612
135	162	0.871598
135	163	0.855519
135	165	0.870916
135	166	0.874195
135	168	0.866075
135	169	0.847041
135	170	0.828858
135	175	0.827518
135	176	0.843027
135	178	0.797874
135	179	0.791903
135	180	0.786813
136	5	0.904451
136	8	0.80233
136	12	0.916771
136	26	0.878774
136	36	0.846084
136	40	0.840723
136	45	0.905769
136	75	0.824241
136	80	0.879248
136	83	1.34256
136	86	0.841396
136	90	0.893537
136	104	1.15588
136	110	0.825902
136	112	0.863062
136	117	0.841008
136	118	0.848888
136	120	0.872109
136	125	0.901831
136	126	0.834368
136	127	0.891772
136	130	0.876557
136	133	0.866527
136	134	1.62149
136	154	1.43401
136	158	1.26123
136	160	1.42131
136	161	1.44969
136	162	1.41035
136	163	1.4666
136	165	1.38702
136	172	0.778637
136	173	0.860382
136	174	0.875179
136	175	1.5717
136	177	0.920716
137	4	0.79728
137	12	0.902323
137	43	0.896158
137	47	0.812663
137	49	0.898816
137	62	1.40867
137	66	1.53309
137	67	0.894315
137	68	0.89857
137	76	0.8072
137	91	0.872678
137	92	1.14849
137	94	0.857225
137	98	0.858874
137	100	0.798094
137	104	1.19684
137	109	0.865424
137	122	0.844617
137	123	0.843424
137	131	0.850968
137	140	0.846136
137	141	0.878319
137	142	1.44351
137	143	0.835911
137	144	0.870658
137	146	0.857019
137	147	1.85967
137	150	0.851938
137	152	0.835657
137	153	0.841482
137	155	1.4303
137	158	1.30219
137	166	1.49369
137	167	0.807175
137	171	1.444
137	174	0.86073
137	176	1.56218
138	16	1.46469
138	41	1.66268
138	73	1.20992
138	83	0.869096
138	90	1.44384
138	96	0.828286
138	119	1.23436
138	121	0.803663
138	123	1.54797
138	131	1.32226
138	135	0.869207
138	139	0.873311
138	141	1.22753
138	142	0.860182
138	143	1.5146
138	145	0.87131
138	147	0.790059
138	148	0.861577
138	151	0.793536
138	154	0.842691
138	155	0.864357
138	156	0.880176
138	157	0.84837
138	158	0.888677
138	160	0.860772
138	162	0.856249
138	163	0.840171
138	165	0.855567
138	169	0.831693
138	170	0.813509
138	171	0.852213
138	172	0.766134
138	174	1.25022
138	175	0.812169
138	176	0.827678
138	177	1.14558
138	178	0.782525
138	179	0.776555
138	180	0.771464
139	35	1.51835
139	36	1.33002
139	43	0.919204
139	72	1.32134
139	81	1.41031
139	83	0.888548
139	86	1.39649
139	88	0.92864
139	89	0.85989
139	91	1.19318
139	99	0.775908
139	102	0.882942
139	122	1.3404
139	123	1.41681
139	134	0.825337
139	138	0.873311
139	145	0.890763
139	149	0.874748
139	151	0.812988
139	152	1.41519
139	153	1.29872
139	154	0.862143
139	157	0.867822
139	158	0.908129
139	159	0.859896
139	160	0.880224
139	161	0.87679
139	162	0.875702
139	163	0.859623
139	164	0.871634
139	166	0.878299
139	168	0.870179
139	169	0.851145
139	170	0.832961
139	175	0.831621
139	176	0.84713
139	177	1.01442
139	178	0.801978
139	179	0.796007
139	180	0.790917
140	9	0.894377
140	16	0.860915
140	19	0.849014
140	25	0.859601
140	30	0.849014
140	35	0.824471
140	43	0.892326
140	44	0.824382
140	54	1.17118
140	56	0.891325
140	57	0.771582
140	58	1.31481
140	59	0.891913
140	61	0.826641
140	62	1.33272
140	69	0.92207
140	77	0.841122
140	79	0.890678
140	85	0.886302
140	94	0.853393
140	123	0.839593
140	131	0.847136
140	137	0.846136
140	141	0.874488
140	143	0.832079
140	145	1.27149
140	146	0.853187
140	152	0.831826
140	153	0.83765
140	154	1.39901
140	156	1.28345
140	157	1.39425
140	158	1.22623
140	159	0.834667
140	170	1.61047
140	172	1.95298
140	174	0.856899
140	176	1.48622
140	177	0.902436
140	178	1.85903
141	37	0.871003
141	43	0.92451
141	47	0.841015
141	52	0.839422
141	54	1.00921
141	67	0.922667
141	68	0.926922
141	76	0.835552
141	84	1.52578
141	91	0.90103
141	94	0.885577
141	98	0.887226
141	103	1.19079
141	107	0.906679
141	109	0.893776
141	111	0.879095
141	118	0.862791
141	122	0.872969
141	123	0.871776
141	126	0.848271
141	129	1.14119
141	131	0.87932
141	134	1.42453
141	137	0.878319
141	138	1.22753
141	140	0.874488
141	143	0.864263
141	144	0.89901
141	146	0.885371
141	149	1.16441
141	150	0.88029
141	152	0.864009
141	153	0.869834
141	156	1.12149
141	167	0.835527
141	170	1.4485
141	172	1.79101
141	174	0.889082
141	175	1.37474
141	176	1.32425
141	179	1.67513
142	42	1.07596
142	48	0.937285
142	59	1.28808
142	76	1.66763
142	87	1.26875
142	88	0.915511
142	93	1.45353
142	95	0.888637
142	99	0.762779
142	103	0.867184
142	116	1.26829
142	117	1.47325
142	121	0.809987
142	127	1.32923
142	129	0.859795
142	131	1.30031
142	134	0.812208
142	135	0.87553
142	137	1.44351
142	138	0.860182
142	144	1.30881
142	147	0.796382
142	149	0.861619
142	154	0.849014
142	156	0.886499
142	157	0.854693
142	158	0.895
142	160	0.867095
142	161	0.863661
142	163	0.846494
142	165	0.86189
142	168	0.85705
142	169	0.838016
142	170	0.819832
142	171	0.858536
142	173	0.854202
142	174	1.22827
142	176	0.834001
142	178	0.788849
142	179	0.782878
142	180	0.777788
143	1	1.5784
143	4	0.783224
143	13	1.47301
143	37	0.828594
143	43	0.882101
143	47	0.798606
143	49	0.884759
143	51	0.876246
143	67	0.880259
143	68	0.884513
143	76	0.793143
143	91	0.858621
143	94	0.843168
143	98	0.844817
143	107	0.86427
143	109	0.851367
143	111	0.836686
143	118	0.820382
143	122	0.83056
143	123	0.829367
143	126	0.805862
143	129	1.42826
143	131	0.836911
143	137	0.835911
143	138	1.5146
143	140	0.832079
143	141	0.864263
143	144	0.856601
143	145	1.39659
143	146	0.842962
143	150	0.837881
143	152	0.821601
143	153	0.827425
143	156	1.40856
143	157	1.51935
143	158	1.35134
143	160	1.51142
143	167	0.793119
143	169	1.61888
143	173	1.47317
143	174	0.846673
143	175	1.66181
144	4	0.817971
144	43	0.916848
144	47	0.833353
144	51	0.910993
144	52	0.831761
144	67	0.915006
144	68	0.919261
144	76	0.827891
144	80	1.1799
144	81	0.864156
144	83	1.24882
144	91	0.893369
144	94	0.877915
144	98	0.879564
144	99	2.3466
144	100	0.818785
144	107	0.899018
144	109	0.886115
144	113	1.13187
144	118	0.85513
144	122	0.865307
144	123	0.864115
144	126	0.84061
144	129	1.24442
144	131	0.871659
144	137	0.870658
144	141	0.89901
144	142	1.30881
144	143	0.856601
144	146	0.87771
144	150	0.872629
144	152	0.856348
144	153	0.862172
144	155	1.2956
144	158	1.16749
144	163	1.37287
144	167	0.827866
144	171	1.3093
144	173	1.28933
144	174	0.881421
144	175	1.47797
144	176	1.42748
145	17	1.509
145	45	1.08317
145	46	1.48374
145	55	1.27284
145	56	1.13856
145	70	1.35273
145	82	1.19723
145	92	0.902462
145	95	0.899766
145	96	0.845738
145	101	1.32888
145	102	0.880942
145	104	0.942697
145	105	1.38591
145	121	0.821115
145	124	0.878262
145	130	1.32336
145	138	0.87131
145	139	0.890763
145	140	1.27149
145	143	1.39659
145	147	0.807511
145	148	0.879029
145	149	0.872748
145	153	1.31187
145	154	0.860142
145	155	0.881809
145	156	0.897628
145	158	0.906128
145	160	0.878223
145	161	0.87479
145	162	0.873701
145	165	0.873019
145	166	0.876298
145	167	0.826573
145	168	0.868178
145	170	0.830961
145	172	0.783586
145	175	0.829621
145	176	0.84513
145	178	0.799977
145	179	0.794006
145	180	0.788916
146	4	0.804332
146	12	0.909374
146	37	0.849703
146	43	0.903209
146	47	0.819714
146	49	0.905867
146	67	0.901367
146	68	0.905621
146	76	0.814252
146	80	1.24882
146	81	0.850517
146	88	1.00486
146	91	0.87973
146	94	0.864276
146	96	1.50897
146	98	0.865925
146	100	0.805146
146	102	1.27213
146	103	1.36295
146	107	0.885379
146	109	0.872476
146	111	0.857794
146	118	0.841491
146	122	0.851668
146	123	0.850476
146	131	0.858019
146	137	0.857019
146	140	0.853187
146	141	0.885371
146	143	0.842962
146	144	0.87771
146	148	1.28963
146	150	0.85899
146	152	0.842709
146	155	1.36453
146	157	1.40444
146	161	1.42488
146	164	1.34933
146	167	0.814227
146	169	1.50397
146	170	1.62066
146	172	1.96317
146	174	0.867782
147	20	1.39437
147	33	1.82303
147	45	1.5954
147	60	0.751105
147	66	0.763748
147	74	0.845815
147	82	1.70945
147	83	0.805296
147	88	0.845388
147	89	0.776638
147	93	1.86969
147	98	1.6381
147	99	0.692656
147	104	0.861446
147	106	0.793228
147	113	0.813232
147	121	0.739864
147	130	1.83559
147	135	0.805408
147	137	1.85967
147	138	0.790059
147	142	0.796382
147	145	0.807511
147	149	0.791497
147	154	0.778891
147	155	0.800558
147	156	0.816377
147	157	0.784571
147	160	0.796972
147	161	0.793539
147	162	0.79245
147	163	0.776371
147	165	0.791768
147	168	0.786927
147	170	0.74971
147	171	0.788414
147	174	1.64443
147	175	0.74837
147	176	0.763879
147	177	1.5398
147	178	0.718726
147	179	0.712755
147	180	0.707665
148	3	1.2368
148	7	1.71977
148	18	1.43076
148	58	0.831209
148	63	1.24413
148	78	0.886626
148	88	0.916906
148	90	1.33379
148	108	0.809342
148	114	1.42294
148	116	1.18018
148	120	1.34426
148	129	0.86119
148	138	0.861577
148	145	0.879029
148	146	1.28963
148	149	0.863014
148	150	1.3194
148	153	1.31983
148	154	0.850409
148	155	0.872075
148	156	0.887894
148	157	0.856088
148	158	0.896395
148	160	0.86849
148	161	0.865056
148	162	0.863968
148	163	0.847889
148	164	0.8599
148	165	0.863285
148	166	0.866565
148	167	0.816839
148	168	0.858445
148	169	0.839411
148	170	0.821227
148	171	0.859931
148	173	0.855598
148	174	1.14016
148	175	0.819887
148	176	0.835396
148	177	1.03553
148	178	0.790244
148	179	0.784273
148	180	0.779183
149	13	0.836973
149	28	1.21441
149	44	1.3749
149	54	0.904059
149	57	1.75926
149	77	1.34416
149	94	1.37267
149	101	1.38377
149	103	0.862298
149	107	1.2953
149	128	1.21905
149	129	0.854909
149	134	0.807322
149	135	0.870645
149	139	0.874748
149	141	1.16441
149	142	0.861619
149	145	0.872748
149	147	0.791497
149	148	0.863014
149	150	1.36633
149	152	1.48323
149	153	1.36676
149	154	0.844128
149	155	0.865794
149	156	0.881613
149	157	0.849808
149	158	0.890114
149	160	0.862209
149	161	0.858775
149	162	0.857687
149	165	0.857005
149	166	0.860284
149	168	0.852164
149	169	0.83313
149	170	0.814946
149	171	0.85365
149	172	0.767572
149	173	0.849317
149	175	0.813606
149	176	0.829116
149	177	1.08246
149	178	0.783963
149	179	0.777992
149	180	0.772902
150	2	0.927137
150	4	0.799251
150	37	0.844622
150	43	0.898128
150	47	0.814633
150	49	0.900787
150	51	0.892273
150	52	0.813041
150	67	0.896286
150	68	0.900541
150	76	0.809171
150	81	0.845436
150	83	1.34752
150	91	0.874649
150	92	1.11249
150	94	0.859195
150	98	0.860845
150	100	0.800065
150	102	1.3019
150	107	0.880298
150	109	0.867395
150	111	0.852713
150	118	0.83641
150	122	0.846587
150	123	0.845395
150	126	0.82189
150	131	0.852939
150	137	0.851938
150	141	0.88029
150	143	0.837881
150	144	0.872629
150	146	0.85899
150	148	1.3194
150	149	1.36633
150	152	0.837628
150	153	0.843452
150	154	1.43897
150	164	1.3791
150	165	1.39198
150	166	1.45769
150	167	0.809146
150	168	1.44451
150	169	1.53373
150	174	0.862701
150	175	1.57666
150	176	1.52618
150	178	1.89899
151	15	2.4045
151	32	1.63737
151	42	1.35298
151	54	0.842299
151	61	1.72662
151	67	1.52076
151	78	0.818585
151	82	1.57031
151	83	0.808773
151	94	1.69085
151	95	0.821991
151	99	0.696133
151	104	0.864923
151	106	0.796705
151	113	0.816709
151	120	1.70938
151	121	0.743341
151	124	0.800488
151	126	1.63977
151	127	1.60624
151	129	0.793149
151	135	0.808885
151	138	0.793536
151	139	0.812988
151	154	0.782368
151	155	0.804034
151	156	0.819853
151	157	0.788048
151	158	0.828354
151	160	0.800449
151	161	0.797016
151	162	0.795927
151	163	0.779848
151	164	0.79186
151	165	0.795245
151	166	0.798524
151	168	0.790404
151	169	0.77137
151	170	0.753187
151	171	0.791891
151	175	0.751847
151	176	0.767356
151	177	1.40065
151	178	0.722203
151	179	0.716232
151	180	0.711142
152	2	0.910856
152	4	0.78297
152	12	0.888013
152	13	1.50476
152	37	0.828341
152	43	0.881848
152	47	0.798353
152	49	0.884506
152	51	0.875993
152	52	0.79676
152	58	1.47167
152	67	0.880005
152	68	0.88426
152	74	1.24393
152	76	0.79289
152	81	0.829155
152	88	1.15153
152	91	0.858368
152	94	0.842915
152	98	0.844564
152	100	0.783784
152	106	1.44584
152	107	0.864017
152	109	0.851114
152	111	0.836432
152	118	0.820129
152	122	0.830307
152	123	0.829114
152	126	0.805609
152	129	1.46001
152	131	0.836658
152	137	0.835657
152	139	1.41519
152	140	0.831826
152	141	0.864009
152	143	0.821601
152	144	0.856348
152	146	0.842709
152	149	1.48323
152	150	0.837628
152	153	0.827172
152	156	1.44031
152	159	1.56756
152	160	1.54317
152	162	1.53221
152	167	0.792865
152	173	1.50492
152	174	0.84642
152	175	1.69356
153	14	0.845447
153	19	0.84436
153	21	0.85769
153	23	0.865992
153	27	0.846162
153	28	0.864768
153	30	0.84436
153	31	0.858336
153	46	0.79213
153	49	0.89033
153	54	1.21157
153	63	0.844859
153	65	0.844271
153	69	0.917415
153	71	0.898292
153	72	0.813489
153	74	1.12747
153	76	0.798714
153	77	0.836468
153	78	1.3263
153	79	0.886024
153	80	1.27902
153	85	0.881647
153	91	0.864192
153	100	0.789608
153	110	0.802968
153	122	0.836131
153	123	0.834938
153	131	0.842482
153	135	1.32411
153	137	0.841482
153	139	1.29872
153	140	0.83765
153	141	0.869834
153	143	0.827425
153	144	0.862172
153	145	1.31187
153	148	1.31983
153	149	1.36676
153	150	0.843452
153	152	0.827172
153	159	0.830013
153	168	1.44494
153	170	1.65086
153	172	1.99337
153	173	1.38846
153	174	0.852244
153	179	1.87748
154	18	1.55033
154	38	1.45003
154	50	1.30977
154	61	1.48106
154	71	1.15923
154	78	0.867739
154	83	0.857928
154	92	0.873842
154	94	1.4453
154	96	0.817118
154	100	1.49977
154	106	0.845859
154	117	1.50471
154	123	1.55749
154	124	0.849643
154	127	1.36069
154	129	0.842304
154	136	1.43401
154	138	0.842691
154	139	0.862143
154	140	1.39901
154	142	0.849014
154	145	0.860142
154	147	0.778891
154	148	0.850409
154	149	0.844128
154	150	1.43897
154	151	0.782368
154	155	0.853189
154	156	0.869008
154	157	0.837202
154	158	0.877509
154	160	0.849604
154	162	0.845082
154	163	0.829003
154	164	0.841014
154	165	0.844399
154	166	0.847679
154	167	0.797953
154	168	0.839559
154	169	0.820525
154	170	0.802341
154	171	0.841045
154	173	0.836711
154	174	1.25973
154	175	0.801001
154	176	0.81651
154	178	0.771358
154	179	0.765387
154	180	0.760296
155	5	1.27982
155	12	1.27061
155	36	1.42603
155	39	0.967323
155	45	1.16603
155	46	1.56659
155	50	1.2651
155	58	0.83399
155	63	1.31903
155	66	0.838046
155	74	0.920112
155	89	0.850936
155	99	0.766954
155	103	0.871359
155	104	0.935744
155	108	0.812122
155	121	0.814162
155	122	1.43641
155	123	1.51282
155	124	0.871309
155	129	0.86397
155	132	1.40783
155	133	1.40831
155	135	0.879705
155	137	1.4303
155	138	0.864357
155	144	1.2956
155	145	0.881809
155	146	1.36453
155	147	0.800558
155	148	0.872075
155	149	0.865794
155	151	0.804034
155	154	0.853189
155	157	0.858868
155	160	0.87127
155	161	0.867836
155	162	0.866748
155	163	0.850669
155	165	0.866065
155	166	0.869345
155	168	0.861225
155	169	0.842191
155	172	0.776633
155	173	0.858378
155	175	0.822667
155	176	0.838176
155	177	1.11043
155	178	0.793024
155	179	0.787053
155	180	0.781963
156	1	0.861361
156	13	0.861853
156	14	1.411
156	40	1.23245
156	54	0.928939
156	60	0.841222
156	77	1.30124
156	84	0.838693
156	87	1.18465
156	92	0.911328
156	95	0.908631
156	96	0.854604
156	106	0.883344
156	111	1.37474
156	113	0.903348
156	114	1.42696
156	116	1.18419
156	127	1.24513
156	128	1.17612
156	129	0.879789
156	130	1.33533
156	132	1.33694
156	133	1.33742
156	138	0.880176
156	140	1.28345
156	141	1.12149
156	142	0.886499
156	143	1.40856
156	145	0.897628
156	147	0.816377
156	148	0.887894
156	149	0.881613
156	151	0.819853
156	152	1.44031
156	154	0.869008
156	157	0.874687
156	158	0.914994
156	159	0.866761
156	161	0.883655
156	162	0.882567
156	163	0.866488
156	164	0.878499
156	166	0.885164
156	167	0.835438
156	169	0.85801
156	170	0.839826
156	171	0.87853
156	172	0.792452
156	175	0.838486
156	176	0.853995
156	178	0.808843
156	180	0.797782
157	21	1.21188
157	33	1.43356
157	43	1.05512
157	48	0.925474
157	60	0.809416
157	66	0.822059
157	76	1.69433
157	86	1.5324
157	93	1.48023
157	95	0.876825
157	96	0.822798
157	97	1.4422
157	99	0.750967
157	103	0.855373
157	104	0.919757
157	106	0.851538
157	109	1.35827
157	110	1.6787
157	113	0.871543
157	121	0.798175
157	124	0.855322
157	125	1.37735
157	131	1.32701
157	134	0.800397
157	138	0.84837
157	139	0.867822
157	140	1.39425
157	142	0.854693
157	143	1.51935
157	146	1.40444
157	147	0.784571
157	148	0.856088
157	149	0.849808
157	151	0.788048
157	154	0.837202
157	155	0.858868
157	156	0.874687
157	158	0.883188
157	160	0.855283
157	161	0.85185
157	164	0.846694
157	166	0.853358
157	168	0.845238
157	169	0.826204
157	170	0.808021
157	171	0.846725
157	173	0.842391
157	175	0.80668
157	176	0.82219
157	177	1.15033
157	178	0.777037
157	179	0.771066
157	180	0.765976
158	8	1.76689
158	12	1.1425
158	34	1.10682
158	41	1.49941
158	51	0.927066
158	69	1.09472
158	72	1.28924
158	83	0.903914
158	85	1.06772
158	95	0.917132
158	101	1.28363
158	102	0.898308
158	106	0.891845
158	107	1.19515
158	108	0.836441
158	111	1.31752
158	118	0.871203
158	120	1.29105
158	121	0.838481
158	124	0.895629
158	134	0.840703
158	135	0.904025
158	136	1.26123
158	137	1.30219
158	138	0.888677
158	139	0.908129
158	140	1.22623
158	142	0.895
158	143	1.35134
158	144	1.16749
158	145	0.906128
158	148	0.896395
158	149	0.890114
158	151	0.828354
158	154	0.877509
158	156	0.914994
158	157	0.883188
158	160	0.89559
158	161	0.892156
158	162	0.891067
158	163	0.874989
158	165	0.890385
158	166	0.893665
158	168	0.885545
158	169	0.866511
158	170	0.848327
158	171	0.887031
158	172	0.800952
158	174	1.08696
158	175	0.846987
158	176	0.862496
158	178	0.817343
158	179	0.811373
158	180	0.806282
159	3	1.36806
159	10	0.880937
159	14	0.842464
159	17	0.851445
159	19	0.841377
159	23	1.16508
159	30	0.841377
159	32	0.841587
159	33	0.815088
159	41	0.813969
159	50	0.879812
159	51	0.878834
159	64	0.945909
159	67	1.2869
159	69	0.914432
159	73	1.23113
159	77	0.833485
159	79	0.88304
159	85	0.878664
159	94	1.457
159	97	1.45866
159	100	0.786625
159	105	1.52513
159	112	1.42934
159	113	0.863616
159	114	1.55421
159	116	1.31144
159	120	1.47552
159	126	0.80845
159	130	1.46258
159	139	0.859896
159	140	0.834667
159	152	1.56756
159	153	0.830013
159	156	0.866761
159	164	0.838768
159	165	0.842153
159	166	0.845432
159	168	0.837312
159	169	0.818278
159	170	0.800094
159	171	0.838798
159	173	0.834465
159	174	0.849261
159	175	0.798754
159	177	1.16679
159	178	0.769111
159	179	0.76314
159	180	0.75805
160	19	1.33358
160	31	1.30424
160	43	1.04719
160	48	0.937875
160	49	1.21685
160	50	1.29707
160	60	0.821818
160	89	0.847351
160	90	1.44066
160	95	0.889227
160	96	0.835199
160	97	1.43427
160	103	0.867774
160	108	0.808536
160	113	0.883944
160	114	1.52982
160	117	1.49202
160	119	1.23119
160	121	0.810576
160	123	1.5448
160	125	1.36942
160	129	0.860385
160	134	0.812798
160	135	0.87612
160	136	1.42131
160	138	0.860772
160	139	0.880224
160	142	0.867095
160	143	1.51142
160	145	0.878223
160	147	0.796972
160	148	0.86849
160	149	0.862209
160	151	0.800449
160	152	1.54317
160	154	0.849604
160	155	0.87127
160	157	0.855283
160	158	0.89559
160	161	0.864251
160	163	0.847084
160	165	0.86248
160	166	0.86576
160	168	0.85764
160	169	0.838606
160	170	0.820422
160	171	0.859126
160	172	0.773047
160	173	0.854792
160	175	0.819082
160	176	0.834591
160	177	1.1424
160	178	0.789439
160	179	0.783468
160	180	0.778377
161	1	0.838523
161	4	1.63938
161	10	1.37939
161	22	1.55739
161	34	1.29528
161	54	0.906101
161	55	1.41604
161	60	0.818384
161	62	0.88238
161	64	1.17832
161	68	1.26855
161	71	1.17491
161	81	1.56667
161	89	0.843917
161	95	0.885793
161	96	0.831766
161	99	0.759935
161	102	0.866969
161	108	0.805103
161	109	1.37872
161	113	0.88051
161	121	0.807143
161	123	1.57317
161	126	1.40989
161	127	1.37637
161	129	0.856951
161	134	0.809364
161	136	1.44969
161	139	0.87679
161	142	0.863661
161	145	0.87479
161	146	1.42488
161	147	0.793539
161	148	0.865056
161	149	0.858775
161	151	0.797016
161	155	0.867836
161	156	0.883655
161	157	0.85185
161	158	0.892156
161	160	0.864251
161	162	0.859729
161	165	0.859047
161	167	0.8126
161	168	0.854206
161	169	0.835172
161	170	0.816988
161	171	0.855692
161	172	0.769614
161	173	0.851359
161	175	0.815648
161	176	0.831157
161	177	1.17078
161	178	0.786005
161	179	0.780034
161	180	0.774944
162	6	0.838692
162	24	1.31823
162	53	1.77868
162	54	0.905012
162	58	0.825882
162	68	1.22921
162	69	1.24384
162	82	1.30109
162	84	0.814766
162	86	1.51351
162	89	0.842828
162	91	1.3102
162	92	0.887401
162	95	0.884705
162	98	1.22974
162	99	0.758847
162	101	1.43275
162	103	0.863252
162	106	0.859418
162	107	1.34427
162	108	0.804014
162	113	0.879422
162	115	1.50823
162	119	1.22022
162	120	1.44017
162	124	0.863202
162	125	1.35846
162	129	0.855862
162	132	1.42884
162	134	0.808276
162	135	0.871598
162	136	1.41035
162	138	0.856249
162	139	0.875702
162	145	0.873701
162	147	0.79245
162	148	0.863968
162	149	0.857687
162	151	0.795927
162	152	1.53221
162	154	0.845082
162	155	0.866748
162	156	0.882567
162	158	0.891067
162	161	0.859729
162	163	0.842561
162	165	0.857958
162	166	0.861237
162	167	0.811512
162	168	0.853117
162	169	0.834083
162	170	0.8159
162	171	0.854604
162	173	0.85027
162	175	0.81456
162	176	0.830069
162	178	0.784916
162	179	0.778945
162	180	0.773855
163	6	0.822613
163	14	1.55915
163	32	1.42441
163	34	1.31219
163	47	1.505
163	49	1.26213
163	52	0.799327
163	58	0.809803
163	62	0.865213
163	65	1.53669
163	66	0.813859
163	70	1.51285
163	72	1.49461
163	74	0.895926
163	84	0.798687
163	89	0.826749
163	90	1.48595
163	92	0.871322
163	93	1.51759
163	94	1.47789
163	95	0.868626
163	99	0.742768
163	102	0.849802
163	103	0.847173
163	104	0.911558
163	108	0.787935
163	111	1.52289
163	113	0.863343
163	121	0.789975
163	122	1.51367
163	124	0.847123
163	127	1.39328
163	134	0.792197
163	135	0.855519
163	136	1.4666
163	138	0.840171
163	139	0.859623
163	142	0.846494
163	144	1.37287
163	147	0.776371
163	148	0.847889
163	151	0.779848
163	154	0.829003
163	155	0.850669
163	156	0.866488
163	158	0.874989
163	160	0.847084
163	162	0.842561
163	165	0.841879
163	166	0.845159
163	168	0.837039
163	169	0.818005
163	170	0.799821
163	171	0.838525
163	172	0.752446
163	173	0.834191
163	174	1.29233
163	175	0.798481
163	176	0.81399
163	178	0.768837
163	179	0.762867
163	180	0.757776
164	3	1.2965
164	7	0.789745
164	10	0.892675
164	11	1.53778
164	17	0.863183
164	18	0.869203
164	20	0.911036
164	22	0.860932
164	24	0.85828
164	27	1.50412
164	29	0.862119
164	32	0.853325
164	33	0.826826
164	34	0.939665
164	38	0.839645
164	41	0.825707
164	44	1.38766
164	46	1.55139
164	50	0.89155
164	51	0.890572
164	53	0.785765
164	55	0.866189
164	56	1.20621
164	64	0.957647
164	80	0.865069
164	94	1.38543
164	98	1.19353
164	111	0.851012
164	114	1.48264
164	116	1.23988
164	117	1.44484
164	126	0.820188
164	127	1.30082
164	130	1.39102
164	139	0.871634
164	146	1.34933
164	148	0.8599
164	150	1.3791
164	151	0.79186
164	154	0.841014
164	156	0.878499
164	157	0.846694
164	159	0.838768
164	165	0.853891
164	168	0.84905
164	169	0.830016
164	170	0.811832
164	171	0.850536
164	172	0.764458
164	173	0.846203
164	174	1.19986
164	175	0.810492
164	178	0.780849
164	179	0.774878
164	180	0.769788
165	12	1.26829
165	27	1.51701
165	29	1.31609
165	32	1.34483
165	33	1.39134
165	38	1.40305
165	48	0.932671
165	75	1.64657
165	77	1.36981
165	78	0.880616
165	83	0.870804
165	84	0.814084
165	89	0.842146
165	91	1.28687
165	92	0.886719
165	96	0.829995
165	101	1.40942
165	102	0.865199
165	103	0.86257
165	104	0.926954
165	106	0.858735
165	108	0.803332
165	112	1.37066
165	115	1.4849
165	119	1.19689
165	121	0.805372
165	124	0.862519
165	129	0.85518
165	130	1.4039
165	134	0.807594
165	135	0.870916
165	136	1.38702
165	138	0.855567
165	142	0.86189
165	145	0.873019
165	147	0.791768
165	148	0.863285
165	149	0.857005
165	150	1.39198
165	151	0.795245
165	154	0.844399
165	155	0.866065
165	158	0.890385
165	159	0.842153
165	160	0.86248
165	161	0.859047
165	162	0.857958
165	163	0.841879
165	164	0.853891
165	166	0.860555
165	167	0.810829
165	169	0.833401
165	170	0.815218
165	171	0.853922
165	173	0.849588
165	174	1.21275
165	175	0.813877
165	176	0.829387
165	177	1.10811
165	178	0.784234
165	179	0.778263
165	180	0.773173
166	6	0.841289
166	9	1.45443
166	25	1.29334
166	26	1.26658
166	37	1.55712
166	42	1.12615
166	45	1.22942
166	52	0.818003
166	61	1.49978
166	62	0.883889
166	66	0.832535
166	67	1.29393
166	68	1.27159
166	74	0.914602
166	78	0.883895
166	84	0.817363
166	86	1.55589
166	87	1.31893
166	89	0.845425
166	92	0.889998
166	96	0.833274
166	99	0.761444
166	102	0.868478
166	103	0.865849
166	104	0.930234
166	106	0.862015
166	108	0.806611
166	116	1.31847
166	121	0.808651
166	126	1.41293
166	131	1.3505
166	132	1.47122
166	135	0.874195
166	137	1.49369
166	139	0.878299
166	145	0.876298
166	148	0.866565
166	149	0.860284
166	150	1.45769
166	151	0.798524
166	154	0.847679
166	155	0.869345
166	156	0.885164
166	157	0.853358
166	158	0.893665
166	159	0.845432
166	160	0.86576
166	162	0.861237
166	163	0.845159
166	165	0.860555
166	167	0.814109
166	168	0.855715
166	169	0.83668
166	170	0.818497
166	171	0.857201
166	172	0.771122
166	174	1.27845
166	175	0.817157
166	176	0.832666
166	178	0.787513
166	179	0.781542
166	180	0.776452
167	11	0.753616
167	17	1.8511
167	23	1.36797
167	25	1.4892
167	29	1.57766
167	30	1.50495
167	31	1.53151
167	40	1.56259
167	55	1.61494
167	56	1.48066
167	63	1.57828
167	64	1.37722
167	65	1.71867
167	69	1.48208
167	82	0.80735
167	87	0.844963
167	93	0.812104
167	94	0.814433
167	97	0.814824
167	98	0.816082
167	101	0.822936
167	102	0.818752
167	105	0.787537
167	109	0.822632
167	111	0.80795
167	114	0.799844
167	115	0.799928
167	116	0.843693
167	117	1.71929
167	119	0.831692
167	120	1.67841
167	122	0.801825
167	123	0.800632
167	128	0.83192
167	130	1.66547
167	131	0.808176
167	132	0.81948
167	137	0.807175
167	141	0.835527
167	143	0.793119
167	144	0.827866
167	145	0.826573
167	146	0.814227
167	148	0.816839
167	150	0.809146
167	152	0.792865
167	154	0.797953
167	156	0.835438
167	161	0.8126
167	162	0.811512
167	165	0.810829
167	166	0.814109
167	170	0.768771
167	171	0.807475
167	172	0.721397
167	173	0.803142
167	174	0.817938
167	175	0.767431
167	176	0.78294
167	177	0.863475
167	178	0.737788
167	179	0.731817
167	180	0.726727
168	10	1.36925
168	13	0.832403
168	19	1.35182
168	25	1.28016
168	28	1.29259
168	35	1.66457
168	58	0.820359
168	60	0.811773
168	62	0.875768
168	66	0.824415
168	73	1.22498
168	74	0.906482
168	76	1.70464
168	78	0.875775
168	81	1.55653
168	83	0.865964
168	84	0.809243
168	87	1.30575
168	88	0.906056
168	96	0.825154
168	97	1.45251
168	99	0.753324
168	106	0.853895
168	108	0.798491
168	112	1.42319
168	115	1.53743
168	121	0.800531
168	124	0.857679
168	125	1.38766
168	126	1.39976
168	133	1.45852
168	134	0.802753
168	135	0.866075
168	139	0.870179
168	142	0.85705
168	145	0.868178
168	147	0.786927
168	148	0.858445
168	149	0.852164
168	150	1.44451
168	151	0.790404
168	153	1.44494
168	154	0.839559
168	155	0.861225
168	157	0.845238
168	158	0.885545
168	159	0.837312
168	160	0.85764
168	161	0.854206
168	162	0.853117
168	163	0.837039
168	164	0.84905
168	166	0.855715
168	169	0.82856
168	170	0.810377
168	171	0.849081
168	172	0.763002
168	173	0.844747
168	175	0.809037
168	176	0.824546
168	177	1.16064
168	178	0.779393
168	179	0.773422
168	180	0.768332
169	3	1.45114
169	6	0.814135
169	20	1.10444
169	34	1.37437
169	48	0.908796
169	57	1.92666
169	59	1.41431
169	60	0.792739
169	62	0.856734
169	67	1.36997
169	74	0.887448
169	78	0.856741
169	79	1.16561
169	84	0.790209
169	85	1.33526
169	88	0.887022
169	89	0.818271
169	90	1.54812
169	92	0.862844
169	96	0.80612
169	99	0.73429
169	100	1.59454
169	102	0.841324
169	104	0.90308
169	106	0.834861
169	109	1.45781
169	120	1.5586
169	124	0.838645
169	129	0.831305
169	133	1.54774
169	134	0.783719
169	135	0.847041
169	138	0.831693
169	139	0.851145
169	142	0.838016
169	143	1.61888
169	146	1.50397
169	148	0.839411
169	149	0.83313
169	150	1.53373
169	151	0.77137
169	154	0.820525
169	155	0.842191
169	156	0.85801
169	157	0.826204
169	158	0.866511
169	159	0.818278
169	160	0.838606
169	161	0.835172
169	162	0.834083
169	163	0.818005
169	164	0.830016
169	165	0.833401
169	166	0.83668
169	168	0.82856
169	170	0.791343
169	171	0.830047
169	172	0.743968
169	173	0.825713
169	174	1.3545
169	175	0.790003
169	176	0.805512
169	177	1.24986
169	178	0.760359
169	179	0.754388
169	180	0.749298
170	1	0.794694
170	13	0.795186
170	26	1.45932
170	38	1.66149
170	49	1.441
170	59	1.531
170	60	0.774555
170	62	0.838551
170	63	1.57516
170	74	0.869264
170	84	0.772026
170	88	0.868838
170	92	0.844661
170	95	0.841964
170	102	0.82314
170	103	0.820511
170	105	1.7249
170	106	0.816677
170	108	0.761274
170	113	0.836681
170	116	1.51121
170	118	0.796035
170	121	0.763314
170	124	0.820461
170	126	1.60567
170	128	1.50314
170	129	0.813122
170	132	1.66396
170	133	1.66444
170	135	0.828858
170	138	0.813509
170	139	0.832961
170	140	1.61047
170	141	1.4485
170	142	0.819832
170	145	0.830961
170	146	1.62066
170	147	0.74971
170	148	0.821227
170	149	0.814946
170	151	0.753187
170	153	1.65086
170	154	0.802341
170	156	0.839826
170	157	0.808021
170	158	0.848327
170	159	0.800094
170	160	0.820422
170	161	0.816988
170	162	0.8159
170	163	0.799821
170	164	0.811832
170	165	0.815218
170	166	0.818497
170	167	0.768771
170	168	0.810377
170	169	0.791343
170	171	0.811863
170	172	0.725785
170	173	0.80753
170	174	1.47119
170	175	0.771819
170	176	0.787328
170	177	1.36656
170	178	0.742176
170	179	0.736205
170	180	0.731115
171	1	0.833398
171	19	1.3153
171	22	1.51074
171	30	1.2594
171	31	1.28596
171	32	1.36084
171	36	1.43973
171	47	1.44143
171	53	1.77137
171	54	0.900976
171	58	0.821846
171	64	1.13167
171	69	1.23653
171	74	0.907968
171	80	0.8651
171	81	1.52002
171	83	0.86745
171	84	0.81073
171	88	0.907542
171	89	0.838792
171	92	0.883365
171	96	0.826641
171	99	0.75481
171	102	0.861844
171	103	0.859215
171	104	0.9236
171	106	0.855381
171	108	0.799978
171	110	1.6525
171	112	1.38667
171	113	0.875385
171	115	1.50092
171	121	0.802018
171	122	1.45011
171	124	0.859165
171	128	1.26071
171	129	0.851826
171	131	1.3008
171	133	1.42201
171	134	0.804239
171	137	1.444
171	138	0.852213
171	142	0.858536
171	144	1.3093
171	147	0.788414
171	148	0.859931
171	149	0.85365
171	151	0.791891
171	154	0.841045
171	156	0.87853
171	157	0.846725
171	158	0.887031
171	159	0.838798
171	160	0.859126
171	161	0.855692
171	162	0.854604
171	163	0.838525
171	164	0.850536
171	165	0.853922
171	166	0.857201
171	167	0.807475
171	168	0.849081
171	169	0.830047
171	170	0.811863
171	172	0.764489
171	175	0.810523
171	176	0.826032
171	178	0.78088
171	179	0.774909
171	180	0.769819
172	11	0.71063
172	26	0.778547
172	28	1.84101
172	30	1.84434
172	43	1.61385
172	47	2.02637
172	68	1.80684
172	70	0.736954
172	73	0.809157
172	75	0.724014
172	82	0.764363
172	86	0.741169
172	87	0.801976
172	90	0.79331
172	93	0.769117
172	98	1.80737
172	101	0.779949
172	107	1.9219
172	109	1.91701
172	110	0.725675
172	111	0.764964
172	112	0.762835
172	114	0.756857
172	115	0.756941
172	116	0.800706
172	117	0.740781
172	119	0.788706
172	120	0.771882
172	122	2.03505
172	125	0.801604
172	127	0.791545
172	128	0.788934
172	130	0.77633
172	131	1.88574
172	132	0.776494
172	133	0.7663
172	134	0.718161
172	136	0.778637
172	138	0.766134
172	140	1.95298
172	141	1.79101
172	145	0.783586
172	146	1.96317
172	149	0.767572
172	153	1.99337
172	155	0.776633
172	156	0.792452
172	158	0.800952
172	160	0.773047
172	161	0.769614
172	163	0.752446
172	164	0.764458
172	166	0.771122
172	167	0.721397
172	168	0.763002
172	169	0.743968
172	170	0.725785
172	171	0.764489
172	173	0.760155
172	174	0.774951
172	175	0.724445
172	176	0.739954
172	177	0.820489
172	178	0.694801
172	179	0.68883
172	180	0.68374
173	9	1.38476
173	10	0.888372
173	16	1.42327
173	17	0.85888
173	21	1.1657
173	32	0.849022
173	33	0.822524
173	35	1.60808
173	36	0.827602
173	37	1.48746
173	40	0.82224
173	41	0.821404
173	45	0.887287
173	50	0.887247
173	51	0.886269
173	59	1.2686
173	64	0.953344
173	65	1.45315
173	75	0.805759
173	79	1.0199
173	86	0.822914
173	90	0.875055
173	91	1.28292
173	100	1.44883
173	105	1.46249
173	109	1.3121
173	111	1.43936
173	112	0.84458
173	115	1.48095
173	117	0.822526
173	120	0.853627
173	123	1.50655
173	125	0.883349
173	126	0.815886
173	127	0.87329
173	130	0.858075
173	133	0.848045
173	136	0.860382
173	142	0.854202
173	143	1.47317
173	144	1.28933
173	148	0.855598
173	149	0.849317
173	152	1.50492
173	153	1.38846
173	154	0.836711
173	155	0.858378
173	157	0.842391
173	159	0.834465
173	160	0.854792
173	161	0.851359
173	162	0.85027
173	163	0.834191
173	164	0.846203
173	165	0.849588
173	167	0.803142
173	168	0.844747
173	169	0.825713
173	170	0.80753
173	172	0.760155
173	174	0.856696
173	175	0.80619
173	177	0.902233
173	178	0.776546
173	179	0.770575
173	180	0.765485
174	4	0.808043
174	5	0.900765
174	6	1.2783
174	14	0.864695
174	19	0.863609
174	30	0.863609
174	36	0.842398
174	37	0.853414
174	39	0.965642
174	40	0.837037
174	45	0.902084
174	47	0.823426
174	52	0.821833
174	62	1.19344
174	66	1.31786
174	67	0.905078
174	68	0.909333
174	69	0.936664
174	75	0.820556
174	76	0.817963
174	77	0.855717
174	79	0.905272
174	81	0.854228
174	85	0.900896
174	86	0.837711
174	90	0.889851
174	98	0.869637
174	100	0.808857
174	107	0.88909
174	108	1.44125
174	112	0.859377
174	113	1.05133
174	117	0.837323
174	120	0.868423
174	122	0.85538
174	123	0.854187
174	124	1.16346
174	125	0.898146
174	127	0.888086
174	130	0.872871
174	133	0.862841
174	136	0.875179
174	137	0.86073
174	138	1.25022
174	140	0.856899
174	141	0.889082
174	142	1.22827
174	143	0.846673
174	144	0.881421
174	146	0.867782
174	147	1.64443
174	148	1.14016
174	150	0.862701
174	152	0.84642
174	153	0.852244
174	154	1.25973
174	158	1.08696
174	159	0.849261
174	163	1.29233
174	164	1.19986
174	165	1.21275
174	166	1.27845
174	167	0.817938
174	169	1.3545
174	170	1.47119
174	172	0.774951
174	173	0.856696
174	176	1.34694
174	177	0.91703
174	178	1.71975
174	179	1.69782
174	180	1.77833
175	1	0.793354
175	6	0.794611
175	8	2.07736
175	13	0.793846
175	28	1.42474
175	47	1.6101
175	48	0.889273
175	50	1.44746
175	53	1.94004
175	54	0.860932
175	58	0.781802
175	60	0.773215
175	61	1.61876
175	62	0.837211
175	64	1.30034
175	66	0.785858
175	74	0.867924
175	77	1.55449
175	79	1.20854
175	83	0.827406
175	84	0.770686
175	88	0.867498
175	92	0.843321
175	95	0.840624
175	96	0.786597
175	99	0.714766
175	100	1.63747
175	102	0.8218
175	104	0.883556
175	106	0.815337
175	107	1.50563
175	108	0.759934
175	110	1.82116
175	111	1.62799
175	113	0.835341
175	118	0.794695
175	121	0.761974
175	124	0.819121
175	129	0.811782
175	131	1.46947
175	134	0.764195
175	135	0.827518
175	136	1.5717
175	138	0.812169
175	139	0.831621
175	141	1.37474
175	143	1.66181
175	144	1.47797
175	145	0.829621
175	147	0.74837
175	148	0.819887
175	149	0.813606
175	150	1.57666
175	151	0.751847
175	152	1.69356
175	154	0.801001
175	155	0.822667
175	156	0.838486
175	157	0.80668
175	158	0.846987
175	159	0.798754
175	160	0.819082
175	161	0.815648
175	162	0.81456
175	163	0.798481
175	164	0.810492
175	165	0.813877
175	166	0.817157
175	167	0.767431
175	168	0.809037
175	169	0.790003
175	170	0.771819
175	171	0.810523
175	172	0.724445
175	173	0.80619
175	176	0.785988
175	178	0.740836
175	179	0.734865
175	180	0.729775
176	1	0.808863
176	6	0.81012
176	10	1.45091
176	13	0.809355
176	33	1.52554
176	44	1.53474
176	48	0.904782
176	50	1.39698
176	54	0.876441
176	58	0.797311
176	60	0.788724
176	62	0.85272
176	66	0.801367
176	70	1.56747
176	74	0.883433
176	77	1.504
176	78	0.852727
176	80	0.840565
176	83	0.842915
176	84	0.786195
176	86	1.62437
176	88	0.883007
176	91	1.42107
176	92	0.85883
176	93	1.5722
176	95	0.856133
176	96	0.802106
176	97	1.53417
176	99	0.730275
176	102	0.837309
176	103	0.83468
176	104	0.899065
176	105	1.60064
176	106	0.830846
176	107	1.45514
176	108	0.775443
176	109	1.45025
176	113	0.85085
176	118	0.810204
176	121	0.777483
176	122	1.56829
176	124	0.83463
176	129	0.827291
176	130	1.5381
176	134	0.779704
176	135	0.843027
176	137	1.56218
176	138	0.827678
176	139	0.84713
176	140	1.48622
176	141	1.32425
176	142	0.834001
176	144	1.42748
176	145	0.84513
176	147	0.763879
176	148	0.835396
176	149	0.829116
176	150	1.52618
176	151	0.767356
176	154	0.81651
176	155	0.838176
176	156	0.853995
176	157	0.82219
176	158	0.862496
176	160	0.834591
176	161	0.831157
176	162	0.830069
176	163	0.81399
176	165	0.829387
176	166	0.832666
176	167	0.78294
176	168	0.824546
176	169	0.805512
176	170	0.787328
176	171	0.826032
176	172	0.739954
176	174	1.34694
176	175	0.785988
176	177	1.24231
176	178	0.756345
176	179	0.750374
176	180	0.745284
177	1	1.20939
177	2	0.981466
177	3	0.94743
177	8	0.844181
177	9	0.954509
177	11	0.852708
177	12	0.958622
177	15	0.81364
177	16	0.921047
177	25	0.919732
177	26	0.920626
177	35	0.884602
177	36	0.887935
177	40	0.882574
177	42	0.951145
177	44	0.884513
177	48	0.835969
177	51	0.917682
177	56	0.951457
177	57	0.831714
177	59	0.952044
177	60	1.44609
177	61	0.886772
177	70	0.879032
177	73	0.951235
177	75	0.866093
177	78	1.042
177	82	0.906442
177	83	1.06365
177	86	0.883248
177	87	0.944054
177	90	0.935388
177	93	0.911196
177	95	0.983626
177	96	1.25487
177	97	0.913916
177	105	0.886629
177	110	0.867754
177	111	0.907042
177	112	0.904914
177	114	0.898936
177	116	0.942785
177	117	0.88286
177	118	0.890739
177	119	0.930784
177	120	0.91396
177	125	0.943683
177	126	0.876219
177	127	0.933623
177	128	0.931012
177	130	0.918408
177	132	0.918572
177	133	0.908378
177	136	0.920716
177	138	1.14558
177	139	1.01442
177	140	0.902436
177	147	1.5398
177	148	1.03553
177	149	1.08246
177	151	1.40065
177	155	1.11043
177	157	1.15033
177	159	1.16679
177	160	1.1424
177	161	1.17078
177	165	1.10811
177	167	0.863475
177	168	1.16064
177	169	1.24986
177	170	1.36656
177	172	0.820489
177	173	0.902233
177	174	0.91703
177	176	1.24231
177	179	1.59318
177	180	1.67369
178	1	0.76371
178	6	0.764968
178	13	0.764202
178	21	1.67666
178	25	1.73464
178	29	1.8231
178	42	1.56745
178	45	1.67072
178	48	0.859629
178	49	1.68956
178	51	0.820915
178	52	0.741682
178	54	0.831288
178	56	1.7261
178	58	0.752158
178	60	0.743572
178	62	0.807567
178	66	0.756214
178	72	1.92204
178	74	0.838281
178	78	0.807574
178	83	0.797763
178	84	0.741042
178	88	0.837855
178	89	0.769104
178	92	0.813677
178	95	0.810981
178	96	0.756953
178	98	1.71342
178	99	0.685123
178	101	1.91643
178	102	0.792157
178	103	0.789528
178	104	0.853913
178	106	0.785694
178	108	0.73029
178	113	0.805698
178	116	1.75977
178	118	0.765052
178	119	1.7039
178	121	0.73233
178	124	0.789478
178	126	1.85423
178	127	1.82071
178	128	1.7517
178	129	0.782138
178	131	1.7918
178	134	0.734552
178	135	0.797874
178	138	0.782525
178	139	0.801978
178	140	1.85903
178	142	0.788849
178	145	0.799977
178	147	0.718726
178	148	0.790244
178	149	0.783963
178	150	1.89899
178	151	0.722203
178	154	0.771358
178	155	0.793024
178	156	0.808843
178	157	0.777037
178	158	0.817343
178	159	0.769111
178	160	0.789439
178	161	0.786005
178	162	0.784916
178	163	0.768837
178	164	0.780849
178	165	0.784234
178	166	0.787513
178	167	0.737788
178	168	0.779393
178	169	0.760359
178	170	0.742176
178	171	0.78088
178	172	0.694801
178	173	0.776546
178	174	1.71975
178	175	0.740836
178	176	0.756345
178	179	0.705221
178	180	0.700131
179	1	0.757739
179	2	0.849808
179	4	2.06178
179	6	0.758997
179	13	0.758231
179	19	1.78436
179	23	1.59147
179	39	0.87952
179	44	1.88562
179	48	0.853658
179	51	0.814944
179	54	0.825317
179	58	0.746187
179	60	0.737601
179	62	0.801596
179	63	1.80178
179	66	0.750243
179	72	1.9001
179	74	0.83231
179	78	0.801603
179	80	0.789441
179	83	0.791792
179	84	0.735071
179	87	1.7383
179	88	0.831884
179	89	0.763133
179	91	1.77195
179	92	0.807706
179	95	0.80501
179	96	0.750982
179	98	1.69149
179	99	0.679152
179	100	1.93786
179	102	0.786186
179	103	0.783557
179	104	0.847942
179	105	1.95152
179	106	0.779723
179	108	0.724319
179	113	0.799727
179	116	1.73783
179	118	0.759081
179	119	1.68196
179	121	0.726359
179	124	0.783507
179	128	1.72977
179	129	0.776167
179	132	1.89059
179	134	0.728581
179	135	0.791903
179	138	0.776555
179	139	0.796007
179	141	1.67513
179	142	0.782878
179	145	0.794006
179	147	0.712755
179	148	0.784273
179	149	0.777992
179	151	0.716232
179	153	1.87748
179	154	0.765387
179	155	0.787053
179	157	0.771066
179	158	0.811373
179	159	0.76314
179	160	0.783468
179	161	0.780034
179	162	0.778945
179	163	0.762867
179	164	0.774878
179	165	0.778263
179	166	0.781542
179	167	0.731817
179	168	0.773422
179	169	0.754388
179	170	0.736205
179	171	0.774909
179	172	0.68883
179	173	0.770575
179	174	1.69782
179	175	0.734865
179	176	0.750374
179	177	1.59318
179	178	0.705221
179	180	0.69416
180	1	0.752649
180	2	0.844718
180	6	0.753907
180	11	2.11625
180	13	0.753141
180	20	1.52827
180	21	1.73523
180	23	1.67198
180	26	1.76646
180	36	1.98929
180	39	0.87443
180	40	1.8666
180	42	1.62602
180	48	0.848568
180	51	0.809854
180	52	0.730621
180	54	0.820227
180	58	0.741097
180	60	0.73251
180	62	0.796506
180	66	0.745153
180	74	0.82722
180	78	0.796513
180	80	0.784351
180	82	1.84335
180	83	0.786701
180	84	0.729981
180	85	1.75909
180	86	2.05576
180	87	1.8188
180	88	0.826794
180	89	0.758043
180	92	0.802616
180	95	0.79992
180	96	0.745892
180	99	0.674062
180	102	0.781096
180	103	0.778467
180	104	0.842851
180	106	0.774633
180	108	0.719229
180	113	0.794637
180	117	2.02331
180	118	0.753991
180	119	1.76247
180	121	0.721269
180	124	0.778416
180	125	1.90071
180	126	1.91281
180	129	0.771077
180	133	1.97157
180	134	0.723491
180	135	0.786813
180	138	0.771464
180	139	0.790917
180	142	0.777788
180	145	0.788916
180	147	0.707665
180	148	0.779183
180	149	0.772902
180	151	0.711142
180	154	0.760296
180	155	0.781963
180	156	0.797782
180	157	0.765976
180	158	0.806282
180	159	0.75805
180	160	0.778377
180	161	0.774944
180	162	0.773855
180	163	0.757776
180	164	0.769788
180	165	0.773173
180	166	0.776452
180	167	0.726727
180	168	0.768332
180	169	0.749298
180	170	0.731115
180	171	0.769819
180	172	0.68374
180	173	0.765485
180	174	1.77833
180	175	0.729775
180	176	0.745284
180	177	1.67369
180	178	0.700131
180	179	0.69416
