1	27	1.04233
1	28	1.15361
1	43	1.00287
1	52	1.06747
1	54	1.06554
1	68	1.03675
1	101	1.06002
1	137	0.945789
1	148	0.768242
1	164	1.72777
1	168	0.983272
1	180	1.66219
2	6	0.972669
2	7	0.854515
2	25	0.949256
2	60	0.947973
2	99	1.02312
2	114	0.952235
2	120	0.940921
2	130	0.957518
2	137	0.931424
2	155	0.943362
2	164	2.05979
2	167	1.65649
3	18	0.960879
3	20	0.851275
3	23	0.96493
3	33	0.928976
3	55	0.969566
3	61	0.938943
3	64	0.939509
3	65	0.939997
3	115	0.921703
3	157	1.44361
3	166	1.48376
3	170	1.81475
4	27	0.924306
4	28	1.03558
4	43	0.884846
4	52	0.949445
4	54	0.947513
4	68	0.918724
4	83	1.44864
4	97	1.48535
4	103	0.956317
4	124	0.935988
4	158	1.72532
4	168	0.865247
5	18	1.05549
5	21	1.05939
5	33	1.02359
5	45	1.09363
5	55	1.06418
5	57	1.09177
5	61	1.03355
5	64	1.03412
5	65	1.03461
5	97	0.575889
5	170	1.31799
5	172	2.07188
6	2	0.972669
6	10	1.0862
6	25	1.06615
6	60	1.06487
6	70	0.962266
6	120	1.05782
6	130	1.07442
6	137	1.04832
6	151	1.18004
6	155	1.06026
6	171	1.45904
6	176	1.4919
7	2	0.854515
7	10	0.968046
7	25	0.947999
7	60	0.946716
7	87	1.16564
7	114	0.950979
7	120	0.939665
7	130	0.956262
7	136	1.46211
7	137	0.930167
7	155	0.942105
7	175	2.12733
8	89	1.05201
8	107	1.05089
8	112	1.02593
8	131	1.08192
8	132	1.06733
8	136	0.988045
8	144	0.979444
8	145	1.0604
8	147	1.06447
8	150	0.806052
8	174	1.10836
8	177	2.20084
9	47	1.02342
9	58	1.09282
9	62	1.15553
9	77	1.13024
9	78	1.03556
9	82	1.0938
9	134	0.849414
9	160	1.31041
9	164	0.943385
9	173	1.26379
9	175	0.935007
9	179	1.67843
10	6	1.0862
10	7	0.968046
10	60	1.0615
10	114	1.06577
10	120	1.05445
10	123	1.20153
10	130	1.07105
10	136	1.5452
10	137	1.04495
10	153	1.16602
10	155	1.05689
10	163	1.14457
11	15	0.957726
11	19	0.956872
11	29	0.909353
11	30	0.909766
11	39	0.886775
11	41	0.88736
11	51	0.989487
11	59	0.958444
11	124	0.936852
11	136	1.73905
11	158	1.64189
11	163	1.33841
12	39	0.912214
12	41	0.912798
12	59	0.983882
12	77	1.02418
12	78	0.9295
12	82	0.987739
12	102	0.991606
12	124	0.96229
12	133	1.43836
12	164	0.837321
12	175	0.828943
12	178	2.24978
13	29	1.07998
13	30	1.0804
13	39	1.0574
13	41	1.05799
13	51	1.16012
13	59	1.12907
13	101	1.17198
13	124	1.10748
13	144	1.27192
13	163	0.892401
13	168	1.43668
14	37	1.12793
14	38	1.00571
14	66	1.04527
14	67	1.04469
14	119	1.02607
14	129	1.18604
14	135	1.08266
14	149	0.986427
14	153	1.10904
14	158	1.09262
14	159	1.51009
14	174	1.29757
15	11	0.957726
15	19	1.0427
15	29	0.995183
15	30	0.995596
15	39	0.972605
15	41	0.97319
15	51	1.07532
15	59	1.04427
15	123	1.28693
15	124	1.02268
15	137	1.40404
15	150	1.43609
15	163	1.22997
16	24	1.01586
16	32	0.98047
16	40	1.06364
16	46	1.06364
16	48	0.954741
16	56	1.02526
16	119	0.974513
16	126	1.20902
16	138	0.968155
16	154	1.53287
16	161	1.119
16	173	1.66759
16	180	0.902961
17	32	1.0185
17	40	1.10168
17	46	1.10168
17	48	0.992776
17	56	1.0633
17	101	0.973376
17	119	1.01255
17	161	1.15703
17	162	1.10735
17	166	1.16841
17	179	1.84927
17	180	0.940995
18	3	0.960879
18	5	1.05549
18	20	0.920697
18	21	1.0342
18	45	1.06844
18	55	1.03899
18	61	1.00837
18	64	1.00893
18	65	1.00942
18	108	1.25881
18	128	0.968497
18	129	1.5544
18	162	1.57107
19	11	0.956872
19	15	1.0427
19	29	0.994329
19	30	0.994742
19	39	0.971751
19	41	0.972336
19	51	1.07446
19	59	1.04342
19	124	1.02183
19	153	0.765236
19	173	1.48462
19	174	1.25222
19	179	1.89926
20	3	0.851275
20	18	0.920697
20	21	0.924596
20	23	0.924748
20	33	0.888794
20	45	0.958838
20	55	0.929384
20	61	0.898762
20	64	0.899327
20	65	0.899815
20	121	1.82948
20	125	1.6408
20	128	1.47284
21	5	1.05939
21	18	1.0342
21	20	0.924596
21	23	1.03825
21	33	1.0023
21	61	1.01226
21	64	1.01283
21	65	1.01332
21	72	1.19176
21	115	0.995024
21	138	1.03824
21	153	1.01829
21	179	2.15231
22	26	0.573399
22	42	0.971222
22	89	1.01457
22	116	1.05252
22	117	0.997024
22	122	0.985037
22	139	1.0099
22	141	1.00191
22	145	1.02296
22	147	1.02703
22	160	1.43298
22	174	1.15396
22	177	2.24644
23	3	0.96493
23	20	0.924748
23	21	1.03825
23	45	1.07249
23	55	1.04304
23	61	1.01242
23	64	1.01298
23	65	1.01347
23	87	1.31946
23	115	0.995177
23	123	1.27227
23	134	1.54176
23	153	1.23675
24	16	1.01586
24	35	1.09132
24	40	1.04575
24	46	1.04575
24	48	0.936851
24	56	1.00737
24	119	0.956623
24	137	0.958398
24	142	1.70272
24	150	0.990444
24	161	1.10111
24	164	1.74038
24	180	0.885071
25	2	0.949256
25	6	1.06615
25	7	0.947999
25	60	1.04146
25	85	0.953608
25	120	1.03441
25	130	1.051
25	137	1.02491
25	140	1.16373
25	153	0.911053
25	155	1.03685
25	162	1.30316
25	169	1.98971
26	22	0.573399
26	35	0.63531
26	78	0.737234
26	139	0.803888
26	157	1.07508
26	169	0.997978
26	173	1.02385
26	174	1.05813
26	176	1.00171
26	177	0.955092
26	178	0.97433
26	179	0.982358
26	180	1.01416
27	1	1.04233
27	4	0.924306
27	43	0.938984
27	52	1.00358
27	54	1.00165
27	68	0.972862
27	101	0.996131
27	103	1.01046
27	124	0.990126
27	129	1.49908
27	148	1.09872
27	163	1.10219
27	168	0.919385
27	176	1.95359
28	1	1.15361
28	4	1.03558
28	43	1.05026
28	52	1.11486
28	54	1.11293
28	68	1.08414
28	99	0.873445
28	103	1.12173
28	124	1.1014
28	138	0.995458
28	143	1.21403
28	152	1.13215
28	168	1.03066
28	176	1.80546
29	11	0.909353
29	13	1.07998
29	15	0.995183
29	19	0.994329
29	30	0.947224
29	39	0.924233
29	41	0.924817
29	51	1.02694
29	59	0.995901
29	74	1.43591
29	94	1.13772
29	124	0.974309
29	148	1.24438
29	149	1.82419
30	11	0.909766
30	13	1.0804
30	15	0.995596
30	19	0.994742
30	29	0.947224
30	39	0.924645
30	41	0.92523
30	51	1.02736
30	59	0.996314
30	124	0.974722
30	133	1.51281
30	134	1.42289
30	148	1.09297
30	167	1.6492
31	50	1.01053
31	71	0.976035
31	75	0.953654
31	76	0.953508
31	80	0.938448
31	88	0.996119
31	91	0.996531
31	100	1.02283
31	118	1.03599
31	127	0.95869
31	135	1.002
31	146	1.5736
31	155	1.33468
31	174	1.72495
32	16	0.98047
32	17	1.0185
32	35	1.05593
32	40	1.01036
32	46	1.01036
32	48	0.901462
32	56	0.971982
32	85	1.44561
32	99	1.03309
32	111	1.1905
32	119	0.921233
32	161	1.06572
32	176	1.9651
32	180	0.849682
33	3	0.928976
33	5	1.02359
33	20	0.888794
33	21	1.0023
33	45	1.03654
33	55	1.00709
33	61	0.976463
33	64	0.977029
33	65	0.977517
33	83	1.27759
33	102	1.22041
33	115	0.959223
33	129	1.64769
33	152	1.42889
34	38	1.09016
34	66	1.12971
34	67	1.12913
34	73	0.924945
34	83	1.04853
34	114	1.17722
34	118	0.841202
34	120	1.16591
34	121	1.18936
34	135	1.1671
34	149	1.07087
34	153	1.19348
34	154	1.62786
35	24	1.09132
35	26	0.63531
35	32	1.05593
35	40	1.1391
35	46	1.1391
35	48	1.0302
35	56	1.10072
35	109	1.62344
35	119	1.04997
35	136	1.10808
35	161	1.19445
35	162	1.121
35	174	1.21587
35	180	0.978417
36	47	0.98522
36	58	1.05462
36	62	1.11733
36	77	1.09204
36	78	0.997361
36	82	1.0556
36	84	1.23212
36	111	1.35778
36	115	1.00522
36	150	1.4871
36	163	1.28097
36	164	0.905182
36	175	0.896804
37	14	1.12793
37	38	0.99679
37	66	1.03634
37	67	1.03576
37	114	1.08385
37	119	1.01714
37	120	1.07254
37	135	1.07373
37	149	0.977503
37	150	0.931217
37	153	1.10011
37	165	1.45247
37	166	1.19971
37	168	1.26937
37	170	1.53071
38	14	1.00571
38	34	1.09016
38	37	0.99679
38	66	0.914125
38	67	0.913543
38	103	0.958518
38	119	0.894923
38	120	0.950321
38	135	0.951514
38	149	0.855284
38	153	0.977894
38	155	0.818876
38	175	1.76657
38	179	1.85619
38	180	1.59119
39	11	0.886775
39	12	0.912214
39	13	1.0574
39	15	0.972605
39	19	0.971751
39	29	0.924233
39	30	0.924645
39	41	0.902239
39	51	1.00437
39	59	0.973323
39	81	1.19271
39	124	0.951731
39	136	1.19008
39	166	1.26406
39	172	2.34894
40	16	1.06364
40	17	1.10168
40	24	1.04575
40	32	1.01036
40	35	1.1391
40	48	0.984634
40	56	1.05515
40	119	1.00441
40	126	0.898814
40	144	0.996067
40	158	0.92003
40	161	1.14889
40	165	1.34392
40	177	2.21746
40	180	0.932854
41	11	0.88736
41	12	0.912798
41	13	1.05799
41	15	0.97319
41	19	0.972336
41	29	0.924817
41	30	0.92523
41	39	0.902239
41	51	1.00495
41	59	0.973908
41	124	0.952316
41	125	1.13041
41	142	2.06986
41	153	1.17291
41	162	1.56502
42	22	0.971222
42	94	1.13006
42	96	0.97782
42	105	0.952524
42	106	0.94282
42	122	0.905523
42	132	0.950377
42	139	0.930385
42	140	1.51432
42	141	0.922393
42	145	0.943448
42	147	0.947516
42	148	1.23672
42	161	1.04798
42	171	2.05874
43	1	1.00287
43	4	0.884846
43	27	0.938984
43	28	1.05026
43	52	0.964123
43	54	0.962191
43	68	0.933402
43	70	1.33576
43	101	0.956671
43	103	0.970995
43	124	0.950666
43	146	1.37107
43	160	1.80144
43	168	0.879925
43	174	1.52242
44	52	1.08679
44	54	1.08486
44	62	1.16052
44	68	1.05607
44	73	1.15486
44	78	1.04055
44	82	1.09879
44	110	0.985858
44	123	1.30861
44	124	1.07334
44	140	1.52577
44	153	1.2731
44	164	0.948369
44	168	1.0026
44	175	0.93999
45	5	1.09363
45	18	1.06844
45	20	0.958838
45	23	1.07249
45	33	1.03654
45	55	1.07713
45	61	1.04651
45	64	1.04707
45	65	1.04756
45	99	0.868093
45	115	1.02927
45	152	1.1268
45	153	0.970153
45	156	1.70479
45	159	1.66966
46	16	1.06364
46	17	1.10168
46	24	1.04575
46	32	1.01036
46	35	1.1391
46	48	0.984634
46	56	1.05515
46	83	0.88863
46	110	0.596043
46	119	1.00441
46	149	1.43817
46	160	1.64929
46	161	1.14889
46	171	1.68038
46	180	0.932854
47	9	1.02342
47	36	0.98522
47	58	0.981343
47	62	1.04406
47	77	1.01877
47	78	0.924087
47	82	0.982326
47	87	0.95674
47	115	0.931948
47	136	1.42705
47	137	1.20049
47	149	1.60275
47	159	1.74737
47	164	0.831908
47	175	0.823529
48	16	0.954741
48	17	0.992776
48	24	0.936851
48	32	0.901462
48	35	1.0302
48	40	0.984634
48	46	0.984634
48	56	0.946253
48	108	0.828089
48	119	0.895504
48	140	1.00091
48	161	1.03999
48	172	2.28628
48	179	1.88226
48	180	0.823952
49	53	0.963061
49	80	0.887851
49	81	1.40481
49	88	0.945522
49	91	0.945935
49	100	0.97223
49	127	0.908093
49	131	0.956285
49	132	0.941697
49	136	0.862412
49	141	0.913713
49	145	0.934767
49	146	1.35862
49	147	0.938835
49	158	1.30503
49	178	2.22934
50	31	1.01053
50	53	1.04864
50	63	1.01709
50	71	1.01102
50	75	0.988639
50	76	0.988493
50	79	1.07527
50	80	0.973433
50	91	1.03152
50	97	1.24893
50	98	0.913064
50	100	1.05781
50	110	0.919636
50	135	1.03698
50	151	1.72497
50	168	1.7297
51	11	0.989487
51	13	1.16012
51	15	1.07532
51	19	1.07446
51	29	1.02694
51	30	1.02736
51	39	1.00437
51	41	1.00495
51	59	1.07604
51	95	1.61702
51	110	0.873193
51	123	1.19595
51	124	1.05444
51	138	1.18038
51	143	1.39895
52	1	1.06747
52	4	0.949445
52	27	1.00358
52	28	1.11486
52	43	0.964123
52	44	1.08679
52	54	1.02679
52	68	0.998001
52	101	1.02127
52	124	1.01526
52	126	1.03947
52	136	1.15784
52	138	0.79861
52	167	1.30997
52	168	0.944524
52	177	2.35812
53	49	0.963061
53	50	1.04864
53	71	1.01415
53	75	0.991771
53	76	0.991625
53	79	1.07841
53	80	0.976565
53	83	1.0366
53	87	1.11397
53	88	1.03424
53	100	1.06094
53	127	0.996807
53	135	1.04012
53	158	1.31328
53	162	1.42336
53	173	1.75064
54	1	1.06554
54	4	0.947513
54	27	1.00165
54	28	1.11293
54	43	0.962191
54	44	1.08486
54	52	1.02679
54	68	0.99607
54	101	1.01934
54	103	1.03366
54	152	0.611602
54	168	0.942592
54	169	1.53361
54	170	1.23912
54	171	1.25205
54	177	2.03442
55	3	0.969566
55	5	1.06418
55	18	1.03899
55	20	0.929384
55	23	1.04304
55	33	1.00709
55	45	1.07713
55	61	1.01705
55	64	1.01762
55	65	1.01811
55	108	1.10799
55	115	0.999812
55	128	0.817678
55	129	1.40359
55	168	1.55097
55	173	1.74753
56	16	1.02526
56	17	1.0633
56	24	1.00737
56	32	0.971982
56	35	1.10072
56	40	1.05515
56	46	1.05515
56	48	0.946253
56	95	1.37581
56	119	0.966025
56	143	1.15774
56	148	0.894302
56	149	1.47411
56	161	1.11051
56	171	1.71632
56	180	0.894473
57	5	1.09177
57	101	0.940688
57	106	1.61025
57	131	1.39956
57	137	0.937317
57	143	0.931329
57	149	0.851778
57	163	0.969206
57	168	0.863941
57	170	0.847009
57	171	0.832905
57	174	0.863837
57	176	0.80742
57	177	0.760801
57	178	0.780039
57	179	0.788067
58	9	1.09282
58	36	1.05462
58	47	0.981343
58	62	1.11345
58	77	1.08816
58	78	0.993484
58	82	1.05172
58	87	1.02614
58	115	1.00134
58	121	1.09382
58	134	1.25266
58	151	1.46574
58	155	1.04436
58	164	0.901305
58	171	1.74475
58	175	0.892927
59	11	0.958444
59	12	0.983882
59	13	1.12907
59	15	1.04427
59	19	1.04342
59	29	0.995901
59	30	0.996314
59	39	0.973323
59	41	0.973908
59	51	1.07604
59	124	1.0234
59	133	1.04558
59	149	1.20555
59	154	1.23534
59	156	1.3853
59	179	1.78469
60	2	0.947973
60	6	1.06487
60	7	0.946716
60	10	1.0615
60	25	1.04146
60	85	0.952325
60	95	1.07725
60	114	1.04444
60	120	1.03312
60	130	1.04972
60	137	1.02363
60	142	1.51761
60	155	1.03556
60	166	1.07383
60	173	1.34005
60	175	1.66506
61	3	0.938943
61	5	1.03355
61	18	1.00837
61	20	0.898762
61	21	1.01226
61	23	1.01242
61	33	0.976463
61	45	1.04651
61	55	1.01705
61	64	0.986996
61	65	0.987484
61	85	1.1928
61	115	0.96919
61	149	1.43723
61	151	1.40043
61	162	1.27445
61	165	1.58827
62	9	1.15553
62	36	1.11733
62	44	1.16052
62	47	1.04406
62	58	1.11345
62	77	1.15088
62	78	1.0562
62	82	1.11444
62	94	0.585612
62	115	1.06406
62	126	0.978007
62	137	0.869822
62	157	1.13021
62	160	1.4832
62	164	0.964018
62	172	2.25524
62	175	0.95564
63	50	1.01709
63	71	0.982598
63	74	0.96788
63	75	0.960218
63	76	0.960072
63	79	1.04685
63	80	0.945012
63	88	1.00268
63	91	1.0031
63	100	1.02939
63	127	0.965254
63	135	1.00856
63	154	1.25609
63	159	1.37092
63	169	1.75007
63	170	1.45558
63	174	1.1584
64	3	0.939509
64	5	1.03412
64	18	1.00893
64	20	0.899327
64	21	1.01283
64	23	1.01298
64	33	0.977029
64	45	1.04707
64	55	1.01762
64	61	0.986996
64	65	0.98805
64	115	0.969756
64	146	1.19681
64	150	1.04585
64	164	1.79579
64	165	1.5671
64	167	1.39249
65	3	0.939997
65	5	1.03461
65	18	1.00942
65	20	0.899815
65	21	1.01332
65	23	1.01347
65	33	0.977517
65	45	1.04756
65	55	1.01811
65	61	0.987484
65	64	0.98805
65	101	1.19982
65	115	0.970244
65	137	1.09432
65	155	1.0384
65	173	1.66108
65	175	1.98609
66	14	1.04527
66	34	1.12971
66	37	1.03634
66	38	0.914125
66	67	0.953098
66	103	0.998073
66	114	1.00119
66	118	0.698956
66	119	0.934477
66	120	0.989875
66	135	0.991069
66	149	0.894838
66	152	1.05759
66	153	1.01745
66	162	1.29305
66	174	1.38792
66	177	2.4804
67	14	1.04469
67	34	1.12913
67	37	1.03576
67	38	0.913543
67	66	0.953098
67	103	0.997491
67	108	0.919719
67	114	1.00061
67	119	0.933896
67	120	0.989294
67	121	0.986038
67	135	0.990487
67	149	0.894257
67	153	1.01687
67	158	1.12189
67	159	1.53937
67	172	2.37791
68	1	1.03675
68	4	0.918724
68	27	0.972862
68	28	1.08414
68	43	0.933402
68	44	1.05607
68	52	0.998001
68	54	0.99607
68	101	0.990549
68	103	1.00487
68	123	0.867328
68	124	0.984544
68	157	1.24483
68	166	1.28498
68	168	0.913803
68	170	1.61597
68	179	1.96584
69	86	1.03115
69	90	1.01805
69	112	0.971544
69	117	0.980074
69	122	0.968086
69	125	0.67957
69	127	0.979337
69	132	1.01294
69	136	0.933656
69	139	0.992949
69	141	0.984957
69	145	1.00601
69	147	1.01008
69	156	1.45671
69	163	0.700625
69	169	1.80073
69	177	2.30154
70	6	0.962266
70	43	1.33576
70	126	1.01369
70	127	0.97916
70	130	1.03806
70	133	0.940068
70	144	0.962874
70	152	1.01429
70	156	0.908299
70	163	1.02958
70	169	0.864063
70	172	0.836763
70	173	0.889938
70	174	0.924213
70	177	0.821177
70	178	0.840415
70	179	0.848443
71	31	0.976035
71	50	1.01102
71	53	1.01415
71	63	0.982598
71	75	0.954148
71	76	0.954002
71	79	1.04078
71	80	0.938942
71	88	0.996612
71	91	0.997025
71	100	1.02332
71	135	1.00249
71	140	1.20302
71	156	1.68498
71	158	1.23237
71	162	1.34245
71	168	1.47317
72	21	1.19176
72	92	0.852001
72	104	1.08261
72	116	0.839387
72	151	0.949583
72	152	1.02516
72	162	0.952171
72	166	0.942355
72	167	0.925609
72	170	0.91825
72	171	0.904147
72	173	0.900803
72	174	0.935078
72	176	0.878661
72	177	0.832042
72	178	0.85128
72	179	0.859308
73	34	0.924945
73	44	1.15486
73	112	0.914956
73	114	0.674179
73	129	1.0082
73	135	0.627684
73	143	1.06202
73	144	1.03318
73	154	0.985259
73	157	1.01147
73	169	0.934374
73	170	0.977696
73	171	0.963592
73	173	0.960249
73	176	0.938106
73	177	0.891488
73	178	0.910726
73	179	0.918754
74	29	1.43591
74	63	0.96788
74	80	0.924223
74	88	0.981894
74	91	0.982306
74	93	0.998004
74	100	1.0086
74	127	0.944465
74	130	0.904345
74	145	0.923033
74	157	0.920555
74	172	0.816154
74	173	0.869329
74	176	0.847186
74	177	0.800568
74	178	0.819806
74	179	0.827834
74	180	0.859632
75	31	0.953654
75	50	0.988639
75	53	0.991771
75	63	0.960218
75	71	0.954148
75	76	0.931621
75	79	1.0184
75	80	0.916561
75	88	0.974232
75	91	0.974645
75	94	1.39551
75	100	1.00094
75	110	1.23985
75	118	1.32511
75	125	1.48459
75	127	0.936803
75	135	0.980113
75	137	1.67972
76	31	0.953508
76	50	0.988493
76	53	0.991625
76	63	0.960072
76	71	0.954002
76	75	0.931621
76	79	1.01826
76	80	0.916415
76	81	1.31963
76	88	0.974086
76	91	0.974498
76	100	1.00079
76	123	0.973331
76	127	0.936657
76	135	0.979967
76	155	1.03453
76	176	1.76777
76	178	2.14416
77	9	1.13024
77	12	1.02418
77	36	1.09204
77	47	1.01877
77	58	1.08816
77	62	1.15088
77	78	1.03091
77	82	1.08915
77	87	1.06356
77	115	1.03877
77	140	1.3422
77	144	1.44759
77	146	1.42515
77	148	1.06461
77	152	1.24617
77	163	1.06808
77	164	0.938728
77	175	0.930349
78	9	1.03556
78	12	0.9295
78	26	0.737234
78	36	0.997361
78	44	1.04055
78	47	0.924087
78	58	0.993484
78	62	1.0562
78	77	1.03091
78	82	0.994467
78	87	0.968881
78	115	0.944089
78	164	0.844049
78	165	1.53674
78	167	1.36212
78	170	1.61497
78	175	0.835671
78	180	1.69984
79	50	1.07527
79	53	1.07841
79	63	1.04685
79	71	1.04078
79	75	1.0184
79	76	1.01826
79	80	1.0032
79	88	1.06087
79	91	1.06128
79	97	0.812674
79	100	1.08758
79	127	1.02344
79	135	1.06675
79	140	1.02329
79	142	1.66756
79	156	1.50525
79	167	1.30193
79	168	1.29345
80	31	0.938448
80	49	0.887851
80	50	0.973433
80	53	0.976565
80	63	0.945012
80	71	0.938942
80	74	0.924223
80	75	0.916561
80	76	0.916415
80	79	1.0032
80	88	0.959026
80	91	0.959438
80	100	0.985734
80	111	0.849162
80	135	0.964907
80	170	1.57797
80	173	1.5132
80	178	2.00015
80	180	1.66283
81	39	1.19271
81	49	1.40481
81	76	1.31963
81	109	0.879341
81	141	1.41319
81	149	0.889428
81	158	0.950668
81	160	0.893761
81	162	0.918579
81	163	1.00686
81	165	0.885142
81	166	0.908763
81	170	0.884659
81	173	0.867212
81	174	0.901487
81	176	0.84507
81	177	0.798451
81	178	0.817689
81	179	0.825717
82	9	1.0938
82	12	0.987739
82	36	1.0556
82	44	1.09879
82	47	0.982326
82	58	1.05172
82	62	1.11444
82	77	1.08915
82	78	0.994467
82	87	1.02712
82	101	1.04953
82	111	0.846751
82	115	1.00233
82	136	1.17058
82	164	0.902288
82	168	1.31423
82	175	0.89391
82	176	1.62135
82	179	1.92542
83	4	1.44864
83	33	1.27759
83	34	1.04853
83	46	0.88863
83	53	1.0366
83	111	1.08668
83	129	0.967684
83	150	1.03171
83	153	1.06456
83	156	0.938092
83	157	0.970957
83	160	0.94628
83	165	0.937661
83	171	0.923074
83	173	0.919731
83	176	0.897589
83	177	0.85097
83	178	0.870208
83	179	0.878236
84	36	1.23212
84	91	0.788233
84	108	1.0984
84	112	0.962896
84	131	0.771327
84	133	0.983917
84	140	1.02421
84	158	1.01724
84	161	0.502234
84	167	0.958593
84	170	0.951234
84	172	0.880612
84	173	0.933787
84	174	0.968062
84	176	0.911645
84	177	0.865026
84	178	0.884264
84	179	0.892292
84	180	0.92409
85	25	0.953608
85	32	1.44561
85	60	0.952325
85	61	1.1928
85	97	0.96202
85	114	0.956587
85	117	1.46374
85	120	0.945273
85	130	0.961871
85	137	0.935776
85	140	0.918449
85	155	0.947714
85	161	0.882996
85	172	0.774846
85	174	0.862296
85	176	0.805879
85	177	0.75926
85	178	0.778498
85	179	0.786526
86	69	1.03115
86	89	1.01194
86	93	1.07293
86	96	1.0547
86	104	1.0285
86	108	0.889352
86	113	0.989385
86	122	0.982402
86	131	1.04185
86	132	1.02726
86	138	0.82945
86	139	1.00726
86	141	0.999273
86	145	1.02033
86	147	1.0244
86	156	1.54413
86	160	1.5755
86	170	1.59366
86	173	1.52889
87	7	1.16564
87	23	1.31946
87	47	0.95674
87	53	1.11397
87	58	1.02614
87	77	1.06356
87	78	0.968881
87	82	1.02712
87	100	0.71813
87	132	0.903881
87	134	0.963449
87	154	0.92156
87	157	0.947776
87	159	0.90745
87	164	0.876702
87	172	0.843375
87	174	0.930825
87	175	0.868324
87	177	0.827789
87	179	0.855055
88	31	0.996119
88	49	0.945522
88	53	1.03424
88	63	1.00268
88	71	0.996612
88	74	0.981894
88	75	0.974232
88	76	0.974086
88	79	1.06087
88	80	0.959026
88	91	1.01711
88	99	0.740744
88	100	1.04341
88	127	0.979268
88	135	1.02258
88	149	1.39769
88	153	0.842804
88	159	1.54231
88	171	1.6399
88	178	2.04915
89	8	1.05201
89	22	1.01457
89	86	1.01194
89	101	1.10871
89	104	0.994969
89	107	0.977288
89	109	1.74513
89	111	0.905933
89	112	0.952329
89	127	0.960123
89	131	1.00832
89	132	0.993727
89	139	0.973734
89	141	0.965742
89	142	1.74753
89	145	0.986797
89	147	0.990865
89	150	1.03525
89	161	1.09133
89	180	1.71961
90	69	1.01805
90	96	1.0416
90	112	0.972757
90	113	0.976283
90	116	1.03678
90	117	0.981287
90	122	0.9693
90	128	1.07131
90	131	1.02874
90	132	1.01415
90	136	0.93487
90	138	1.30173
90	139	0.994162
90	141	0.98617
90	145	1.00722
90	147	1.01129
90	148	1.25686
90	152	1.43842
90	155	1.37849
90	166	1.73494
91	31	0.996531
91	49	0.945935
91	50	1.03152
91	63	1.0031
91	71	0.997025
91	74	0.982306
91	75	0.974645
91	76	0.974498
91	79	1.06128
91	80	0.959438
91	84	0.788233
91	88	1.01711
91	100	1.04382
91	123	0.894049
91	127	0.97968
91	135	1.02299
91	162	1.25064
91	163	0.837084
91	171	1.65563
91	172	2.39658
92	72	0.852001
92	93	1.05215
92	95	1.13511
92	104	1.00771
92	105	1.00862
92	106	0.998915
92	113	0.9686
92	116	1.0291
92	117	0.973605
92	122	0.961617
92	131	1.02106
92	132	1.00647
92	133	1.07345
92	139	0.98648
92	141	0.978488
92	145	0.999542
92	147	1.00361
92	167	1.20983
92	175	1.72293
92	178	1.88487
93	74	0.998004
93	86	1.07293
93	92	1.05215
93	107	1.03828
93	112	1.01332
93	113	1.01685
93	116	1.07735
93	117	1.02185
93	118	0.629412
93	122	1.00987
93	132	1.05472
93	139	1.03473
93	141	1.02674
93	145	1.04779
93	147	1.05186
93	160	1.5974
93	161	1.15232
93	163	0.809946
93	165	1.53732
93	171	1.62849
93	174	1.31837
94	29	1.13772
94	42	1.13006
94	62	0.585612
94	75	1.39551
94	124	0.859125
94	154	0.998623
94	159	0.984513
94	161	0.440952
94	162	1.02498
94	163	1.11326
94	165	0.991543
94	167	0.998418
94	171	0.976956
94	172	0.920438
94	173	0.973613
94	174	1.00789
94	176	0.95147
94	177	0.904852
94	178	0.92409
94	179	0.932118
94	180	0.963916
95	51	1.61702
95	56	1.37581
95	60	1.07725
95	92	1.13511
95	129	0.938258
95	143	0.992072
95	148	1.0786
95	154	0.915315
95	156	0.908666
95	160	0.916854
95	161	1.02912
95	166	0.931856
95	169	0.86443
95	170	0.907752
95	171	0.893649
95	172	0.83713
95	173	0.890305
95	174	0.92458
95	176	0.868163
95	177	0.821544
95	178	0.840782
95	179	0.84881
96	42	0.97782
96	86	1.0547
96	90	1.0416
96	102	0.541006
96	104	1.03773
96	105	1.03864
96	112	0.995092
96	113	0.998617
96	122	0.991634
96	130	1.0616
96	131	1.05108
96	132	1.03649
96	139	1.0165
96	141	1.00851
96	145	1.02956
96	147	1.03363
96	154	1.17751
96	160	1.35885
96	164	1.52745
96	165	1.29876
96	169	1.67149
96	175	1.63724
97	4	1.48535
97	5	0.575889
97	50	1.24893
97	79	0.812674
97	85	0.96202
97	108	1.09018
97	119	0.865352
97	129	0.973518
97	133	0.975695
97	147	0.874924
97	148	1.11386
97	152	1.04992
97	154	0.950575
97	160	0.952114
97	162	0.976933
97	170	0.943012
97	171	0.928909
97	174	0.95984
97	176	0.903423
97	177	0.856804
97	178	0.876042
97	179	0.88407
98	50	0.913064
98	103	0.590172
98	117	0.859469
98	120	0.739798
98	122	0.927185
98	129	0.994085
98	141	0.737566
98	143	1.0479
98	150	1.05811
98	155	1.06583
98	157	0.997359
98	159	0.957032
98	165	0.964062
98	168	0.980512
98	169	0.920257
98	171	0.949476
98	172	0.892957
98	173	0.946132
98	176	0.92399
98	177	0.877371
98	178	0.896609
98	179	0.904637
99	2	1.02312
99	28	0.873445
99	32	1.03309
99	45	0.868093
99	88	0.740744
99	133	1.06439
99	135	0.643864
99	142	1.03234
99	145	0.654363
99	158	1.09772
99	159	1.02516
99	160	1.04081
99	163	1.15391
99	167	1.03907
99	169	0.988387
99	173	1.01426
99	174	1.04854
99	176	0.992119
99	177	0.945501
99	178	0.964739
99	179	0.972767
99	180	1.00456
100	31	1.02283
100	49	0.97223
100	50	1.05781
100	53	1.06094
100	63	1.02939
100	71	1.02332
100	74	1.0086
100	75	1.00094
100	76	1.00079
100	79	1.08758
100	80	0.985734
100	87	0.71813
100	88	1.04341
100	91	1.04382
100	127	1.00598
100	135	1.04929
100	165	1.34134
100	170	1.41958
100	171	1.43251
100	173	1.3548
100	174	1.12239
100	180	1.50444
101	1	1.06002
101	13	1.17198
101	17	0.973376
101	27	0.996131
101	43	0.956671
101	52	1.02127
101	54	1.01934
101	57	0.940688
101	65	1.19982
101	68	0.990549
101	82	1.04953
101	89	1.10871
101	109	0.914821
101	124	1.00781
101	145	1.01456
101	166	0.944243
101	167	0.927497
101	168	0.937071
101	174	0.936966
101	176	0.880549
101	177	0.833931
101	178	0.853169
101	179	0.861197
102	12	0.991606
102	33	1.22041
102	96	0.541006
102	107	0.994935
102	110	1.1229
102	112	0.981363
102	117	1.10145
102	125	1.07871
102	133	0.970356
102	150	1.03221
102	156	0.938588
102	159	0.931127
102	162	0.971594
102	168	0.954606
102	170	0.937674
102	172	0.867052
102	173	0.920227
102	174	0.954502
102	175	0.892001
102	177	0.851466
102	178	0.870704
102	179	0.878732
102	180	0.91053
103	4	0.956317
103	27	1.01046
103	28	1.12173
103	38	0.958518
103	43	0.970995
103	54	1.03366
103	66	0.998073
103	67	0.997491
103	68	1.00487
103	98	0.590172
103	114	1.04558
103	119	0.978871
103	124	1.02214
103	135	1.03546
103	149	0.939232
103	150	1.06866
103	153	1.06184
103	158	1.16601
103	164	1.81859
103	167	1.41529
103	168	0.951396
103	174	1.37096
103	180	1.75301
104	72	1.08261
104	86	1.0285
104	89	0.994969
104	92	1.00771
104	96	1.03773
104	105	1.01244
104	107	0.993851
104	108	0.988991
104	113	0.972417
104	122	0.965434
104	131	1.02488
104	132	1.01029
104	136	0.931004
104	139	0.990297
104	141	0.982305
104	144	1.2672
104	145	1.00336
104	146	1.24476
104	147	1.00743
104	152	1.06578
104	161	1.10789
104	166	1.3623
104	178	2.11548
105	42	0.952524
105	92	1.00862
105	96	1.03864
105	104	1.01244
105	107	0.994755
105	113	0.973321
105	117	0.978326
105	121	0.911612
105	122	0.966339
105	125	0.722936
105	127	0.977589
105	130	1.0363
105	131	1.02578
105	139	0.991201
105	141	0.983209
105	145	1.00426
105	147	1.00833
105	149	1.32032
105	161	1.10879
105	169	1.84409
105	171	1.56254
105	173	1.48483
105	176	1.59539
106	42	0.94282
106	57	1.61025
106	92	0.998915
106	107	0.985051
106	110	0.765078
106	112	0.960092
106	113	0.963617
106	117	0.968622
106	122	0.956635
106	127	0.967885
106	128	0.841855
106	130	1.0266
106	131	1.01608
106	132	1.00149
106	136	0.922204
106	138	1.07227
106	139	0.981497
106	141	0.973505
106	143	1.29084
106	145	0.99456
106	147	0.998628
106	154	1.63699
106	161	1.09909
106	169	2.13097
107	8	1.05089
107	89	0.977288
107	93	1.03828
107	102	0.994935
107	104	0.993851
107	105	0.994755
107	106	0.985051
107	111	1.10212
107	113	0.954736
107	117	0.959741
107	126	1.30758
107	127	0.959004
107	130	1.01772
107	131	1.0072
107	132	0.992608
107	133	1.44169
107	136	0.913323
107	138	1.06672
107	139	0.972616
107	141	0.964624
107	145	0.985679
107	147	0.989747
107	165	1.75269
107	173	1.76616
108	18	1.25881
108	48	0.828089
108	55	1.10799
108	67	0.919719
108	84	1.0984
108	86	0.889352
108	97	1.09018
108	104	0.988991
108	135	0.825779
108	148	1.14447
108	149	0.978394
108	154	0.981188
108	156	0.974539
108	157	1.0074
108	162	1.00755
108	163	1.09582
108	169	0.930303
108	172	0.903003
108	174	0.990453
108	175	0.927952
108	176	0.934036
108	177	0.887417
108	178	0.906655
108	179	0.914683
109	35	1.62344
109	81	0.879341
109	89	1.74513
109	101	0.914821
109	127	1.57339
109	137	0.91145
109	138	0.976143
109	139	1.79202
109	143	0.905462
109	149	0.825911
109	152	0.92805
109	154	0.828705
109	156	0.822056
109	162	0.855062
109	167	0.828501
109	169	0.77782
109	170	0.821142
109	172	0.75052
109	173	0.803695
109	174	0.83797
109	175	0.775469
109	176	0.781553
109	177	0.734934
109	178	0.754172
109	179	0.7622
110	44	0.985858
110	46	0.596043
110	50	0.919636
110	51	0.873193
110	75	1.23985
110	102	1.1229
110	106	0.765078
110	117	0.866042
110	123	1.11956
110	128	1.18334
110	132	0.533927
110	146	1.05595
110	156	1.0126
110	163	1.13389
110	164	0.974395
110	165	1.01217
110	166	1.03579
110	170	1.01169
110	171	0.997587
110	173	0.994243
110	174	1.02852
110	176	0.972101
110	177	0.925482
110	178	0.94472
110	179	0.952748
111	32	1.1905
111	36	1.35778
111	80	0.849162
111	82	0.846751
111	83	1.08668
111	89	0.905933
111	107	1.10212
111	132	0.876521
111	134	1.02542
111	149	0.980734
111	154	0.983529
111	158	1.04197
111	160	0.985068
111	162	1.00989
111	164	0.93867
111	165	0.976448
111	167	0.983324
111	170	0.975965
111	172	0.905344
111	174	0.992793
111	175	0.930292
111	176	0.936376
111	177	0.889757
111	178	0.908995
111	179	0.917023
112	8	1.02593
112	69	0.971544
112	73	0.914956
112	84	0.962896
112	89	0.952329
112	90	0.972757
112	93	1.01332
112	96	0.995092
112	102	0.981363
112	106	0.960092
112	116	0.990279
112	117	0.934782
112	122	0.922795
112	125	0.990693
112	131	0.982238
112	132	0.967649
112	136	0.888364
112	139	0.947657
112	141	0.939665
112	145	0.96072
112	147	0.964788
112	161	1.06525
112	163	1.01175
112	166	1.48636
112	177	2.61266
113	86	0.989385
113	90	0.976283
113	92	0.9686
113	93	1.01685
113	96	0.998617
113	104	0.972417
113	105	0.973321
113	106	0.963617
113	107	0.954736
113	116	0.993804
113	117	0.938307
113	122	0.92632
113	131	0.985763
113	132	0.971174
113	139	0.951182
113	141	0.94319
113	143	1.12282
113	145	0.964245
113	147	0.968313
113	148	0.859377
113	153	0.884296
113	156	1.61893
113	169	1.96295
113	175	1.9287
113	176	1.71425
114	2	0.952235
114	7	0.950979
114	10	1.06577
114	34	1.17722
114	37	1.08385
114	60	1.04444
114	66	1.00119
114	67	1.00061
114	73	0.674179
114	85	0.956587
114	103	1.04558
114	120	1.03739
114	128	0.581958
114	130	1.05398
114	134	1.09743
114	135	1.03858
114	137	1.02789
114	149	0.942348
114	153	1.06496
114	154	1.37709
114	155	1.03983
114	156	1.52705
114	174	1.2794
114	176	1.62237
114	179	1.92644
115	3	0.921703
115	21	0.995024
115	23	0.995177
115	33	0.959223
115	36	1.00522
115	45	1.02927
115	47	0.931948
115	55	0.999812
115	58	1.00134
115	61	0.96919
115	62	1.06406
115	64	0.969756
115	65	0.970244
115	77	1.03877
115	78	0.944089
115	82	1.00233
115	138	1.09542
115	140	1.32815
115	143	1.31399
115	157	1.48848
115	163	1.05402
115	164	0.85191
115	167	1.60678
115	175	0.843532
115	179	2.20949
116	22	1.05252
116	72	0.839387
116	90	1.03678
116	92	1.0291
116	93	1.07735
116	112	0.990279
116	113	0.993804
116	117	0.998809
116	122	0.986821
116	129	1.04136
116	130	1.05679
116	131	1.04626
116	132	1.03168
116	136	0.952391
116	139	1.01168
116	141	1.00369
116	143	0.904434
116	145	1.02475
116	147	1.02881
116	148	0.640993
116	154	1.25058
116	158	0.947942
116	161	1.12928
116	172	2.20396
116	177	2.24537
117	22	0.997024
117	69	0.980074
117	85	1.46374
117	90	0.981287
117	92	0.973605
117	93	1.02185
117	98	0.859469
117	102	1.10145
117	105	0.978326
117	106	0.968622
117	107	0.959741
117	110	0.866042
117	112	0.934782
117	113	0.938307
117	116	0.998809
117	122	0.931325
117	126	1.41409
117	130	1.00129
117	131	0.990768
117	132	0.976179
117	139	0.956187
117	141	0.948195
117	145	0.96925
117	147	0.973318
117	152	1.30993
117	155	1.24999
117	161	1.07378
117	166	1.60645
118	31	1.03599
118	34	0.841202
118	66	0.698956
118	75	1.32511
118	93	0.629412
118	123	1.13764
118	131	0.639644
118	134	1.07922
118	141	0.829395
118	145	0.554441
118	151	1.0611
118	157	1.06355
118	158	1.09578
118	161	0.370551
118	162	1.06369
118	163	1.15197
118	165	1.03025
118	169	0.986447
118	170	1.02977
118	172	0.959147
118	173	1.01232
118	174	1.0466
118	175	0.984096
118	176	0.99018
118	177	0.943561
118	178	0.962799
118	179	0.970827
118	180	1.00263
119	14	1.02607
119	16	0.974513
119	17	1.01255
119	24	0.956623
119	32	0.921233
119	35	1.04997
119	37	1.01714
119	38	0.894923
119	40	1.00441
119	46	1.00441
119	48	0.895504
119	56	0.966025
119	66	0.934477
119	67	0.933896
119	97	0.865352
119	103	0.978871
119	120	0.970673
119	133	1.21821
119	134	1.1283
119	135	0.971867
119	149	0.875637
119	151	1.34139
119	153	0.998246
119	155	0.920005
119	161	1.05976
119	164	1.7579
119	176	1.65325
119	177	2.40276
119	180	0.843724
120	2	0.940921
120	6	1.05782
120	7	0.939665
120	10	1.05445
120	25	1.03441
120	34	1.16591
120	37	1.07254
120	38	0.950321
120	60	1.03312
120	66	0.989875
120	67	0.989294
120	85	0.945273
120	98	0.739798
120	114	1.03739
120	119	0.970673
120	126	1.29442
120	128	0.823147
120	130	1.04267
120	134	1.33862
120	135	1.02726
120	137	1.01657
120	138	1.05356
120	149	0.931034
120	150	1.21828
120	153	1.05364
120	155	1.02851
120	159	1.73311
120	168	1.55644
120	176	1.86356
121	20	1.82948
121	34	1.18936
121	58	1.09382
121	67	0.986038
121	105	0.911612
121	131	0.9878
121	134	0.963285
121	142	0.91446
121	147	0.97904
121	148	1.08468
121	151	0.945165
121	152	1.02074
121	154	0.921396
121	156	0.914747
121	159	0.907286
121	160	0.922935
121	162	0.947754
121	163	1.03603
121	164	0.876538
121	166	0.937937
121	167	0.921192
121	172	0.843211
121	173	0.896386
121	174	0.930661
121	176	0.874244
121	177	0.827625
121	178	0.846863
121	179	0.854891
121	180	0.886689
122	22	0.985037
122	42	0.905523
122	69	0.968086
122	86	0.982402
122	90	0.9693
122	92	0.961617
122	93	1.00987
122	96	0.991634
122	98	0.927185
122	104	0.965434
122	105	0.966339
122	106	0.956635
122	112	0.922795
122	113	0.92632
122	116	0.986821
122	117	0.931325
122	131	0.97878
122	137	1.37362
122	139	0.944199
122	141	0.936208
122	145	0.957262
122	146	1.55662
122	147	0.96133
122	150	1.40567
122	154	1.80567
122	155	1.31771
122	161	1.06179
122	163	1.19955
122	174	1.70798
123	10	1.20153
123	15	1.28693
123	23	1.27227
123	44	1.30861
123	51	1.19595
123	68	0.867328
123	76	0.973331
123	91	0.894049
123	110	1.11956
123	118	1.13764
123	133	0.967017
123	140	1.00731
123	151	0.965666
123	152	1.04124
123	159	0.927787
123	160	0.943436
123	162	0.968254
123	163	1.05653
123	165	0.934817
123	167	0.941693
123	170	0.934334
123	171	0.92023
123	172	0.863712
123	173	0.916887
123	174	0.951162
123	175	0.888661
123	176	0.894745
123	177	0.848126
123	178	0.867364
123	179	0.875392
124	4	0.935988
124	11	0.936852
124	12	0.96229
124	13	1.10748
124	15	1.02268
124	19	1.02183
124	27	0.990126
124	28	1.1014
124	29	0.974309
124	30	0.974722
124	39	0.951731
124	41	0.952316
124	43	0.950666
124	44	1.07334
124	51	1.05444
124	52	1.01526
124	59	1.0234
124	68	0.984544
124	94	0.859125
124	101	1.00781
124	103	1.02214
124	150	1.17538
124	155	1.08742
124	157	1.40372
124	158	1.27274
124	159	1.69021
124	163	0.969258
124	165	1.69663
124	168	0.931066
124	180	1.85973
125	20	1.6408
125	41	1.13041
125	69	0.67957
125	75	1.48459
125	102	1.07871
125	105	0.722936
125	112	0.990693
125	146	1.01176
125	147	0.790363
125	154	0.975061
125	157	1.00128
125	159	0.960951
125	161	0.53003
125	163	1.0897
125	165	0.967981
125	166	0.991602
125	167	0.974857
125	168	0.984431
125	169	0.924176
125	170	0.967498
125	171	0.953395
125	172	0.896876
125	173	0.950051
125	174	0.984326
125	175	0.921825
125	176	0.927909
125	177	0.88129
125	178	0.900528
125	179	0.908556
126	16	1.20902
126	40	0.898814
126	52	1.03947
126	62	0.978007
126	70	1.01369
126	107	1.30758
126	117	1.41409
126	120	1.29442
126	134	0.982217
126	142	0.933391
126	146	0.977025
126	147	1.09368
126	154	0.940327
126	157	0.966544
126	159	0.926217
126	162	0.966685
126	163	1.05496
126	165	0.933247
126	166	0.956869
126	167	0.940123
126	168	0.949697
126	169	0.889442
126	170	0.932764
126	172	0.862142
126	173	0.915317
126	174	0.949592
126	175	0.887091
126	176	0.893175
126	177	0.846556
126	178	0.865794
126	179	0.873822
126	180	0.90562
127	31	0.95869
127	49	0.908093
127	53	0.996807
127	63	0.965254
127	69	0.979337
127	70	0.97916
127	74	0.944465
127	75	0.936803
127	76	0.936657
127	79	1.02344
127	88	0.979268
127	89	0.960123
127	91	0.97968
127	100	1.00598
127	105	0.977589
127	106	0.967885
127	107	0.959004
127	109	1.57339
127	131	0.990031
127	132	0.975442
127	139	0.95545
127	141	0.947458
127	145	0.968513
127	147	0.972581
127	155	0.77555
127	158	0.960868
127	161	1.07304
127	165	1.38476
127	170	1.463
127	175	1.72324
127	176	1.50879
127	178	1.88518
128	18	0.968497
128	20	1.47284
128	55	0.817678
128	90	1.07131
128	106	0.841855
128	110	1.18334
128	114	0.581958
128	120	0.823147
128	129	1.02862
128	132	0.610705
128	133	1.0308
128	134	1.04757
128	139	0.687005
128	140	1.07109
128	143	1.08243
128	144	1.0536
128	147	0.622405
128	151	1.02945
128	158	1.06412
128	162	1.03203
128	163	1.12031
128	166	1.02222
128	167	1.00547
128	169	0.954792
128	171	0.98401
128	173	0.980667
128	174	1.01494
128	175	0.952441
128	176	0.958525
128	177	0.911906
128	178	0.931144
128	179	0.939172
129	14	1.18604
129	18	1.5544
129	27	1.49908
129	33	1.64769
129	55	1.40359
129	73	1.0082
129	83	0.967684
129	95	0.938258
129	97	0.973518
129	98	0.994085
129	116	1.04136
129	128	1.02862
129	132	1.19661
129	137	0.947274
129	138	1.01197
129	142	0.857593
129	151	0.888298
129	156	0.85788
129	158	0.922976
129	160	0.866068
129	162	0.890887
129	165	0.857449
129	166	0.88107
129	169	0.813644
129	170	0.856966
129	171	0.842863
129	172	0.786344
129	174	0.873794
129	176	0.817377
129	177	0.770758
129	178	0.789996
129	179	0.798024
129	180	0.829822
130	2	0.957518
130	6	1.07442
130	7	0.956262
130	10	1.07105
130	25	1.051
130	60	1.04972
130	70	1.03806
130	74	0.904345
130	85	0.961871
130	96	1.0616
130	105	1.0363
130	106	1.0266
130	107	1.01772
130	114	1.05398
130	116	1.05679
130	117	1.00129
130	120	1.04267
130	131	1.04874
130	132	1.03416
130	137	1.03317
130	139	1.01416
130	141	1.00617
130	145	1.02723
130	146	1.07336
130	148	0.712817
130	151	1.25583
130	155	1.04511
130	160	1.50374
130	161	1.13176
130	163	0.716287
130	164	1.67234
130	167	1.26904
130	169	1.81639
130	180	1.60676
131	8	1.08192
131	49	0.956285
131	57	1.39956
131	84	0.771327
131	86	1.04185
131	89	1.00832
131	90	1.02874
131	92	1.02106
131	96	1.05108
131	104	1.02488
131	105	1.02578
131	106	1.01608
131	107	1.0072
131	112	0.982238
131	113	0.985763
131	116	1.04626
131	117	0.990768
131	118	0.639644
131	121	0.9878
131	122	0.97878
131	127	0.990031
131	130	1.04874
131	132	1.02363
131	133	1.23655
131	139	1.00364
131	141	0.995651
131	145	1.01671
131	147	1.02077
131	148	0.816707
131	151	1.35972
131	152	0.998273
131	157	1.25464
131	161	1.12123
131	173	1.56101
131	178	2.04797
132	8	1.06733
132	42	0.950377
132	49	0.941697
132	69	1.01294
132	86	1.02726
132	87	0.903881
132	89	0.993727
132	90	1.01415
132	92	1.00647
132	93	1.05472
132	96	1.03649
132	104	1.01029
132	106	1.00149
132	107	0.992608
132	110	0.533927
132	111	0.876521
132	112	0.967649
132	113	0.971174
132	116	1.03168
132	117	0.976179
132	127	0.975442
132	128	0.610705
132	129	1.19661
132	130	1.03416
132	131	1.02363
132	137	0.973795
132	139	0.989054
132	141	0.981062
132	145	1.00212
132	147	1.00618
132	153	0.821166
132	160	1.58717
132	161	1.10665
132	172	2.35921
132	174	1.30815
132	175	1.86557
133	12	1.43836
133	30	1.51281
133	59	1.04558
133	70	0.940068
133	84	0.983917
133	92	1.07345
133	97	0.975695
133	99	1.06439
133	102	0.970356
133	107	1.44169
133	119	1.21821
133	123	0.967017
133	128	1.0308
133	131	1.23655
133	134	0.908595
133	136	0.871151
133	143	0.943462
133	145	1.15134
133	148	1.02999
133	151	0.890475
133	153	0.986521
133	156	0.860056
133	157	0.892922
133	158	0.925152
133	159	0.852596
133	165	0.859625
133	167	0.866501
133	168	0.876075
133	169	0.815821
133	173	0.841696
133	174	0.87597
133	176	0.819553
133	178	0.792173
133	179	0.800201
133	180	0.831999
134	9	0.849414
134	23	1.54176
134	30	1.42289
134	58	1.25266
134	87	0.963449
134	111	1.02542
134	114	1.09743
134	118	1.07922
134	119	1.1283
134	120	1.33862
134	121	0.963285
134	126	0.982217
134	128	1.04757
134	133	0.908595
134	138	1.03091
134	139	1.20247
134	144	0.931401
134	150	0.970445
134	155	0.978158
134	156	0.876826
134	157	0.909692
134	158	0.941922
134	160	0.885014
134	165	0.876395
134	166	0.900016
134	169	0.83259
134	171	0.861809
134	172	0.80529
134	173	0.858465
134	174	0.89274
134	176	0.836323
134	177	0.789704
134	178	0.808942
134	179	0.81697
135	14	1.08266
135	31	1.002
135	34	1.1671
135	37	1.07373
135	38	0.951514
135	50	1.03698
135	53	1.04012
135	63	1.00856
135	66	0.991069
135	67	0.990487
135	71	1.00249
135	73	0.627684
135	75	0.980113
135	76	0.979967
135	79	1.06675
135	80	0.964907
135	88	1.02258
135	91	1.02299
135	99	0.643864
135	100	1.04929
135	103	1.03546
135	108	0.825779
135	114	1.03858
135	119	0.971867
135	120	1.02726
135	140	0.998602
135	143	0.984447
135	149	0.932228
135	153	1.05484
135	157	1.15894
135	174	1.2329
135	176	1.57588
135	178	1.95227
135	179	1.87995
135	180	1.61495
136	7	1.46211
136	8	0.988045
136	10	1.5452
136	11	1.73905
136	35	1.10808
136	39	1.19008
136	47	1.42705
136	49	0.862412
136	52	1.15784
136	69	0.933656
136	82	1.17058
136	90	0.93487
136	104	0.931004
136	106	0.922204
136	107	0.913323
136	112	0.888364
136	116	0.952391
136	133	0.871151
136	137	0.928776
136	138	0.99347
136	139	0.909769
136	141	0.901777
136	147	0.9269
136	152	0.945377
136	157	0.872248
136	158	0.904478
136	161	1.02736
136	162	0.872389
136	163	0.960666
136	166	0.862572
136	167	0.845827
136	169	0.795146
136	170	0.838468
136	173	0.821021
136	178	0.771498
136	179	0.779526
137	1	0.945789
137	2	0.931424
137	6	1.04832
137	7	0.930167
137	10	1.04495
137	15	1.40404
137	24	0.958398
137	25	1.02491
137	47	1.20049
137	57	0.937317
137	60	1.02363
137	62	0.869822
137	65	1.09432
137	75	1.67972
137	85	0.935776
137	109	0.91145
137	114	1.02789
137	120	1.01657
137	122	1.37362
137	129	0.947274
137	130	1.03317
137	132	0.973795
137	136	0.928776
137	154	0.924331
137	155	1.01901
137	160	0.92587
137	164	0.879473
137	166	0.940872
137	169	0.873446
137	171	0.902665
137	172	0.846146
137	176	0.877179
137	177	0.83056
137	178	0.849798
137	179	0.857826
138	16	0.968155
138	21	1.03824
138	28	0.995458
138	51	1.18038
138	52	0.79861
138	86	0.82945
138	90	1.30173
138	106	1.07227
138	107	1.06672
138	109	0.976143
138	115	1.09542
138	120	1.05356
138	129	1.01197
138	134	1.03091
138	136	0.99347
138	140	1.05444
138	144	1.03695
138	146	1.02572
138	151	1.01279
138	152	1.08837
138	156	0.982375
138	157	1.01524
138	159	0.974914
138	162	1.01538
138	164	0.944166
138	166	1.00557
138	167	0.98882
138	169	0.938139
138	170	0.981461
138	171	0.967358
138	173	0.964014
138	174	0.998289
138	175	0.935788
138	176	0.941872
138	177	0.895253
138	178	0.914491
138	179	0.922519
138	180	0.954317
139	22	1.0099
139	26	0.803888
139	42	0.930385
139	69	0.992949
139	86	1.00726
139	89	0.973734
139	90	0.994162
139	92	0.98648
139	93	1.03473
139	96	1.0165
139	104	0.990297
139	105	0.991201
139	106	0.981497
139	107	0.972616
139	109	1.79202
139	112	0.947657
139	113	0.951182
139	116	1.01168
139	117	0.956187
139	122	0.944199
139	127	0.95545
139	128	0.687005
139	130	1.01416
139	131	1.00364
139	132	0.989054
139	134	1.20247
139	136	0.909769
139	141	0.96107
139	143	1.13599
139	144	1.25553
139	145	0.982125
139	147	0.986193
139	151	1.41556
139	157	1.31048
139	159	1.59697
139	161	1.08665
139	166	1.35064
139	168	1.4203
140	25	1.16373
140	42	1.51432
140	44	1.52577
140	48	1.00091
140	71	1.20302
140	77	1.3422
140	79	1.02329
140	84	1.02421
140	85	0.918449
140	115	1.32815
140	123	1.00731
140	128	1.07109
140	135	0.998602
140	138	1.05444
140	143	0.983761
140	144	0.95493
140	146	0.943702
140	150	0.993973
140	154	0.907004
140	155	1.00169
140	156	0.900355
140	159	0.892894
140	160	0.908543
140	163	1.02164
140	166	0.923545
140	167	0.9068
140	169	0.856119
140	170	0.899441
140	171	0.885337
140	172	0.828819
140	174	0.916268
140	175	0.853767
140	176	0.859851
140	177	0.813233
140	178	0.832471
140	179	0.840499
140	180	0.872297
141	22	1.00191
141	42	0.922393
141	49	0.913713
141	69	0.984957
141	81	1.41319
141	86	0.999273
141	89	0.965742
141	90	0.98617
141	92	0.978488
141	93	1.02674
141	96	1.00851
141	98	0.737566
141	104	0.982305
141	105	0.983209
141	106	0.973505
141	107	0.964624
141	112	0.939665
141	113	0.94319
141	116	1.00369
141	117	0.948195
141	118	0.829395
141	122	0.936208
141	127	0.947458
141	130	1.00617
141	131	0.995651
141	132	0.981062
141	136	0.901777
141	139	0.96107
141	144	1.38944
141	145	0.974133
141	147	0.978201
141	157	1.44439
141	161	1.07866
141	162	1.42348
141	163	1.00993
141	166	1.48455
141	167	1.56269
141	174	1.51836
141	176	1.86133
142	24	1.70272
142	41	2.06986
142	60	1.51761
142	79	1.66756
142	89	1.74753
142	99	1.03234
142	121	0.91446
142	126	0.933391
142	129	0.857593
142	144	0.882576
142	146	0.871348
142	147	1.72981
142	152	0.933995
142	154	0.83465
142	157	0.860866
142	158	0.893096
142	159	0.82054
142	160	0.836189
142	162	0.861007
142	164	0.789792
142	165	0.82757
142	166	0.851191
142	167	0.834446
142	168	0.844019
142	169	0.783765
142	170	0.827087
142	171	0.812983
142	172	0.756465
142	173	0.80964
142	174	0.843915
142	175	0.781414
142	176	0.787498
142	177	0.740879
142	178	0.760117
142	179	0.768145
142	180	0.799943
143	28	1.21403
143	51	1.39895
143	56	1.15774
143	57	0.931329
143	73	1.06202
143	95	0.992072
143	98	1.0479
143	106	1.29084
143	109	0.905462
143	113	1.12282
143	115	1.31399
143	116	0.904434
143	128	1.08243
143	133	0.943462
143	135	0.984447
143	139	1.13599
143	140	0.983761
143	144	0.966269
143	148	1.08163
143	150	1.00531
143	152	1.01769
143	154	0.918343
143	156	0.911694
143	158	0.976789
143	161	0.811056
143	162	0.9447
143	163	1.03298
143	164	0.873485
143	165	0.911263
143	169	0.867458
143	171	0.896676
143	172	0.840158
143	173	0.893333
143	174	0.927608
143	175	0.865106
143	176	0.871191
143	177	0.824572
143	178	0.84381
143	179	0.851838
144	8	0.979444
144	13	1.27192
144	40	0.996067
144	70	0.962874
144	73	1.03318
144	77	1.44759
144	104	1.2672
144	128	1.0536
144	134	0.931401
144	138	1.03695
144	139	1.25553
144	140	0.95493
144	141	1.38944
144	142	0.882576
144	143	0.966269
144	145	1.11449
144	146	0.92621
144	149	0.886718
144	151	0.913281
144	152	0.988857
144	153	1.00933
144	155	0.984195
144	156	0.882863
144	157	0.915728
144	161	0.9306
144	165	0.882432
144	166	0.906053
144	167	0.889308
144	168	0.898881
144	169	0.838627
144	170	0.881949
144	171	0.867845
144	172	0.811327
144	173	0.864502
144	174	0.898777
144	176	0.84236
144	178	0.814979
144	179	0.823007
145	8	1.0604
145	22	1.02296
145	42	0.943448
145	49	0.934767
145	69	1.00601
145	74	0.923033
145	86	1.02033
145	89	0.986797
145	90	1.00722
145	92	0.999542
145	93	1.04779
145	96	1.02956
145	99	0.654363
145	101	1.01456
145	104	1.00336
145	105	1.00426
145	106	0.99456
145	107	0.985679
145	112	0.96072
145	113	0.964245
145	116	1.02475
145	117	0.96925
145	118	0.554441
145	122	0.957262
145	127	0.968513
145	130	1.02723
145	131	1.01671
145	132	1.00212
145	133	1.15134
145	139	0.982125
145	141	0.974133
145	144	1.11449
145	147	0.999255
145	157	1.16944
145	161	1.09972
145	163	0.734974
145	173	1.47581
145	178	1.96277
145	179	1.89045
145	180	1.62545
146	31	1.5736
146	43	1.37107
146	49	1.35862
146	64	1.19681
146	77	1.42515
146	104	1.24476
146	110	1.05595
146	122	1.55662
146	125	1.01176
146	126	0.977025
146	130	1.07336
146	138	1.02572
146	140	0.943702
146	142	0.871348
146	144	0.92621
146	148	1.04157
146	151	0.902053
146	153	0.998099
146	156	0.871635
146	157	0.9045
146	158	0.93673
146	159	0.864174
146	160	0.879823
146	165	0.871204
146	166	0.894825
146	167	0.87808
146	169	0.827399
146	171	0.856617
146	172	0.800099
146	173	0.853274
146	174	0.887549
146	176	0.831132
146	177	0.784513
146	178	0.803751
146	179	0.811779
146	180	0.843577
147	8	1.06447
147	22	1.02703
147	42	0.947516
147	49	0.938835
147	69	1.01008
147	86	1.0244
147	89	0.990865
147	90	1.01129
147	92	1.00361
147	93	1.05186
147	96	1.03363
147	97	0.874924
147	104	1.00743
147	105	1.00833
147	106	0.998628
147	107	0.989747
147	112	0.964788
147	113	0.968313
147	116	1.02881
147	117	0.973318
147	121	0.97904
147	122	0.96133
147	125	0.790363
147	126	1.09368
147	127	0.972581
147	128	0.622405
147	131	1.02077
147	132	1.00618
147	136	0.9269
147	139	0.986193
147	141	0.978201
147	142	1.72981
147	145	0.999255
147	152	0.989513
147	161	1.10378
147	162	1.22497
147	167	1.36418
147	168	1.3557
147	174	1.31985
147	175	1.87727
148	1	0.768242
148	27	1.09872
148	29	1.24438
148	30	1.09297
148	42	1.23672
148	56	0.894302
148	77	1.06461
148	90	1.25686
148	95	1.0786
148	97	1.11386
148	108	1.14447
148	113	0.859377
148	116	0.640993
148	121	1.08468
148	130	0.712817
148	131	0.816707
148	133	1.02999
148	143	1.08163
148	146	1.04157
148	154	1.00487
148	156	0.998223
148	157	1.03109
148	158	1.06332
148	159	0.990763
148	161	0.547614
148	162	1.03123
148	163	1.11951
148	164	0.960014
148	165	0.997792
148	166	1.02141
148	167	1.00467
148	169	0.953988
148	170	0.99731
148	171	0.983206
148	172	0.926688
148	173	0.979863
148	174	1.01414
148	175	0.951636
148	176	0.95772
148	177	0.911102
148	178	0.930339
148	179	0.938368
149	14	0.986427
149	29	1.82419
149	34	1.07087
149	37	0.977503
149	38	0.855284
149	46	1.43817
149	47	1.60275
149	56	1.47411
149	57	0.851778
149	59	1.20555
149	61	1.43723
149	66	0.894838
149	67	0.894257
149	81	0.889428
149	88	1.39769
149	103	0.939232
149	105	1.32032
149	108	0.978394
149	109	0.825911
149	111	0.980734
149	114	0.942348
149	119	0.875637
149	120	0.931034
149	135	0.932228
149	144	0.886718
149	150	0.925761
149	153	0.958607
149	156	0.832143
149	157	0.865008
149	160	0.840331
149	164	0.793934
149	165	0.831712
149	170	0.831229
149	171	0.817125
149	175	0.785555
149	176	0.791639
149	177	0.745021
149	178	0.764259
149	179	0.772287
150	8	0.806052
150	15	1.43609
150	24	0.990444
150	36	1.4871
150	37	0.931217
150	64	1.04585
150	83	1.03171
150	89	1.03525
150	98	1.05811
150	102	1.03221
150	103	1.06866
150	120	1.21828
150	122	1.40567
150	124	1.17538
150	134	0.970445
150	140	0.993973
150	143	1.00531
150	149	0.925761
150	151	0.952325
150	152	1.0279
150	153	1.04837
150	155	1.02324
150	156	0.921906
150	157	0.954772
150	158	0.987002
150	159	0.914445
150	160	0.930094
150	163	1.04319
150	165	0.921475
150	166	0.945096
150	167	0.928351
150	169	0.87767
150	170	0.920992
150	171	0.906889
150	172	0.85037
150	173	0.903545
150	174	0.93782
150	176	0.881403
150	177	0.834784
150	178	0.854022
150	179	0.86205
150	180	0.893848
151	6	1.18004
151	50	1.72497
151	58	1.46574
151	61	1.40043
151	72	0.949583
151	118	1.0611
151	119	1.34139
151	121	0.945165
151	123	0.965666
151	128	1.02945
151	129	0.888298
151	130	1.25583
151	131	1.35972
151	133	0.890475
151	138	1.01279
151	139	1.41556
151	144	0.913281
151	146	0.902053
151	150	0.952325
151	152	0.9647
151	156	0.858706
151	157	0.891572
151	158	0.923802
151	160	0.866894
151	161	1.09063
151	162	0.891713
151	163	0.979989
151	164	0.820497
151	166	0.881896
151	167	0.865151
151	168	0.874725
151	169	0.81447
151	170	0.857792
151	171	0.843689
151	172	0.78717
151	173	0.840345
151	174	0.87462
151	175	0.812119
151	176	0.818203
151	177	0.771584
151	178	0.790822
151	179	0.79885
152	28	1.13215
152	33	1.42889
152	45	1.1268
152	54	0.611602
152	66	1.05759
152	70	1.01429
152	72	1.02516
152	77	1.24617
152	90	1.43842
152	97	1.04992
152	104	1.06578
152	109	0.92805
152	117	1.30993
152	121	1.02074
152	123	1.04124
152	131	0.998273
152	136	0.945377
152	138	1.08837
152	142	0.933995
152	143	1.01769
152	144	0.988857
152	147	0.989513
152	150	1.0279
152	151	0.9647
152	156	0.934282
152	159	0.926821
152	160	0.94247
152	161	0.72918
152	162	0.967289
152	163	1.05557
152	164	0.896073
152	165	0.933851
152	166	0.957472
152	167	0.940727
152	169	0.890046
152	170	0.933368
152	171	0.919265
152	172	0.862746
152	173	0.915921
152	174	0.950196
152	175	0.887695
152	176	0.893779
152	177	0.84716
152	178	0.866398
152	179	0.874426
153	10	1.16602
153	14	1.10904
153	19	0.765236
153	21	1.01829
153	23	1.23675
153	25	0.911053
153	34	1.19348
153	37	1.10011
153	38	0.977894
153	41	1.17291
153	44	1.2731
153	45	0.970153
153	66	1.01745
153	67	1.01687
153	83	1.06456
153	88	0.842804
153	103	1.06184
153	113	0.884296
153	114	1.06496
153	119	0.998246
153	120	1.05364
153	132	0.821166
153	133	0.986521
153	135	1.05484
153	144	1.00933
153	146	0.998099
153	149	0.958607
153	150	1.04837
153	161	0.572533
153	165	0.954321
153	166	0.977943
153	167	0.961197
153	170	0.953838
153	171	0.939735
153	173	0.936391
153	174	0.970666
153	176	0.914249
153	177	0.86763
153	178	0.886868
153	179	0.894896
154	16	1.53287
154	34	1.62786
154	59	1.23534
154	63	1.25609
154	73	0.985259
154	87	0.92156
154	94	0.998623
154	95	0.915315
154	96	1.17751
154	97	0.950575
154	106	1.63699
154	108	0.981188
154	109	0.828705
154	111	0.983529
154	114	1.37709
154	116	1.25058
154	121	0.921396
154	122	1.80567
154	125	0.975061
154	126	0.940327
154	137	0.924331
154	140	0.907004
154	142	0.83465
154	143	0.918343
154	148	1.00487
154	155	0.936269
154	156	0.834937
154	157	0.867802
154	158	0.900032
154	159	0.827476
154	162	0.867944
154	163	0.95622
154	165	0.834506
154	166	0.858127
154	167	0.841382
154	171	0.819919
154	172	0.763401
154	173	0.816576
154	174	0.850851
154	176	0.794434
154	177	0.747815
154	178	0.767053
154	179	0.775081
155	2	0.943362
155	6	1.06026
155	7	0.942105
155	10	1.05689
155	25	1.03685
155	31	1.33468
155	38	0.818876
155	58	1.04436
155	60	1.03556
155	65	1.0384
155	76	1.03453
155	85	0.947714
155	90	1.37849
155	98	1.06583
155	114	1.03983
155	117	1.24999
155	119	0.920005
155	120	1.02851
155	122	1.31771
155	124	1.08742
155	127	0.77555
155	130	1.04511
155	134	0.978158
155	137	1.01901
155	140	1.00169
155	144	0.984195
155	150	1.02324
155	154	0.936269
155	160	0.937808
155	165	0.929189
155	167	0.936065
155	170	0.928706
155	171	0.914602
155	172	0.858084
155	173	0.911259
155	174	0.945534
155	176	0.889117
155	177	0.842498
155	178	0.861736
155	179	0.869764
156	45	1.70479
156	59	1.3853
156	69	1.45671
156	70	0.908299
156	71	1.68498
156	79	1.50525
156	83	0.938092
156	86	1.54413
156	95	0.908666
156	102	0.938588
156	108	0.974539
156	109	0.822056
156	110	1.0126
156	113	1.61893
156	114	1.52705
156	121	0.914747
156	129	0.85788
156	133	0.860056
156	134	0.876826
156	138	0.982375
156	140	0.900355
156	143	0.911694
156	144	0.882863
156	146	0.871635
156	148	0.998223
156	149	0.832143
156	150	0.921906
156	151	0.858706
156	152	0.934282
156	154	0.834937
156	158	0.893383
156	159	0.820827
156	160	0.836476
156	161	1.30717
156	165	0.827857
156	166	0.851478
156	170	0.827374
156	171	0.81327
156	172	0.756752
156	173	0.809927
156	174	0.844202
156	175	0.781701
156	176	0.787785
156	177	0.741166
156	178	0.760404
156	179	0.768432
156	180	0.80023
157	3	1.44361
157	26	1.07508
157	62	1.13021
157	68	1.24483
157	73	1.01147
157	74	0.920555
157	83	0.970957
157	87	0.947776
157	98	0.997359
157	108	1.0074
157	115	1.48848
157	118	1.06355
157	124	1.40372
157	125	1.00128
157	126	0.966544
157	131	1.25464
157	133	0.892922
157	134	0.909692
157	135	1.15894
157	136	0.872248
157	138	1.01524
157	139	1.31048
157	141	1.44439
157	142	0.860866
157	144	0.915728
157	145	1.16944
157	146	0.9045
157	148	1.03109
157	149	0.865008
157	150	0.954772
157	151	0.891572
157	154	0.867802
157	159	0.853692
157	160	0.869341
157	161	0.98555
157	163	0.982437
157	167	0.867598
157	168	0.877172
157	169	0.816917
157	171	0.846136
157	172	0.789617
157	174	0.877067
157	175	0.814566
157	176	0.82065
157	177	0.774031
157	178	0.793269
157	179	0.801297
157	180	0.833095
158	4	1.72532
158	11	1.64189
158	14	1.09262
158	40	0.92003
158	49	1.30503
158	53	1.31328
158	67	1.12189
158	71	1.23237
158	81	0.950668
158	84	1.01724
158	99	1.09772
158	103	1.16601
158	111	1.04197
158	116	0.947942
158	118	1.09578
158	124	1.27274
158	127	0.960868
158	128	1.06412
158	129	0.922976
158	133	0.925152
158	134	0.941922
158	136	0.904478
158	142	0.893096
158	143	0.976789
158	146	0.93673
158	148	1.06332
158	150	0.987002
158	151	0.923802
158	154	0.900032
158	156	0.893383
158	159	0.885922
158	160	0.901572
158	162	0.92639
158	163	1.01467
158	165	0.892952
158	166	0.916574
158	167	0.899828
158	168	0.909402
158	169	0.849147
158	171	0.878366
158	172	0.821847
158	173	0.875022
158	174	0.909297
158	175	0.846796
158	176	0.85288
158	177	0.806261
158	178	0.825499
158	179	0.833527
158	180	0.865326
159	14	1.51009
159	45	1.66966
159	47	1.74737
159	63	1.37092
159	67	1.53937
159	87	0.90745
159	88	1.54231
159	94	0.984513
159	98	0.957032
159	99	1.02516
159	102	0.931127
159	120	1.73311
159	121	0.907286
159	123	0.927787
159	124	1.69021
159	125	0.960951
159	126	0.926217
159	133	0.852596
159	138	0.974914
159	139	1.59697
159	140	0.892894
159	142	0.82054
159	146	0.864174
159	148	0.990763
159	150	0.914445
159	152	0.926821
159	154	0.827476
159	156	0.820827
159	157	0.853692
159	158	0.885922
159	160	0.829015
159	162	0.853833
159	165	0.820396
159	166	0.844017
159	167	0.827272
159	168	0.836846
159	169	0.776591
159	170	0.819913
159	171	0.805809
159	172	0.749291
159	173	0.802466
159	174	0.836741
159	175	0.77424
159	176	0.780324
159	177	0.733705
159	178	0.752943
159	179	0.760971
159	180	0.792769
160	9	1.31041
160	22	1.43298
160	43	1.80144
160	46	1.64929
160	62	1.4832
160	81	0.893761
160	83	0.94628
160	86	1.5755
160	93	1.5974
160	95	0.916854
160	96	1.35885
160	97	0.952114
160	99	1.04081
160	111	0.985068
160	121	0.922935
160	123	0.943436
160	129	0.866068
160	130	1.50374
160	132	1.58717
160	134	0.885014
160	137	0.92587
160	140	0.908543
160	142	0.836189
160	146	0.879823
160	149	0.840331
160	150	0.930094
160	151	0.866894
160	152	0.94247
160	155	0.937808
160	156	0.836476
160	157	0.869341
160	158	0.901572
160	159	0.829015
160	162	0.869483
160	163	0.957759
160	165	0.836045
160	166	0.859666
160	167	0.842921
160	168	0.852495
160	169	0.79224
160	170	0.835562
160	171	0.821459
160	172	0.76494
160	173	0.818115
160	174	0.85239
160	175	0.789889
160	176	0.795973
160	177	0.749354
160	178	0.768592
160	179	0.77662
160	180	0.808418
161	16	1.119
161	17	1.15703
161	24	1.10111
161	32	1.06572
161	35	1.19445
161	40	1.14889
161	42	1.04798
161	46	1.14889
161	48	1.03999
161	56	1.11051
161	84	0.502234
161	85	0.882996
161	89	1.09133
161	93	1.15232
161	94	0.440952
161	95	1.02912
161	104	1.10789
161	105	1.10879
161	106	1.09909
161	112	1.06525
161	116	1.12928
161	117	1.07378
161	118	0.370551
161	119	1.05976
161	122	1.06179
161	125	0.53003
161	127	1.07304
161	130	1.13176
161	131	1.12123
161	132	1.10665
161	136	1.02736
161	139	1.08665
161	141	1.07866
161	143	0.811056
161	144	0.9306
161	145	1.09972
161	147	1.10378
161	148	0.547614
161	151	1.09063
161	152	0.72918
161	153	0.572533
161	156	1.30717
161	157	0.98555
161	170	1.3567
161	171	1.36963
161	178	1.77888
161	180	0.988209
162	17	1.10735
162	18	1.57107
162	25	1.30316
162	35	1.121
162	41	1.56502
162	53	1.42336
162	61	1.27445
162	66	1.29305
162	71	1.34245
162	72	0.952171
162	81	0.918579
162	91	1.25064
162	94	1.02498
162	97	0.976933
162	102	0.971594
162	108	1.00755
162	109	0.855062
162	111	1.00989
162	118	1.06369
162	121	0.947754
162	123	0.968254
162	126	0.966685
162	128	1.03203
162	129	0.890887
162	136	0.872389
162	138	1.01538
162	141	1.42348
162	142	0.861007
162	143	0.9447
162	147	1.22497
162	148	1.03123
162	151	0.891713
162	152	0.967289
162	154	0.867944
162	158	0.92639
162	159	0.853833
162	160	0.869483
162	164	0.823085
162	165	0.860863
162	166	0.884485
162	167	0.867739
162	168	0.877313
162	170	0.86038
162	171	0.846277
162	172	0.789759
162	173	0.842933
162	174	0.877208
162	175	0.814707
162	176	0.820791
162	177	0.774172
162	178	0.79341
162	179	0.801438
162	180	0.833237
163	10	1.14457
163	11	1.33841
163	13	0.892401
163	15	1.22997
163	27	1.10219
163	36	1.28097
163	57	0.969206
163	69	0.700625
163	70	1.02958
163	77	1.06808
163	81	1.00686
163	91	0.837084
163	93	0.809946
163	94	1.11326
163	99	1.15391
163	108	1.09582
163	110	1.13389
163	112	1.01175
163	115	1.05402
163	118	1.15197
163	121	1.03603
163	122	1.19955
163	123	1.05653
163	124	0.969258
163	125	1.0897
163	126	1.05496
163	128	1.12031
163	130	0.716287
163	136	0.960666
163	140	1.02164
163	141	1.00993
163	143	1.03298
163	145	0.734974
163	148	1.11951
163	150	1.04319
163	151	0.979989
163	152	1.05557
163	154	0.95622
163	157	0.982437
163	158	1.01467
163	160	0.957759
163	164	0.911362
163	165	0.94914
163	166	0.972761
163	167	0.956016
163	169	0.905335
163	170	0.948657
163	171	0.934554
163	172	0.878035
163	173	0.93121
163	174	0.965485
163	175	0.902984
163	176	0.909068
163	177	0.862449
163	178	0.881687
163	179	0.889715
163	180	0.921513
164	1	1.72777
164	2	2.05979
164	9	0.943385
164	12	0.837321
164	24	1.74038
164	36	0.905182
164	44	0.948369
164	47	0.831908
164	58	0.901305
164	62	0.964018
164	64	1.79579
164	77	0.938728
164	78	0.844049
164	82	0.902288
164	87	0.876702
164	96	1.52745
164	103	1.81859
164	110	0.974395
164	111	0.93867
164	115	0.85191
164	119	1.7579
164	121	0.876538
164	130	1.67234
164	137	0.879473
164	138	0.944166
164	142	0.789792
164	143	0.873485
164	148	0.960014
164	149	0.793934
164	151	0.820497
164	152	0.896073
164	162	0.823085
164	163	0.911362
164	166	0.813269
164	168	0.806097
164	169	0.745843
164	170	0.789165
164	171	0.775061
164	172	0.718543
164	173	0.771718
164	174	0.805993
164	175	0.743492
164	176	0.749576
164	177	0.702957
164	178	0.722195
164	179	0.730223
164	180	0.762021
165	37	1.45247
165	40	1.34392
165	61	1.58827
165	64	1.5671
165	78	1.53674
165	81	0.885142
165	83	0.937661
165	93	1.53732
165	94	0.991543
165	96	1.29876
165	98	0.964062
165	100	1.34134
165	107	1.75269
165	110	1.01217
165	111	0.976448
165	118	1.03025
165	123	0.934817
165	124	1.69663
165	125	0.967981
165	126	0.933247
165	127	1.38476
165	129	0.857449
165	133	0.859625
165	134	0.876395
165	142	0.82757
165	143	0.911263
165	144	0.882432
165	146	0.871204
165	148	0.997792
165	149	0.831712
165	150	0.921475
165	152	0.933851
165	153	0.954321
165	154	0.834506
165	155	0.929189
165	156	0.827857
165	158	0.892952
165	159	0.820396
165	160	0.836045
165	162	0.860863
165	163	0.94914
165	166	0.851047
165	167	0.834302
165	169	0.783621
165	170	0.826943
165	171	0.812839
165	172	0.756321
165	173	0.809496
165	174	0.843771
165	175	0.78127
165	176	0.787354
165	177	0.740735
165	178	0.759973
165	179	0.768001
165	180	0.799799
166	3	1.48376
166	17	1.16841
166	37	1.19971
166	39	1.26406
166	60	1.07383
166	68	1.28498
166	72	0.942355
166	81	0.908763
166	90	1.73494
166	95	0.931856
166	101	0.944243
166	104	1.3623
166	110	1.03579
166	112	1.48636
166	117	1.60645
166	121	0.937937
166	125	0.991602
166	126	0.956869
166	128	1.02222
166	129	0.88107
166	134	0.900016
166	136	0.862572
166	137	0.940872
166	138	1.00557
166	139	1.35064
166	140	0.923545
166	141	1.48455
166	142	0.851191
166	144	0.906053
166	146	0.894825
166	148	1.02141
166	150	0.945096
166	151	0.881896
166	152	0.957472
166	153	0.977943
166	154	0.858127
166	156	0.851478
166	158	0.916574
166	159	0.844017
166	160	0.859666
166	162	0.884485
166	163	0.972761
166	164	0.813269
166	165	0.851047
166	167	0.857923
166	168	0.867497
166	170	0.850564
166	171	0.836461
166	172	0.779942
166	173	0.833117
166	176	0.810975
166	177	0.764356
166	178	0.783594
166	179	0.791622
166	180	0.82342
167	2	1.65649
167	30	1.6492
167	52	1.30997
167	64	1.39249
167	72	0.925609
167	78	1.36212
167	79	1.30193
167	84	0.958593
167	92	1.20983
167	94	0.998418
167	99	1.03907
167	101	0.927497
167	103	1.41529
167	109	0.828501
167	111	0.983324
167	115	1.60678
167	121	0.921192
167	123	0.941693
167	125	0.974857
167	126	0.940123
167	128	1.00547
167	130	1.26904
167	133	0.866501
167	136	0.845827
167	138	0.98882
167	140	0.9068
167	141	1.56269
167	142	0.834446
167	144	0.889308
167	146	0.87808
167	147	1.36418
167	148	1.00467
167	150	0.928351
167	151	0.865151
167	152	0.940727
167	153	0.961197
167	154	0.841382
167	155	0.936065
167	157	0.867598
167	158	0.899828
167	159	0.827272
167	160	0.842921
167	162	0.867739
167	163	0.956016
167	165	0.834302
167	166	0.857923
167	169	0.790497
167	170	0.833819
167	171	0.819715
167	173	0.816372
167	174	0.850646
167	175	0.788145
167	176	0.79423
167	177	0.747611
167	178	0.766849
167	179	0.774877
167	180	0.806675
168	1	0.983272
168	4	0.865247
168	13	1.43668
168	27	0.919385
168	28	1.03066
168	37	1.26937
168	43	0.879925
168	44	1.0026
168	50	1.7297
168	52	0.944524
168	54	0.942592
168	55	1.55097
168	57	0.863941
168	68	0.913803
168	71	1.47317
168	79	1.29345
168	82	1.31423
168	98	0.980512
168	101	0.937071
168	102	0.954606
168	103	0.951396
168	120	1.55644
168	124	0.931066
168	125	0.984431
168	126	0.949697
168	133	0.876075
168	139	1.4203
168	142	0.844019
168	144	0.898881
168	147	1.3557
168	151	0.874725
168	157	0.877172
168	158	0.909402
168	159	0.836846
168	160	0.852495
168	162	0.877313
168	164	0.806097
168	166	0.867497
168	171	0.829289
168	172	0.772771
168	173	0.825946
168	174	0.86022
168	175	0.797719
168	176	0.803803
168	177	0.757185
168	178	0.776422
168	179	0.784451
168	180	0.816249
169	25	1.98971
169	26	0.997978
169	54	1.53361
169	63	1.75007
169	69	1.80073
169	70	0.864063
169	73	0.934374
169	95	0.86443
169	96	1.67149
169	98	0.920257
169	99	0.988387
169	105	1.84409
169	106	2.13097
169	108	0.930303
169	109	0.77782
169	113	1.96295
169	118	0.986447
169	125	0.924176
169	126	0.889442
169	128	0.954792
169	129	0.813644
169	130	1.81639
169	133	0.815821
169	134	0.83259
169	136	0.795146
169	137	0.873446
169	138	0.938139
169	140	0.856119
169	142	0.783765
169	143	0.867458
169	144	0.838627
169	146	0.827399
169	148	0.953988
169	150	0.87767
169	151	0.81447
169	152	0.890046
169	157	0.816917
169	158	0.849147
169	159	0.776591
169	160	0.79224
169	163	0.905335
169	164	0.745843
169	165	0.783621
169	167	0.790497
169	170	0.783138
169	171	0.769034
169	172	0.712516
169	173	0.765691
169	174	0.799966
169	175	0.737465
169	176	0.743549
169	177	0.69693
169	178	0.716168
169	179	0.724196
169	180	0.755994
170	3	1.81475
170	5	1.31799
170	37	1.53071
170	54	1.23912
170	57	0.847009
170	63	1.45558
170	68	1.61597
170	72	0.91825
170	73	0.977696
170	78	1.61497
170	80	1.57797
170	81	0.884659
170	84	0.951234
170	86	1.59366
170	95	0.907752
170	97	0.943012
170	100	1.41958
170	102	0.937674
170	109	0.821142
170	110	1.01169
170	111	0.975965
170	118	1.02977
170	123	0.934334
170	125	0.967498
170	126	0.932764
170	127	1.463
170	129	0.856966
170	136	0.838468
170	138	0.981461
170	140	0.899441
170	142	0.827087
170	144	0.881949
170	148	0.99731
170	149	0.831229
170	150	0.920992
170	151	0.857792
170	152	0.933368
170	153	0.953838
170	155	0.928706
170	156	0.827374
170	159	0.819913
170	160	0.835562
170	161	1.3567
170	162	0.86038
170	163	0.948657
170	164	0.789165
170	165	0.826943
170	166	0.850564
170	167	0.833819
170	169	0.783138
170	171	0.812356
170	172	0.755838
170	173	0.809013
170	174	0.843288
170	175	0.780787
170	176	0.786871
170	177	0.740252
170	178	0.75949
170	179	0.767518
170	180	0.799316
171	6	1.45904
171	42	2.05874
171	46	1.68038
171	54	1.25205
171	56	1.71632
171	57	0.832905
171	58	1.74475
171	72	0.904147
171	73	0.963592
171	83	0.923074
171	88	1.6399
171	91	1.65563
171	93	1.62849
171	94	0.976956
171	95	0.893649
171	97	0.928909
171	98	0.949476
171	100	1.43251
171	105	1.56254
171	110	0.997587
171	123	0.92023
171	125	0.953395
171	128	0.98401
171	129	0.842863
171	134	0.861809
171	137	0.902665
171	138	0.967358
171	140	0.885337
171	142	0.812983
171	143	0.896676
171	144	0.867845
171	146	0.856617
171	148	0.983206
171	149	0.817125
171	150	0.906889
171	151	0.843689
171	152	0.919265
171	153	0.939735
171	154	0.819919
171	155	0.914602
171	156	0.81327
171	157	0.846136
171	158	0.878366
171	159	0.805809
171	160	0.821459
171	161	1.36963
171	162	0.846277
171	163	0.934554
171	164	0.775061
171	165	0.812839
171	166	0.836461
171	167	0.819715
171	168	0.829289
171	169	0.769034
171	170	0.812356
171	172	0.741735
171	173	0.794909
171	174	0.829184
171	175	0.766683
171	176	0.772767
171	177	0.726148
171	178	0.745386
171	179	0.753414
171	180	0.785213
172	5	2.07188
172	39	2.34894
172	48	2.28628
172	62	2.25524
172	67	2.37791
172	70	0.836763
172	74	0.816154
172	84	0.880612
172	85	0.774846
172	87	0.843375
172	91	2.39658
172	94	0.920438
172	95	0.83713
172	98	0.892957
172	102	0.867052
172	108	0.903003
172	109	0.75052
172	111	0.905344
172	116	2.20396
172	118	0.959147
172	121	0.843211
172	123	0.863712
172	125	0.896876
172	126	0.862142
172	129	0.786344
172	132	2.35921
172	134	0.80529
172	137	0.846146
172	140	0.828819
172	142	0.756465
172	143	0.840158
172	144	0.811327
172	146	0.800099
172	148	0.926688
172	150	0.85037
172	151	0.78717
172	152	0.862746
172	154	0.763401
172	155	0.858084
172	156	0.756752
172	157	0.789617
172	158	0.821847
172	159	0.749291
172	160	0.76494
172	162	0.789759
172	163	0.878035
172	164	0.718543
172	165	0.756321
172	166	0.779942
172	168	0.772771
172	169	0.712516
172	170	0.755838
172	171	0.741735
172	173	0.738391
172	174	0.772666
172	175	0.710165
172	176	0.716249
172	177	0.66963
172	178	0.688868
172	179	0.696896
172	180	0.728694
173	9	1.26379
173	16	1.66759
173	19	1.48462
173	26	1.02385
173	53	1.75064
173	55	1.74753
173	60	1.34005
173	65	1.66108
173	70	0.889938
173	72	0.900803
173	73	0.960249
173	74	0.869329
173	80	1.5132
173	81	0.867212
173	83	0.919731
173	84	0.933787
173	86	1.52889
173	94	0.973613
173	95	0.890305
173	98	0.946132
173	99	1.01426
173	100	1.3548
173	102	0.920227
173	105	1.48483
173	107	1.76616
173	109	0.803695
173	110	0.994243
173	118	1.01232
173	121	0.896386
173	123	0.916887
173	125	0.950051
173	126	0.915317
173	128	0.980667
173	131	1.56101
173	133	0.841696
173	134	0.858465
173	136	0.821021
173	138	0.964014
173	142	0.80964
173	143	0.893333
173	144	0.864502
173	145	1.47581
173	146	0.853274
173	148	0.979863
173	150	0.903545
173	151	0.840345
173	152	0.915921
173	153	0.936391
173	154	0.816576
173	155	0.911259
173	156	0.809927
173	158	0.875022
173	159	0.802466
173	160	0.818115
173	162	0.842933
173	163	0.93121
173	164	0.771718
173	165	0.809496
173	166	0.833117
173	167	0.816372
173	168	0.825946
173	169	0.765691
173	170	0.809013
173	171	0.794909
173	172	0.738391
173	174	0.825841
173	175	0.76334
173	176	0.769424
173	177	0.722805
173	178	0.742043
173	179	0.750071
173	180	0.781869
174	8	1.10836
174	14	1.29757
174	19	1.25222
174	22	1.15396
174	26	1.05813
174	31	1.72495
174	35	1.21587
174	43	1.52242
174	57	0.863837
174	63	1.1584
174	66	1.38792
174	70	0.924213
174	72	0.935078
174	81	0.901487
174	84	0.968062
174	85	0.862296
174	87	0.930825
174	93	1.31837
174	94	1.00789
174	95	0.92458
174	97	0.95984
174	99	1.04854
174	100	1.12239
174	101	0.936966
174	102	0.954502
174	103	1.37096
174	108	0.990453
174	109	0.83797
174	110	1.02852
174	111	0.992793
174	114	1.2794
174	118	1.0466
174	121	0.930661
174	122	1.70798
174	123	0.951162
174	125	0.984326
174	126	0.949592
174	128	1.01494
174	129	0.873794
174	132	1.30815
174	133	0.87597
174	134	0.89274
174	135	1.2329
174	138	0.998289
174	140	0.916268
174	141	1.51836
174	142	0.843915
174	143	0.927608
174	144	0.898777
174	146	0.887549
174	147	1.31985
174	148	1.01414
174	150	0.93782
174	151	0.87462
174	152	0.950196
174	153	0.970666
174	154	0.850851
174	155	0.945534
174	156	0.844202
174	157	0.877067
174	158	0.909297
174	159	0.836741
174	160	0.85239
174	162	0.877208
174	163	0.965485
174	164	0.805993
174	165	0.843771
174	167	0.850646
174	168	0.86022
174	169	0.799966
174	170	0.843288
174	171	0.829184
174	172	0.772666
174	173	0.825841
174	175	0.797614
174	176	0.803698
174	177	0.75708
174	178	0.776318
174	179	0.784346
174	180	0.816144
175	7	2.12733
175	9	0.935007
175	12	0.828943
175	36	0.896804
175	38	1.76657
175	44	0.93999
175	47	0.823529
175	58	0.892927
175	60	1.66506
175	62	0.95564
175	65	1.98609
175	77	0.930349
175	78	0.835671
175	82	0.89391
175	87	0.868324
175	92	1.72293
175	96	1.63724
175	102	0.892001
175	108	0.927952
175	109	0.775469
175	111	0.930292
175	113	1.9287
175	115	0.843532
175	118	0.984096
175	123	0.888661
175	125	0.921825
175	126	0.887091
175	127	1.72324
175	128	0.952441
175	132	1.86557
175	138	0.935788
175	140	0.853767
175	142	0.781414
175	143	0.865106
175	147	1.87727
175	148	0.951636
175	149	0.785555
175	151	0.812119
175	152	0.887695
175	156	0.781701
175	157	0.814566
175	158	0.846796
175	159	0.77424
175	160	0.789889
175	162	0.814707
175	163	0.902984
175	164	0.743492
175	165	0.78127
175	167	0.788145
175	168	0.797719
175	169	0.737465
175	170	0.780787
175	171	0.766683
175	172	0.710165
175	173	0.76334
175	174	0.797614
175	176	0.741197
175	177	0.694579
175	178	0.713817
175	179	0.721845
175	180	0.753643
176	6	1.4919
176	26	1.00171
176	27	1.95359
176	28	1.80546
176	32	1.9651
176	57	0.80742
176	72	0.878661
176	73	0.938106
176	74	0.847186
176	76	1.76777
176	81	0.84507
176	82	1.62135
176	83	0.897589
176	84	0.911645
176	85	0.805879
176	94	0.95147
176	95	0.868163
176	97	0.903423
176	98	0.92399
176	99	0.992119
176	101	0.880549
176	105	1.59539
176	108	0.934036
176	109	0.781553
176	110	0.972101
176	111	0.936376
176	113	1.71425
176	114	1.62237
176	118	0.99018
176	119	1.65325
176	120	1.86356
176	121	0.874244
176	123	0.894745
176	125	0.927909
176	126	0.893175
176	127	1.50879
176	128	0.958525
176	129	0.817377
176	133	0.819553
176	134	0.836323
176	135	1.57588
176	137	0.877179
176	138	0.941872
176	140	0.859851
176	141	1.86133
176	142	0.787498
176	143	0.871191
176	144	0.84236
176	146	0.831132
176	148	0.95772
176	149	0.791639
176	150	0.881403
176	151	0.818203
176	152	0.893779
176	153	0.914249
176	154	0.794434
176	155	0.889117
176	156	0.787785
176	157	0.82065
176	158	0.85288
176	159	0.780324
176	160	0.795973
176	162	0.820791
176	163	0.909068
176	164	0.749576
176	165	0.787354
176	166	0.810975
176	167	0.79423
176	168	0.803803
176	169	0.743549
176	170	0.786871
176	171	0.772767
176	172	0.716249
176	173	0.769424
176	174	0.803698
176	175	0.741197
176	177	0.700663
176	178	0.719901
176	179	0.727929
176	180	0.759727
177	8	2.20084
177	22	2.24644
177	26	0.955092
177	40	2.21746
177	52	2.35812
177	54	2.03442
177	57	0.760801
177	66	2.4804
177	69	2.30154
177	70	0.821177
177	72	0.832042
177	73	0.891488
177	74	0.800568
177	81	0.798451
177	83	0.85097
177	84	0.865026
177	85	0.75926
177	87	0.827789
177	94	0.904852
177	95	0.821544
177	97	0.856804
177	98	0.877371
177	99	0.945501
177	101	0.833931
177	102	0.851466
177	108	0.887417
177	109	0.734934
177	110	0.925482
177	111	0.889757
177	112	2.61266
177	116	2.24537
177	118	0.943561
177	119	2.40276
177	121	0.827625
177	123	0.848126
177	125	0.88129
177	126	0.846556
177	128	0.911906
177	129	0.770758
177	134	0.789704
177	137	0.83056
177	138	0.895253
177	140	0.813233
177	142	0.740879
177	143	0.824572
177	146	0.784513
177	148	0.911102
177	149	0.745021
177	150	0.834784
177	151	0.771584
177	152	0.84716
177	153	0.86763
177	154	0.747815
177	155	0.842498
177	156	0.741166
177	157	0.774031
177	158	0.806261
177	159	0.733705
177	160	0.749354
177	162	0.774172
177	163	0.862449
177	164	0.702957
177	165	0.740735
177	166	0.764356
177	167	0.747611
177	168	0.757185
177	169	0.69693
177	170	0.740252
177	171	0.726148
177	172	0.66963
177	173	0.722805
177	174	0.75708
177	175	0.694579
177	176	0.700663
177	178	0.673282
177	179	0.68131
177	180	0.713108
178	12	2.24978
178	26	0.97433
178	49	2.22934
178	57	0.780039
178	70	0.840415
178	72	0.85128
178	73	0.910726
178	74	0.819806
178	76	2.14416
178	80	2.00015
178	81	0.817689
178	83	0.870208
178	84	0.884264
178	85	0.778498
178	88	2.04915
178	92	1.88487
178	94	0.92409
178	95	0.840782
178	97	0.876042
178	98	0.896609
178	99	0.964739
178	101	0.853169
178	102	0.870704
178	104	2.11548
178	108	0.906655
178	109	0.754172
178	110	0.94472
178	111	0.908995
178	118	0.962799
178	121	0.846863
178	123	0.867364
178	125	0.900528
178	126	0.865794
178	127	1.88518
178	128	0.931144
178	129	0.789996
178	131	2.04797
178	133	0.792173
178	134	0.808942
178	135	1.95227
178	136	0.771498
178	137	0.849798
178	138	0.914491
178	140	0.832471
178	142	0.760117
178	143	0.84381
178	144	0.814979
178	145	1.96277
178	146	0.803751
178	148	0.930339
178	149	0.764259
178	150	0.854022
178	151	0.790822
178	152	0.866398
178	153	0.886868
178	154	0.767053
178	155	0.861736
178	156	0.760404
178	157	0.793269
178	158	0.825499
178	159	0.752943
178	160	0.768592
178	161	1.77888
178	162	0.79341
178	163	0.881687
178	164	0.722195
178	165	0.759973
178	166	0.783594
178	167	0.766849
178	168	0.776422
178	169	0.716168
178	170	0.75949
178	171	0.745386
178	172	0.688868
178	173	0.742043
178	174	0.776318
178	175	0.713817
178	176	0.719901
178	177	0.673282
178	179	0.700548
178	180	0.732346
179	9	1.67843
179	17	1.84927
179	19	1.89926
179	21	2.15231
179	26	0.982358
179	38	1.85619
179	48	1.88226
179	57	0.788067
179	59	1.78469
179	68	1.96584
179	70	0.848443
179	72	0.859308
179	73	0.918754
179	74	0.827834
179	81	0.825717
179	82	1.92542
179	83	0.878236
179	84	0.892292
179	85	0.786526
179	87	0.855055
179	94	0.932118
179	95	0.84881
179	97	0.88407
179	98	0.904637
179	99	0.972767
179	101	0.861197
179	102	0.878732
179	108	0.914683
179	109	0.7622
179	110	0.952748
179	111	0.917023
179	114	1.92644
179	115	2.20949
179	118	0.970827
179	121	0.854891
179	123	0.875392
179	125	0.908556
179	126	0.873822
179	128	0.939172
179	129	0.798024
179	133	0.800201
179	134	0.81697
179	135	1.87995
179	136	0.779526
179	137	0.857826
179	138	0.922519
179	140	0.840499
179	142	0.768145
179	143	0.851838
179	144	0.823007
179	145	1.89045
179	146	0.811779
179	148	0.938368
179	149	0.772287
179	150	0.86205
179	151	0.79885
179	152	0.874426
179	153	0.894896
179	154	0.775081
179	155	0.869764
179	156	0.768432
179	157	0.801297
179	158	0.833527
179	159	0.760971
179	160	0.77662
179	162	0.801438
179	163	0.889715
179	164	0.730223
179	165	0.768001
179	166	0.791622
179	167	0.774877
179	168	0.784451
179	169	0.724196
179	170	0.767518
179	171	0.753414
179	172	0.696896
179	173	0.750071
179	174	0.784346
179	175	0.721845
179	176	0.727929
179	177	0.68131
179	178	0.700548
179	180	0.740374
180	1	1.66219
180	16	0.902961
180	17	0.940995
180	24	0.885071
180	26	1.01416
180	32	0.849682
180	35	0.978417
180	38	1.59119
180	40	0.932854
180	46	0.932854
180	48	0.823952
180	56	0.894473
180	74	0.859632
180	78	1.69984
180	80	1.66283
180	84	0.92409
180	89	1.71961
180	94	0.963916
180	99	1.00456
180	100	1.50444
180	102	0.91053
180	103	1.75301
180	118	1.00263
180	119	0.843724
180	121	0.886689
180	124	1.85973
180	126	0.90562
180	129	0.829822
180	130	1.60676
180	133	0.831999
180	135	1.61495
180	138	0.954317
180	140	0.872297
180	142	0.799943
180	145	1.62545
180	146	0.843577
180	150	0.893848
180	156	0.80023
180	157	0.833095
180	158	0.865326
180	159	0.792769
180	160	0.808418
180	161	0.988209
180	162	0.833237
180	163	0.921513
180	164	0.762021
180	165	0.799799
180	166	0.82342
180	167	0.806675
180	168	0.816249
180	169	0.755994
180	170	0.799316
180	171	0.785213
180	172	0.728694
180	173	0.781869
180	174	0.816144
180	175	0.753643
180	176	0.759727
180	177	0.713108
180	178	0.732346
180	179	0.740374
