1	2	0.922197
1	4	0.92698
1	12	0.917761
1	15	0.923703
1	23	1.00615
1	33	0.982662
1	39	0.983039
1	40	0.983494
1	84	0.95801
1	92	1.01871
1	108	2.75727
1	141	1.111
2	1	0.922197
2	4	0.918819
2	10	1.03249
2	12	0.909601
2	15	0.915543
2	23	0.997991
2	33	0.974501
2	39	0.974879
2	40	0.975334
2	92	1.01055
2	109	1.79382
2	166	1.80036
3	13	0.966478
3	19	0.940131
3	21	0.948607
3	28	0.939309
3	29	0.928598
3	32	0.928649
3	34	1.02195
3	36	0.929234
3	38	1.02113
3	51	1.00286
3	169	2.09806
3	171	1.77288
4	1	0.92698
4	2	0.918819
4	10	1.03728
4	12	0.914383
4	15	0.920325
4	23	1.00277
4	33	0.979284
4	39	0.979661
4	40	0.980116
4	84	0.954632
4	90	1.16494
4	146	2.40833
5	11	1.14801
5	18	1.01659
5	24	1.11132
5	26	1.01665
5	37	1.09421
5	46	1.07093
5	54	1.05466
5	58	1.05529
5	121	1.06826
5	132	1.22619
5	157	0.825948
5	174	2.61538
6	15	0.599068
6	79	0.0345533
6	117	1.19377
6	142	0.376637
6	163	1.11833
6	172	1.027
6	174	1.03785
6	175	1.02316
6	176	1.04923
6	178	1.04592
6	179	1.03949
6	180	1.04736
7	19	0.936718
7	21	0.945193
7	28	0.935895
7	29	0.925185
7	32	0.925235
7	34	1.01854
7	36	0.92582
7	38	1.01772
7	51	0.999449
7	69	0.729514
7	124	0.975889
7	155	3.0021
8	22	0.917195
8	35	0.995661
8	42	0.974657
8	43	0.973683
8	57	1.04564
8	87	0.955071
8	112	0.970392
8	121	0.953609
8	147	0.940164
8	159	1.57394
8	171	2.25861
8	173	0.918401
9	44	1.08884
9	47	1.08268
9	52	1.08227
9	67	1.9433
9	72	1.11662
9	83	0.759955
9	145	1.10323
9	151	1.73633
9	154	1.0348
9	166	1.06455
9	167	1.03448
9	169	0.991564
10	2	1.03249
10	4	1.03728
10	12	1.02806
10	15	1.034
10	23	1.11645
10	33	1.09296
10	39	1.09334
10	40	1.09379
10	84	1.06831
10	117	0.751811
10	138	1.42669
10	146	1.91551
11	5	1.14801
11	24	1.09617
11	26	1.0015
11	41	1.08405
11	46	1.05578
11	54	1.0395
11	58	1.04013
11	109	1.2716
11	112	1.06989
11	113	0.86687
11	121	1.05311
11	146	1.9708
12	1	0.917761
12	2	0.909601
12	4	0.914383
12	10	1.02806
12	15	0.911106
12	23	0.993554
12	33	0.970065
12	39	0.970443
12	40	0.970897
12	92	1.00611
12	153	2.45868
12	166	1.30758
13	3	0.966478
13	19	0.942703
13	21	0.951179
13	28	0.94188
13	29	0.93117
13	32	0.931221
13	36	0.931805
13	38	1.0237
13	51	1.00543
13	103	1.07322
13	124	0.981874
13	177	3.1936
14	91	1.03186
14	123	0.96313
14	145	0.146386
14	163	1.01516
14	164	0.958584
14	171	0.953055
14	174	0.934685
14	175	0.919992
14	177	0.943871
14	178	0.94275
14	179	0.936325
14	180	0.944193
15	1	0.923703
15	2	0.915543
15	4	0.920325
15	6	0.599068
15	10	1.034
15	12	0.911106
15	23	0.999496
15	33	0.976007
15	39	0.976385
15	40	0.97684
15	84	0.951355
15	154	2.46629
16	45	1.05892
16	55	1.03519
16	78	1.05109
16	80	1.11627
16	89	1.48551
16	127	1.0672
16	133	1.44197
16	138	0.982235
16	139	1.02812
16	142	1.04982
16	144	1.04356
16	157	1.42197
16	168	0.976499
17	31	1.08782
17	47	1.05154
17	48	1.05975
17	52	1.05113
17	72	1.08548
17	125	1.63739
17	145	1.07209
17	154	1.00366
17	166	1.03342
17	167	1.00335
17	169	0.960429
17	173	0.979959
17	177	2.24143
18	5	1.01659
18	24	0.964747
18	25	0.985119
18	26	0.870073
18	37	0.947637
18	41	0.952622
18	46	0.924358
18	54	0.90808
18	58	0.90871
18	92	0.988539
18	112	0.938468
18	135	2.48748
18	141	1.49719
19	3	0.940131
19	7	0.936718
19	13	0.942703
19	21	0.924832
19	29	0.904824
19	32	0.904874
19	34	0.998177
19	36	0.905459
19	38	0.997354
19	51	0.979088
19	124	0.955528
19	168	1.59451
19	176	2.46014
20	73	0.96441
20	81	0.948459
20	94	0.933463
20	98	0.91196
20	100	0.970271
20	101	0.969454
20	104	0.9658
20	111	0.943138
20	120	0.93506
20	122	1.59521
20	145	0.960189
20	147	2.29318
20	170	0.886961
21	3	0.948607
21	7	0.945193
21	13	0.951179
21	19	0.924832
21	28	0.92401
21	29	0.913299
21	32	0.91335
21	34	1.00665
21	36	0.913935
21	51	0.987563
21	122	1.49272
21	124	0.964004
21	161	2.40628
22	8	0.917195
22	35	0.978994
22	42	0.95799
22	43	0.957016
22	57	1.02897
22	61	2.02529
22	74	0.943097
22	87	0.938404
22	112	0.953725
22	121	0.936942
22	140	1.97436
22	147	0.923497
22	173	0.901734
23	1	1.00615
23	2	0.997991
23	4	1.00277
23	10	1.11645
23	12	0.993554
23	15	0.999496
23	33	1.05845
23	39	1.05883
23	40	1.05929
23	68	1.14444
23	92	1.0945
23	113	1.68805
23	157	1.63456
24	5	1.11132
24	11	1.09617
24	18	0.964747
24	37	1.04237
24	46	1.01909
24	54	1.00281
24	58	1.00344
24	92	1.08327
24	112	1.0332
24	121	1.01642
24	161	1.0064
24	165	1.52608
24	171	2.13513
25	18	0.985119
25	26	0.98518
25	37	1.06274
25	41	1.06773
25	46	1.03946
25	54	1.02319
25	58	1.02382
25	92	1.10365
25	93	2.0023
25	112	1.05357
25	121	1.03679
25	168	1.40987
25	174	2.37354
26	5	1.01665
26	11	1.0015
26	18	0.870073
26	25	0.98518
26	37	0.947697
26	41	0.952683
26	46	0.924418
26	54	0.908141
26	58	0.90877
26	112	0.938528
26	121	0.921745
26	137	1.70152
26	168	2.26292
27	44	1.06024
27	47	1.05408
27	48	1.06229
27	52	1.05367
27	72	1.08802
27	130	0.597216
27	145	1.07463
27	152	1.24361
27	154	1.0062
27	166	1.03596
27	167	1.00589
27	169	0.962969
27	178	2.77225
28	3	0.939309
28	7	0.935895
28	13	0.94188
28	21	0.92401
28	29	0.904001
28	32	0.904052
28	34	0.997354
28	36	0.904636
28	38	0.996532
28	51	0.978265
28	116	1.37553
28	124	0.954705
28	138	2.31429
29	3	0.928598
29	7	0.925185
29	13	0.93117
29	19	0.904824
29	21	0.913299
29	28	0.904001
29	32	0.893341
29	34	0.986644
29	36	0.893926
29	38	0.985821
29	51	0.967555
29	124	0.943995
29	177	2.04423
29	179	2.33464
30	56	1.01425
30	65	1.00955
30	68	0.771257
30	81	1.03304
30	88	1.02307
30	94	1.01804
30	98	0.996539
30	101	1.05403
30	104	1.05038
30	111	1.02772
30	120	1.01964
30	131	2.47506
30	133	1.28137
30	170	0.97154
31	17	1.08782
31	44	1.03146
31	47	1.0253
31	48	1.03351
31	52	1.02489
31	72	1.05924
31	134	1.3549
31	145	1.04585
31	154	0.977422
31	159	1.45158
31	166	1.00718
31	167	0.977104
31	169	0.934187
31	171	2.13626
32	3	0.928649
32	7	0.925235
32	13	0.931221
32	19	0.904874
32	21	0.91335
32	28	0.904052
32	29	0.893341
32	34	0.986694
32	36	0.893977
32	38	0.985872
32	51	0.967605
32	96	1.43558
32	124	0.944046
32	170	2.71829
33	1	0.982662
33	2	0.974501
33	4	0.979284
33	10	1.09296
33	12	0.970065
33	15	0.976007
33	23	1.05845
33	39	1.03534
33	40	1.0358
33	84	1.01031
33	90	0.840691
33	92	1.07102
33	117	0.920379
33	155	2.96184
34	3	1.02195
34	7	1.01854
34	19	0.998177
34	21	1.00665
34	28	0.997354
34	29	0.986644
34	32	0.986694
34	36	0.987279
34	38	1.07917
34	51	1.06091
34	91	1.82118
34	124	1.03735
34	138	1.76774
34	157	1.09915
35	8	0.995661
35	22	0.978994
35	42	1.03646
35	43	1.03548
35	57	1.10744
35	84	1.02156
35	87	1.01687
35	96	0.93908
35	112	1.03219
35	119	2.06785
35	121	1.01541
35	130	1.6343
35	147	1.00196
35	173	0.9802
36	3	0.929234
36	7	0.92582
36	13	0.931805
36	19	0.905459
36	21	0.913935
36	28	0.904636
36	29	0.893926
36	32	0.893977
36	34	0.987279
36	38	0.986457
36	51	0.96819
36	68	1.0521
36	124	0.94463
36	156	3.00974
37	5	1.09421
37	18	0.947637
37	24	1.04237
37	25	1.06274
37	26	0.947697
37	41	1.03025
37	54	0.985704
37	58	0.986333
37	92	1.06616
37	103	0.514507
37	112	1.01609
37	121	0.999308
37	140	1.35715
37	178	2.9432
38	3	1.02113
38	7	1.01772
38	13	1.0237
38	19	0.997354
38	28	0.996532
38	29	0.985821
38	32	0.985872
38	34	1.07917
38	36	0.986457
38	51	1.06009
38	124	1.03653
38	137	1.48293
38	167	1.09779
38	172	3.86886
39	1	0.983039
39	2	0.974879
39	4	0.979661
39	10	1.09334
39	12	0.970443
39	15	0.976385
39	23	1.05883
39	33	1.03534
39	40	1.03618
39	84	1.01069
39	92	1.07139
39	93	2.1977
39	168	0.877492
39	178	2.18361
40	1	0.983494
40	2	0.975334
40	4	0.980116
40	10	1.09379
40	12	0.970897
40	15	0.97684
40	23	1.05929
40	33	1.0358
40	39	1.03618
40	84	1.01115
40	92	1.07185
40	117	1.06962
40	122	0.786206
40	160	2.74372
41	11	1.08405
41	18	0.952622
41	25	1.06773
41	26	0.952683
41	37	1.03025
41	46	1.00697
41	54	0.99069
41	58	0.991319
41	67	1.6567
41	92	1.07115
41	112	1.02108
41	121	1.00429
41	129	1.78221
41	148	1.62361
42	8	0.974657
42	22	0.95799
42	35	1.03646
42	43	1.01448
42	57	1.08644
42	74	1.00056
42	84	1.00056
42	87	0.995867
42	91	1.37007
42	112	1.01119
42	121	0.994405
42	136	1.20209
42	147	0.980959
42	160	2.31585
42	173	0.959197
43	8	0.973683
43	22	0.957016
43	35	1.03548
43	42	1.01448
43	57	1.08546
43	74	0.999585
43	84	0.999583
43	87	0.994892
43	112	1.01021
43	121	0.99343
43	143	1.95829
43	147	0.979984
43	161	1.23855
43	168	1.85788
43	173	0.958222
44	9	1.08884
44	27	1.06024
44	31	1.03146
44	47	0.995186
44	48	1.00339
44	52	0.994775
44	72	1.02913
44	106	1.11668
44	145	1.01573
44	148	1.75036
44	154	0.947307
44	166	0.977062
44	167	0.946989
44	169	0.904072
44	178	2.84615
45	16	1.05892
45	50	1.02836
45	55	1.01452
45	66	0.990774
45	71	0.984519
45	86	1.02575
45	139	1.00745
45	141	0.990449
45	142	1.02915
45	144	1.02289
45	155	1.81115
45	164	2.35509
45	167	1.2491
45	168	0.955826
45	171	0.925302
46	5	1.07093
46	11	1.05578
46	18	0.924358
46	24	1.01909
46	25	1.03946
46	26	0.924418
46	41	1.00697
46	54	0.962425
46	58	0.963054
46	92	1.04288
46	112	0.992813
46	121	0.97603
46	125	1.28073
46	164	2.20066
46	180	1.83555
47	9	1.08268
47	17	1.05154
47	27	1.05408
47	31	1.0253
47	44	0.995186
47	48	0.997234
47	72	1.02297
47	134	1.98117
47	141	1.52914
47	145	1.00958
47	154	0.941149
47	158	1.54969
47	166	0.970904
47	167	0.940831
47	169	0.897914
48	17	1.05975
48	27	1.06229
48	31	1.03351
48	44	1.00339
48	47	0.997234
48	52	0.996822
48	72	1.03117
48	76	0.84672
48	130	1.27984
48	145	1.01778
48	154	0.949354
48	166	0.979109
48	167	0.949036
48	169	0.90612
48	172	4.17299
49	68	1.15767
49	72	0.443133
49	84	0.548715
49	128	0.0912015
49	130	1.06766
49	149	0.991368
49	152	1.00168
49	155	0.96852
49	159	1.01686
49	163	1.02775
49	174	0.947273
49	177	0.956459
49	178	0.955337
49	179	0.948913
49	180	0.95678
50	45	1.02836
50	71	0.974631
50	85	1.00813
50	87	0.997377
50	99	1.04001
50	125	0.948499
50	127	1.03664
50	128	1.02378
50	139	0.997558
50	142	1.01926
50	144	1.013
50	147	1.69911
50	150	1.46293
50	166	1.7556
50	171	0.915414
51	3	1.00286
51	7	0.999449
51	13	1.00543
51	19	0.979088
51	21	0.987563
51	28	0.978265
51	29	0.967555
51	32	0.967605
51	34	1.06091
51	36	0.96819
51	38	1.06009
51	124	1.01826
51	149	1.95438
51	165	1.85814
51	166	1.17937
52	9	1.08227
52	17	1.05113
52	27	1.05367
52	31	1.02489
52	44	0.994775
52	48	0.996822
52	68	0.632196
52	72	1.02256
52	145	1.00917
52	154	0.940738
52	163	1.67574
52	166	0.970492
52	167	0.940419
52	169	0.897503
52	177	2.82903
53	64	0.954203
53	70	1.0183
53	73	1.00604
53	74	1.37947
53	79	0.985046
53	81	0.990091
53	94	0.975095
53	95	1.03785
53	98	0.953592
53	100	1.0119
53	109	1.93458
53	111	0.98477
53	120	0.976691
53	126	1.01889
53	150	1.64845
53	170	0.928593
54	5	1.05466
54	11	1.0395
54	18	0.90808
54	24	1.00281
54	25	1.02319
54	26	0.908141
54	37	0.985704
54	41	0.99069
54	46	0.962425
54	58	0.946777
54	92	1.02661
54	112	0.976535
54	121	0.959752
54	150	0.944765
54	160	2.44049
54	170	1.73444
55	16	1.03519
55	45	1.01452
55	59	0.982628
55	83	1.39242
55	105	1.01589
55	115	1.00023
55	128	1.00994
55	136	1.64323
55	138	0.93783
55	139	0.983714
55	141	0.966716
55	142	1.00541
55	144	0.999159
55	168	0.932094
55	171	0.90157
55	173	2.09094
56	30	1.01425
56	64	0.951992
56	65	0.964388
56	69	1.56166
56	70	1.01609
56	73	1.00383
56	94	0.972884
56	100	1.00969
56	101	1.00887
56	103	1.32725
56	104	1.00522
56	111	0.982559
56	120	0.97448
56	133	1.81908
56	145	0.999609
56	170	0.926382
57	8	1.04564
57	22	1.02897
57	35	1.10744
57	42	1.08644
57	43	1.08546
57	61	1.37471
57	74	1.07154
57	84	1.07154
57	87	1.06685
57	102	0.869858
57	112	1.08217
57	119	1.16835
57	121	1.06539
57	147	1.05194
57	169	2.43828
57	173	1.03018
58	5	1.05529
58	11	1.04013
58	18	0.90871
58	24	1.00344
58	25	1.02382
58	26	0.90877
58	37	0.986333
58	41	0.991319
58	46	0.963054
58	54	0.946777
58	92	1.02724
58	112	0.977165
58	121	0.960382
58	151	1.91502
58	165	1.77894
58	170	1.59717
59	55	0.982628
59	78	0.998527
59	80	1.06371
59	85	0.98613
59	105	1.00773
59	123	0.980272
59	124	0.984585
59	128	1.00178
59	139	0.975556
59	142	0.997255
59	144	0.991001
59	153	1.5804
59	168	0.923936
59	171	0.893412
59	173	0.966296
59	174	2.89916
60	62	0.942307
60	73	0.523462
60	128	0.241844
60	135	0.98805
60	150	1.05697
60	151	1.01424
60	154	1.00324
60	155	0.965655
60	156	0.982238
60	158	1.03782
60	165	1.00147
60	172	0.933558
60	177	0.953593
60	178	0.952472
60	179	0.946048
60	180	0.953915
61	22	2.02529
61	57	1.37471
61	72	0.999704
61	131	0.910797
61	145	0.986312
61	154	0.917884
61	161	0.942437
61	164	0.882955
61	166	0.947639
61	167	0.917566
61	169	0.87465
61	171	0.877426
61	175	0.844363
61	177	0.868242
61	178	0.867121
61	179	0.860697
61	180	0.868564
62	60	0.942307
62	63	0.961122
62	85	0.981122
62	86	0.988849
62	105	1.00272
62	114	0.989284
62	123	0.975264
62	124	0.979577
62	127	1.00963
62	128	0.996769
62	138	0.924664
62	142	0.992247
62	144	0.985993
62	158	1.84425
62	161	1.92836
62	168	0.918928
62	171	0.888404
63	62	0.961122
63	77	1.00529
63	85	0.97779
63	105	0.999389
63	108	2.24273
63	114	0.985952
63	124	0.976245
63	127	1.0063
63	128	0.993437
63	137	0.75905
63	139	0.967216
63	141	0.950218
63	142	0.988915
63	144	0.982661
63	168	0.915596
63	171	0.885072
63	179	2.63091
64	53	0.954203
64	56	0.951992
64	70	0.99899
64	73	0.986731
64	79	0.965735
64	81	0.97078
64	89	1.31552
64	95	1.01854
64	98	0.934281
64	100	0.992591
64	101	0.991774
64	102	1.76132
64	104	0.98812
64	120	0.95738
64	126	0.999579
64	170	0.909282
64	173	2.25375
65	30	1.00955
65	56	0.964388
65	75	1.00188
65	81	0.983175
65	94	0.968179
65	95	1.03094
65	98	0.946676
65	100	1.00499
65	101	1.00417
65	111	0.977854
65	120	0.969775
65	126	1.01197
65	145	0.994904
65	169	2.05478
65	170	0.921677
65	179	2.53066
66	45	0.990774
66	71	0.937042
66	80	1.04812
66	86	0.97827
66	99	1.00242
66	105	0.992142
66	106	1.16141
66	107	1.25392
66	123	0.964685
66	127	0.999049
66	128	0.98619
66	138	0.914086
66	139	0.959969
66	142	0.981669
66	144	0.975414
66	152	2.5765
66	171	0.877825
67	9	1.9433
67	41	1.6567
67	83	0.963707
67	130	0.964168
67	133	0.973718
67	150	0.956344
67	156	0.881616
67	158	0.937197
67	159	0.913369
67	160	0.877935
67	161	0.927165
67	172	0.832935
67	173	0.907448
67	176	0.855159
67	177	0.85297
67	178	0.851849
67	179	0.845425
67	180	0.853292
68	23	1.14444
68	30	0.771257
68	36	1.0521
68	49	1.15767
68	52	0.632196
68	146	1.0292
68	153	1.02045
68	157	1.15822
68	160	1.02017
68	164	1.00991
68	167	1.04452
68	174	0.986015
68	175	0.971322
68	176	0.99739
68	177	0.995201
68	178	0.994079
68	179	0.987655
68	180	0.995523
69	7	0.729514
69	56	1.56166
69	89	1.02539
69	99	0.712253
69	103	1.11708
69	149	0.958765
69	158	1.00808
69	159	0.984254
69	165	0.971731
69	167	0.973179
69	172	0.903821
69	174	0.91467
69	175	0.899976
69	176	0.926044
69	177	0.923855
69	178	0.922734
69	179	0.91631
69	180	0.924177
70	53	1.0183
70	56	1.01609
70	64	0.99899
70	73	1.05083
70	79	1.02983
70	81	1.03488
70	98	0.998378
70	100	1.05669
70	101	1.05587
70	104	1.05222
70	111	1.02956
70	117	0.816407
70	120	1.02148
70	125	2.48188
70	126	1.06368
70	138	1.49128
70	158	1.36243
70	170	0.97338
71	45	0.984519
71	50	0.974631
71	66	0.937042
71	78	0.976687
71	105	0.985888
71	115	0.970233
71	126	0.997527
71	127	0.992795
71	128	0.979936
71	133	0.683984
71	138	0.907832
71	139	0.953715
71	142	0.975414
71	144	0.96916
71	157	0.663984
71	168	0.902095
71	171	0.871571
71	175	4.10135
72	9	1.11662
72	17	1.08548
72	27	1.08802
72	31	1.05924
72	44	1.02913
72	47	1.02297
72	48	1.03117
72	49	0.443133
72	52	1.02256
72	61	0.999704
72	119	1.7638
72	122	0.666275
72	145	1.04352
72	154	0.97509
72	166	1.00484
72	167	0.974772
72	169	0.931855
72	171	2.70855
73	20	0.96441
73	53	1.00604
73	56	1.00383
73	60	0.523462
73	64	0.986731
73	70	1.05083
73	79	1.01757
73	91	1.00876
73	94	1.00762
73	95	1.07038
73	98	0.986119
73	101	1.04361
73	104	1.03996
73	111	1.0173
73	120	1.00922
73	129	1.89884
73	145	1.03435
73	170	0.96112
73	174	3.22136
74	22	0.943097
74	42	1.00056
74	43	0.999585
74	53	1.37947
74	57	1.07154
74	88	0.209959
74	99	0.85278
74	137	0.988884
74	147	0.966066
74	155	0.901888
74	157	1.05284
74	161	0.96402
74	165	0.937702
74	173	0.944303
74	174	0.88064
74	175	0.865947
74	177	0.889826
74	178	0.888705
74	180	0.890148
75	65	1.00188
75	82	0.97649
75	85	0.783777
75	86	0.468464
75	132	0.96378
75	140	0.979899
75	148	0.983375
75	153	0.946942
75	157	1.08471
75	167	0.971018
75	168	0.961403
75	172	0.90166
75	174	0.912509
75	175	0.897815
75	176	0.923884
75	177	0.921694
75	178	0.920573
75	179	0.914149
75	180	0.922016
76	48	0.84672
76	82	0.915506
76	93	0.919513
76	119	0.938853
76	127	2.2743
76	143	0.907039
76	146	0.89471
76	148	0.922391
76	157	1.02373
76	158	0.944938
76	162	0.875318
76	169	0.867118
76	174	0.851525
76	175	0.836832
76	176	0.8629
76	177	0.860711
76	178	0.859589
76	179	0.853165
76	180	0.861033
77	63	1.00529
77	85	1.02529
77	86	1.03302
77	87	1.01454
77	96	0.759205
77	105	1.04689
77	114	1.03345
77	115	1.03123
77	123	1.01943
77	125	0.965658
77	128	1.04094
77	138	0.968833
77	139	1.01472
77	142	1.03642
77	144	1.03016
77	162	2.90772
77	170	1.47379
77	171	0.932572
77	173	1.51379
78	16	1.05109
78	59	0.998527
78	71	0.976687
78	80	1.08777
78	85	1.01019
78	105	1.03179
78	115	1.01613
78	126	1.04342
78	127	1.03869
78	128	1.02583
78	139	0.999613
78	142	1.02131
78	144	1.01506
78	153	2.19001
78	156	2.04166
78	161	1.198
78	166	1.03891
78	168	0.947993
78	171	0.917469
79	6	0.0345533
79	53	0.985046
79	64	0.965735
79	70	1.02983
79	73	1.01757
79	81	1.00162
79	88	0.991659
79	94	0.986627
79	95	1.04939
79	98	0.965124
79	100	1.02343
79	101	1.02262
79	104	1.01896
79	111	0.996302
79	120	0.988223
79	132	2.24132
79	145	1.01335
79	147	1.10414
79	170	0.940125
79	176	2.80468
80	16	1.11627
80	59	1.06371
80	66	1.04812
80	78	1.08777
80	85	1.07537
80	110	1.05181
80	114	1.08353
80	115	1.08131
80	123	1.06951
80	128	1.09102
80	139	1.0648
80	141	1.0478
80	142	1.0865
80	143	1.52777
80	144	1.08024
80	157	0.803153
80	161	0.808032
80	168	1.01318
80	171	0.982652
80	175	3.62155
81	20	0.948459
81	30	1.03304
81	53	0.990091
81	64	0.97078
81	65	0.983175
81	70	1.03488
81	79	1.00162
81	94	0.991671
81	95	1.05443
81	98	0.970168
81	100	1.02848
81	103	0.723016
81	104	1.02401
81	111	1.00135
81	120	0.993267
81	140	1.71818
81	145	1.0184
81	158	1.29467
81	170	0.945169
81	176	2.86374
82	75	0.97649
82	76	0.915506
82	106	0.971937
82	115	0.167833
82	123	2.03296
82	137	0.947839
82	143	0.89511
82	154	0.898423
82	158	0.933008
82	160	0.873746
82	161	0.922975
82	165	0.896657
82	172	0.828746
82	173	0.903258
82	174	0.839595
82	176	0.85097
82	178	0.84766
82	179	0.841235
82	180	0.849103
83	9	0.759955
83	55	1.39242
83	67	0.963707
83	96	1.05785
83	118	0.969854
83	121	1.19214
83	146	0.938721
83	150	1.0081
83	151	0.96537
83	159	0.965122
83	163	0.976015
83	168	0.944431
83	169	0.91113
83	172	0.884688
83	175	0.880843
83	176	0.906912
83	177	0.904722
83	178	0.903601
83	179	0.897177
83	180	0.905044
84	1	0.95801
84	4	0.954632
84	10	1.06831
84	15	0.951355
84	33	1.01031
84	35	1.02156
84	39	1.01069
84	40	1.01115
84	42	1.00056
84	43	0.999583
84	49	0.548715
84	57	1.07154
84	90	0.975588
84	92	1.04636
84	112	0.996292
84	121	0.979509
84	131	2.27524
84	147	0.966063
84	163	2.17149
84	173	0.944301
85	50	1.00813
85	59	0.98613
85	62	0.981122
85	63	0.97779
85	75	0.783777
85	77	1.02529
85	78	1.01019
85	80	1.07537
85	86	1.00552
85	114	1.00595
85	115	1.00373
85	123	0.991932
85	127	1.0263
85	139	0.987216
85	142	1.00892
85	143	1.62069
85	144	1.00266
85	170	1.23887
85	171	0.905072
85	180	2.49111
86	45	1.02575
86	62	0.988849
86	66	0.97827
86	75	0.468464
86	77	1.03302
86	85	1.00552
86	99	1.03739
86	115	1.01146
86	123	0.999659
86	127	1.03402
86	128	1.02116
86	139	0.994943
86	141	0.977945
86	142	1.01664
86	144	1.01039
86	148	1.4153
86	162	2.35748
86	168	0.943323
86	171	0.912799
86	176	2.0706
87	8	0.955071
87	22	0.938404
87	35	1.01687
87	42	0.995867
87	43	0.994892
87	50	0.997377
87	57	1.06685
87	77	1.01454
87	99	1.01891
87	105	1.00863
87	121	0.974818
87	127	1.01554
87	134	1.33767
87	139	0.976461
87	144	0.991906
87	147	0.961373
87	154	1.14952
87	167	1.83958
87	168	0.924841
87	173	0.93961
87	178	2.91575
88	30	1.02307
88	74	0.209959
88	79	0.991659
88	98	0.960205
88	101	1.0177
88	111	0.991383
88	114	1.00043
88	115	0.99821
88	120	0.983304
88	124	0.99072
88	127	1.02077
88	129	1.91895
88	139	0.981691
88	141	0.964694
88	142	1.00339
88	144	0.997136
88	145	1.00843
88	164	2.88596
88	165	1.45038
88	170	0.935206
88	171	0.899547
89	16	1.48551
89	64	1.31552
89	69	1.02539
89	105	0.721073
89	107	1.02671
89	116	1.05257
89	140	0.953728
89	146	0.929522
89	149	0.930433
89	159	0.955923
89	162	0.910131
89	165	0.9434
89	170	0.940366
89	171	0.904708
89	172	0.875489
89	174	0.886338
89	175	0.871644
89	176	0.897713
89	178	0.894402
89	179	0.887978
89	180	0.895845
90	4	1.16494
90	33	0.840691
90	84	0.975588
90	109	1.01939
90	110	1.11676
90	128	0.518074
90	152	0.998208
90	155	0.965046
90	156	0.98163
90	157	1.116
90	158	1.03721
90	163	1.02428
90	169	0.959392
90	172	0.93295
90	174	0.943799
90	175	0.929106
90	176	0.955174
90	177	0.952985
90	178	0.951864
90	179	0.945439
90	180	0.953307
91	14	1.03186
91	34	1.82118
91	42	1.37007
91	73	1.00876
91	97	0.945932
91	116	1.03902
91	129	0.944188
91	134	0.965782
91	151	0.942625
91	155	0.894039
91	156	0.910623
91	157	1.045
91	165	0.929854
91	166	0.961374
91	173	0.936455
91	174	0.872792
91	175	0.858098
91	177	0.881977
91	178	0.880856
91	179	0.874432
91	180	0.882299
92	1	1.01871
92	2	1.01055
92	12	1.00611
92	18	0.988539
92	23	1.0945
92	24	1.08327
92	25	1.10365
92	33	1.07102
92	37	1.06616
92	39	1.07139
92	40	1.07185
92	41	1.07115
92	46	1.04288
92	54	1.02661
92	58	1.02724
92	84	1.04636
92	118	1.29492
92	148	1.71913
92	152	1.28629
92	156	1.73314
92	167	1.73875
93	25	2.0023
93	39	2.1977
93	76	0.919513
93	103	1.04602
93	131	0.895342
93	138	0.898233
93	140	0.910992
93	146	0.886787
93	148	0.914468
93	149	0.887697
93	155	0.864849
93	162	0.867396
93	164	0.867501
93	165	0.900664
93	172	0.832753
93	174	0.843602
93	175	0.828909
93	176	0.854977
93	177	0.852788
93	178	0.851667
93	180	0.85311
94	20	0.933463
94	30	1.01804
94	53	0.975095
94	56	0.972884
94	65	0.968179
94	73	1.00762
94	79	0.986627
94	81	0.991671
94	95	1.03943
94	98	0.955172
94	100	1.01348
94	101	1.01267
94	102	1.76882
94	104	1.00901
94	111	0.98635
94	113	1.31297
94	120	0.978272
94	136	1.81353
94	145	1.0034
94	158	1.79922
94	170	0.930173
95	53	1.03785
95	64	1.01854
95	65	1.03094
95	73	1.07038
95	79	1.04939
95	81	1.05443
95	94	1.03943
95	98	1.01793
95	100	1.07624
95	101	1.07543
95	104	1.07177
95	111	1.04911
95	116	0.682893
95	120	1.04103
95	126	1.08323
95	130	1.32733
95	145	1.06616
95	150	1.12515
95	152	1.97372
95	165	2.09659
95	170	0.992933
96	32	1.43558
96	35	0.93908
96	77	0.759205
96	83	1.05785
96	103	1.14034
96	135	0.981574
96	139	0.371568
96	146	0.981116
96	151	1.00777
96	155	0.959179
96	161	1.02131
96	166	1.02651
96	170	0.99196
96	171	0.956301
96	173	1.00159
96	174	0.937931
96	175	0.923238
96	176	0.949306
96	178	0.945996
96	179	0.939571
96	180	0.947439
97	91	0.945932
97	109	0.924346
97	121	1.94117
97	126	0.831437
97	135	0.892397
97	136	0.931096
97	156	0.886586
97	162	0.872548
97	163	0.929233
97	164	0.872653
97	165	0.905816
97	166	0.937337
97	169	0.864348
97	172	0.837905
97	174	0.848755
97	175	0.834061
97	176	0.860129
97	177	0.85794
97	178	0.856819
97	179	0.850395
97	180	0.858262
98	20	0.91196
98	30	0.996539
98	53	0.953592
98	64	0.934281
98	65	0.946676
98	70	0.998378
98	73	0.986119
98	79	0.965124
98	81	0.970168
98	88	0.960205
98	94	0.955172
98	95	1.01793
98	100	0.99198
98	101	0.991163
98	104	0.987509
98	111	0.964847
98	120	0.956769
98	145	0.981898
98	149	2.0292
98	154	1.5725
98	159	1.85733
98	163	1.89936
98	170	0.90867
99	50	1.04001
99	66	1.00242
99	69	0.712253
99	74	0.85278
99	86	1.03739
99	87	1.01891
99	105	1.05127
99	110	0.770571
99	114	1.03783
99	115	1.03561
99	123	1.02381
99	125	0.970035
99	126	1.0629
99	127	1.05817
99	128	1.04531
99	139	1.01909
99	141	1.0021
99	142	1.04079
99	143	2.29325
99	144	1.03454
99	168	0.967473
99	170	1.91143
99	171	0.936949
100	20	0.970271
100	53	1.0119
100	56	1.00969
100	64	0.992591
100	65	1.00499
100	70	1.05669
100	79	1.02343
100	81	1.02848
100	94	1.01348
100	95	1.07624
100	98	0.99198
100	101	1.04947
100	104	1.04582
100	111	1.02316
100	120	1.01508
100	126	1.05728
100	131	1.4497
100	135	1.74549
100	145	1.04021
100	159	1.30391
100	167	1.70914
100	170	0.966981
100	171	1.98858
101	20	0.969454
101	30	1.05403
101	56	1.00887
101	64	0.991774
101	65	1.00417
101	70	1.05587
101	73	1.04361
101	79	1.02262
101	88	1.0177
101	94	1.01267
101	95	1.07543
101	98	0.991163
101	100	1.04947
101	103	0.962005
101	104	1.045
101	111	1.02234
101	113	0.932108
101	120	1.01426
101	145	1.03939
101	170	0.966164
101	177	2.17094
101	179	2.46135
101	180	2.12171
102	57	0.869858
102	64	1.76132
102	94	1.76882
102	116	1.0442
102	119	0.965291
102	131	0.929704
102	136	0.960305
102	146	0.921148
102	149	0.922059
102	151	0.947797
102	156	0.915795
102	161	0.961344
102	164	0.901862
102	165	0.935026
102	166	0.966546
102	172	0.867115
102	173	0.941627
102	175	0.86327
102	176	0.889339
102	177	0.887149
102	179	0.879604
102	180	0.887471
103	13	1.07322
103	37	0.514507
103	56	1.32725
103	69	1.11708
103	81	0.723016
103	93	1.04602
103	96	1.14034
103	101	0.962005
103	132	1.0293
103	143	1.03354
103	151	1.04786
103	152	1.03244
103	155	0.999275
103	158	1.07144
103	162	1.00182
103	169	0.99362
103	174	0.978027
103	175	0.963334
103	176	0.989402
103	177	0.987213
103	178	0.986092
103	179	0.979667
103	180	0.987535
104	20	0.9658
104	30	1.05038
104	56	1.00522
104	64	0.98812
104	70	1.05222
104	73	1.03996
104	79	1.01896
104	81	1.02401
104	94	1.00901
104	95	1.07177
104	98	0.987509
104	100	1.04582
104	101	1.045
104	111	1.01869
104	120	1.01061
104	126	1.05281
104	145	1.03574
104	149	1.98611
104	154	1.5294
104	157	0.746332
104	159	1.81423
104	165	1.88987
104	170	0.96251
105	55	1.01589
105	59	1.00773
105	62	1.00272
105	63	0.999389
105	66	0.992142
105	71	0.985888
105	77	1.04689
105	78	1.03179
105	87	1.00863
105	89	0.721073
105	99	1.05127
105	114	1.02755
105	115	1.02533
105	123	1.01353
105	128	1.03504
105	135	2.16702
105	139	1.00881
105	142	1.03051
105	144	1.02426
105	157	0.657537
105	166	1.12231
105	168	0.957195
105	171	0.926671
105	177	2.92077
106	44	1.11668
106	66	1.16141
106	82	0.971937
106	110	1.08091
106	113	1.04089
106	124	0.796092
106	133	1.03789
106	144	0.336669
106	149	0.952051
106	150	1.02052
106	153	0.942389
106	156	0.945787
106	157	1.08016
106	161	0.991336
106	164	0.931854
106	165	0.965018
106	167	0.966465
106	174	0.907956
106	175	0.893262
106	176	0.919331
106	177	0.917141
106	179	0.909596
106	180	0.917463
107	66	1.25392
107	89	1.02671
107	112	0.453114
107	122	1.08872
107	123	0.752931
107	125	0.967443
107	135	0.959629
107	144	0.429186
107	146	0.959172
107	151	0.985821
107	152	0.970396
107	155	0.937234
107	160	0.950138
107	163	0.996465
107	164	0.939886
107	165	0.973049
107	173	0.97965
107	174	0.915987
107	175	0.901294
107	176	0.927362
107	177	0.925173
107	178	0.924051
107	179	0.917627
107	180	0.925494
108	1	2.75727
108	63	2.24273
108	109	0.894396
108	122	0.991542
108	130	0.939188
108	134	0.911795
108	137	0.927048
108	141	0.902321
108	143	0.874319
108	148	0.889671
108	149	0.862899
108	151	0.888638
108	153	0.853237
108	160	0.852955
108	161	0.902184
108	162	0.842598
108	165	0.875866
108	171	0.837174
108	172	0.807955
108	174	0.818804
108	176	0.830179
108	177	0.82799
108	178	0.826869
108	179	0.820444
108	180	0.828312
109	2	1.79382
109	11	1.2716
109	53	1.93458
109	90	1.01939
109	97	0.924346
109	108	0.894396
109	117	1.00712
109	138	0.905836
109	140	0.918596
109	143	0.90672
109	148	0.922072
109	153	0.885639
109	157	1.02341
109	159	0.92079
109	161	0.934586
109	162	0.874999
109	163	0.931684
109	164	0.875104
109	170	0.905234
109	174	0.851206
109	175	0.836512
109	176	0.86258
109	177	0.860391
109	179	0.852846
109	180	0.860713
110	80	1.05181
110	90	1.11676
110	99	0.770571
110	106	1.08091
110	112	0.575941
110	127	0.0530415
110	130	1.06895
110	136	1.03091
110	140	1.01596
110	144	0.552013
110	146	0.991756
110	148	1.01944
110	150	1.06113
110	153	0.983004
110	160	0.982722
110	161	1.03195
110	162	0.972365
110	169	0.964164
110	174	0.948571
110	175	0.933878
110	176	0.959946
110	177	0.957757
110	178	0.956636
110	179	0.950211
110	180	0.958079
111	20	0.943138
111	30	1.02772
111	53	0.98477
111	56	0.982559
111	65	0.977854
111	70	1.02956
111	73	1.0173
111	79	0.996302
111	81	1.00135
111	88	0.991383
111	94	0.98635
111	95	1.04911
111	98	0.964847
111	100	1.02316
111	101	1.02234
111	104	1.01869
111	116	0.954695
111	120	0.987947
111	126	1.03015
111	145	1.01308
111	152	1.71988
111	154	1.48229
111	170	0.939848
111	173	1.70098
111	180	2.91323
112	8	0.970392
112	11	1.06989
112	18	0.938468
112	22	0.953725
112	24	1.0332
112	25	1.05357
112	26	0.938528
112	35	1.03219
112	37	1.01609
112	41	1.02108
112	42	1.01119
112	43	1.01021
112	46	0.992813
112	54	0.976535
112	57	1.08217
112	58	0.977165
112	84	0.996292
112	107	0.453114
112	110	0.575941
112	121	0.99014
112	134	1.72626
112	147	0.976694
112	153	2.37091
112	168	1.99822
112	173	0.954931
113	11	0.86687
113	23	1.68805
113	94	1.31297
113	101	0.932108
113	106	1.04089
113	136	0.990893
113	138	0.963183
113	143	0.964067
113	146	0.951737
113	149	0.952647
113	150	1.02111
113	153	0.942985
113	157	1.08076
113	158	1.00196
113	161	0.991932
113	163	0.98903
113	172	0.897703
113	174	0.908552
113	175	0.893859
113	176	0.919927
113	177	0.917738
113	178	0.916617
113	179	0.910193
113	180	0.91806
114	62	0.989284
114	63	0.985952
114	77	1.03345
114	80	1.08353
114	85	1.00595
114	88	1.00043
114	99	1.03783
114	105	1.02755
114	115	1.0119
114	123	1.00009
114	124	1.00441
114	125	0.94632
114	126	1.03919
114	138	0.949495
114	139	0.995378
114	141	0.97838
114	142	1.01708
114	144	1.01082
114	150	0.795097
114	162	2.35994
114	163	1.07418
114	168	0.943758
114	170	0.926011
114	171	0.913234
114	175	3.40162
115	55	1.00023
115	71	0.970233
115	77	1.03123
115	78	1.01613
115	80	1.08131
115	82	0.167833
115	85	1.00373
115	86	1.01146
115	88	0.99821
115	99	1.03561
115	105	1.02533
115	114	1.0119
115	122	0.659588
115	123	0.997876
115	124	1.00219
115	125	0.944102
115	139	0.99316
115	141	0.976163
115	142	1.01486
115	144	1.00861
115	155	1.22491
115	168	0.94154
115	171	0.911016
115	172	4.55816
115	178	1.73903
116	28	1.37553
116	89	1.05257
116	91	1.03902
116	95	0.682893
116	102	1.0442
116	111	0.954695
116	124	0.920363
116	129	1.01324
116	142	0.0777678
116	148	1.01271
116	150	1.05441
116	152	0.996256
116	153	0.97628
116	155	0.963094
116	156	0.979678
116	158	1.03526
116	160	0.975998
116	162	0.965641
116	165	0.998909
116	173	1.00551
116	174	0.941847
116	175	0.927154
116	176	0.953222
116	177	0.951033
116	179	0.943487
116	180	0.951355
117	6	1.19377
117	10	0.751811
117	33	0.920379
117	40	1.06962
117	70	0.816407
117	109	1.00712
117	122	1.10427
117	123	1.04857
117	136	1.01387
117	140	0.99892
117	143	0.987044
117	150	1.04409
117	153	0.965963
117	158	1.02494
117	159	1.00111
117	161	1.01491
117	162	0.955324
117	172	0.920681
117	173	0.995193
117	174	0.93153
117	175	0.916837
117	176	0.942905
117	177	0.940716
117	178	0.939595
117	179	0.93317
117	180	0.941038
118	83	0.969854
118	92	1.29492
118	127	1.26143
118	129	0.921328
118	133	0.979865
118	134	0.942922
118	145	1.2674
118	146	0.893116
118	148	0.920798
118	150	0.962491
118	151	0.919765
118	153	0.884365
118	157	1.02214
118	159	0.919516
118	160	0.884082
118	162	0.873725
118	163	0.93041
118	165	0.906993
118	170	0.90396
118	172	0.839083
118	174	0.849932
118	175	0.835238
118	177	0.859117
118	178	0.857996
118	179	0.851572
118	180	0.859439
119	35	2.06785
119	57	1.16835
119	72	1.7638
119	76	0.938853
119	102	0.965291
119	143	0.918456
119	151	0.932775
119	152	0.917351
119	153	0.897375
119	154	0.921769
119	156	0.900773
119	157	1.03515
119	160	0.897092
119	161	0.946322
119	164	0.88684
119	167	0.921451
119	168	0.911836
119	170	0.91697
119	172	0.852093
119	175	0.848248
119	176	0.874317
119	177	0.872127
119	178	0.871006
119	179	0.864582
119	180	0.872449
120	20	0.93506
120	30	1.01964
120	53	0.976691
120	56	0.97448
120	64	0.95738
120	65	0.969775
120	70	1.02148
120	73	1.00922
120	79	0.988223
120	81	0.993267
120	88	0.983304
120	94	0.978272
120	95	1.04103
120	98	0.956769
120	100	1.01508
120	101	1.01426
120	104	1.01061
120	111	0.987947
120	126	1.02207
120	133	0.973597
120	145	1.005
120	147	0.764197
120	168	1.59911
120	170	0.93177
120	174	3.29056
120	180	2.56993
121	5	1.06826
121	8	0.953609
121	11	1.05311
121	22	0.936942
121	24	1.01642
121	25	1.03679
121	26	0.921745
121	35	1.01541
121	37	0.999308
121	41	1.00429
121	42	0.994405
121	43	0.99343
121	46	0.97603
121	54	0.959752
121	57	1.06539
121	58	0.960382
121	83	1.19214
121	84	0.979509
121	87	0.974818
121	97	1.94117
121	112	0.99014
121	137	1.57068
121	141	1.40809
121	147	0.959911
121	150	1.06099
121	173	0.938148
122	20	1.59521
122	21	1.49272
122	40	0.786206
122	72	0.666275
122	107	1.08872
122	108	0.991542
122	115	0.659588
122	117	1.10427
122	131	1.00009
122	132	0.999624
122	133	1.07829
122	148	1.01922
122	155	0.969599
122	159	1.01794
122	164	0.972251
122	165	1.00541
122	169	0.963945
122	171	0.966722
122	172	0.937503
122	174	0.948352
122	175	0.933659
122	176	0.959727
122	177	0.957538
122	178	0.956416
122	179	0.949992
122	180	0.957859
123	14	0.96313
123	59	0.980272
123	62	0.975264
123	66	0.964685
123	77	1.01943
123	80	1.06951
123	82	2.03296
123	85	0.991932
123	86	0.999659
123	99	1.02381
123	105	1.01353
123	107	0.752931
123	114	1.00009
123	115	0.997876
123	117	1.04857
123	124	0.990387
123	127	1.02044
123	128	1.00758
123	138	0.935475
123	139	0.981358
123	141	0.96436
123	142	1.00306
123	144	0.996803
123	157	1.05485
123	168	0.929738
123	171	0.899214
124	7	0.975889
124	13	0.981874
124	19	0.955528
124	21	0.964004
124	28	0.954705
124	29	0.943995
124	32	0.944046
124	34	1.03735
124	36	0.94463
124	38	1.03653
124	51	1.01826
124	59	0.984585
124	62	0.979577
124	63	0.976245
124	88	0.99072
124	106	0.796092
124	114	1.00441
124	115	1.00219
124	116	0.920363
124	123	0.990387
124	139	0.985671
124	142	1.00737
124	144	1.00112
124	149	2.43031
124	150	1.36262
124	161	1.81438
124	171	0.903527
125	17	1.63739
125	46	1.28073
125	50	0.948499
125	70	2.48188
125	77	0.965658
125	99	0.970035
125	107	0.967443
125	114	0.94632
125	115	0.944102
125	127	0.966664
125	128	0.953805
125	139	0.927584
125	142	0.949283
125	144	0.943028
125	146	0.870254
125	153	0.861503
125	160	0.86122
125	161	0.91045
125	164	0.850968
125	168	0.875964
125	169	0.842663
125	172	0.816221
125	176	0.838444
125	177	0.836255
125	178	0.835134
125	179	0.82871
125	180	0.836577
126	53	1.01889
126	64	0.999579
126	65	1.01197
126	70	1.06368
126	71	0.997527
126	78	1.04342
126	95	1.08323
126	97	0.831437
126	99	1.0629
126	100	1.05728
126	104	1.05281
126	111	1.03015
126	114	1.03919
126	120	1.02207
126	127	1.05953
126	128	1.04667
126	139	1.02045
126	142	1.04215
126	144	1.0359
126	151	1.05879
126	162	2.17486
126	163	0.889106
126	164	2.35829
126	168	0.968833
126	170	0.973968
126	171	0.938309
126	176	1.88798
127	16	1.0672
127	50	1.03664
127	62	1.00963
127	63	1.0063
127	66	0.999049
127	71	0.992795
127	76	2.2743
127	78	1.03869
127	85	1.0263
127	86	1.03402
127	87	1.01554
127	88	1.02077
127	99	1.05817
127	110	0.0530415
127	118	1.26143
127	123	1.02044
127	125	0.966664
127	126	1.05953
127	128	1.04194
127	139	1.01572
127	141	0.998724
127	142	1.03742
127	144	1.03117
127	158	0.771879
127	160	1.89995
127	163	1.34207
127	168	0.964102
127	171	0.933578
128	49	0.0912015
128	50	1.02378
128	55	1.00994
128	59	1.00178
128	60	0.241844
128	62	0.996769
128	63	0.993437
128	66	0.98619
128	71	0.979936
128	77	1.04094
128	78	1.02583
128	80	1.09102
128	86	1.02116
128	90	0.518074
128	99	1.04531
128	105	1.03504
128	123	1.00758
128	125	0.953805
128	126	1.04667
128	127	1.04194
128	137	1.28582
128	138	0.95698
128	139	1.00286
128	142	1.02456
128	144	1.01831
128	168	0.951243
128	171	0.920719
128	176	2.71285
128	179	3.15769
129	41	1.78221
129	73	1.89884
129	88	1.91895
129	91	0.944188
129	116	1.01324
129	118	0.921328
129	131	0.898751
129	134	0.940001
129	135	0.890653
129	140	0.914401
129	143	0.902525
129	147	0.932436
129	149	0.891105
129	156	0.884841
129	157	1.01921
129	159	0.916595
129	160	0.881161
129	162	0.870804
129	164	0.870909
129	167	0.90552
129	172	0.836161
129	174	0.84701
129	175	0.832317
129	176	0.858385
129	177	0.856196
129	178	0.855075
129	179	0.848651
129	180	0.856518
130	27	0.597216
130	35	1.6343
130	48	1.27984
130	49	1.06766
130	67	0.964168
130	95	1.32733
130	108	0.939188
130	110	1.06895
130	131	0.947738
130	132	0.947269
130	134	0.988988
130	137	1.00424
130	142	0.722202
130	143	0.951512
130	148	0.966864
130	150	1.00856
130	152	0.950407
130	155	0.917245
130	159	0.965582
130	160	0.930148
130	162	0.919791
130	163	0.976475
130	166	0.98458
130	167	0.954507
130	170	0.950026
130	172	0.885148
130	174	0.895997
130	176	0.907372
130	178	0.904062
130	179	0.897638
130	180	0.905505
131	30	2.47506
131	61	0.910797
131	84	2.27524
131	93	0.895342
131	100	1.4497
131	102	0.929704
131	122	1.00009
131	129	0.898751
131	130	0.947738
131	133	0.957288
131	136	0.909695
131	138	0.881985
131	148	0.898221
131	149	0.871449
131	155	0.848602
131	156	0.865185
131	157	0.999558
131	159	0.896939
131	163	0.907832
131	165	0.884416
131	167	0.885864
131	169	0.842947
131	172	0.816505
131	173	0.891017
131	174	0.827354
131	175	0.812661
131	176	0.838729
131	177	0.83654
131	178	0.835419
131	179	0.828994
131	180	0.836862
132	5	1.22619
132	75	0.96378
132	79	2.24132
132	103	1.0293
132	122	0.999624
132	130	0.947269
132	135	0.870528
132	136	0.909227
132	137	0.935129
132	140	0.894276
132	142	1.89338
132	146	0.87007
132	148	0.897752
132	149	0.870981
132	151	0.896719
132	155	0.848133
132	158	0.920298
132	159	0.896471
132	163	0.907364
132	165	0.883948
132	167	0.885395
132	169	0.842479
132	172	0.816037
132	173	0.890549
132	174	0.826886
132	176	0.838261
132	177	0.836071
132	178	0.83495
132	179	0.828526
132	180	0.836393
133	16	1.44197
133	30	1.28137
133	56	1.81908
133	67	0.973718
133	71	0.683984
133	106	1.03789
133	118	0.979865
133	120	0.973597
133	122	1.07829
133	131	0.957288
133	135	0.94919
133	136	0.987889
133	140	0.972938
133	143	0.961062
133	146	0.948732
133	148	0.976414
133	149	0.949643
133	151	0.975381
133	152	0.959957
133	155	0.926795
133	162	0.929341
133	164	0.929447
133	165	0.96261
133	172	0.894699
133	173	0.969211
133	175	0.890854
133	176	0.916923
133	177	0.914733
133	178	0.913612
133	179	0.907188
133	180	0.915055
134	31	1.3549
134	47	1.98117
134	87	1.33767
134	91	0.965782
134	108	0.911795
134	112	1.72626
134	118	0.942922
134	129	0.940001
134	130	0.988988
134	135	0.912247
134	136	0.950946
134	137	0.976848
134	138	0.923235
134	143	0.924119
134	147	0.95403
134	149	0.9127
134	150	0.981164
134	152	0.923014
134	153	0.903038
134	156	0.906436
134	162	0.892398
134	164	0.892504
134	171	0.886975
134	172	0.857756
134	173	0.932268
134	174	0.868605
134	175	0.853911
134	176	0.87998
134	177	0.877791
134	178	0.876669
134	179	0.870245
134	180	0.878112
135	18	2.48748
135	60	0.98805
135	96	0.981574
135	97	0.892397
135	100	1.74549
135	105	2.16702
135	107	0.959629
135	129	0.890653
135	132	0.870528
135	133	0.94919
135	134	0.912247
135	140	0.886647
135	141	0.902773
135	146	0.862441
135	150	0.931816
135	151	0.88909
135	153	0.85369
135	158	0.912669
135	160	0.853407
135	161	0.902637
135	162	0.84305
135	163	0.899735
135	167	0.877766
135	168	0.86815
135	172	0.808407
135	173	0.88292
135	175	0.804563
135	176	0.830631
135	177	0.828442
135	178	0.827321
135	179	0.820897
135	180	0.828764
136	42	1.20209
136	55	1.64323
136	94	1.81353
136	97	0.931096
136	102	0.960305
136	110	1.03091
136	113	0.990893
136	117	1.01387
136	131	0.909695
136	132	0.909227
136	133	0.987889
136	134	0.950946
136	139	1.24657
136	146	0.90114
136	147	0.943381
136	148	0.928821
136	152	0.912364
136	155	0.879203
136	156	0.895786
136	162	0.881749
136	164	0.881854
136	168	0.906849
136	169	0.873548
136	170	0.911984
136	171	0.876325
136	172	0.847106
136	174	0.857955
136	175	0.843262
136	176	0.86933
136	177	0.867141
136	178	0.86602
136	179	0.859595
136	180	0.867463
137	26	1.70152
137	38	1.48293
137	63	0.75905
137	74	0.988884
137	82	0.947839
137	108	0.927048
137	121	1.57068
137	128	1.28582
137	130	1.00424
137	132	0.935129
137	134	0.976848
137	138	0.938488
137	140	0.951248
137	141	0.967374
137	143	0.939372
137	148	0.954724
137	149	0.927953
137	151	0.953691
137	152	0.938267
137	156	0.921688
137	158	0.97727
137	159	0.953442
137	160	0.918008
137	163	0.964335
137	164	0.907756
137	166	0.97244
137	170	0.937886
137	172	0.873008
137	173	0.94752
137	175	0.869164
137	176	0.895232
137	177	0.893043
137	179	0.885498
137	180	0.893365
138	10	1.42669
138	16	0.982235
138	28	2.31429
138	34	1.76774
138	55	0.93783
138	62	0.924664
138	66	0.914086
138	70	1.49128
138	71	0.907832
138	77	0.968833
138	93	0.898233
138	109	0.905836
138	113	0.963183
138	114	0.949495
138	123	0.935475
138	128	0.95698
138	131	0.881985
138	134	0.923235
138	137	0.938488
138	139	0.930758
138	140	0.897635
138	142	0.952458
138	144	0.946203
138	151	0.900078
138	159	0.899829
138	160	0.864395
138	162	0.854038
138	168	0.879138
138	171	0.848614
138	174	0.830244
138	175	0.815551
138	177	0.83943
138	178	0.838309
138	179	0.831885
138	180	0.839752
139	16	1.02812
139	45	1.00745
139	50	0.997558
139	55	0.983714
139	59	0.975556
139	63	0.967216
139	66	0.959969
139	71	0.953715
139	77	1.01472
139	78	0.999613
139	80	1.0648
139	85	0.987216
139	86	0.994943
139	87	0.976461
139	88	0.981691
139	96	0.371568
139	99	1.01909
139	105	1.00881
139	114	0.995378
139	115	0.99316
139	123	0.981358
139	124	0.985671
139	125	0.927584
139	126	1.02045
139	127	1.01572
139	128	1.00286
139	136	1.24657
139	138	0.930758
139	142	0.998341
139	144	0.992087
139	151	1.97213
139	157	0.692517
139	167	2.16564
139	168	0.925022
139	171	0.894498
139	173	1.69428
139	180	2.90652
140	22	1.97436
140	37	1.35715
140	75	0.979899
140	81	1.71818
140	89	0.953728
140	93	0.910992
140	109	0.918596
140	110	1.01596
140	117	0.99892
140	129	0.914401
140	132	0.894276
140	133	0.972938
140	135	0.886647
140	137	0.951248
140	138	0.897635
140	141	0.926521
140	142	1.31119
140	146	0.886189
140	149	0.887099
140	150	0.955564
140	152	0.897414
140	156	0.880835
140	159	0.912589
140	162	0.866798
140	163	0.923482
140	164	0.866903
140	169	0.858597
140	170	0.897033
140	172	0.832155
140	174	0.843004
140	175	0.828311
140	176	0.854379
140	177	0.85219
140	179	0.844644
140	180	0.852512
141	1	1.111
141	18	1.49719
141	45	0.990449
141	47	1.52914
141	55	0.966716
141	63	0.950218
141	80	1.0478
141	86	0.977945
141	88	0.964694
141	99	1.0021
141	108	0.902321
141	114	0.97838
141	115	0.976163
141	121	1.40809
141	123	0.96436
141	127	0.998724
141	135	0.902773
141	137	0.967374
141	140	0.926521
141	142	0.981344
141	144	0.975089
141	145	0.7573
141	148	0.929997
141	154	0.917958
141	155	0.880378
141	160	0.893281
141	167	0.91764
141	168	0.908024
141	171	0.8775
141	172	0.848281
141	174	0.85913
141	175	0.844437
141	176	0.870505
141	177	0.868316
141	180	0.868638
142	6	0.376637
142	16	1.04982
142	45	1.02915
142	50	1.01926
142	55	1.00541
142	59	0.997255
142	62	0.992247
142	63	0.988915
142	66	0.981669
142	71	0.975414
142	77	1.03642
142	78	1.02131
142	80	1.0865
142	85	1.00892
142	86	1.01664
142	88	1.00339
142	99	1.04079
142	105	1.03051
142	114	1.01708
142	115	1.01486
142	116	0.0777678
142	123	1.00306
142	124	1.00737
142	125	0.949283
142	126	1.04215
142	127	1.03742
142	128	1.02456
142	130	0.722202
142	132	1.89338
142	138	0.952458
142	139	0.998341
142	140	1.31119
142	141	0.981344
142	144	1.01379
142	146	1.50536
142	156	1.81545
142	168	0.946721
142	171	0.916197
142	180	2.56194
143	43	1.95829
143	76	0.907039
143	80	1.52777
143	82	0.89511
143	85	1.62069
143	99	2.29325
143	103	1.03354
143	108	0.874319
143	109	0.90672
143	113	0.964067
143	117	0.987044
143	119	0.918456
143	129	0.902525
143	130	0.951512
143	133	0.961062
143	134	0.924119
143	137	0.939372
143	149	0.875223
143	150	0.943688
143	151	0.900962
143	153	0.865561
143	155	0.852376
143	156	0.868959
143	158	0.924541
143	161	0.914508
143	163	0.911606
143	165	0.88819
143	167	0.889638
143	168	0.880022
143	169	0.846721
143	172	0.820279
143	175	0.816435
143	176	0.842503
143	177	0.840314
143	178	0.839193
143	179	0.832768
143	180	0.840636
144	16	1.04356
144	45	1.02289
144	50	1.013
144	55	0.999159
144	59	0.991001
144	62	0.985993
144	63	0.982661
144	66	0.975414
144	71	0.96916
144	77	1.03016
144	78	1.01506
144	80	1.08024
144	85	1.00266
144	86	1.01039
144	87	0.991906
144	88	0.997136
144	99	1.03454
144	105	1.02426
144	106	0.336669
144	107	0.429186
144	110	0.552013
144	114	1.01082
144	115	1.00861
144	123	0.996803
144	124	1.00112
144	125	0.943028
144	126	1.0359
144	127	1.03117
144	128	1.01831
144	138	0.946203
144	139	0.992087
144	141	0.975089
144	142	1.01379
144	147	1.13938
144	159	1.79901
144	166	1.19587
144	168	0.940467
144	169	2.80887
144	171	0.909943
144	179	3.28475
145	9	1.10323
145	14	0.146386
145	17	1.07209
145	20	0.960189
145	27	1.07463
145	31	1.04585
145	44	1.01573
145	47	1.00958
145	48	1.01778
145	52	1.00917
145	56	0.999609
145	61	0.986312
145	65	0.994904
145	72	1.04352
145	73	1.03435
145	79	1.01335
145	81	1.0184
145	88	1.00843
145	94	1.0034
145	95	1.06616
145	98	0.981898
145	100	1.04021
145	101	1.03939
145	104	1.03574
145	111	1.01308
145	118	1.2674
145	120	1.005
145	141	0.7573
145	148	1.69161
145	151	1.51773
145	154	0.961698
145	158	0.777851
145	163	1.34804
145	166	0.991453
145	167	0.96138
145	169	0.918463
145	170	0.956899
145	175	3.67548
146	4	2.40833
146	10	1.91551
146	11	1.9708
146	68	1.0292
146	76	0.89471
146	83	0.938721
146	89	0.929522
146	93	0.886787
146	96	0.981116
146	102	0.921148
146	107	0.959172
146	110	0.991756
146	113	0.951737
146	118	0.893116
146	125	0.870254
146	132	0.87007
146	133	0.948732
146	135	0.862441
146	136	0.90114
146	140	0.886189
146	142	1.50536
146	148	0.889665
146	151	0.888632
146	152	0.873208
146	156	0.85663
146	157	0.991003
146	160	0.852949
146	162	0.842592
146	163	0.899277
146	165	0.875861
146	169	0.834392
146	173	0.882462
146	174	0.818799
146	175	0.804105
146	176	0.830174
146	177	0.827984
146	178	0.826863
146	179	0.820439
146	180	0.828306
147	8	0.940164
147	20	2.29318
147	22	0.923497
147	35	1.00196
147	42	0.980959
147	43	0.979984
147	50	1.69911
147	57	1.05194
147	74	0.966066
147	79	1.10414
147	84	0.966063
147	87	0.961373
147	112	0.976694
147	120	0.764197
147	121	0.959911
147	129	0.932436
147	134	0.95403
147	136	0.943381
147	144	1.13938
147	148	0.931906
147	149	0.905135
147	152	0.915449
147	154	0.919867
147	161	0.94442
147	162	0.884833
147	164	0.884938
147	165	0.918102
147	166	0.949622
147	168	0.909934
147	173	0.924703
147	174	0.86104
147	176	0.872415
147	178	0.869104
147	179	0.86268
147	180	0.870547
148	41	1.62361
148	44	1.75036
148	75	0.983375
148	76	0.922391
148	86	1.4153
148	92	1.71913
148	93	0.914468
148	108	0.889671
148	109	0.922072
148	110	1.01944
148	116	1.01271
148	118	0.920798
148	122	1.01922
148	130	0.966864
148	131	0.898221
148	132	0.897752
148	133	0.976414
148	136	0.928821
148	137	0.954724
148	141	0.929997
148	145	1.69161
148	146	0.889665
148	147	0.931906
148	152	0.90089
148	153	0.880913
148	156	0.884311
148	158	0.939893
148	159	0.916065
148	160	0.880631
148	161	0.92986
148	164	0.870379
148	168	0.895374
148	169	0.862074
148	171	0.86485
148	172	0.835631
148	174	0.84648
148	176	0.857855
148	177	0.855666
148	178	0.854545
148	179	0.848121
148	180	0.855988
149	49	0.991368
149	51	1.95438
149	69	0.958765
149	89	0.930433
149	93	0.887697
149	98	2.0292
149	102	0.922059
149	104	1.98611
149	106	0.952051
149	108	0.862899
149	113	0.952647
149	124	2.43031
149	129	0.891105
149	131	0.871449
149	132	0.870981
149	133	0.949643
149	134	0.9127
149	137	0.927953
149	140	0.887099
149	143	0.875223
149	147	0.905135
149	150	0.932269
149	151	0.889543
149	152	0.874118
149	153	0.854142
149	159	0.889294
149	160	0.85386
149	161	0.903089
149	164	0.843608
149	165	0.876771
149	166	0.908292
149	169	0.835302
149	170	0.873738
149	171	0.838079
149	172	0.80886
149	173	0.883372
149	174	0.819709
149	175	0.805016
149	177	0.828895
149	178	0.827774
149	179	0.821349
149	180	0.829217
150	50	1.46293
150	53	1.64845
150	54	0.944765
150	60	1.05697
150	67	0.956344
150	83	1.0081
150	95	1.12515
150	106	1.02052
150	110	1.06113
150	113	1.02111
150	114	0.795097
150	116	1.05441
150	117	1.04409
150	118	0.962491
150	121	1.06099
150	124	1.36262
150	130	1.00856
150	134	0.981164
150	135	0.931816
150	140	0.955564
150	143	0.943688
150	149	0.932269
150	152	0.942583
150	153	0.922607
150	155	0.909421
150	157	1.06038
150	158	0.981586
150	159	0.957758
150	161	0.971554
150	162	0.911967
150	164	0.912072
150	165	0.945236
150	166	0.976756
150	168	0.937068
150	172	0.877325
150	173	0.951837
150	175	0.87348
150	176	0.899549
150	177	0.897359
150	178	0.896238
150	179	0.889814
150	180	0.897681
151	9	1.73633
151	58	1.91502
151	60	1.01424
151	83	0.96537
151	91	0.942625
151	96	1.00777
151	102	0.947797
151	103	1.04786
151	107	0.985821
151	108	0.888638
151	118	0.919765
151	119	0.932775
151	126	1.05879
151	132	0.896719
151	133	0.975381
151	135	0.88909
151	137	0.953691
151	138	0.900078
151	139	1.97213
151	143	0.900962
151	145	1.51773
151	146	0.888632
151	149	0.889543
151	153	0.879881
151	154	0.904275
151	155	0.866695
151	159	0.915033
151	160	0.879598
151	161	0.928828
151	162	0.869241
151	163	0.925926
151	165	0.90251
151	168	0.894342
151	170	0.899476
151	174	0.845448
151	175	0.830754
151	176	0.856823
151	177	0.854633
151	178	0.853512
151	179	0.847088
151	180	0.854955
152	27	1.24361
152	49	1.00168
152	66	2.5765
152	90	0.998208
152	92	1.28629
152	95	1.97372
152	103	1.03244
152	107	0.970396
152	111	1.71988
152	116	0.996256
152	119	0.917351
152	130	0.950407
152	133	0.959957
152	134	0.923014
152	136	0.912364
152	137	0.938267
152	140	0.897414
152	146	0.873208
152	147	0.915449
152	148	0.90089
152	149	0.874118
152	150	0.942583
152	154	0.888851
152	155	0.851271
152	156	0.867854
152	157	1.00223
152	158	0.923436
152	159	0.899608
152	160	0.864174
152	161	0.913403
152	164	0.853922
152	165	0.887085
152	167	0.888533
152	169	0.845616
152	170	0.884052
152	171	0.848393
152	172	0.819174
152	173	0.893686
152	175	0.81533
152	176	0.841398
152	177	0.839209
152	178	0.838088
152	179	0.831663
152	180	0.839531
153	12	2.45868
153	59	1.5804
153	68	1.02045
153	75	0.946942
153	78	2.19001
153	106	0.942389
153	108	0.853237
153	109	0.885639
153	110	0.983004
153	112	2.37091
153	113	0.942985
153	116	0.97628
153	117	0.965963
153	118	0.884365
153	119	0.897375
153	125	0.861503
153	134	0.903038
153	135	0.85369
153	143	0.865561
153	148	0.880913
153	149	0.854142
153	150	0.922607
153	151	0.879881
153	157	0.982251
153	158	0.90346
153	159	0.879632
153	160	0.844198
153	161	0.893427
153	162	0.833841
153	163	0.890525
153	164	0.833946
153	165	0.867109
153	168	0.858941
153	170	0.864076
153	172	0.799198
153	173	0.87371
153	174	0.810047
153	175	0.795354
153	176	0.821422
153	177	0.819233
153	178	0.818112
153	179	0.811687
153	180	0.819555
154	9	1.0348
154	15	2.46629
154	17	1.00366
154	27	1.0062
154	31	0.977422
154	44	0.947307
154	47	0.941149
154	48	0.949354
154	52	0.940738
154	60	1.00324
154	61	0.917884
154	72	0.97509
154	82	0.898423
154	87	1.14952
154	98	1.5725
154	104	1.5294
154	111	1.48229
154	119	0.921769
154	141	0.917958
154	145	0.961698
154	147	0.919867
154	151	0.904275
154	152	0.888851
154	155	0.855689
154	156	0.872273
154	158	0.927854
154	160	0.868593
154	161	0.917822
154	162	0.858235
154	163	0.91492
154	164	0.858341
154	166	0.923024
154	167	0.892951
154	169	0.850035
154	172	0.823593
154	173	0.898105
154	174	0.834442
154	175	0.819748
154	178	0.842506
154	179	0.836082
154	180	0.843949
155	7	3.0021
155	33	2.96184
155	45	1.81115
155	49	0.96852
155	60	0.965655
155	74	0.901888
155	90	0.965046
155	91	0.894039
155	93	0.864849
155	96	0.959179
155	103	0.999275
155	107	0.937234
155	115	1.22491
155	116	0.963094
155	122	0.969599
155	130	0.917245
155	131	0.848602
155	132	0.848133
155	133	0.926795
155	136	0.879203
155	141	0.880378
155	143	0.852376
155	150	0.909421
155	151	0.866695
155	152	0.851271
155	154	0.855689
155	157	0.969065
155	158	0.890274
155	159	0.866446
155	160	0.831012
155	161	0.880241
155	162	0.820655
155	163	0.877339
155	166	0.885444
155	168	0.845755
155	169	0.812455
155	170	0.85089
155	172	0.786012
155	174	0.796861
155	175	0.782168
155	176	0.808236
155	177	0.806047
155	178	0.804926
155	179	0.798502
155	180	0.806369
156	36	3.00974
156	60	0.982238
156	67	0.881616
156	78	2.04166
156	90	0.98163
156	91	0.910623
156	92	1.73314
156	97	0.886586
156	102	0.915795
156	106	0.945787
156	116	0.979678
156	119	0.900773
156	129	0.884841
156	131	0.865185
156	134	0.906436
156	136	0.895786
156	137	0.921688
156	140	0.880835
156	142	1.81545
156	143	0.868959
156	146	0.85663
156	148	0.884311
156	152	0.867854
156	154	0.872273
156	157	0.985649
156	158	0.906858
156	159	0.88303
156	161	0.896825
156	162	0.837239
156	163	0.893923
156	164	0.837344
156	165	0.870507
156	166	0.902028
156	169	0.829038
156	171	0.831815
156	172	0.802596
156	173	0.877108
156	174	0.813445
156	175	0.798752
156	176	0.82482
156	178	0.82151
156	179	0.815085
156	180	0.822953
157	5	0.825948
157	16	1.42197
157	23	1.63456
157	34	1.09915
157	68	1.15822
157	71	0.663984
157	74	1.05284
157	75	1.08471
157	76	1.02373
157	80	0.803153
157	90	1.116
157	91	1.045
157	104	0.746332
157	105	0.657537
157	106	1.08016
157	109	1.02341
157	113	1.08076
157	118	1.02214
157	119	1.03515
157	123	1.05485
157	129	1.01921
157	131	0.999558
157	139	0.692517
157	146	0.991003
157	150	1.06038
157	152	1.00223
157	153	0.982251
157	155	0.969065
157	156	0.985649
157	158	1.04123
157	159	1.0174
157	160	0.981969
157	161	1.0312
157	162	0.971612
157	163	1.0283
157	164	0.971717
157	165	1.00488
157	168	0.996712
157	170	1.00185
157	171	0.966188
157	172	0.936969
157	174	0.947818
157	175	0.933125
157	176	0.959193
157	177	0.957004
157	178	0.955883
157	179	0.949458
157	180	0.957326
158	47	1.54969
158	60	1.03782
158	62	1.84425
158	67	0.937197
158	69	1.00808
158	70	1.36243
158	76	0.944938
158	81	1.29467
158	82	0.933008
158	90	1.03721
158	94	1.79922
158	103	1.07144
158	113	1.00196
158	116	1.03526
158	117	1.02494
158	127	0.771879
158	132	0.920298
158	135	0.912669
158	137	0.97727
158	143	0.924541
158	145	0.777851
158	148	0.939893
158	150	0.981586
158	152	0.923436
158	153	0.90346
158	154	0.927854
158	155	0.890274
158	156	0.906858
158	157	1.04123
158	159	0.938611
158	160	0.903177
158	161	0.952407
158	162	0.89282
158	163	0.949505
158	164	0.892925
158	165	0.926088
158	166	0.957609
158	168	0.917921
158	171	0.887397
158	173	0.93269
158	174	0.869027
158	175	0.854333
158	176	0.880401
158	177	0.878212
158	178	0.877091
158	179	0.870667
158	180	0.878534
159	8	1.57394
159	31	1.45158
159	49	1.01686
159	67	0.913369
159	69	0.984254
159	83	0.965122
159	89	0.955923
159	98	1.85733
159	100	1.30391
159	104	1.81423
159	109	0.92079
159	117	1.00111
159	118	0.919516
159	122	1.01794
159	129	0.916595
159	130	0.965582
159	131	0.896939
159	132	0.896471
159	137	0.953442
159	138	0.899829
159	140	0.912589
159	144	1.79901
159	148	0.916065
159	149	0.889294
159	150	0.957758
159	151	0.915033
159	152	0.899608
159	153	0.879632
159	155	0.866446
159	156	0.88303
159	157	1.0174
159	158	0.938611
159	161	0.928579
159	162	0.868992
159	163	0.925677
159	164	0.869098
159	165	0.902261
159	167	0.903708
159	168	0.894093
159	171	0.863569
159	172	0.83435
159	173	0.908862
159	174	0.845199
159	175	0.830506
159	176	0.856574
159	177	0.854385
159	178	0.853263
159	179	0.846839
159	180	0.854706
160	40	2.74372
160	42	2.31585
160	54	2.44049
160	67	0.877935
160	68	1.02017
160	82	0.873746
160	107	0.950138
160	108	0.852955
160	110	0.982722
160	116	0.975998
160	118	0.884082
160	119	0.897092
160	125	0.86122
160	127	1.89995
160	129	0.881161
160	130	0.930148
160	135	0.853407
160	137	0.918008
160	138	0.864395
160	141	0.893281
160	146	0.852949
160	148	0.880631
160	149	0.85386
160	151	0.879598
160	152	0.864174
160	153	0.844198
160	154	0.868593
160	155	0.831012
160	157	0.981969
160	158	0.903177
160	161	0.893145
160	163	0.890243
160	164	0.833664
160	165	0.866827
160	166	0.898347
160	167	0.868274
160	169	0.825358
160	170	0.863794
160	171	0.828135
160	172	0.798916
160	174	0.809765
160	175	0.795071
160	176	0.82114
160	177	0.818951
160	178	0.817829
160	179	0.811405
160	180	0.819272
161	21	2.40628
161	24	1.0064
161	43	1.23855
161	61	0.942437
161	62	1.92836
161	67	0.927165
161	74	0.96402
161	78	1.198
161	80	0.808032
161	82	0.922975
161	96	1.02131
161	102	0.961344
161	106	0.991336
161	108	0.902184
161	109	0.934586
161	110	1.03195
161	113	0.991932
161	117	1.01491
161	119	0.946322
161	124	1.81438
161	125	0.91045
161	135	0.902637
161	143	0.914508
161	147	0.94442
161	148	0.92986
161	149	0.903089
161	150	0.971554
161	151	0.928828
161	152	0.913403
161	153	0.893427
161	154	0.917822
161	155	0.880241
161	156	0.896825
161	157	1.0312
161	158	0.952407
161	159	0.928579
161	160	0.893145
161	162	0.882788
161	163	0.939472
161	164	0.882893
161	165	0.916056
161	166	0.947577
161	168	0.907888
161	169	0.874587
161	170	0.913023
161	172	0.848145
161	174	0.858994
161	175	0.844301
161	177	0.86818
161	178	0.867059
161	179	0.860634
161	180	0.868502
162	76	0.875318
162	77	2.90772
162	86	2.35748
162	89	0.910131
162	93	0.867396
162	97	0.872548
162	103	1.00182
162	108	0.842598
162	109	0.874999
162	110	0.972365
162	114	2.35994
162	116	0.965641
162	117	0.955324
162	118	0.873725
162	126	2.17486
162	129	0.870804
162	130	0.919791
162	133	0.929341
162	134	0.892398
162	135	0.84305
162	136	0.881749
162	138	0.854038
162	140	0.866798
162	146	0.842592
162	147	0.884833
162	150	0.911967
162	151	0.869241
162	153	0.833841
162	154	0.858235
162	155	0.820655
162	156	0.837239
162	157	0.971612
162	158	0.89282
162	159	0.868992
162	161	0.882788
162	163	0.879885
162	164	0.823306
162	165	0.856469
162	166	0.88799
162	170	0.853436
162	171	0.817777
162	173	0.863071
162	174	0.799408
162	175	0.784714
162	176	0.810782
162	177	0.808593
162	178	0.807472
162	179	0.801048
162	180	0.808915
163	6	1.11833
163	14	1.01516
163	49	1.02775
163	52	1.67574
163	83	0.976015
163	84	2.17149
163	90	1.02428
163	97	0.929233
163	98	1.89936
163	107	0.996465
163	109	0.931684
163	113	0.98903
163	114	1.07418
163	118	0.93041
163	126	0.889106
163	127	1.34207
163	130	0.976475
163	131	0.907832
163	132	0.907364
163	135	0.899735
163	137	0.964335
163	140	0.923482
163	143	0.911606
163	145	1.34804
163	146	0.899277
163	151	0.925926
163	153	0.890525
163	154	0.91492
163	155	0.877339
163	156	0.893923
163	157	1.0283
163	158	0.949505
163	159	0.925677
163	160	0.890243
163	161	0.939472
163	162	0.879885
163	164	0.879991
163	165	0.913154
163	166	0.944675
163	167	0.914602
163	169	0.871685
163	170	0.910121
163	171	0.874462
163	172	0.845243
163	173	0.919755
163	174	0.856092
163	175	0.841399
163	176	0.867467
163	177	0.865278
163	178	0.864156
163	179	0.857732
163	180	0.8656
164	14	0.958584
164	45	2.35509
164	46	2.20066
164	61	0.882955
164	68	1.00991
164	88	2.88596
164	93	0.867501
164	97	0.872653
164	102	0.901862
164	106	0.931854
164	107	0.939886
164	109	0.875104
164	119	0.88684
164	122	0.972251
164	125	0.850968
164	126	2.35829
164	129	0.870909
164	133	0.929447
164	134	0.892504
164	136	0.881854
164	137	0.907756
164	140	0.866903
164	147	0.884938
164	148	0.870379
164	149	0.843608
164	150	0.912072
164	152	0.853922
164	153	0.833946
164	154	0.858341
164	156	0.837344
164	157	0.971717
164	158	0.892925
164	159	0.869098
164	160	0.833664
164	161	0.882893
164	162	0.823306
164	163	0.879991
164	165	0.856575
164	167	0.858022
164	171	0.817883
164	172	0.788664
164	173	0.863176
164	174	0.799513
164	175	0.784819
164	176	0.810888
164	177	0.808699
164	178	0.807577
164	179	0.801153
164	180	0.80902
165	24	1.52608
165	51	1.85814
165	58	1.77894
165	60	1.00147
165	69	0.971731
165	74	0.937702
165	82	0.896657
165	88	1.45038
165	89	0.9434
165	91	0.929854
165	93	0.900664
165	95	2.09659
165	97	0.905816
165	102	0.935026
165	104	1.88987
165	106	0.965018
165	107	0.973049
165	108	0.875866
165	116	0.998909
165	118	0.906993
165	122	1.00541
165	131	0.884416
165	132	0.883948
165	133	0.96261
165	143	0.88819
165	146	0.875861
165	147	0.918102
165	149	0.876771
165	150	0.945236
165	151	0.90251
165	152	0.887085
165	153	0.867109
165	156	0.870507
165	157	1.00488
165	158	0.926088
165	159	0.902261
165	160	0.866827
165	161	0.916056
165	162	0.856469
165	163	0.913154
165	164	0.856575
165	167	0.891186
165	170	0.886705
165	171	0.851046
165	172	0.821827
165	173	0.896339
165	174	0.832676
165	175	0.817983
165	176	0.844051
165	177	0.841862
165	178	0.84074
165	179	0.834316
165	180	0.842183
166	2	1.80036
166	9	1.06455
166	12	1.30758
166	17	1.03342
166	27	1.03596
166	31	1.00718
166	44	0.977062
166	47	0.970904
166	48	0.979109
166	50	1.7556
166	51	1.17937
166	52	0.970492
166	61	0.947639
166	72	1.00484
166	78	1.03891
166	91	0.961374
166	96	1.02651
166	97	0.937337
166	102	0.966546
166	105	1.12231
166	130	0.98458
166	137	0.97244
166	144	1.19587
166	145	0.991453
166	147	0.949622
166	149	0.908292
166	150	0.976756
166	154	0.923024
166	155	0.885444
166	156	0.902028
166	158	0.957609
166	160	0.898347
166	161	0.947577
166	162	0.88799
166	163	0.944675
166	167	0.922706
166	169	0.87979
166	171	0.882567
166	172	0.853348
166	173	0.92786
166	174	0.864197
166	175	0.849503
166	176	0.875572
166	177	0.873382
166	178	0.872261
166	179	0.865837
166	180	0.873704
167	9	1.03448
167	17	1.00335
167	27	1.00589
167	31	0.977104
167	38	1.09779
167	44	0.946989
167	45	1.2491
167	47	0.940831
167	48	0.949036
167	52	0.940419
167	61	0.917566
167	68	1.04452
167	69	0.973179
167	72	0.974772
167	75	0.971018
167	87	1.83958
167	92	1.73875
167	100	1.70914
167	106	0.966465
167	119	0.921451
167	129	0.90552
167	130	0.954507
167	131	0.885864
167	132	0.885395
167	135	0.877766
167	139	2.16564
167	141	0.91764
167	143	0.889638
167	145	0.96138
167	152	0.888533
167	154	0.892951
167	159	0.903708
167	160	0.868274
167	163	0.914602
167	164	0.858022
167	165	0.891186
167	166	0.922706
167	168	0.883018
167	169	0.849717
167	171	0.852494
167	172	0.823275
167	173	0.897787
167	174	0.834124
167	175	0.81943
167	176	0.845499
167	177	0.843309
167	178	0.842188
167	179	0.835764
167	180	0.843631
168	16	0.976499
168	19	1.59451
168	25	1.40987
168	26	2.26292
168	39	0.877492
168	43	1.85788
168	45	0.955826
168	55	0.932094
168	59	0.923936
168	62	0.918928
168	63	0.915596
168	71	0.902095
168	75	0.961403
168	78	0.947993
168	80	1.01318
168	83	0.944431
168	86	0.943323
168	87	0.924841
168	99	0.967473
168	105	0.957195
168	112	1.99822
168	114	0.943758
168	115	0.94154
168	119	0.911836
168	120	1.59911
168	123	0.929738
168	125	0.875964
168	126	0.968833
168	127	0.964102
168	128	0.951243
168	135	0.86815
168	136	0.906849
168	138	0.879138
168	139	0.925022
168	141	0.908024
168	142	0.946721
168	143	0.880022
168	144	0.940467
168	147	0.909934
168	148	0.895374
168	150	0.937068
168	151	0.894342
168	153	0.858941
168	155	0.845755
168	157	0.996712
168	158	0.917921
168	159	0.894093
168	161	0.907888
168	167	0.883018
168	170	0.878537
168	171	0.842878
168	172	0.813659
168	174	0.824508
168	175	0.809815
168	176	0.835883
168	177	0.833694
168	179	0.826148
168	180	0.834015
169	3	2.09806
169	9	0.991564
169	17	0.960429
169	27	0.962969
169	31	0.934187
169	44	0.904072
169	47	0.897914
169	48	0.90612
169	52	0.897503
169	57	2.43828
169	61	0.87465
169	65	2.05478
169	72	0.931855
169	76	0.867118
169	83	0.91113
169	90	0.959392
169	97	0.864348
169	103	0.99362
169	110	0.964164
169	122	0.963945
169	125	0.842663
169	131	0.842947
169	132	0.842479
169	136	0.873548
169	140	0.858597
169	143	0.846721
169	144	2.80887
169	145	0.918463
169	146	0.834392
169	148	0.862074
169	149	0.835302
169	152	0.845616
169	154	0.850035
169	155	0.812455
169	156	0.829038
169	160	0.825358
169	161	0.874587
169	163	0.871685
169	166	0.87979
169	167	0.849717
169	170	0.845236
169	172	0.780358
169	174	0.791207
169	175	0.776514
169	177	0.800393
169	178	0.799272
169	180	0.800715
170	20	0.886961
170	30	0.97154
170	32	2.71829
170	53	0.928593
170	54	1.73444
170	56	0.926382
170	58	1.59717
170	64	0.909282
170	65	0.921677
170	70	0.97338
170	73	0.96112
170	77	1.47379
170	79	0.940125
170	81	0.945169
170	85	1.23887
170	88	0.935206
170	89	0.940366
170	94	0.930173
170	95	0.992933
170	96	0.99196
170	98	0.90867
170	99	1.91143
170	100	0.966981
170	101	0.966164
170	104	0.96251
170	109	0.905234
170	111	0.939848
170	114	0.926011
170	118	0.90396
170	119	0.91697
170	120	0.93177
170	126	0.973968
170	130	0.950026
170	136	0.911984
170	137	0.937886
170	140	0.897033
170	145	0.956899
170	149	0.873738
170	151	0.899476
170	152	0.884052
170	153	0.864076
170	155	0.85089
170	157	1.00185
170	160	0.863794
170	161	0.913023
170	162	0.853436
170	163	0.910121
170	165	0.886705
170	168	0.878537
170	169	0.845236
170	171	0.848013
170	172	0.818794
170	174	0.829643
170	175	0.814949
170	176	0.841018
170	177	0.838829
170	179	0.831283
170	180	0.83915
171	3	1.77288
171	8	2.25861
171	14	0.953055
171	24	2.13513
171	31	2.13626
171	45	0.925302
171	50	0.915414
171	55	0.90157
171	59	0.893412
171	61	0.877426
171	62	0.888404
171	63	0.885072
171	66	0.877825
171	71	0.871571
171	72	2.70855
171	77	0.932572
171	78	0.917469
171	80	0.982652
171	85	0.905072
171	86	0.912799
171	88	0.899547
171	89	0.904708
171	96	0.956301
171	99	0.936949
171	100	1.98858
171	105	0.926671
171	108	0.837174
171	114	0.913234
171	115	0.911016
171	122	0.966722
171	123	0.899214
171	124	0.903527
171	126	0.938309
171	127	0.933578
171	128	0.920719
171	134	0.886975
171	136	0.876325
171	138	0.848614
171	139	0.894498
171	141	0.8775
171	142	0.916197
171	144	0.909943
171	148	0.86485
171	149	0.838079
171	152	0.848393
171	156	0.831815
171	157	0.966188
171	158	0.887397
171	159	0.863569
171	160	0.828135
171	162	0.817777
171	163	0.874462
171	164	0.817883
171	165	0.851046
171	166	0.882567
171	167	0.852494
171	168	0.842878
171	170	0.848013
171	172	0.783135
171	174	0.793984
171	175	0.779291
171	176	0.805359
171	178	0.802048
171	179	0.795624
171	180	0.803491
172	6	1.027
172	38	3.86886
172	48	4.17299
172	60	0.933558
172	67	0.832935
172	69	0.903821
172	75	0.90166
172	82	0.828746
172	83	0.884688
172	89	0.875489
172	90	0.93295
172	93	0.832753
172	97	0.837905
172	102	0.867115
172	108	0.807955
172	113	0.897703
172	115	4.55816
172	117	0.920681
172	118	0.839083
172	119	0.852093
172	122	0.937503
172	125	0.816221
172	129	0.836161
172	130	0.885148
172	131	0.816505
172	132	0.816037
172	133	0.894699
172	134	0.857756
172	135	0.808407
172	136	0.847106
172	137	0.873008
172	140	0.832155
172	141	0.848281
172	143	0.820279
172	148	0.835631
172	149	0.80886
172	150	0.877325
172	152	0.819174
172	153	0.799198
172	154	0.823593
172	155	0.786012
172	156	0.802596
172	157	0.936969
172	159	0.83435
172	160	0.798916
172	161	0.848145
172	163	0.845243
172	164	0.788664
172	165	0.821827
172	166	0.853348
172	167	0.823275
172	168	0.813659
172	169	0.780358
172	170	0.818794
172	171	0.783135
172	173	0.828428
172	174	0.764765
172	175	0.750072
172	176	0.77614
172	177	0.773951
172	178	0.772829
172	179	0.766405
172	180	0.774272
173	8	0.918401
173	17	0.979959
173	22	0.901734
173	35	0.9802
173	42	0.959197
173	43	0.958222
173	55	2.09094
173	57	1.03018
173	59	0.966296
173	64	2.25375
173	67	0.907448
173	74	0.944303
173	77	1.51379
173	82	0.903258
173	84	0.944301
173	87	0.93961
173	91	0.936455
173	96	1.00159
173	102	0.941627
173	107	0.97965
173	111	1.70098
173	112	0.954931
173	116	1.00551
173	117	0.995193
173	121	0.938148
173	131	0.891017
173	132	0.890549
173	133	0.969211
173	134	0.932268
173	135	0.88292
173	137	0.94752
173	139	1.69428
173	146	0.882462
173	147	0.924703
173	149	0.883372
173	150	0.951837
173	152	0.893686
173	153	0.87371
173	154	0.898105
173	156	0.877108
173	158	0.93269
173	159	0.908862
173	162	0.863071
173	163	0.919755
173	164	0.863176
173	165	0.896339
173	166	0.92786
173	167	0.897787
173	172	0.828428
173	174	0.839277
173	175	0.824584
173	176	0.850652
173	177	0.848463
173	178	0.847341
173	179	0.840917
173	180	0.848785
174	5	2.61538
174	6	1.03785
174	14	0.934685
174	25	2.37354
174	49	0.947273
174	59	2.89916
174	68	0.986015
174	69	0.91467
174	73	3.22136
174	74	0.88064
174	75	0.912509
174	76	0.851525
174	82	0.839595
174	89	0.886338
174	90	0.943799
174	91	0.872792
174	93	0.843602
174	96	0.937931
174	97	0.848755
174	103	0.978027
174	106	0.907956
174	107	0.915987
174	108	0.818804
174	109	0.851206
174	110	0.948571
174	113	0.908552
174	116	0.941847
174	117	0.93153
174	118	0.849932
174	120	3.29056
174	122	0.948352
174	129	0.84701
174	130	0.895997
174	131	0.827354
174	132	0.826886
174	134	0.868605
174	136	0.857955
174	138	0.830244
174	140	0.843004
174	141	0.85913
174	146	0.818799
174	147	0.86104
174	148	0.84648
174	149	0.819709
174	151	0.845448
174	153	0.810047
174	154	0.834442
174	155	0.796861
174	156	0.813445
174	157	0.947818
174	158	0.869027
174	159	0.845199
174	160	0.809765
174	161	0.858994
174	162	0.799408
174	163	0.856092
174	164	0.799513
174	165	0.832676
174	166	0.864197
174	167	0.834124
174	168	0.824508
174	169	0.791207
174	170	0.829643
174	171	0.793984
174	172	0.764765
174	173	0.839277
174	175	0.760921
174	176	0.786989
174	177	0.7848
174	178	0.783679
174	179	0.777254
174	180	0.785122
175	6	1.02316
175	14	0.919992
175	61	0.844363
175	68	0.971322
175	69	0.899976
175	71	4.10135
175	74	0.865947
175	75	0.897815
175	76	0.836832
175	80	3.62155
175	83	0.880843
175	89	0.871644
175	90	0.929106
175	91	0.858098
175	93	0.828909
175	96	0.923238
175	97	0.834061
175	102	0.86327
175	103	0.963334
175	106	0.893262
175	107	0.901294
175	109	0.836512
175	110	0.933878
175	113	0.893859
175	114	3.40162
175	116	0.927154
175	117	0.916837
175	118	0.835238
175	119	0.848248
175	122	0.933659
175	129	0.832317
175	131	0.812661
175	133	0.890854
175	134	0.853911
175	135	0.804563
175	136	0.843262
175	137	0.869164
175	138	0.815551
175	140	0.828311
175	141	0.844437
175	143	0.816435
175	145	3.67548
175	146	0.804105
175	149	0.805016
175	150	0.87348
175	151	0.830754
175	152	0.81533
175	153	0.795354
175	154	0.819748
175	155	0.782168
175	156	0.798752
175	157	0.933125
175	158	0.854333
175	159	0.830506
175	160	0.795071
175	161	0.844301
175	162	0.784714
175	163	0.841399
175	164	0.784819
175	165	0.817983
175	166	0.849503
175	167	0.81943
175	168	0.809815
175	169	0.776514
175	170	0.814949
175	171	0.779291
175	172	0.750072
175	173	0.824584
175	174	0.760921
175	176	0.772296
175	177	0.770106
175	178	0.768985
175	179	0.762561
175	180	0.770428
176	6	1.04923
176	19	2.46014
176	67	0.855159
176	68	0.99739
176	69	0.926044
176	75	0.923884
176	76	0.8629
176	79	2.80468
176	81	2.86374
176	82	0.85097
176	83	0.906912
176	86	2.0706
176	89	0.897713
176	90	0.955174
176	93	0.854977
176	96	0.949306
176	97	0.860129
176	102	0.889339
176	103	0.989402
176	106	0.919331
176	107	0.927362
176	108	0.830179
176	109	0.86258
176	110	0.959946
176	113	0.919927
176	116	0.953222
176	117	0.942905
176	119	0.874317
176	122	0.959727
176	125	0.838444
176	126	1.88798
176	128	2.71285
176	129	0.858385
176	130	0.907372
176	131	0.838729
176	132	0.838261
176	133	0.916923
176	134	0.87998
176	135	0.830631
176	136	0.86933
176	137	0.895232
176	140	0.854379
176	141	0.870505
176	143	0.842503
176	146	0.830174
176	147	0.872415
176	148	0.857855
176	150	0.899549
176	151	0.856823
176	152	0.841398
176	153	0.821422
176	155	0.808236
176	156	0.82482
176	157	0.959193
176	158	0.880401
176	159	0.856574
176	160	0.82114
176	162	0.810782
176	163	0.867467
176	164	0.810888
176	165	0.844051
176	166	0.875572
176	167	0.845499
176	168	0.835883
176	170	0.841018
176	171	0.805359
176	172	0.77614
176	173	0.850652
176	174	0.786989
176	175	0.772296
176	177	0.796175
176	178	0.795053
176	179	0.788629
176	180	0.796496
177	13	3.1936
177	14	0.943871
177	17	2.24143
177	29	2.04423
177	49	0.956459
177	52	2.82903
177	60	0.953593
177	61	0.868242
177	67	0.85297
177	68	0.995201
177	69	0.923855
177	74	0.889826
177	75	0.921694
177	76	0.860711
177	83	0.904722
177	90	0.952985
177	91	0.881977
177	93	0.852788
177	97	0.85794
177	101	2.17094
177	102	0.887149
177	103	0.987213
177	105	2.92077
177	106	0.917141
177	107	0.925173
177	108	0.82799
177	109	0.860391
177	110	0.957757
177	113	0.917738
177	116	0.951033
177	117	0.940716
177	118	0.859117
177	119	0.872127
177	122	0.957538
177	125	0.836255
177	129	0.856196
177	131	0.83654
177	132	0.836071
177	133	0.914733
177	134	0.877791
177	135	0.828442
177	136	0.867141
177	137	0.893043
177	138	0.83943
177	140	0.85219
177	141	0.868316
177	143	0.840314
177	146	0.827984
177	148	0.855666
177	149	0.828895
177	150	0.897359
177	151	0.854633
177	152	0.839209
177	153	0.819233
177	155	0.806047
177	157	0.957004
177	158	0.878212
177	159	0.854385
177	160	0.818951
177	161	0.86818
177	162	0.808593
177	163	0.865278
177	164	0.808699
177	165	0.841862
177	166	0.873382
177	167	0.843309
177	168	0.833694
177	169	0.800393
177	170	0.838829
177	172	0.773951
177	173	0.848463
177	174	0.7848
177	175	0.770106
177	176	0.796175
177	178	0.792864
177	179	0.78644
177	180	0.794307
178	6	1.04592
178	14	0.94275
178	27	2.77225
178	37	2.9432
178	39	2.18361
178	44	2.84615
178	49	0.955337
178	60	0.952472
178	61	0.867121
178	67	0.851849
178	68	0.994079
178	69	0.922734
178	74	0.888705
178	75	0.920573
178	76	0.859589
178	82	0.84766
178	83	0.903601
178	87	2.91575
178	89	0.894402
178	90	0.951864
178	91	0.880856
178	93	0.851667
178	96	0.945996
178	97	0.856819
178	103	0.986092
178	107	0.924051
178	108	0.826869
178	110	0.956636
178	113	0.916617
178	115	1.73903
178	117	0.939595
178	118	0.857996
178	119	0.871006
178	122	0.956416
178	125	0.835134
178	129	0.855075
178	130	0.904062
178	131	0.835419
178	132	0.83495
178	133	0.913612
178	134	0.876669
178	135	0.827321
178	136	0.86602
178	138	0.838309
178	143	0.839193
178	146	0.826863
178	147	0.869104
178	148	0.854545
178	149	0.827774
178	150	0.896238
178	151	0.853512
178	152	0.838088
178	153	0.818112
178	154	0.842506
178	155	0.804926
178	156	0.82151
178	157	0.955883
178	158	0.877091
178	159	0.853263
178	160	0.817829
178	161	0.867059
178	162	0.807472
178	163	0.864156
178	164	0.807577
178	165	0.84074
178	166	0.872261
178	167	0.842188
178	169	0.799272
178	171	0.802048
178	172	0.772829
178	173	0.847341
178	174	0.783679
178	175	0.768985
178	176	0.795053
178	177	0.792864
178	179	0.785319
178	180	0.793186
179	6	1.03949
179	14	0.936325
179	29	2.33464
179	49	0.948913
179	60	0.946048
179	61	0.860697
179	63	2.63091
179	65	2.53066
179	67	0.845425
179	68	0.987655
179	69	0.91631
179	75	0.914149
179	76	0.853165
179	82	0.841235
179	83	0.897177
179	89	0.887978
179	90	0.945439
179	91	0.874432
179	96	0.939571
179	97	0.850395
179	101	2.46135
179	102	0.879604
179	103	0.979667
179	106	0.909596
179	107	0.917627
179	108	0.820444
179	109	0.852846
179	110	0.950211
179	113	0.910193
179	116	0.943487
179	117	0.93317
179	118	0.851572
179	119	0.864582
179	122	0.949992
179	125	0.82871
179	128	3.15769
179	129	0.848651
179	130	0.897638
179	131	0.828994
179	132	0.828526
179	133	0.907188
179	134	0.870245
179	135	0.820897
179	136	0.859595
179	137	0.885498
179	138	0.831885
179	140	0.844644
179	143	0.832768
179	144	3.28475
179	146	0.820439
179	147	0.86268
179	148	0.848121
179	149	0.821349
179	150	0.889814
179	151	0.847088
179	152	0.831663
179	153	0.811687
179	154	0.836082
179	155	0.798502
179	156	0.815085
179	157	0.949458
179	158	0.870667
179	159	0.846839
179	160	0.811405
179	161	0.860634
179	162	0.801048
179	163	0.857732
179	164	0.801153
179	165	0.834316
179	166	0.865837
179	167	0.835764
179	168	0.826148
179	170	0.831283
179	171	0.795624
179	172	0.766405
179	173	0.840917
179	174	0.777254
179	175	0.762561
179	176	0.788629
179	177	0.78644
179	178	0.785319
179	180	0.786762
180	6	1.04736
180	14	0.944193
180	46	1.83555
180	49	0.95678
180	60	0.953915
180	61	0.868564
180	67	0.853292
180	68	0.995523
180	69	0.924177
180	74	0.890148
180	75	0.922016
180	76	0.861033
180	82	0.849103
180	83	0.905044
180	85	2.49111
180	89	0.895845
180	90	0.953307
180	91	0.882299
180	93	0.85311
180	96	0.947439
180	97	0.858262
180	101	2.12171
180	102	0.887471
180	103	0.987535
180	106	0.917463
180	107	0.925494
180	108	0.828312
180	109	0.860713
180	110	0.958079
180	111	2.91323
180	113	0.91806
180	116	0.951355
180	117	0.941038
180	118	0.859439
180	119	0.872449
180	120	2.56993
180	122	0.957859
180	125	0.836577
180	129	0.856518
180	130	0.905505
180	131	0.836862
180	132	0.836393
180	133	0.915055
180	134	0.878112
180	135	0.828764
180	136	0.867463
180	137	0.893365
180	138	0.839752
180	139	2.90652
180	140	0.852512
180	141	0.868638
180	142	2.56194
180	143	0.840636
180	146	0.828306
180	147	0.870547
180	148	0.855988
180	149	0.829217
180	150	0.897681
180	151	0.854955
180	152	0.839531
180	153	0.819555
180	154	0.843949
180	155	0.806369
180	156	0.822953
180	157	0.957326
180	158	0.878534
180	159	0.854706
180	160	0.819272
180	161	0.868502
180	162	0.808915
180	163	0.8656
180	164	0.80902
180	165	0.842183
180	166	0.873704
180	167	0.843631
180	168	0.834015
180	169	0.800715
180	170	0.83915
180	171	0.803491
180	172	0.774272
180	173	0.848785
180	174	0.785122
180	175	0.770428
180	176	0.796496
180	177	0.794307
180	178	0.793186
180	179	0.786762
