1	124	1.18467
1	130	1.22336
1	140	0.894767
1	149	0.907731
1	152	0.899378
1	156	1.12915
1	163	1.14509
1	165	0.882122
1	174	0.856038
1	176	0.866808
1	178	0.993174
1	179	0.899982
2	48	1.09387
2	75	0.938037
2	83	0.884794
2	123	0.865774
2	124	0.906097
2	130	0.889184
2	140	1.27214
2	143	0.900952
2	147	0.915059
2	161	0.900102
2	162	1.27093
2	166	1.27943
3	38	0.861489
3	49	0.920421
3	55	0.897668
3	59	0.897668
3	66	0.873613
3	74	0.928158
3	145	0.904582
3	168	0.916401
3	171	1.22391
3	174	1.45533
3	178	0.978108
3	179	1.25904
4	42	0.861664
4	45	0.835845
4	60	0.890671
4	88	0.875552
4	106	0.918619
4	164	0.889534
4	169	0.940753
4	175	1.26344
4	177	1.27305
4	178	0.987361
4	179	1.20994
4	180	1.17019
5	33	0.88362
5	45	0.83076
5	60	0.885586
5	106	0.913534
5	115	0.884109
5	129	1.06083
5	149	1.1364
5	164	0.884449
5	169	0.935667
5	174	1.42638
5	177	1.29319
5	178	0.982276
6	23	1.58371
6	38	0.768605
6	39	0.771192
6	55	0.804784
6	59	0.804784
6	66	0.780729
6	74	0.835275
6	116	0.799412
6	145	0.811699
6	160	1.59111
6	168	0.823518
6	180	1.71349
7	56	0.821238
7	87	0.793889
7	98	0.787324
7	117	0.782681
7	121	1.65143
7	130	0.788966
7	133	1.59491
7	141	0.812286
7	143	0.800734
7	147	0.814841
7	156	0.798041
7	179	1.64254
8	27	1.55637
8	122	1.63215
8	127	0.77511
8	146	0.753067
8	154	0.773285
8	160	0.829057
8	161	1.53238
8	166	0.801851
8	170	0.797255
8	174	0.763098
8	178	0.900234
8	179	0.807042
9	98	0.786467
9	123	0.764699
9	124	0.805022
9	140	0.789543
9	147	0.813984
9	151	1.65358
9	153	0.795993
9	155	1.50496
9	163	1.55279
9	176	0.761584
9	178	0.88795
9	179	0.794758
10	46	1.64452
10	113	1.47603
10	153	0.810778
10	158	0.782998
10	159	0.78479
10	167	1.59355
10	170	0.799755
10	171	0.821701
10	172	0.81138
10	175	0.802688
10	176	0.776369
10	179	0.809542
11	65	1.19148
11	78	1.30265
11	134	0.91696
11	146	0.866273
11	154	0.886492
11	156	1.05084
11	157	1.14675
11	159	0.895496
11	170	0.910461
11	173	0.916994
11	176	0.887075
11	179	0.920249
12	27	1.11346
12	61	1.22113
12	69	1.20116
12	107	0.883423
12	109	1.14746
12	138	0.913287
12	152	0.900209
12	166	0.895622
12	170	0.891025
12	171	0.912971
12	172	0.90265
12	179	0.900813
13	26	0.787358
13	31	0.784271
13	33	0.776272
13	82	0.802447
13	88	0.763119
13	106	0.806185
13	140	1.64664
13	162	1.64544
13	164	0.777101
13	169	0.828319
13	178	0.874927
13	180	1.59662
14	25	1.58591
14	33	1.52333
14	84	0.713732
14	140	0.814492
14	152	0.819104
14	156	1.60254
14	158	0.793163
14	166	0.814516
14	168	0.848961
14	173	0.816452
14	176	0.786534
14	177	0.793046
15	69	0.891493
15	79	1.0749
15	108	0.869092
15	109	0.918014
15	119	0.889406
15	131	0.93742
15	133	0.893758
15	152	1.24275
15	168	1.22222
15	173	0.900515
15	177	1.37462
15	180	0.900302
16	76	0.849872
16	93	0.809839
16	104	0.767752
16	112	0.811285
16	132	0.785468
16	150	1.61623
16	151	0.784299
16	155	0.809194
16	163	0.794673
16	165	1.63565
16	167	0.787617
16	170	1.6361
17	37	0.850164
17	86	0.870378
17	108	0.831079
17	119	0.851393
17	122	0.899493
17	131	0.899407
17	138	1.30664
17	157	0.873293
17	164	1.35368
17	168	1.25238
17	173	0.862502
17	177	1.40478
17	180	0.86229
18	66	0.840549
18	74	0.895094
18	86	0.858704
18	127	1.29721
18	131	0.887733
18	145	0.871519
18	157	0.861619
18	162	1.25065
18	168	0.883337
18	170	1.33134
18	173	0.850828
18	174	1.43786
18	180	0.850616
19	21	1.32917
19	32	1.27174
19	75	0.909894
19	110	1.19359
19	123	0.837631
19	141	0.884361
19	143	0.872809
19	160	0.889704
19	163	1.28739
19	165	0.84983
19	166	0.862498
19	172	0.869527
19	174	0.823746
20	37	0.770922
20	70	0.703054
20	85	1.68956
20	95	0.794548
20	102	1.7305
20	108	0.751838
20	109	0.80076
20	119	0.772152
20	122	0.820251
20	131	0.820166
20	166	1.86744
20	173	0.783261
20	180	0.783048
21	19	1.32917
21	50	0.836385
21	71	0.916392
21	105	0.84463
21	113	0.871242
21	134	1.32512
21	136	0.844689
21	142	0.889487
21	144	0.847668
21	155	0.885543
21	164	1.36752
21	167	0.863966
21	168	1.26622
22	50	1.82699
22	68	1.57545
22	132	1.70897
22	150	0.77727
22	154	0.753157
22	160	0.808928
22	166	0.781723
22	168	0.816168
22	171	0.799072
22	174	0.74297
22	175	0.78006
22	176	0.75374
22	179	0.786914
23	6	1.58371
23	90	1.20714
23	101	0.8626
23	146	0.823939
23	155	1.09636
23	157	1.22416
23	160	0.899929
23	162	0.86855
23	170	0.868127
23	172	0.879752
23	176	0.844741
23	179	0.877915
23	180	0.874447
24	48	1.28105
24	65	0.939102
24	101	1.45198
24	114	0.851356
24	118	0.889351
24	132	0.852029
24	137	0.879859
24	144	0.837881
24	163	0.861235
24	167	0.854178
24	171	1.41392
24	177	0.835009
24	178	1.16811
25	14	1.58591
25	44	1.11049
25	64	1.24606
25	95	0.870095
25	108	0.827385
25	109	0.876307
25	119	0.847699
25	122	0.895799
25	131	0.895713
25	157	0.869599
25	173	0.858808
25	177	1.34426
25	180	0.858595
26	13	0.787358
26	33	0.85888
26	45	0.806019
26	82	0.885055
26	88	0.845726
26	106	0.888793
26	162	1.31939
26	164	0.859708
26	168	1.22102
26	169	0.910926
26	174	1.50661
26	178	0.957535
26	180	1.27056
27	8	1.55637
27	12	1.11346
27	73	0.834781
27	77	1.14958
27	83	0.859706
27	87	0.869019
27	100	0.861338
27	117	0.85781
27	130	0.864096
27	141	0.887415
27	143	0.875864
27	147	0.889971
27	177	1.43561
28	36	1.36493
28	70	0.789458
28	95	0.880952
28	108	0.838241
28	119	0.858555
28	122	0.906655
28	131	0.906569
28	153	1.42472
28	157	0.880455
28	171	1.38674
28	173	0.869664
28	178	1.14094
28	180	0.869451
29	70	0.788767
29	80	1.20676
29	103	1.34432
29	108	0.837551
29	109	0.886473
29	119	0.857865
29	122	0.905965
29	131	0.905879
29	150	1.38682
29	157	0.879765
29	173	0.868974
29	177	1.38003
29	180	0.868761
30	52	0.989188
30	58	0.86282
30	87	0.842907
30	90	0.845977
30	130	0.837984
30	141	0.861304
30	147	0.863859
30	149	1.21924
30	153	1.31579
30	156	0.847059
30	158	1.4693
30	161	0.848902
30	179	1.31293
31	13	0.784271
31	42	0.828751
31	60	0.857758
31	82	0.881968
31	88	0.842639
31	92	1.23294
31	106	0.885706
31	107	1.37531
31	149	1.22928
31	158	1.47933
31	164	0.856621
31	169	0.907839
31	178	0.954448
32	19	1.27174
32	94	0.866978
32	112	0.886898
32	136	0.843953
32	137	0.888911
32	142	0.888751
32	144	0.846932
32	158	1.45445
32	163	0.870286
32	167	0.86323
32	171	1.26295
32	177	0.844061
32	179	1.29808
33	5	0.88362
33	13	0.776272
33	14	1.52333
33	26	0.85888
33	82	0.873969
33	88	0.83464
33	106	0.877707
33	164	0.848622
33	169	0.899841
33	170	1.30834
33	171	1.18345
33	175	1.27207
33	178	0.946449
34	67	0.824939
34	73	0.798619
34	75	0.876786
34	87	0.832856
34	100	0.825175
34	121	1.41229
34	124	0.844846
34	141	0.851253
34	143	0.839701
34	145	0.852017
34	147	0.853808
34	148	1.4663
34	165	1.49272
34	172	1.34586
35	50	0.8142
35	78	0.804468
35	91	0.855462
35	105	0.822445
35	134	1.51676
35	135	0.854938
35	136	0.822504
35	142	0.867302
35	149	1.45347
35	152	1.47839
35	155	0.863358
35	161	0.853543
35	167	0.841781
35	178	1.26623
36	28	1.36493
36	53	1.55564
36	108	1.38245
36	111	0.835467
36	146	0.806794
36	155	1.20896
36	159	0.836017
36	166	0.855578
36	171	0.872928
36	174	0.816826
36	175	0.853916
36	176	0.827596
36	177	0.834109
36	179	0.860769
37	17	0.850164
37	20	0.770922
37	92	1.382
37	95	0.85116
37	108	0.808449
37	109	0.857371
37	119	0.828763
37	122	0.876863
37	126	1.53835
37	131	0.876777
37	173	0.839872
37	176	1.60442
37	178	1.19109
37	180	0.839659
38	3	0.861489
38	6	0.768605
38	39	0.80999
38	49	0.866336
38	55	0.843583
38	59	0.843583
38	66	0.819528
38	74	0.874073
38	96	1.40643
38	111	1.51305
38	134	1.40392
38	145	0.850497
38	168	0.862316
38	180	1.39456
39	6	0.771192
39	38	0.80999
39	49	0.868923
39	55	0.846169
39	59	0.846169
39	66	0.822114
39	74	0.87666
39	103	1.3894
39	116	0.840797
39	127	1.41764
39	145	0.853084
39	168	0.864903
39	175	1.41551
39	176	1.4944
40	74	1.17198
40	106	0.883531
40	109	1.33515
40	123	1.34834
40	156	1.22643
40	158	0.832537
40	159	0.834329
40	164	0.854447
40	169	0.905665
40	175	0.852228
40	176	0.825908
40	178	0.952274
40	179	0.859082
41	93	0.86527
41	104	0.823183
41	121	1.4609
41	125	0.863361
41	132	0.840899
41	136	0.823771
41	144	0.826751
41	148	1.51491
41	151	0.839731
41	160	1.28988
41	163	0.850105
41	167	0.843049
41	177	0.82388
41	179	1.45201
42	4	0.861664
42	31	0.828751
42	45	0.767891
42	60	0.822717
42	80	1.36677
42	82	0.846927
42	88	0.807598
42	92	1.3869
42	106	0.850665
42	121	1.48581
42	153	1.47978
42	164	0.82158
42	169	0.872799
42	178	0.919407
43	89	0.905286
43	99	1.1864
43	114	0.933864
43	120	0.915605
43	125	0.956999
43	136	0.91741
43	148	1.1494
43	154	1.21934
43	155	0.958264
43	156	0.946605
43	161	0.948449
43	166	1.10408
43	177	0.917518
43	179	1.0865
44	25	1.11049
44	86	1.23977
44	87	1.23306
44	94	0.898092
44	96	0.91093
44	99	0.89844
44	110	0.908645
44	124	1.18265
44	137	0.920025
44	141	1.11637
44	160	0.92385
44	167	0.894344
44	176	0.868662
44	177	0.875175
44	179	0.901836
45	4	0.835845
45	5	0.83076
45	26	0.806019
45	42	0.767891
45	77	1.37151
45	82	0.821108
45	88	0.781779
45	106	0.824846
45	115	0.795421
45	127	1.65008
45	164	0.795762
45	169	0.84698
45	172	1.53689
45	178	0.893588
45	180	1.55469
46	10	1.64452
46	70	0.738121
46	86	0.826203
46	92	1.38622
46	95	0.829615
46	103	1.50364
46	108	0.786904
46	109	0.835827
46	111	1.55498
46	119	0.807219
46	122	0.855318
46	131	0.855233
46	157	0.829119
46	173	0.818327
46	180	0.818115
47	88	0.796392
47	91	1.41679
47	106	0.839459
47	127	0.783077
47	141	1.38801
47	144	1.554
47	159	0.790257
47	162	0.805645
47	164	0.810375
47	167	1.52625
47	169	0.861593
47	175	0.808155
47	176	0.781836
47	178	0.908201
47	179	0.815009
48	2	1.09387
48	24	1.28105
48	77	0.927582
48	82	1.11628
48	91	1.14782
48	122	1.28029
48	149	0.915158
48	153	0.908645
48	165	0.88955
48	172	0.909246
48	173	0.904154
48	174	0.863465
48	175	0.900555
48	176	0.874236
48	179	0.907409
49	3	0.920421
49	38	0.866336
49	39	0.868923
49	55	0.902515
49	59	0.902515
49	66	0.87846
49	74	0.933006
49	116	0.897143
49	145	0.90943
49	165	1.29186
49	166	1.22012
49	168	0.921249
49	172	1.145
49	173	1.22233
49	177	1.26566
50	21	0.836385
50	22	1.82699
50	35	0.8142
50	104	0.79629
50	110	0.830457
50	129	1.2421
50	144	0.799858
50	151	0.812837
50	155	0.837732
50	157	0.831183
50	161	0.827917
50	167	0.816155
50	174	1.60765
50	177	0.796986
50	179	1.41135
51	67	1.21498
51	103	0.899096
51	109	1.2014
51	112	1.06208
51	139	1.18529
51	146	0.868337
51	148	0.907707
51	157	1.18859
51	159	0.89756
51	164	0.917678
51	172	0.92415
51	174	0.878369
51	176	0.889139
51	177	0.895652
51	179	0.922313
52	30	0.989188
52	83	0.992237
52	96	1.02902
52	117	0.990342
52	123	0.973217
52	130	0.996627
52	141	1.01995
52	143	1.0084
52	147	1.0225
52	161	1.00755
52	165	1.14622
52	168	0.967615
52	170	1.14667
52	175	1.11041
52	178	0.775976
53	36	1.55564
53	56	0.826808
53	83	0.790146
53	100	0.791778
53	111	0.775882
53	117	0.78825
53	123	0.771126
53	124	0.811449
53	130	0.794536
53	141	0.817855
53	143	0.806304
53	147	0.820411
53	149	1.5189
53	154	1.74541
53	161	0.805454
53	175	1.66608
54	92	0.877995
54	95	0.878089
54	99	0.86666
54	109	0.8843
54	114	1.27638
54	122	0.903792
54	150	0.860412
54	151	1.29643
54	156	1.17969
54	163	1.19564
54	167	1.30718
54	170	0.860268
54	172	0.871893
54	173	0.866801
54	175	0.863202
54	180	0.866588
55	3	0.897668
55	6	0.804784
55	38	0.843583
55	39	0.846169
55	49	0.902515
55	59	0.879761
55	66	0.855707
55	74	0.910252
55	116	0.87439
55	145	0.886676
55	165	1.34258
55	166	1.27084
55	168	0.898495
55	170	1.34304
55	173	1.27306
55	177	1.31638
56	7	0.821238
56	53	0.826808
56	67	0.874702
56	68	0.949262
56	73	0.848382
56	100	0.874938
56	123	0.854286
56	124	0.894609
56	130	0.877696
56	143	0.889464
56	150	1.44837
56	161	0.888614
56	169	1.214
56	171	1.34335
56	177	1.44158
56	178	1.09754
57	65	0.932372
57	71	0.899874
57	85	1.19757
57	97	1.30511
57	110	0.86175
57	112	0.871117
57	118	0.882621
57	135	0.860606
57	137	0.87313
57	140	1.36815
57	149	1.26419
57	156	0.857367
57	161	0.85921
57	163	0.854505
57	167	0.847449
57	175	1.41138
58	30	0.86282
58	73	0.840946
58	90	0.878252
58	98	0.868617
58	121	1.29376
58	123	0.84685
58	130	0.87026
58	133	1.23724
58	141	0.893579
58	143	0.882028
58	147	0.896135
58	156	0.879335
58	161	0.881178
58	171	1.24975
58	174	1.48117
58	179	1.28488
59	3	0.897668
59	6	0.804784
59	38	0.843583
59	39	0.846169
59	49	0.902515
59	55	0.879761
59	66	0.855707
59	74	0.910252
59	80	1.16954
59	99	1.37959
59	116	0.87439
59	129	1.11043
59	145	0.886676
59	168	0.898495
59	174	1.47598
59	176	1.41209
60	4	0.890671
60	5	0.885586
60	31	0.857758
60	42	0.822717
60	82	0.875934
60	88	0.836606
60	92	1.19329
60	96	1.25543
60	106	0.879672
60	115	0.850247
60	153	1.28618
60	159	1.44002
60	164	0.850588
60	165	1.37263
60	169	0.901806
60	178	0.948414
61	12	1.22113
61	65	0.924426
61	78	0.802189
61	110	0.853804
61	118	0.874675
61	132	0.837353
61	139	0.845421
61	142	0.865024
61	151	0.836184
61	157	0.854531
61	160	1.31804
61	162	1.48924
61	163	0.846558
61	166	1.49774
61	167	0.839502
61	168	1.39088
61	177	0.820333
62	72	0.893998
62	89	0.814827
62	118	0.881401
62	132	0.844079
62	139	0.852147
62	144	0.829931
62	151	0.84291
62	156	0.856147
62	161	0.85799
62	163	0.853284
62	164	1.43516
62	167	0.846228
62	168	1.33386
62	171	1.38803
62	172	1.3656
62	177	0.827059
62	179	1.42315
63	83	1.37582
63	86	1.42639
63	116	1.29363
63	129	0.896804
63	137	1.27405
63	138	0.856298
63	148	0.829218
63	150	0.83418
63	155	1.28186
63	162	0.834459
63	165	0.825965
63	166	0.838633
63	171	0.855982
63	175	0.83697
63	176	0.810651
63	178	0.937016
63	179	0.843824
64	25	1.24606
64	77	0.881421
64	107	0.843858
64	108	1.40429
64	122	1.41319
64	142	1.26806
64	148	0.846642
64	152	0.860645
64	157	1.3586
64	159	0.836495
64	165	0.843389
64	166	0.856057
64	170	0.85146
64	171	0.873406
64	174	0.817304
64	176	0.828074
64	179	0.861248
65	11	1.19148
65	24	0.939102
65	57	0.932372
65	61	0.924426
65	88	0.24472
65	94	0.932408
65	104	0.908794
65	120	0.907578
65	126	1.50476
65	136	0.909383
65	142	0.954181
65	156	0.938578
65	157	0.943688
65	160	1.2763
65	169	1.27396
65	171	1.4033
65	177	0.909491
66	3	0.873613
66	6	0.780729
66	18	0.840549
66	38	0.819528
66	39	0.822114
66	49	0.87846
66	55	0.855707
66	59	0.855707
66	74	0.886197
66	116	0.850335
66	128	1.33402
66	145	0.862621
66	160	1.33028
66	168	0.87444
66	173	1.5122
66	177	1.55552
66	178	1.21148
67	34	0.824939
67	51	1.21498
67	56	0.874702
67	75	0.891283
67	90	0.850422
67	92	1.33006
67	98	0.840787
67	111	0.823776
67	123	0.81902
67	124	0.859343
67	130	0.84243
67	141	0.86575
67	143	0.854198
67	161	0.853348
67	173	1.43987
67	176	1.55248
67	180	1.38034
68	22	1.57545
68	56	0.949262
68	87	0.921913
68	90	0.924982
68	98	0.915347
68	117	0.910704
68	123	0.893579
68	124	0.933903
68	129	0.990561
68	141	0.940309
68	145	0.941073
68	147	0.942865
68	152	1.09106
68	156	0.926064
68	165	1.24913
68	178	0.87889
68	179	1.15982
69	12	1.20116
69	15	0.891493
69	93	0.861173
69	108	0.811765
69	110	0.853253
69	115	1.41264
69	119	0.832079
69	131	0.880093
69	134	1.42981
69	140	1.47048
69	151	0.835633
69	155	0.860528
69	156	0.848869
69	167	0.838951
69	172	1.40265
69	173	0.843188
69	180	0.842975
70	20	0.703054
70	28	0.789458
70	29	0.788767
70	46	0.738121
70	79	1.68682
70	86	0.77988
70	108	0.740581
70	109	0.789503
70	115	1.87587
70	119	0.760895
70	122	0.808995
70	128	1.76504
70	131	0.808909
70	133	0.765247
70	157	0.782795
70	173	0.772004
70	177	1.98654
70	180	0.771791
71	21	0.916392
71	57	0.899874
71	72	0.943932
71	89	0.864761
71	118	0.931335
71	136	0.876885
71	138	1.17844
71	144	0.879865
71	148	1.27636
71	150	1.28336
71	151	0.892844
71	155	0.917739
71	163	0.903218
71	166	1.23103
71	167	0.896162
71	173	1.23325
71	177	0.876993
71	180	1.17371
72	62	0.893998
72	71	0.943932
72	78	0.854193
72	99	1.3326
72	114	0.888684
72	115	1.18514
72	125	0.911818
72	137	0.917187
72	139	0.897425
72	150	1.3026
72	151	0.888188
72	155	0.913083
72	156	0.901424
72	160	1.07057
72	163	0.898562
72	167	0.891506
72	173	1.25249
72	179	1.2327
73	27	0.834781
73	34	0.798619
73	56	0.848382
73	58	0.840946
73	75	0.864963
73	81	1.61958
73	96	1.44815
73	98	0.814467
73	100	0.813351
73	102	1.35666
73	117	0.809824
73	141	0.839429
73	143	0.827877
73	145	0.840193
73	147	0.841984
73	156	0.825184
73	160	1.3139
73	176	1.60842
74	3	0.928158
74	6	0.835275
74	18	0.895094
74	38	0.874073
74	39	0.87666
74	40	1.17198
74	49	0.933006
74	55	0.910252
74	59	0.910252
74	66	0.886197
74	115	1.19577
74	116	0.90488
74	134	1.21294
74	145	0.917167
74	168	0.928986
74	172	1.18578
74	176	1.37572
74	180	1.20358
75	2	0.938037
75	19	0.909894
75	34	0.876786
75	67	0.891283
75	73	0.864963
75	102	1.18703
75	117	0.887991
75	123	0.870867
75	124	0.91119
75	129	1.13714
75	141	0.917596
75	143	0.906045
75	147	0.920152
75	149	1.21271
75	161	0.905195
75	169	1.14193
75	173	1.32618
75	177	1.36951
76	16	0.849872
76	80	0.924955
76	104	0.886126
76	105	0.886655
76	111	1.24452
76	120	0.884909
76	135	0.919148
76	136	0.886714
76	142	0.931512
76	151	0.902673
76	153	1.16864
76	155	0.927568
76	159	1.32249
76	163	0.913047
76	170	1.25555
76	175	1.21929
76	177	0.886822
76	179	1.16578
77	27	1.14958
77	45	1.37151
77	48	0.927582
77	64	0.881421
77	85	0.878721
77	88	1.50538
77	101	0.863579
77	138	0.891368
77	142	1.08022
77	145	1.1894
77	152	0.87829
77	165	0.861034
77	167	1.20234
77	169	0.925477
77	172	0.880731
77	174	0.83495
77	176	0.84572
77	177	0.852233
77	179	0.878894
78	11	1.30265
78	35	0.804468
78	61	0.802189
78	72	0.854193
78	89	0.775022
78	93	0.828645
78	96	1.52171
78	113	0.813699
78	126	1.61592
78	133	1.50196
78	135	0.819581
78	136	0.787146
78	137	0.832104
78	142	0.831945
78	146	1.77439
78	151	0.803105
78	155	0.828
78	163	0.813479
78	167	0.806423
79	15	1.0749
79	70	1.68682
79	84	0.785507
79	120	1.19868
79	126	0.857683
79	135	1.23815
79	146	0.837507
79	151	1.17791
79	159	0.86673
79	160	0.913496
79	161	1.1119
79	162	0.882118
79	165	0.873623
79	170	0.881695
79	172	0.893319
79	174	0.847538
79	175	0.884628
79	178	0.984674
79	179	0.891482
80	29	1.20676
80	42	1.36677
80	59	1.16954
80	76	0.924955
80	91	0.876381
80	113	0.869976
80	123	1.30954
80	129	0.923172
80	143	1.26865
80	147	1.1903
80	150	0.860548
80	157	0.877728
80	160	0.892206
80	163	0.869756
80	167	0.8627
80	172	0.872029
80	175	0.863338
80	176	0.837019
80	179	0.870192
81	73	1.61958
81	86	1.55398
81	103	0.80958
81	121	0.823511
81	124	1.49687
81	127	0.800865
81	137	1.40164
81	146	0.778821
81	154	0.79904
81	155	1.40945
81	162	0.823432
81	165	0.814937
81	170	0.823009
81	171	0.844955
81	172	0.834634
81	174	0.788853
81	175	0.825943
81	176	0.799623
81	179	0.832797
82	13	0.802447
82	26	0.885055
82	31	0.881968
82	33	0.873969
82	42	0.846927
82	45	0.821108
82	48	1.11628
82	60	0.875934
82	88	0.860815
82	106	0.903882
82	115	0.874457
82	146	1.50907
82	148	1.34716
82	160	1.12214
82	164	0.874797
82	169	0.926016
82	173	1.30405
82	177	1.34737
82	178	0.972624
83	2	0.884794
83	27	0.859706
83	52	0.992237
83	53	0.790146
83	63	1.37582
83	90	0.849026
83	98	0.839391
83	100	0.838276
83	116	0.852831
83	123	0.817623
83	130	0.841034
83	138	1.32483
83	143	0.852802
83	145	0.865117
83	147	0.866909
83	156	0.850108
83	168	1.27057
83	169	1.19539
83	174	1.55615
83	177	1.42297
84	14	0.713732
84	79	0.785507
84	96	0.76184
84	108	2.07268
84	110	1.85324
84	111	0.727444
84	112	1.90049
84	121	0.74346
84	129	0.805725
84	138	0.76522
84	154	0.718988
84	158	0.726201
84	167	2.05857
84	168	0.782
84	170	0.742958
84	171	0.764904
84	172	0.754583
84	174	0.708802
84	175	0.745892
84	179	0.752746
85	20	1.68956
85	57	1.19757
85	77	0.878721
85	93	1.19704
85	102	0.850087
85	104	1.33185
85	108	1.27907
85	129	0.911528
85	138	0.871022
85	154	0.824791
85	161	1.1882
85	162	0.849183
85	164	0.853913
85	165	0.840689
85	166	0.853357
85	171	0.870706
85	172	0.860385
85	175	0.851694
85	176	0.825375
85	179	0.858548
86	17	0.870378
86	18	0.858704
86	44	1.23977
86	46	0.826203
86	63	1.42639
86	70	0.77988
86	81	1.55398
86	95	0.871374
86	108	0.828663
86	109	0.877585
86	119	0.848977
86	122	0.897077
86	129	1.24117
86	131	0.896991
86	133	0.853329
86	134	1.38004
86	157	0.870877
86	169	1.24596
86	173	0.860086
86	180	0.859874
87	7	0.793889
87	27	0.869019
87	30	0.842907
87	34	0.832856
87	44	1.23306
87	68	0.921913
87	98	0.848704
87	111	0.831693
87	117	0.844061
87	124	0.86726
87	128	1.24533
87	138	1.3687
87	141	0.873666
87	143	0.862115
87	145	0.87443
87	147	0.876222
87	161	0.861265
87	169	1.23925
87	174	1.60002
87	175	1.45722
88	4	0.875552
88	13	0.763119
88	26	0.845726
88	31	0.842639
88	33	0.83464
88	42	0.807598
88	45	0.781779
88	47	0.796392
88	60	0.836606
88	65	0.24472
88	77	1.50538
88	82	0.860815
88	106	0.864553
88	115	0.835128
88	128	1.56992
88	152	1.65955
88	154	1.86114
88	164	0.835469
88	169	0.886687
88	172	1.67076
88	178	0.933295
89	43	0.905286
89	62	0.814827
89	71	0.864761
89	78	0.775022
89	92	0.827767
89	93	0.834557
89	111	1.61019
89	114	0.809513
89	125	0.832648
89	136	0.793058
89	137	0.838017
89	139	0.818254
89	142	0.837857
89	151	0.809017
89	155	0.833913
89	164	1.54346
89	166	1.54902
89	167	0.812336
89	177	0.793167
89	178	1.25052
89	179	1.53145
89	180	1.4917
90	23	1.20714
90	30	0.845977
90	58	0.878252
90	67	0.850422
90	68	0.924982
90	83	0.849026
90	98	0.851773
90	111	0.834762
90	116	0.865213
90	117	0.847131
90	123	0.830006
90	124	0.870329
90	130	0.853416
90	141	0.876736
90	143	0.865184
90	145	0.8775
90	147	0.879291
90	170	1.46644
90	172	1.31913
90	174	1.57297
90	178	1.09575
90	179	1.37668
90	180	1.33693
91	35	0.855462
91	47	1.41679
91	48	1.14782
91	80	0.876381
91	93	0.879639
91	94	0.861165
91	105	0.838081
91	118	0.89259
91	132	0.855268
91	133	1.26817
91	139	0.863336
91	142	0.882939
91	144	0.84112
91	151	0.854099
91	154	1.44864
91	156	0.867336
91	157	0.872445
91	158	1.47218
91	163	0.864473
91	167	0.857417
91	177	0.838248
91	179	1.31581
91	180	1.27606
92	31	1.23294
92	37	1.382
92	42	1.3869
92	46	1.38622
92	54	0.877995
92	60	1.19329
92	67	1.33006
92	89	0.827767
92	94	0.862916
92	95	1.25907
92	120	0.838086
92	151	0.85585
92	153	0.867895
92	155	0.880745
92	160	0.888674
92	163	0.866224
92	167	0.859168
92	168	0.895914
92	171	0.878818
92	175	0.859806
92	176	0.833486
92	177	0.839999
92	179	0.86666
93	16	0.809839
93	41	0.86527
93	69	0.861173
93	78	0.828645
93	85	1.19704
93	89	0.834557
93	91	0.879639
93	112	0.889626
93	114	0.863136
93	135	0.879116
93	137	0.891639
93	144	0.849661
93	148	1.42024
93	151	0.86264
93	153	1.36021
93	154	1.49018
93	155	0.887535
93	160	1.19522
93	161	0.87772
93	163	0.873014
93	172	1.2998
93	175	1.41085
93	177	0.846789
94	32	0.866978
94	44	0.898092
94	65	0.932408
94	91	0.861165
94	92	0.862916
94	110	0.861786
94	114	0.844662
94	120	0.826402
94	128	1.18252
94	135	0.860642
94	136	0.828207
94	138	1.30589
94	139	0.853403
94	142	0.873006
94	155	0.869061
94	161	0.859246
94	163	0.854541
94	165	1.43023
94	167	0.847484
94	168	1.25163
94	174	1.53721
94	175	1.39442
94	180	1.30117
95	20	0.794548
95	25	0.870095
95	28	0.880952
95	37	0.85116
95	46	0.829615
95	54	0.878089
95	86	0.871374
95	92	1.25907
95	99	1.44898
95	108	0.832075
95	109	0.880997
95	119	0.852389
95	122	0.900489
95	131	0.900403
95	133	0.856741
95	157	0.874289
95	159	1.50579
95	168	1.2598
95	169	1.18461
95	171	1.31396
95	173	0.863498
95	175	1.40259
95	180	0.863285
96	38	1.40643
96	44	0.91093
96	52	1.02902
96	60	1.25543
96	73	1.44815
96	78	1.52171
96	84	0.76184
96	116	1.24979
96	133	0.857802
96	137	1.2302
96	149	0.875563
96	152	0.867211
96	154	0.834057
96	165	0.849955
96	168	0.897068
96	169	0.914398
96	171	0.879973
96	172	0.869652
96	173	0.864559
96	174	0.82387
96	175	0.86096
96	179	0.867814
96	180	0.864347
97	57	1.30511
97	108	1.38661
97	110	1.16716
97	113	1.25498
97	133	0.862682
97	138	0.885169
97	140	0.86748
97	148	0.858088
97	149	0.880443
97	153	0.87393
97	154	0.838937
97	156	1.24501
97	158	0.84615
97	161	1.29574
97	162	0.86333
97	167	1.3725
97	170	0.862907
97	171	0.884853
97	174	0.82875
97	175	0.86584
97	176	0.839521
97	179	0.872694
97	180	0.869227
98	7	0.787324
98	9	0.786467
98	58	0.868617
98	67	0.840787
98	68	0.915347
98	73	0.814467
98	83	0.839391
98	87	0.848704
98	90	0.851773
98	100	0.841023
98	101	1.36265
98	107	1.41206
98	116	0.855578
98	117	0.837496
98	133	1.31208
98	141	0.867101
98	143	0.855549
98	145	0.867865
98	147	0.869656
98	156	0.852856
98	162	1.36879
98	173	1.3795
98	174	1.55601
98	175	1.41321
99	43	1.1864
99	44	0.89844
99	54	0.86666
99	59	1.37959
99	72	1.3326
99	95	1.44898
99	101	0.84001
99	146	0.801349
99	147	1.40035
99	148	0.840719
99	149	0.863074
99	153	0.85656
99	155	1.3658
99	156	1.39768
99	158	0.82878
99	166	0.850134
99	170	0.845537
99	171	0.867483
99	173	0.85207
99	174	0.811381
99	175	0.848471
99	176	0.822151
99	179	0.855325
99	180	0.851857
100	27	0.861338
100	34	0.825175
100	53	0.791778
100	56	0.874938
100	73	0.813351
100	83	0.838276
100	98	0.841023
100	116	0.854463
100	117	0.83638
100	124	0.859579
100	130	0.842666
100	141	0.865985
100	143	0.854434
100	145	0.866749
100	147	0.868541
100	150	1.4487
100	156	0.85174
100	161	0.853584
100	164	1.39081
100	174	1.57509
100	176	1.51119
100	177	1.44191
100	178	1.09787
100	180	1.33905
101	23	0.8626
101	24	1.45198
101	77	0.863579
101	98	1.36265
101	99	0.84001
101	106	1.24448
101	113	1.31069
101	137	1.26102
101	138	0.85588
101	146	0.78943
101	150	0.833761
101	153	0.844641
101	157	1.39663
101	158	0.816861
101	160	0.86542
101	162	0.834041
101	164	0.838771
101	167	1.42821
101	168	0.872659
101	171	0.855564
101	175	0.836551
101	176	0.810232
101	178	0.936597
101	179	0.843405
102	20	1.7305
102	73	1.35666
102	75	1.18703
102	85	0.850087
102	105	1.34474
102	119	1.33283
102	126	0.81646
102	128	0.851637
102	134	0.84697
102	135	1.35539
102	147	1.18108
102	149	0.858008
102	152	0.849656
102	153	0.851495
102	158	0.823715
102	159	0.825507
102	168	0.879513
102	169	0.896843
102	170	0.840472
102	172	0.852097
102	175	0.843405
102	176	0.817086
102	179	0.850259
102	180	0.846792
103	29	1.34432
103	39	1.3894
103	46	1.50364
103	51	0.899096
103	81	0.80958
103	105	1.49151
103	126	0.801704
103	127	0.803572
103	139	1.41779
103	140	0.830289
103	148	0.820898
103	149	0.843253
103	151	1.44192
103	152	0.834901
103	153	0.83674
103	155	1.2933
103	160	0.857518
103	162	0.826139
103	172	0.837341
103	174	0.79156
103	176	0.80233
103	177	0.808843
103	178	0.928696
103	179	0.835504
103	180	0.832036
104	16	0.767752
104	41	0.823183
104	50	0.79629
104	65	0.908794
104	76	0.886126
104	85	1.33185
104	105	0.804535
104	112	0.847539
104	113	0.831147
104	114	0.821049
104	125	0.844183
104	127	1.54779
104	129	1.3229
104	139	0.82979
104	142	0.849392
104	146	1.71696
104	151	0.820553
104	152	1.42339
104	155	0.845448
104	156	0.833789
104	160	1.33003
104	161	0.835633
104	162	1.50123
104	163	0.830927
104	167	0.823871
105	21	0.84463
105	35	0.822445
105	76	0.886655
105	91	0.838081
105	102	1.34474
105	103	1.49151
105	104	0.804535
105	112	0.848069
105	113	0.831676
105	118	0.859573
105	120	0.803318
105	135	0.837558
105	137	0.850082
105	139	0.830319
105	142	0.849922
105	144	0.808103
105	146	1.68892
105	148	1.52701
105	151	0.821082
105	156	0.834319
105	166	1.48169
105	167	0.824401
105	171	1.42899
105	177	0.805232
105	178	1.18318
106	4	0.918619
106	5	0.913534
106	13	0.806185
106	26	0.888793
106	31	0.885706
106	33	0.877707
106	40	0.883531
106	42	0.850665
106	45	0.824846
106	47	0.839459
106	60	0.879672
106	82	0.903882
106	88	0.864553
106	101	1.24448
106	115	0.878195
106	152	1.17278
106	158	1.39791
106	164	0.878535
106	168	1.15225
106	169	0.929754
106	173	1.26133
106	175	1.29504
106	176	1.37393
106	177	1.30465
106	178	0.976362
107	12	0.883423
107	31	1.37531
107	64	0.843858
107	98	1.41206
107	124	1.40566
107	127	0.809399
107	132	1.34569
107	135	1.52711
107	139	1.44274
107	148	0.826725
107	152	0.840728
107	156	1.35013
107	158	0.814786
107	160	0.863345
107	162	0.831966
107	165	0.823472
107	170	0.831543
107	171	0.853489
107	172	0.843168
107	173	0.838076
107	174	0.797387
107	175	0.834477
107	176	0.808157
107	177	0.81467
107	179	0.841331
108	15	0.869092
108	17	0.831079
108	20	0.751838
108	25	0.827385
108	28	0.838241
108	29	0.837551
108	36	1.38245
108	37	0.808449
108	46	0.786904
108	64	1.40429
108	69	0.811765
108	70	0.740581
108	84	2.07268
108	85	1.27907
108	86	0.828663
108	95	0.832075
108	97	1.38661
108	109	0.838287
108	119	0.809679
108	122	0.857778
108	131	0.857693
108	157	0.831579
108	165	1.5287
108	171	1.40426
108	173	0.820787
108	180	0.820575
109	12	1.14746
109	15	0.918014
109	20	0.80076
109	25	0.876307
109	29	0.886473
109	37	0.857371
109	40	1.33515
109	46	0.835827
109	51	1.2014
109	54	0.8843
109	70	0.789503
109	86	0.877585
109	95	0.880997
109	108	0.838287
109	119	0.858601
109	122	0.9067
109	131	0.906615
109	133	0.862953
109	157	0.880501
109	160	1.24437
109	166	1.42407
109	168	1.31721
109	173	0.86971
109	177	1.46961
109	179	1.4065
109	180	0.869497
110	19	1.19359
110	44	0.908645
110	50	0.830457
110	57	0.86175
110	61	0.853804
110	69	0.853253
110	84	1.85324
110	94	0.861786
110	97	1.16716
110	118	0.893211
110	125	0.87835
110	135	0.871195
110	136	0.838761
110	137	0.883719
110	139	0.863957
110	142	0.883559
110	144	0.84174
110	155	0.879615
110	157	0.873066
110	159	1.37664
110	163	0.865094
110	166	1.23751
110	167	0.858038
110	169	1.05546
110	170	1.3097
110	176	1.35233
111	36	0.835467
111	38	1.51305
111	46	1.55498
111	53	0.775882
111	67	0.823776
111	76	1.24452
111	84	0.727444
111	87	0.831693
111	89	1.61019
111	90	0.834762
111	117	0.820485
111	120	1.51402
111	123	0.80336
111	141	0.85009
111	142	1.38188
111	143	0.838538
111	147	0.852645
111	148	0.818813
111	151	1.49326
111	154	0.799661
111	160	0.855433
111	166	0.828227
111	171	0.845577
111	172	0.835256
111	174	0.789474
111	179	0.833418
112	16	0.811285
112	32	0.886898
112	51	1.06208
112	57	0.871117
112	84	1.90049
112	93	0.889626
112	104	0.847539
112	105	0.848069
112	113	0.87468
112	115	1.21963
112	118	0.902577
112	120	0.846322
112	136	0.848127
112	139	0.873323
112	142	0.892926
112	144	0.851107
112	155	0.888981
112	156	0.877323
112	158	1.42356
112	163	0.874461
112	165	1.3565
112	167	0.867404
112	176	1.39958
112	177	0.848235
112	178	0.98626
112	180	1.22744
113	10	1.47603
113	21	0.871242
113	78	0.813699
113	80	0.869976
113	97	1.25498
113	101	1.31069
113	104	0.831147
113	105	0.831676
113	112	0.87468
113	114	0.84819
113	125	0.871324
113	126	1.37409
113	135	0.86417
113	136	0.831735
113	139	0.856931
113	142	0.876534
113	144	0.834715
113	151	0.847694
113	155	0.872589
113	159	1.46446
113	161	0.862774
113	162	1.31683
113	163	0.858068
113	167	0.851012
113	176	1.44015
113	177	0.831843
113	179	1.30775
114	24	0.851356
114	43	0.933864
114	54	1.27638
114	72	0.888684
114	89	0.809513
114	93	0.863136
114	94	0.844662
114	104	0.821049
114	113	0.84819
114	118	0.876087
114	120	0.819832
114	125	0.861226
114	127	1.45011
114	132	0.838764
114	136	0.821637
114	137	0.866595
114	138	1.35945
114	142	0.866435
114	151	0.837596
114	153	1.39733
114	154	1.52731
114	155	0.862491
114	160	1.23235
114	163	0.84797
114	164	1.40649
114	167	0.840914
114	180	1.35473
115	5	0.884109
115	45	0.795421
115	60	0.850247
115	69	1.41264
115	70	1.87587
115	72	1.18514
115	74	1.19577
115	82	0.874457
115	88	0.835128
115	106	0.878195
115	112	1.21963
115	124	1.30575
115	125	1.21652
115	152	0.853142
115	158	0.827201
115	161	1.30095
115	162	0.844381
115	164	0.84911
115	165	0.835886
115	169	0.900329
115	170	0.843958
115	173	0.85049
115	174	0.809801
115	175	0.846891
115	176	0.820572
115	178	0.946937
115	179	0.853745
116	6	0.799412
116	39	0.840797
116	49	0.897143
116	55	0.87439
116	59	0.87439
116	63	1.29363
116	66	0.850335
116	74	0.90488
116	83	0.852831
116	90	0.865213
116	96	1.24979
116	98	0.855578
116	100	0.854463
116	130	0.857221
116	141	0.88054
116	143	0.868989
116	145	0.881304
116	147	0.883096
116	150	1.34757
116	153	1.28053
116	156	0.866295
116	158	1.43404
116	168	0.893123
116	173	1.29746
116	175	1.33117
116	177	1.34078
117	7	0.782681
117	27	0.85781
117	52	0.990342
117	53	0.78825
117	68	0.910704
117	73	0.809824
117	75	0.887991
117	87	0.844061
117	90	0.847131
117	98	0.837496
117	100	0.83638
117	111	0.820485
117	124	0.856051
117	128	1.19939
117	130	0.839139
117	141	0.862458
117	143	0.850906
117	145	0.863222
117	147	0.865013
117	150	1.42768
117	153	1.36064
117	154	1.49061
117	161	0.850056
117	164	1.36979
117	166	1.37535
117	176	1.49018
117	180	1.31803
118	24	0.889351
118	57	0.882621
118	61	0.874675
118	62	0.881401
118	71	0.931335
118	91	0.89259
118	105	0.859573
118	110	0.893211
118	112	0.902577
118	114	0.876087
118	120	0.857827
118	125	0.899221
118	132	0.876759
118	136	0.859632
118	137	0.90459
118	149	1.17174
118	157	0.893937
118	163	0.885965
118	164	1.27744
118	166	1.283
118	167	0.878909
118	171	1.2303
118	172	1.20788
118	173	1.28521
118	174	1.46172
118	175	1.31893
118	177	0.85974
118	180	1.22568
119	15	0.889406
119	17	0.851393
119	20	0.772152
119	25	0.847699
119	28	0.858555
119	29	0.857865
119	37	0.828763
119	46	0.807219
119	69	0.832079
119	70	0.760895
119	86	0.848977
119	95	0.852389
119	102	1.33283
119	108	0.809679
119	109	0.858601
119	122	0.878092
119	126	1.51853
119	131	0.878007
119	133	0.834345
119	134	1.42181
119	154	1.58503
119	157	0.851893
119	162	1.46127
119	172	1.39465
119	173	0.841102
119	177	1.51531
119	178	1.17127
119	180	0.840889
120	43	0.915605
120	65	0.907578
120	76	0.884909
120	79	1.19868
120	92	0.838086
120	94	0.826402
120	105	0.803318
120	111	1.51402
120	112	0.846322
120	114	0.819832
120	118	0.857827
120	125	0.842966
120	132	0.820505
120	135	0.835812
120	137	0.848335
120	139	0.828573
120	144	0.806357
120	148	1.49818
120	149	1.3416
120	151	0.819336
120	157	0.837682
120	158	1.59165
120	161	0.834416
120	167	0.822654
120	169	1.27081
120	170	1.52505
120	177	0.803485
120	179	1.43528
121	7	1.65143
121	34	1.41229
121	41	1.4609
121	42	1.48581
121	58	1.29376
121	81	0.823511
121	84	0.74346
121	126	0.815635
121	131	1.22052
121	142	1.31203
121	146	0.795459
121	148	0.834829
121	155	1.27479
121	158	0.82289
121	159	0.824682
121	160	0.871449
121	162	0.84007
121	165	0.831575
121	168	0.878689
121	169	0.896018
121	171	0.861593
121	172	0.851272
121	174	0.80549
121	175	0.84258
121	177	0.822773
121	178	0.942626
121	179	0.849434
121	180	0.845967
122	8	1.63215
122	17	0.899493
122	20	0.820251
122	25	0.895799
122	28	0.906655
122	29	0.905965
122	37	0.876863
122	46	0.855318
122	48	1.28029
122	54	0.903792
122	64	1.41319
122	70	0.808995
122	86	0.897077
122	95	0.900489
122	108	0.857778
122	109	0.9067
122	119	0.878092
122	128	1.28989
122	131	0.926106
122	133	0.882444
122	152	1.37952
122	157	0.899992
122	166	1.46585
122	167	0.000708462
122	172	1.39073
122	173	0.889201
122	177	1.51139
122	180	0.888989
123	2	0.865774
123	9	0.764699
123	19	0.837631
123	40	1.34834
123	52	0.973217
123	53	0.771126
123	56	0.854286
123	58	0.84685
123	67	0.81902
123	68	0.893579
123	75	0.870867
123	80	1.30954
123	83	0.817623
123	90	0.830006
123	111	0.80336
123	124	0.838926
123	130	0.822014
123	141	0.845333
123	143	0.833781
123	146	1.64449
123	147	0.847888
123	148	1.48259
123	152	1.35093
123	156	0.831088
123	160	1.25756
123	161	0.832931
123	162	1.42877
123	176	1.55208
124	1	1.18467
124	2	0.906097
124	9	0.805022
124	34	0.844846
124	44	1.18265
124	53	0.811449
124	56	0.894609
124	67	0.859343
124	68	0.933903
124	75	0.91119
124	81	1.49687
124	87	0.86726
124	90	0.870329
124	100	0.859579
124	107	1.40566
124	115	1.30575
124	117	0.856051
124	123	0.838926
124	128	1.19491
124	130	0.862337
124	141	0.885656
124	143	0.874105
124	145	0.88642
124	147	0.888212
124	156	0.871411
124	158	1.50968
124	161	0.873255
124	162	1.36238
124	178	1.07238
125	41	0.863361
125	43	0.956999
125	72	0.911818
125	89	0.832648
125	104	0.844183
125	110	0.87835
125	113	0.871324
125	114	0.861226
125	115	1.21652
125	118	0.899221
125	120	0.842966
125	132	0.861899
125	135	0.877206
125	136	0.844771
125	139	0.869967
125	140	1.27436
125	144	0.847751
125	150	1.33398
125	151	0.860731
125	155	0.885626
125	156	0.873967
125	158	1.42045
125	159	1.42079
125	163	0.871105
125	165	1.35339
125	169	1.09961
125	175	1.31758
125	176	1.39648
125	177	0.84488
126	37	1.53835
126	65	1.50476
126	78	1.61592
126	79	0.857683
126	102	0.81646
126	103	0.801704
126	113	1.37409
126	119	1.51853
126	121	0.815635
126	127	0.792989
126	133	0.814909
126	139	1.45672
126	140	0.819706
126	149	0.83267
126	150	0.815277
126	154	0.791164
126	159	0.800168
126	160	0.846935
126	161	1.41484
126	165	0.807062
126	167	1.4916
126	169	0.871504
126	170	0.815133
126	171	0.837079
126	172	0.826758
126	174	0.780977
126	175	0.818067
126	176	0.791747
126	179	0.824921
126	180	0.821453
127	8	0.77511
127	18	1.29721
127	39	1.41764
127	45	1.65008
127	47	0.783077
127	81	0.800865
127	103	0.803572
127	104	1.54779
127	107	0.809399
127	114	1.45011
127	126	0.792989
127	129	0.879768
127	136	1.56207
127	138	0.839263
127	144	1.50866
127	149	0.834537
127	150	0.817144
127	153	0.828024
127	154	0.793031
127	159	0.802036
127	165	0.808929
127	166	0.821597
127	167	1.48091
127	168	0.856042
127	170	0.817001
127	171	0.838947
127	172	0.828626
127	175	0.819934
127	179	0.826788
127	180	0.823321
128	66	1.33402
128	70	1.76504
128	87	1.24533
128	88	1.56992
128	94	1.18252
128	102	0.851637
128	117	1.19939
128	122	1.28989
128	124	1.19491
128	140	0.854884
128	149	0.867847
128	150	0.850454
128	152	0.859495
128	153	0.861334
128	159	0.835346
128	160	0.882112
128	161	1.19012
128	164	0.855463
128	165	0.842239
128	166	0.854907
128	170	0.850311
128	171	0.872257
128	172	0.861935
128	174	0.816154
128	175	0.853244
128	176	0.826925
128	177	0.833437
128	178	0.95329
128	179	0.860098
128	180	0.856631
129	5	1.06083
129	50	1.2421
129	59	1.11043
129	63	0.896804
129	68	0.990561
129	75	1.13714
129	80	0.923172
129	84	0.805725
129	85	0.911528
129	86	1.24117
129	104	1.3229
129	127	0.879768
129	136	1.33717
129	140	0.906485
129	149	0.919449
129	151	1.24526
129	152	0.911097
129	153	0.912936
129	157	1.22443
129	158	0.885156
129	160	0.933714
129	166	0.906509
129	168	0.940954
129	170	0.901912
129	172	0.913537
129	174	0.867756
129	176	0.878527
129	177	0.885039
129	179	0.9117
129	180	0.908232
130	1	1.22336
130	2	0.889184
130	7	0.788966
130	27	0.864096
130	30	0.837984
130	52	0.996627
130	53	0.794536
130	56	0.877696
130	58	0.87026
130	67	0.84243
130	83	0.841034
130	90	0.853416
130	100	0.842666
130	116	0.857221
130	117	0.839139
130	123	0.822014
130	124	0.862337
130	138	1.35697
130	141	0.868744
130	145	0.869508
130	147	0.871299
130	153	1.39486
130	156	0.854499
130	161	0.856342
130	168	1.30271
130	169	1.22753
130	171	1.35687
130	176	1.52439
130	177	1.45511
130	179	1.392
131	15	0.93742
131	17	0.899407
131	18	0.887733
131	20	0.820166
131	25	0.895713
131	28	0.906569
131	29	0.905879
131	37	0.876777
131	46	0.855233
131	69	0.880093
131	70	0.808909
131	86	0.896991
131	95	0.900403
131	108	0.857693
131	109	0.906615
131	119	0.878007
131	121	1.22052
131	122	0.926106
131	133	0.882359
131	138	1.17661
131	146	1.43644
131	148	1.27453
131	157	0.899907
131	159	1.36834
131	166	1.22921
131	173	0.889116
131	174	1.40793
131	176	1.34403
131	177	1.27474
131	178	0.930706
131	180	0.888903
132	16	0.785468
132	22	1.70897
132	24	0.852029
132	41	0.840899
132	61	0.837353
132	62	0.844079
132	91	0.855268
132	107	1.34569
132	114	0.838764
132	118	0.876759
132	120	0.820505
132	125	0.861899
132	135	0.854744
132	136	0.82231
132	137	0.867268
132	142	0.867108
132	146	1.51814
132	151	0.838269
132	154	1.42617
132	155	0.863164
132	156	0.851505
132	157	0.856615
132	161	0.853348
132	162	1.30241
132	163	0.848643
132	164	1.30535
132	167	0.841587
132	171	1.25822
132	173	1.31313
132	176	1.42573
132	177	0.822418
133	7	1.59491
133	15	0.893758
133	58	1.23724
133	70	0.765247
133	78	1.50196
133	86	0.853329
133	91	1.26817
133	95	0.856741
133	96	0.857802
133	97	0.862682
133	98	1.31208
133	109	0.862953
133	119	0.834345
133	122	0.882444
133	126	0.814909
133	131	0.882359
133	139	1.34276
133	144	1.40539
133	147	1.25282
133	148	0.834103
133	151	1.36689
133	153	0.849944
133	154	0.814951
133	157	0.856245
133	165	0.830849
133	172	0.850546
133	173	0.845454
133	175	0.841854
133	176	0.815535
133	179	0.848708
133	180	0.845241
134	11	0.91696
134	21	1.32512
134	35	1.51676
134	38	1.40392
134	69	1.42981
134	74	1.21294
134	86	1.38004
134	102	0.84697
134	119	1.42181
134	140	0.850217
134	142	1.27276
134	145	1.38194
134	146	0.801456
134	148	0.840825
134	149	0.86318
134	150	0.845787
134	152	0.854828
134	153	0.856667
134	154	0.821674
134	158	0.828887
134	159	0.830679
134	162	0.846067
134	164	0.850796
134	166	0.85024
134	171	0.86759
134	172	0.857268
134	174	0.811487
134	176	0.822258
134	177	0.82877
134	179	0.855431
134	180	0.851964
135	35	0.854938
135	57	0.860606
135	76	0.919148
135	78	0.819581
135	79	1.23815
135	93	0.879116
135	94	0.860642
135	102	1.35539
135	105	0.837558
135	107	1.52711
135	110	0.871195
135	113	0.86417
135	120	0.835812
135	125	0.877206
135	132	0.854744
135	136	0.837617
135	137	0.882575
135	139	0.862812
135	142	0.882415
135	144	0.840596
135	145	0.00744847
135	151	0.853576
135	155	0.878471
135	158	1.63113
135	159	1.63146
135	161	0.868655
135	163	0.86395
135	167	0.856894
135	174	1.67105
135	175	1.52826
135	176	1.60715
135	177	0.837725
135	178	1.19383
136	21	0.844689
136	32	0.843953
136	35	0.822504
136	41	0.823771
136	43	0.91741
136	65	0.909383
136	71	0.876885
136	76	0.886714
136	78	0.787146
136	89	0.793058
136	94	0.828207
136	110	0.838761
136	112	0.848127
136	113	0.831735
136	114	0.821637
136	118	0.859632
136	125	0.844771
136	127	1.56207
136	129	1.33717
136	132	0.82231
136	135	0.837617
136	139	0.830378
136	144	0.808162
136	151	0.821141
136	152	1.43767
136	155	0.846036
136	160	1.3443
136	163	0.831515
136	167	0.824459
136	169	1.34196
136	172	1.44888
136	175	1.55993
136	178	1.2255
136	179	1.50643
136	180	1.46668
137	24	0.879859
137	32	0.888911
137	44	0.920025
137	57	0.87313
137	63	1.27405
137	72	0.917187
137	78	0.832104
137	81	1.40164
137	89	0.838017
137	93	0.891639
137	96	1.2302
137	101	1.26102
137	105	0.850082
137	110	0.883719
137	114	0.866595
137	118	0.90459
137	120	0.848335
137	132	0.867268
137	135	0.882575
137	139	0.875336
137	140	1.26836
137	142	0.894939
137	144	0.85312
137	151	0.866099
137	153	1.26094
137	155	0.890994
137	156	0.879336
137	159	1.41479
137	163	0.876474
137	164	1.2701
137	166	1.27566
137	167	0.869417
137	170	1.34785
137	172	1.20054
137	177	0.850249
138	12	0.913287
138	17	1.30664
138	63	0.856298
138	71	1.17844
138	77	0.891368
138	83	1.32483
138	84	0.76522
138	85	0.871022
138	87	1.3687
138	94	1.30589
138	97	0.885169
138	101	0.85588
138	114	1.35945
138	127	0.839263
138	130	1.35697
138	131	1.17661
138	140	0.86598
138	152	0.870591
138	153	0.87243
138	154	0.837438
138	156	1.26276
138	157	1.35867
138	161	1.31348
138	164	0.86656
138	165	0.853335
138	166	0.866004
138	170	0.861407
138	171	0.883353
138	173	0.86794
138	174	0.827251
138	175	0.864341
138	176	0.838021
138	177	0.844534
138	178	0.964387
138	179	0.871195
138	180	0.867727
139	51	1.18529
139	61	0.845421
139	62	0.852147
139	72	0.897425
139	89	0.818254
139	91	0.863336
139	94	0.853403
139	103	1.41779
139	104	0.82979
139	105	0.830319
139	107	1.44274
139	110	0.863957
139	112	0.873323
139	113	0.856931
139	120	0.828573
139	125	0.869967
139	126	1.45672
139	133	1.34276
139	135	0.862812
139	136	0.830378
139	137	0.875336
139	142	0.875176
139	144	0.833358
139	148	1.45329
139	151	0.846337
139	155	0.871232
139	156	0.859573
139	157	0.864683
139	161	0.861417
139	163	0.856711
139	166	1.40796
139	167	0.849655
139	169	1.22592
139	173	1.41018
139	176	1.52279
139	177	0.830486
139	178	1.10946
140	1	0.894767
140	2	1.27214
140	9	0.789543
140	13	1.64664
140	14	0.814492
140	57	1.36815
140	69	1.47048
140	97	0.86748
140	103	0.830289
140	125	1.27436
140	126	0.819706
140	128	0.854884
140	129	0.906485
140	134	0.850217
140	137	1.26836
140	138	0.86598
140	142	1.31342
140	143	1.38908
140	144	1.4633
140	147	1.31073
140	152	0.852902
140	153	0.854741
140	154	0.819749
140	155	1.27618
140	159	0.828753
140	162	0.844141
140	165	0.835646
140	166	0.848315
140	170	0.843718
140	171	0.865664
140	172	0.855343
140	173	0.850251
140	174	0.809562
140	175	0.846652
140	176	0.820332
140	177	0.826845
140	179	0.853506
140	180	0.850038
141	7	0.812286
141	19	0.884361
141	27	0.887415
141	30	0.861304
141	34	0.851253
141	44	1.11637
141	47	1.38801
141	52	1.01995
141	53	0.817855
141	58	0.893579
141	67	0.86575
141	68	0.940309
141	73	0.839429
141	75	0.917596
141	87	0.873666
141	90	0.876736
141	98	0.867101
141	100	0.865985
141	111	0.85009
141	116	0.88054
141	117	0.862458
141	123	0.845333
141	124	0.885656
141	130	0.868744
141	143	0.880511
141	146	1.51183
141	147	0.894618
141	150	1.35693
141	152	1.21827
141	156	0.877818
141	159	1.44373
141	161	0.879661
141	164	1.29904
141	168	1.19774
141	176	1.41942
141	178	1.0061
141	179	1.28702
141	180	1.24728
142	21	0.889487
142	32	0.888751
142	35	0.867302
142	61	0.865024
142	64	1.26806
142	65	0.954181
142	76	0.931512
142	77	1.08022
142	78	0.831945
142	89	0.837857
142	91	0.882939
142	94	0.873006
142	104	0.849392
142	105	0.849922
142	110	0.883559
142	111	1.38188
142	112	0.892926
142	113	0.876534
142	114	0.866435
142	121	1.31203
142	132	0.867108
142	134	1.27276
142	135	0.882415
142	137	0.894939
142	139	0.875176
142	140	1.31342
142	144	0.85296
142	151	0.86594
142	155	0.890835
142	157	0.884286
142	158	1.45951
142	163	0.876314
142	167	0.869258
142	170	1.39291
142	172	1.2456
142	173	1.32293
142	178	1.02222
142	179	1.30314
143	2	0.900952
143	7	0.800734
143	19	0.872809
143	27	0.875864
143	34	0.839701
143	52	1.0084
143	53	0.806304
143	56	0.889464
143	58	0.882028
143	67	0.854198
143	73	0.827877
143	75	0.906045
143	80	1.26865
143	83	0.852802
143	87	0.862115
143	90	0.865184
143	98	0.855549
143	100	0.854434
143	111	0.838538
143	116	0.868989
143	117	0.850906
143	123	0.833781
143	124	0.874105
143	140	1.38908
143	141	0.880511
143	145	0.881275
143	147	0.883067
143	149	1.28512
143	152	1.31004
143	156	0.866266
143	161	0.86811
143	165	1.46812
143	168	1.28951
143	169	1.21433
143	170	1.46857
143	172	1.32125
143	173	1.39859
143	178	1.09787
143	179	1.3788
144	21	0.847668
144	24	0.837881
144	32	0.846932
144	41	0.826751
144	47	1.554
144	50	0.799858
144	62	0.829931
144	71	0.879865
144	91	0.84112
144	93	0.849661
144	105	0.808103
144	110	0.84174
144	112	0.851107
144	113	0.834715
144	120	0.806357
144	125	0.847751
144	127	1.50866
144	133	1.40539
144	135	0.840596
144	136	0.808162
144	137	0.85312
144	139	0.833358
144	140	1.4633
144	142	0.85296
144	149	1.35934
144	151	0.824121
144	155	0.849016
144	156	0.837357
144	157	0.842467
144	161	0.839201
144	163	0.834495
144	164	1.46503
144	167	0.827439
144	171	1.4179
144	172	1.39547
144	174	1.64931
144	177	0.80827
144	178	1.17209
144	180	1.41327
145	3	0.904582
145	6	0.811699
145	18	0.871519
145	34	0.852017
145	38	0.850497
145	39	0.853084
145	49	0.90943
145	55	0.886676
145	59	0.886676
145	66	0.862621
145	68	0.941073
145	73	0.840193
145	74	0.917167
145	77	1.1894
145	83	0.865117
145	87	0.87443
145	90	0.8775
145	98	0.867865
145	100	0.866749
145	116	0.881304
145	117	0.863222
145	124	0.88642
145	130	0.869508
145	134	1.38194
145	135	0.00744847
145	143	0.881275
145	147	0.895382
145	150	1.48223
145	152	1.34357
145	154	1.54516
145	156	0.878582
145	165	1.50164
145	168	0.90541
145	169	1.24786
145	173	1.43212
145	175	1.46583
145	177	1.47544
145	179	1.41233
146	8	0.753067
146	11	0.866273
146	23	0.823939
146	36	0.806794
146	51	0.868337
146	78	1.77439
146	79	0.837507
146	81	0.778821
146	82	1.50907
146	99	0.801349
146	101	0.78943
146	104	1.71696
146	105	1.68892
146	121	0.795459
146	123	1.64449
146	131	1.43644
146	132	1.51814
146	134	0.801456
146	141	1.51183
146	148	0.790139
146	149	0.812494
146	150	0.795101
146	152	0.804142
146	154	0.770988
146	156	1.52259
146	157	1.6185
146	158	0.7782
146	159	0.779992
146	160	0.826759
146	162	0.79538
146	164	0.80011
146	165	0.786886
146	166	0.799554
146	170	0.794957
146	172	0.806582
146	174	0.760801
146	175	0.797891
146	176	0.771571
146	179	0.804745
146	180	0.801277
147	2	0.915059
147	7	0.814841
147	9	0.813984
147	27	0.889971
147	30	0.863859
147	34	0.853808
147	52	1.0225
147	53	0.820411
147	58	0.896135
147	68	0.942865
147	73	0.841984
147	75	0.920152
147	80	1.1903
147	83	0.866909
147	87	0.876222
147	90	0.879291
147	98	0.869656
147	99	1.40035
147	100	0.868541
147	102	1.18108
147	111	0.852645
147	116	0.883096
147	117	0.865013
147	123	0.847888
147	124	0.888212
147	130	0.871299
147	133	1.25282
147	140	1.31073
147	141	0.894618
147	143	0.883067
147	145	0.895382
147	156	0.880373
147	158	1.45682
147	159	1.45716
147	161	0.882217
147	164	1.31246
147	165	1.38976
147	169	1.13598
147	171	1.26533
147	178	1.01952
147	180	1.2607
148	34	1.4663
148	41	1.51491
148	43	1.1494
148	51	0.907707
148	63	0.829218
148	64	0.846642
148	71	1.27636
148	82	1.34716
148	93	1.42024
148	97	0.858088
148	99	0.840719
148	103	0.820898
148	105	1.52701
148	107	0.826725
148	111	0.818813
148	120	1.49818
148	121	0.834829
148	123	1.48259
148	131	1.27453
148	133	0.834103
148	134	0.840825
148	139	1.45329
148	146	0.790139
148	149	0.851864
148	150	0.834471
148	152	0.843511
148	153	0.84535
148	154	0.810357
148	156	1.36068
148	158	0.81757
148	162	0.83475
148	166	0.838923
148	169	0.890698
148	170	0.834327
148	171	0.856273
148	172	0.845952
148	174	0.800171
148	175	0.837261
148	176	0.810941
148	177	0.817454
148	178	0.937307
148	179	0.844115
149	1	0.907731
149	5	1.1364
149	30	1.21924
149	31	1.22928
149	35	1.45347
149	48	0.915158
149	53	1.5189
149	57	1.26419
149	75	1.21271
149	96	0.875563
149	97	0.880443
149	99	0.863074
149	102	0.858008
149	103	0.843253
149	118	1.17174
149	120	1.3416
149	126	0.83267
149	127	0.834537
149	128	0.867847
149	129	0.919449
149	134	0.86318
149	143	1.28512
149	144	1.35934
149	146	0.812494
149	148	0.851864
149	152	0.865866
149	159	0.841717
149	160	0.888484
149	162	0.857105
149	163	1.22005
149	166	0.861278
149	167	1.33159
149	168	0.895724
149	169	0.913053
149	171	0.878628
149	172	0.868307
149	174	0.822525
149	175	0.859615
149	176	0.833296
149	178	0.959661
149	179	0.866469
149	180	0.863002
150	16	1.61623
150	22	0.77727
150	29	1.38682
150	54	0.860412
150	56	1.44837
150	63	0.83418
150	71	1.28336
150	72	1.3026
150	80	0.860548
150	100	1.4487
150	101	0.833761
150	116	1.34757
150	117	1.42768
150	125	1.33398
150	126	0.815277
150	127	0.817144
150	128	0.850454
150	134	0.845787
150	141	1.35693
150	145	1.48223
150	146	0.795101
150	148	0.834471
150	152	0.848473
150	154	0.815319
150	155	1.3358
150	158	0.822532
150	160	0.871091
150	162	0.839712
150	164	0.844442
150	165	0.831217
150	166	0.843885
150	168	0.87833
150	171	0.861235
150	172	0.850914
150	173	0.845821
150	174	0.805132
150	175	0.842222
150	176	0.815903
150	177	0.822415
150	178	0.942268
150	179	0.849076
150	180	0.845609
151	9	1.65358
151	16	0.784299
151	41	0.839731
151	50	0.812837
151	54	1.29643
151	61	0.836184
151	62	0.84291
151	69	0.835633
151	71	0.892844
151	72	0.888188
151	76	0.902673
151	78	0.803105
151	79	1.17791
151	89	0.809017
151	91	0.854099
151	92	0.85585
151	93	0.86264
151	103	1.44192
151	104	0.820553
151	105	0.821082
151	111	1.49326
151	113	0.847694
151	114	0.837596
151	120	0.819336
151	125	0.860731
151	129	1.24526
151	132	0.838269
151	133	1.36689
151	135	0.853576
151	136	0.821141
151	137	0.866099
151	139	0.846337
151	142	0.86594
151	144	0.824121
151	155	0.861995
151	157	0.855447
151	160	1.25239
151	161	0.85218
151	162	1.4236
151	163	0.847474
151	167	0.840418
151	173	1.43431
151	175	1.46802
151	176	1.54692
151	180	1.37477
152	1	0.899378
152	12	0.900209
152	14	0.819104
152	15	1.24275
152	35	1.47839
152	64	0.860645
152	68	1.09106
152	77	0.87829
152	88	1.65955
152	96	0.867211
152	102	0.849656
152	103	0.834901
152	104	1.42339
152	106	1.17278
152	107	0.840728
152	115	0.853142
152	122	1.37952
152	123	1.35093
152	128	0.859495
152	129	0.911097
152	134	0.854828
152	136	1.43767
152	138	0.870591
152	140	0.852902
152	141	1.21827
152	143	1.31004
152	145	1.34357
152	146	0.804142
152	148	0.843511
152	149	0.865866
152	150	0.848473
152	154	0.82436
152	158	0.831573
152	159	0.833365
152	161	1.27975
152	164	0.853482
152	165	0.840258
152	166	0.852926
152	167	1.35651
152	170	0.848329
152	171	0.870276
152	174	0.814173
152	175	0.851263
152	176	0.824944
152	177	0.831456
152	178	0.951309
152	179	0.858117
153	9	0.795993
153	10	0.810778
153	28	1.42472
153	30	1.31579
153	42	1.47978
153	48	0.908645
153	60	1.28618
153	76	1.16864
153	92	0.867895
153	93	1.36021
153	97	0.87393
153	99	0.85656
153	101	0.844641
153	102	0.851495
153	103	0.83674
153	114	1.39733
153	116	1.28053
153	117	1.36064
153	127	0.828024
153	128	0.861334
153	129	0.912936
153	130	1.39486
153	133	0.849944
153	134	0.856667
153	137	1.26094
153	138	0.87243
153	140	0.854741
153	148	0.84535
153	154	0.826199
153	155	1.26876
153	157	1.39655
153	158	0.833412
153	160	0.88197
153	162	0.850591
153	163	1.31659
153	165	0.842097
153	166	0.854765
153	170	0.850168
153	171	0.872115
153	172	0.861793
153	174	0.816012
153	175	0.853102
153	176	0.826783
153	177	0.833295
153	178	0.953148
153	179	0.859956
153	180	0.856488
154	8	0.773285
154	11	0.886492
154	22	0.753157
154	43	1.21934
154	53	1.74541
154	81	0.79904
154	84	0.718988
154	85	0.824791
154	88	1.86114
154	91	1.44864
154	93	1.49018
154	96	0.834057
154	97	0.838937
154	111	0.799661
154	114	1.52731
154	117	1.49061
154	119	1.58503
154	126	0.791164
154	127	0.793031
154	132	1.42617
154	133	0.814951
154	134	0.821674
154	138	0.837438
154	140	0.819749
154	145	1.54516
154	146	0.770988
154	148	0.810357
154	150	0.815319
154	152	0.82436
154	153	0.826199
154	158	0.798419
154	159	0.800211
154	160	0.846977
154	162	0.815599
154	163	1.44656
154	164	0.820328
154	167	1.5581
154	169	0.871547
154	170	0.815176
154	171	0.837122
154	172	0.826801
154	174	0.781019
154	175	0.818109
154	176	0.79179
154	177	0.798302
154	179	0.824963
155	9	1.50496
155	16	0.809194
155	21	0.885543
155	23	1.09636
155	35	0.863358
155	36	1.20896
155	43	0.958264
155	50	0.837732
155	63	1.28186
155	69	0.860528
155	71	0.917739
155	72	0.913083
155	76	0.927568
155	78	0.828
155	81	1.40945
155	89	0.833913
155	92	0.880745
155	93	0.887535
155	94	0.869061
155	99	1.3658
155	103	1.2933
155	104	0.845448
155	110	0.879615
155	112	0.888981
155	113	0.872589
155	114	0.862491
155	121	1.27479
155	125	0.885626
155	132	0.863164
155	135	0.878471
155	136	0.846036
155	137	0.890994
155	139	0.871232
155	140	1.27618
155	142	0.890835
155	144	0.849016
155	150	1.3358
155	151	0.861995
155	153	1.26876
155	157	0.880342
155	161	0.877075
155	163	0.87237
155	164	1.27791
155	167	0.865313
155	169	1.10143
155	170	1.35566
155	177	0.846144
155	179	1.2659
156	1	1.12915
156	7	0.798041
156	11	1.05084
156	14	1.60254
156	30	0.847059
156	40	1.22643
156	43	0.946605
156	54	1.17969
156	57	0.857367
156	58	0.879335
156	62	0.856147
156	65	0.938578
156	68	0.926064
156	69	0.848869
156	72	0.901424
156	73	0.825184
156	83	0.850108
156	91	0.867336
156	97	1.24501
156	98	0.852856
156	99	1.39768
156	100	0.85174
156	104	0.833789
156	105	0.834319
156	107	1.35013
156	112	0.877323
156	116	0.866295
156	123	0.831088
156	124	0.871411
156	125	0.873967
156	130	0.854499
156	132	0.851505
156	137	0.879336
156	138	1.26276
156	139	0.859573
156	141	0.877818
156	143	0.866266
156	144	0.837357
156	145	0.878582
156	146	1.52259
156	147	0.880373
156	148	1.36068
156	159	1.45449
156	161	0.865416
156	162	1.30686
156	163	0.860711
156	167	0.853655
156	170	1.38755
156	172	1.24023
157	11	1.14675
157	17	0.873293
157	18	0.861619
157	23	1.22416
157	25	0.869599
157	28	0.880455
157	29	0.879765
157	46	0.829119
157	50	0.831183
157	51	1.18859
157	61	0.854531
157	64	1.3586
157	65	0.943688
157	70	0.782795
157	80	0.877728
157	86	0.870877
157	91	0.872445
157	95	0.874289
157	101	1.39663
157	108	0.831579
157	109	0.880501
157	110	0.873066
157	118	0.893937
157	119	0.851893
157	120	0.837682
157	122	0.899992
157	129	1.22443
157	131	0.899907
157	132	0.856615
157	133	0.856245
157	138	1.35867
157	139	0.864683
157	142	0.884286
157	144	0.842467
157	146	1.6185
157	151	0.855447
157	153	1.39655
157	155	0.880342
157	160	1.23156
157	163	0.865821
157	167	0.858765
157	168	1.3044
157	170	1.48346
157	172	1.33614
157	173	0.863002
157	177	0.839596
157	178	1.11276
157	179	1.39369
157	180	0.862789
158	10	0.782998
158	14	0.793163
158	30	1.4693
158	31	1.47933
158	32	1.45445
158	40	0.832537
158	84	0.726201
158	91	1.47218
158	97	0.84615
158	99	0.82878
158	101	0.816861
158	102	0.823715
158	106	1.39791
158	107	0.814786
158	112	1.42356
158	115	0.827201
158	116	1.43404
158	120	1.59165
158	121	0.82289
158	124	1.50968
158	125	1.42045
158	129	0.885156
158	134	0.828887
158	135	1.63113
158	142	1.45951
158	146	0.7782
158	147	1.45682
158	148	0.81757
158	150	0.822532
158	152	0.831573
158	153	0.833412
158	154	0.798419
158	159	0.807423
158	162	0.822811
158	164	0.827541
158	165	0.814317
158	166	0.826985
158	168	0.86143
158	170	0.822388
158	171	0.844334
158	172	0.834013
158	173	0.828921
158	174	0.788232
158	175	0.825322
158	176	0.799002
158	178	0.925368
158	179	0.832176
158	180	0.828708
159	10	0.78479
159	11	0.895496
159	36	0.836017
159	40	0.834329
159	47	0.790257
159	51	0.89756
159	60	1.44002
159	64	0.836495
159	76	1.32249
159	79	0.86673
159	95	1.50579
159	102	0.825507
159	110	1.37664
159	113	1.46446
159	121	0.824682
159	125	1.42079
159	126	0.800168
159	127	0.802036
159	128	0.835346
159	131	1.36834
159	134	0.830679
159	135	1.63146
159	137	1.41479
159	140	0.828753
159	141	1.44373
159	146	0.779992
159	147	1.45716
159	149	0.841717
159	152	0.833365
159	154	0.800211
159	156	1.45449
159	158	0.807423
159	160	0.855982
159	162	0.824603
159	163	1.47044
159	165	0.816109
159	166	0.828777
159	170	0.82418
159	171	0.846126
159	172	0.835805
159	174	0.790024
159	175	0.827114
159	176	0.800794
159	177	0.807307
159	178	0.92716
159	179	0.833968
159	180	0.8305
160	6	1.59111
160	8	0.829057
160	19	0.889704
160	22	0.808928
160	23	0.899929
160	41	1.28988
160	44	0.92385
160	61	1.31804
160	65	1.2763
160	66	1.33028
160	72	1.07057
160	73	1.3139
160	79	0.913496
160	80	0.892206
160	82	1.12214
160	92	0.888674
160	93	1.19522
160	101	0.86542
160	103	0.857518
160	104	1.33003
160	107	0.863345
160	109	1.24437
160	111	0.855433
160	114	1.23235
160	121	0.871449
160	123	1.25756
160	126	0.846935
160	128	0.882112
160	129	0.933714
160	136	1.3443
160	146	0.826759
160	149	0.888484
160	150	0.871091
160	151	1.25239
160	153	0.88197
160	154	0.846977
160	157	1.23156
160	159	0.855982
160	162	0.87137
160	165	0.862875
160	166	0.875543
160	171	0.892893
160	172	0.882572
160	173	0.87748
160	174	0.836791
160	175	0.873881
160	176	0.847561
160	177	0.854074
160	178	0.973927
160	179	0.880735
160	180	0.877267
161	2	0.900102
161	8	1.53238
161	30	0.848902
161	35	0.853543
161	43	0.948449
161	50	0.827917
161	52	1.00755
161	53	0.805454
161	56	0.888614
161	57	0.85921
161	58	0.881178
161	62	0.85799
161	67	0.853348
161	75	0.905195
161	79	1.1119
161	85	1.1882
161	87	0.861265
161	93	0.87772
161	94	0.859246
161	97	1.29574
161	100	0.853584
161	104	0.835633
161	113	0.862774
161	115	1.30095
161	117	0.850056
161	120	0.834416
161	123	0.832931
161	124	0.873255
161	126	1.41484
161	128	1.19012
161	130	0.856342
161	132	0.853348
161	135	0.868655
161	138	1.31348
161	139	0.861417
161	141	0.879661
161	143	0.86811
161	144	0.839201
161	147	0.882217
161	151	0.85218
161	152	1.27975
161	155	0.877075
161	156	0.865416
161	163	0.862554
161	165	1.43782
161	167	0.855498
161	169	1.18404
161	170	1.43828
161	172	1.29096
161	173	1.3683
161	179	1.34851
161	180	1.30876
162	2	1.27093
162	13	1.64544
162	18	1.25065
162	23	0.86855
162	26	1.31939
162	47	0.805645
162	61	1.48924
162	63	0.834459
162	79	0.882118
162	81	0.823432
162	85	0.849183
162	97	0.86333
162	98	1.36879
162	101	0.834041
162	103	0.826139
162	104	1.50123
162	107	0.831966
162	113	1.31683
162	115	0.844381
162	119	1.46127
162	121	0.84007
162	123	1.42877
162	124	1.36238
162	132	1.30241
162	134	0.846067
162	140	0.844141
162	146	0.79538
162	148	0.83475
162	149	0.857105
162	150	0.839712
162	151	1.4236
162	153	0.850591
162	154	0.815599
162	156	1.30686
162	158	0.822811
162	159	0.824603
162	160	0.87137
162	163	1.32281
162	165	0.831496
162	166	0.844165
162	169	0.895939
162	170	0.839568
162	171	0.861514
162	172	0.851193
162	173	0.846101
162	174	0.805412
162	175	0.842502
162	176	0.816182
162	177	0.822695
162	178	0.942548
162	179	0.849356
162	180	0.845888
163	1	1.14509
163	9	1.55279
163	16	0.794673
163	19	1.28739
163	24	0.861235
163	32	0.870286
163	41	0.850105
163	54	1.19564
163	57	0.854505
163	61	0.846558
163	62	0.853284
163	71	0.903218
163	72	0.898562
163	76	0.913047
163	78	0.813479
163	80	0.869756
163	91	0.864473
163	92	0.866224
163	93	0.873014
163	94	0.854541
163	104	0.830927
163	110	0.865094
163	112	0.874461
163	113	0.858068
163	114	0.84797
163	118	0.885965
163	125	0.871105
163	132	0.848643
163	135	0.86395
163	136	0.831515
163	137	0.876474
163	139	0.856711
163	142	0.876314
163	144	0.834495
163	149	1.22005
163	151	0.847474
163	153	1.31659
163	154	1.44656
163	155	0.87237
163	156	0.860711
163	157	0.865821
163	159	1.47044
163	161	0.862554
163	162	1.32281
163	164	1.32574
163	165	1.40304
163	167	0.850793
163	170	1.4035
163	171	1.27861
163	172	1.25618
163	173	1.33352
163	176	1.44613
163	177	0.831624
164	4	0.889534
164	5	0.884449
164	13	0.777101
164	17	1.35368
164	21	1.36752
164	26	0.859708
164	31	0.856621
164	33	0.848622
164	40	0.854447
164	42	0.82158
164	45	0.795762
164	47	0.810375
164	51	0.917678
164	60	0.850588
164	62	1.43516
164	82	0.874797
164	85	0.853913
164	88	0.835469
164	89	1.54346
164	100	1.39081
164	101	0.838771
164	106	0.878535
164	114	1.40649
164	115	0.84911
164	117	1.36979
164	118	1.27744
164	128	0.855463
164	132	1.30535
164	134	0.850796
164	137	1.2701
164	138	0.86656
164	141	1.29904
164	144	1.46503
164	146	0.80011
164	147	1.31246
164	150	0.844442
164	152	0.853482
164	154	0.820328
164	155	1.27791
164	158	0.827541
164	163	1.32574
164	165	0.836226
164	169	0.900669
164	170	0.844298
164	171	0.866244
164	174	0.810142
164	175	0.847232
164	177	0.827425
164	178	0.947278
164	179	0.854086
164	180	0.850618
165	1	0.882122
165	16	1.63565
165	19	0.84983
165	34	1.49272
165	48	0.88955
165	49	1.29186
165	52	1.14622
165	55	1.34258
165	60	1.37263
165	63	0.825965
165	64	0.843389
165	68	1.24913
165	77	0.861034
165	79	0.873623
165	81	0.814937
165	85	0.840689
165	94	1.43023
165	96	0.849955
165	107	0.823472
165	108	1.5287
165	112	1.3565
165	115	0.835886
165	121	0.831575
165	125	1.35339
165	126	0.807062
165	127	0.808929
165	128	0.842239
165	133	0.830849
165	138	0.853335
165	140	0.835646
165	143	1.46812
165	145	1.50164
165	146	0.786886
165	147	1.38976
165	150	0.831217
165	152	0.840258
165	153	0.842097
165	158	0.814317
165	159	0.816109
165	160	0.862875
165	161	1.43782
165	162	0.831496
165	163	1.40304
165	164	0.836226
165	166	0.83567
165	169	0.887445
165	170	0.831073
165	171	0.85302
165	172	0.842698
165	173	0.837606
165	174	0.796917
165	175	0.834007
165	176	0.807688
165	178	0.934053
165	179	0.840861
165	180	0.837393
166	2	1.27943
166	8	0.801851
166	12	0.895622
166	14	0.814516
166	19	0.862498
166	20	1.86744
166	22	0.781723
166	36	0.855578
166	43	1.10408
166	49	1.22012
166	55	1.27084
166	61	1.49774
166	63	0.838633
166	64	0.856057
166	71	1.23103
166	85	0.853357
166	89	1.54902
166	99	0.850134
166	105	1.48169
166	109	1.42407
166	110	1.23751
166	111	0.828227
166	117	1.37535
166	118	1.283
166	122	1.46585
166	127	0.821597
166	128	0.854907
166	129	0.906509
166	131	1.22921
166	134	0.85024
166	137	1.27566
166	138	0.866004
166	139	1.40796
166	140	0.848315
166	146	0.799554
166	148	0.838923
166	149	0.861278
166	150	0.843885
166	152	0.852926
166	153	0.854765
166	158	0.826985
166	159	0.828777
166	160	0.875543
166	162	0.844165
166	165	0.83567
166	168	0.882783
166	169	0.900113
166	170	0.843742
166	171	0.865688
166	172	0.855367
166	173	0.850274
166	174	0.809585
166	175	0.846675
166	176	0.820356
166	177	0.826868
166	178	0.946721
166	179	0.853529
166	180	0.850062
167	10	1.59355
167	16	0.787617
167	21	0.863966
167	24	0.854178
167	32	0.86323
167	35	0.841781
167	41	0.843049
167	44	0.894344
167	47	1.52625
167	50	0.816155
167	54	1.30718
167	57	0.847449
167	61	0.839502
167	62	0.846228
167	69	0.838951
167	71	0.896162
167	72	0.891506
167	77	1.20234
167	78	0.806423
167	80	0.8627
167	84	2.05857
167	89	0.812336
167	91	0.857417
167	92	0.859168
167	94	0.847484
167	97	1.3725
167	101	1.42821
167	104	0.823871
167	105	0.824401
167	110	0.858038
167	112	0.867404
167	113	0.851012
167	114	0.840914
167	118	0.878909
167	120	0.822654
167	122	0.000708462
167	126	1.4916
167	127	1.48091
167	132	0.841587
167	135	0.856894
167	136	0.824459
167	137	0.869417
167	139	0.849655
167	142	0.869258
167	144	0.827439
167	149	1.33159
167	151	0.840418
167	152	1.35651
167	154	1.5581
167	155	0.865313
167	156	0.853655
167	157	0.858765
167	161	0.855498
167	163	0.850793
167	171	1.39015
167	174	1.62156
167	175	1.47877
167	178	1.14434
168	3	0.916401
168	6	0.823518
168	14	0.848961
168	15	1.22222
168	17	1.25238
168	18	0.883337
168	21	1.26622
168	22	0.816168
168	26	1.22102
168	38	0.862316
168	39	0.864903
168	49	0.921249
168	52	0.967615
168	55	0.898495
168	59	0.898495
168	61	1.39088
168	62	1.33386
168	66	0.87444
168	74	0.928986
168	83	1.27057
168	84	0.782
168	92	0.895914
168	94	1.25163
168	95	1.2598
168	96	0.897068
168	101	0.872659
168	102	0.879513
168	106	1.15225
168	109	1.31721
168	116	0.893123
168	121	0.878689
168	127	0.856042
168	129	0.940954
168	130	1.30271
168	141	1.19774
168	143	1.28951
168	145	0.90541
168	149	0.895724
168	150	0.87833
168	157	1.3044
168	158	0.86143
168	166	0.882783
168	169	0.934558
168	170	0.878187
168	173	0.88472
168	174	0.844031
168	175	0.881121
168	176	0.854801
168	178	0.981166
168	180	0.884507
169	4	0.940753
169	5	0.935667
169	13	0.828319
169	26	0.910926
169	31	0.907839
169	33	0.899841
169	40	0.905665
169	42	0.872799
169	45	0.84698
169	47	0.861593
169	56	1.214
169	60	0.901806
169	65	1.27396
169	75	1.14193
169	77	0.925477
169	82	0.926016
169	83	1.19539
169	86	1.24596
169	87	1.23925
169	88	0.886687
169	95	1.18461
169	96	0.914398
169	102	0.896843
169	106	0.929754
169	110	1.05546
169	115	0.900329
169	120	1.27081
169	121	0.896018
169	125	1.09961
169	126	0.871504
169	130	1.22753
169	136	1.34196
169	139	1.22592
169	143	1.21433
169	145	1.24786
169	147	1.13598
169	148	0.890698
169	149	0.913053
169	154	0.871547
169	155	1.10143
169	161	1.18404
169	162	0.895939
169	164	0.900669
169	165	0.887445
169	166	0.900113
169	168	0.934558
169	172	0.907141
169	173	0.902049
169	174	0.86136
169	175	0.89845
169	176	0.87213
169	178	0.998496
169	179	0.905304
169	180	0.901836
170	8	0.797255
170	10	0.799755
170	11	0.910461
170	12	0.891025
170	16	1.6361
170	18	1.33134
170	23	0.868127
170	33	1.30834
170	52	1.14667
170	54	0.860268
170	55	1.34304
170	64	0.85146
170	76	1.25555
170	79	0.881695
170	81	0.823009
170	84	0.742958
170	90	1.46644
170	97	0.862907
170	99	0.845537
170	102	0.840472
170	107	0.831543
170	110	1.3097
170	115	0.843958
170	120	1.52505
170	126	0.815133
170	127	0.817001
170	128	0.850311
170	129	0.901912
170	137	1.34785
170	138	0.861407
170	140	0.843718
170	142	1.39291
170	143	1.46857
170	146	0.794957
170	148	0.834327
170	152	0.848329
170	153	0.850168
170	154	0.815176
170	155	1.35566
170	156	1.38755
170	157	1.48346
170	158	0.822388
170	159	0.82418
170	161	1.43828
170	162	0.839568
170	163	1.4035
170	164	0.844298
170	165	0.831073
170	166	0.843742
170	168	0.878187
170	171	0.861091
170	172	0.85077
170	173	0.845678
170	174	0.804989
170	175	0.842079
170	176	0.815759
170	177	0.822272
170	178	0.942125
170	179	0.848933
171	3	1.22391
171	10	0.821701
171	12	0.912971
171	22	0.799072
171	24	1.41392
171	28	1.38674
171	32	1.26295
171	33	1.18345
171	36	0.872928
171	56	1.34335
171	58	1.24975
171	62	1.38803
171	63	0.855982
171	64	0.873406
171	65	1.4033
171	81	0.844955
171	84	0.764904
171	85	0.870706
171	92	0.878818
171	95	1.31396
171	96	0.879973
171	97	0.884853
171	99	0.867483
171	101	0.855564
171	105	1.42899
171	107	0.853489
171	108	1.40426
171	111	0.845577
171	118	1.2303
171	121	0.861593
171	126	0.837079
171	127	0.838947
171	128	0.872257
171	130	1.35687
171	132	1.25822
171	134	0.86759
171	138	0.883353
171	140	0.865664
171	144	1.4179
171	147	1.26533
171	148	0.856273
171	149	0.878628
171	150	0.861235
171	152	0.870276
171	153	0.872115
171	154	0.837122
171	158	0.844334
171	159	0.846126
171	160	0.892893
171	162	0.861514
171	163	1.27861
171	164	0.866244
171	165	0.85302
171	166	0.865688
171	167	1.39015
171	170	0.861091
171	172	0.872716
171	173	0.867624
171	175	0.864025
171	176	0.837705
171	177	0.844218
171	179	0.870879
171	180	0.867411
172	10	0.81138
172	12	0.90265
172	19	0.869527
172	23	0.879752
172	34	1.34586
172	45	1.53689
172	48	0.909246
172	49	1.145
172	51	0.92415
172	54	0.871893
172	62	1.3656
172	69	1.40265
172	74	1.18578
172	77	0.880731
172	79	0.893319
172	80	0.872029
172	81	0.834634
172	84	0.754583
172	85	0.860385
172	88	1.67076
172	90	1.31913
172	93	1.2998
172	96	0.869652
172	102	0.852097
172	103	0.837341
172	107	0.843168
172	111	0.835256
172	118	1.20788
172	119	1.39465
172	121	0.851272
172	122	1.39073
172	126	0.826758
172	127	0.828626
172	128	0.861935
172	129	0.913537
172	133	0.850546
172	134	0.857268
172	136	1.44888
172	137	1.20054
172	140	0.855343
172	142	1.2456
172	143	1.32125
172	144	1.39547
172	146	0.806582
172	148	0.845952
172	149	0.868307
172	150	0.850914
172	153	0.861793
172	154	0.826801
172	156	1.24023
172	157	1.33614
172	158	0.834013
172	159	0.835805
172	160	0.882572
172	161	1.29096
172	162	0.851193
172	163	1.25618
172	165	0.842698
172	166	0.855367
172	169	0.907141
172	170	0.85077
172	171	0.872716
172	173	0.857303
172	174	0.816614
172	175	0.853704
172	176	0.827384
172	177	0.833897
172	178	0.95375
172	179	0.860558
172	180	0.85709
173	11	0.916994
173	14	0.816452
173	15	0.900515
173	17	0.862502
173	18	0.850828
173	20	0.783261
173	25	0.858808
173	28	0.869664
173	29	0.868974
173	37	0.839872
173	46	0.818327
173	48	0.904154
173	49	1.22233
173	54	0.866801
173	55	1.27306
173	66	1.5122
173	67	1.43987
173	69	0.843188
173	70	0.772004
173	71	1.23325
173	72	1.25249
173	75	1.32618
173	82	1.30405
173	86	0.860086
173	95	0.863498
173	96	0.864559
173	98	1.3795
173	99	0.85207
173	106	1.26133
173	107	0.838076
173	108	0.820787
173	109	0.86971
173	115	0.85049
173	116	1.29746
173	118	1.28521
173	119	0.841102
173	122	0.889201
173	131	0.889116
173	132	1.31313
173	133	0.845454
173	138	0.86794
173	139	1.41018
173	140	0.850251
173	142	1.32293
173	143	1.39859
173	145	1.43212
173	150	0.845821
173	151	1.43431
173	157	0.863002
173	158	0.828921
173	160	0.87748
173	161	1.3683
173	162	0.846101
173	163	1.33352
173	165	0.837606
173	166	0.850274
173	168	0.88472
173	169	0.902049
173	170	0.845678
173	171	0.867624
173	172	0.857303
173	174	0.811521
173	176	0.822292
173	177	0.828805
173	178	0.948657
173	179	0.855465
173	180	0.851998
174	1	0.856038
174	3	1.45533
174	5	1.42638
174	8	0.763098
174	18	1.43786
174	19	0.823746
174	22	0.74297
174	26	1.50661
174	36	0.816826
174	48	0.863465
174	50	1.60765
174	51	0.878369
174	58	1.48117
174	59	1.47598
174	64	0.817304
174	77	0.83495
174	79	0.847538
174	81	0.788853
174	83	1.55615
174	84	0.708802
174	87	1.60002
174	90	1.57297
174	94	1.53721
174	96	0.82387
174	97	0.82875
174	98	1.55601
174	99	0.811381
174	100	1.57509
174	103	0.79156
174	107	0.797387
174	111	0.789474
174	115	0.809801
174	118	1.46172
174	121	0.80549
174	126	0.780977
174	128	0.816154
174	129	0.867756
174	131	1.40793
174	134	0.811487
174	135	1.67105
174	138	0.827251
174	140	0.809562
174	144	1.64931
174	146	0.760801
174	148	0.800171
174	149	0.822525
174	150	0.805132
174	152	0.814173
174	153	0.816012
174	154	0.781019
174	158	0.788232
174	159	0.790024
174	160	0.836791
174	162	0.805412
174	164	0.810142
174	165	0.796917
174	166	0.809585
174	167	1.62156
174	168	0.844031
174	169	0.86136
174	170	0.804989
174	172	0.816614
174	173	0.811521
174	175	0.807922
174	176	0.781603
174	177	0.788115
174	178	0.907968
174	179	0.814776
174	180	0.811309
175	4	1.26344
175	10	0.802688
175	22	0.78006
175	33	1.27207
175	36	0.853916
175	39	1.41551
175	40	0.852228
175	47	0.808155
175	48	0.900555
175	52	1.11041
175	53	1.66608
175	54	0.863202
175	57	1.41138
175	63	0.83697
175	76	1.21929
175	79	0.884628
175	80	0.863338
175	81	0.825943
175	84	0.745892
175	85	0.851694
175	87	1.45722
175	92	0.859806
175	93	1.41085
175	94	1.39442
175	95	1.40259
175	96	0.86096
175	97	0.86584
175	98	1.41321
175	99	0.848471
175	101	0.836551
175	102	0.843405
175	106	1.29504
175	107	0.834477
175	115	0.846891
175	116	1.33117
175	118	1.31893
175	121	0.84258
175	125	1.31758
175	126	0.818067
175	127	0.819934
175	128	0.853244
175	133	0.841854
175	135	1.52826
175	136	1.55993
175	138	0.864341
175	140	0.846652
175	145	1.46583
175	146	0.797891
175	148	0.837261
175	149	0.859615
175	150	0.842222
175	151	1.46802
175	152	0.851263
175	153	0.853102
175	154	0.818109
175	158	0.825322
175	159	0.827114
175	160	0.873881
175	162	0.842502
175	164	0.847232
175	165	0.834007
175	166	0.846675
175	167	1.47877
175	168	0.881121
175	169	0.89845
175	170	0.842079
175	171	0.864025
175	172	0.853704
175	174	0.807922
175	176	0.818693
175	177	0.825205
175	179	0.851866
175	180	0.848399
176	1	0.866808
176	9	0.761584
176	10	0.776369
176	11	0.887075
176	14	0.786534
176	22	0.75374
176	23	0.844741
176	36	0.827596
176	37	1.60442
176	39	1.4944
176	40	0.825908
176	44	0.868662
176	47	0.781836
176	48	0.874236
176	51	0.889139
176	59	1.41209
176	63	0.810651
176	64	0.828074
176	67	1.55248
176	73	1.60842
176	74	1.37572
176	77	0.84572
176	80	0.837019
176	81	0.799623
176	85	0.825375
176	92	0.833486
176	97	0.839521
176	99	0.822151
176	100	1.51119
176	101	0.810232
176	102	0.817086
176	103	0.80233
176	106	1.37393
176	107	0.808157
176	110	1.35233
176	112	1.39958
176	113	1.44015
176	115	0.820572
176	117	1.49018
176	123	1.55208
176	125	1.39648
176	126	0.791747
176	128	0.826925
176	129	0.878527
176	130	1.52439
176	131	1.34403
176	132	1.42573
176	133	0.815535
176	134	0.822258
176	135	1.60715
176	138	0.838021
176	139	1.52279
176	140	0.820332
176	141	1.41942
176	146	0.771571
176	148	0.810941
176	149	0.833296
176	150	0.815903
176	151	1.54692
176	152	0.824944
176	153	0.826783
176	154	0.79179
176	158	0.799002
176	159	0.800794
176	160	0.847561
176	162	0.816182
176	163	1.44613
176	165	0.807688
176	166	0.820356
176	168	0.854801
176	169	0.87213
176	170	0.815759
176	171	0.837705
176	172	0.827384
176	173	0.822292
176	174	0.781603
176	175	0.818693
176	177	0.798886
176	178	0.918739
176	179	0.825547
176	180	0.822079
177	4	1.27305
177	5	1.29319
177	14	0.793046
177	15	1.37462
177	17	1.40478
177	24	0.835009
177	25	1.34426
177	27	1.43561
177	29	1.38003
177	32	0.844061
177	36	0.834109
177	41	0.82388
177	43	0.917518
177	44	0.875175
177	49	1.26566
177	50	0.796986
177	51	0.895652
177	55	1.31638
177	56	1.44158
177	61	0.820333
177	62	0.827059
177	65	0.909491
177	66	1.55552
177	70	1.98654
177	71	0.876993
177	75	1.36951
177	76	0.886822
177	77	0.852233
177	82	1.34737
177	83	1.42297
177	89	0.793167
177	91	0.838248
177	92	0.839999
177	93	0.846789
177	100	1.44191
177	103	0.808843
177	105	0.805232
177	106	1.30465
177	107	0.81467
177	109	1.46961
177	112	0.848235
177	113	0.831843
177	116	1.34078
177	118	0.85974
177	119	1.51531
177	120	0.803485
177	121	0.822773
177	122	1.51139
177	125	0.84488
177	128	0.833437
177	129	0.885039
177	130	1.45511
177	131	1.27474
177	132	0.822418
177	134	0.82877
177	135	0.837725
177	137	0.850249
177	138	0.844534
177	139	0.830486
177	140	0.826845
177	144	0.80827
177	145	1.47544
177	148	0.817454
177	150	0.822415
177	152	0.831456
177	153	0.833295
177	154	0.798302
177	155	0.846144
177	157	0.839596
177	159	0.807307
177	160	0.854074
177	162	0.822695
177	163	0.831624
177	164	0.827425
177	166	0.826868
177	170	0.822272
177	171	0.844218
177	172	0.833897
177	173	0.828805
177	174	0.788115
177	175	0.825205
177	176	0.798886
177	178	0.925251
177	179	0.832059
177	180	0.828592
178	1	0.993174
178	3	0.978108
178	4	0.987361
178	5	0.982276
178	8	0.900234
178	9	0.88795
178	13	0.874927
178	24	1.16811
178	26	0.957535
178	28	1.14094
178	31	0.954448
178	33	0.946449
178	35	1.26623
178	37	1.19109
178	40	0.952274
178	42	0.919407
178	45	0.893588
178	47	0.908201
178	52	0.775976
178	56	1.09754
178	60	0.948414
178	63	0.937016
178	66	1.21148
178	68	0.87889
178	79	0.984674
178	82	0.972624
178	88	0.933295
178	89	1.25052
178	90	1.09575
178	100	1.09787
178	101	0.936597
178	103	0.928696
178	105	1.18318
178	106	0.976362
178	112	0.98626
178	115	0.946937
178	119	1.17127
178	121	0.942626
178	124	1.07238
178	128	0.95329
178	131	0.930706
178	135	1.19383
178	136	1.2255
178	138	0.964387
178	139	1.10946
178	141	1.0061
178	142	1.02222
178	143	1.09787
178	144	1.17209
178	147	1.01952
178	148	0.937307
178	149	0.959661
178	150	0.942268
178	152	0.951309
178	153	0.953148
178	157	1.11276
178	158	0.925368
178	159	0.92716
178	160	0.973927
178	162	0.942548
178	164	0.947278
178	165	0.934053
178	166	0.946721
178	167	1.14434
178	168	0.981166
178	169	0.998496
178	170	0.942125
178	172	0.95375
178	173	0.948657
178	174	0.907968
178	176	0.918739
178	177	0.925251
178	179	0.951912
178	180	0.948445
179	1	0.899982
179	3	1.25904
179	4	1.20994
179	7	1.64254
179	8	0.807042
179	9	0.794758
179	10	0.809542
179	11	0.920249
179	12	0.900813
179	22	0.786914
179	23	0.877915
179	30	1.31293
179	32	1.29808
179	36	0.860769
179	40	0.859082
179	41	1.45201
179	43	1.0865
179	44	0.901836
179	47	0.815009
179	48	0.907409
179	50	1.41135
179	51	0.922313
179	58	1.28488
179	62	1.42315
179	63	0.843824
179	64	0.861248
179	68	1.15982
179	72	1.2327
179	76	1.16578
179	77	0.878894
179	79	0.891482
179	80	0.870192
179	81	0.832797
179	84	0.752746
179	85	0.858548
179	89	1.53145
179	90	1.37668
179	91	1.31581
179	92	0.86666
179	96	0.867814
179	97	0.872694
179	99	0.855325
179	101	0.843405
179	102	0.850259
179	103	0.835504
179	107	0.841331
179	109	1.4065
179	111	0.833418
179	113	1.30775
179	115	0.853745
179	120	1.43528
179	121	0.849434
179	126	0.824921
179	127	0.826788
179	128	0.860098
179	129	0.9117
179	130	1.392
179	133	0.848708
179	134	0.855431
179	136	1.50643
179	138	0.871195
179	140	0.853506
179	141	1.28702
179	142	1.30314
179	143	1.3788
179	145	1.41233
179	146	0.804745
179	148	0.844115
179	149	0.866469
179	150	0.849076
179	152	0.858117
179	153	0.859956
179	154	0.824963
179	155	1.2659
179	157	1.39369
179	158	0.832176
179	159	0.833968
179	160	0.880735
179	161	1.34851
179	162	0.849356
179	164	0.854086
179	165	0.840861
179	166	0.853529
179	169	0.905304
179	170	0.848933
179	171	0.870879
179	172	0.860558
179	173	0.855465
179	174	0.814776
179	175	0.851866
179	176	0.825547
179	177	0.832059
179	178	0.951912
179	180	0.855253
180	4	1.17019
180	6	1.71349
180	13	1.59662
180	15	0.900302
180	17	0.86229
180	18	0.850616
180	20	0.783048
180	23	0.874447
180	25	0.858595
180	26	1.27056
180	28	0.869451
180	29	0.868761
180	37	0.839659
180	38	1.39456
180	45	1.55469
180	46	0.818115
180	54	0.866588
180	67	1.38034
180	69	0.842975
180	70	0.771791
180	71	1.17371
180	74	1.20358
180	86	0.859874
180	89	1.4917
180	90	1.33693
180	91	1.27606
180	94	1.30117
180	95	0.863285
180	96	0.864347
180	97	0.869227
180	99	0.851857
180	100	1.33905
180	102	0.846792
180	103	0.832036
180	108	0.820575
180	109	0.869497
180	112	1.22744
180	114	1.35473
180	117	1.31803
180	118	1.22568
180	119	0.840889
180	121	0.845967
180	122	0.888989
180	126	0.821453
180	127	0.823321
180	128	0.856631
180	129	0.908232
180	131	0.888903
180	133	0.845241
180	134	0.851964
180	136	1.46668
180	138	0.867727
180	140	0.850038
180	141	1.24728
180	144	1.41327
180	146	0.801277
180	147	1.2607
180	149	0.863002
180	150	0.845609
180	151	1.37477
180	153	0.856488
180	157	0.862789
180	158	0.828708
180	159	0.8305
180	160	0.877267
180	161	1.30876
180	162	0.845888
180	164	0.850618
180	165	0.837393
180	166	0.850062
180	168	0.884507
180	169	0.901836
180	171	0.867411
180	172	0.85709
180	173	0.851998
180	174	0.811309
180	175	0.848399
180	176	0.822079
180	177	0.828592
180	178	0.948445
180	179	0.855253
