1	11	1.07705
1	94	1.03619
1	102	1.04172
1	103	1.05145
1	110	1.06892
1	115	1.04019
1	118	1.08749
1	119	0.996991
1	147	0.872249
1	163	0.893426
1	165	0.918637
1	166	0.921139
2	28	0.75123
2	73	0.711222
2	123	0.705061
2	140	0.735472
2	147	1.22254
2	157	0.690698
2	162	1.20298
2	166	1.19166
2	177	1.20788
2	178	1.19892
2	179	1.18544
2	180	1.1906
3	97	1.18407
3	108	0.780677
3	137	0.708649
3	138	1.176
3	139	1.20344
3	140	1.18528
3	142	1.21993
3	154	1.21454
3	156	0.729456
3	169	0.677403
3	171	1.21675
3	173	0.710588
4	14	1.20262
4	35	1.25988
4	76	0.748035
4	99	1.27487
4	122	1.10952
4	125	1.2078
4	144	1.1655
4	152	0.709273
4	160	1.1798
4	163	0.709521
4	169	0.693315
4	179	0.746433
5	14	1.20619
5	44	1.26899
5	61	0.661717
5	101	1.2495
5	122	1.11309
5	125	1.21137
5	130	0.769634
5	144	1.16907
5	148	1.18179
5	167	0.746488
5	175	0.674774
5	178	0.75159
6	13	0.70189
6	51	0.717989
6	91	0.739183
6	98	0.685456
6	141	0.748912
6	165	1.18061
6	175	1.29017
6	176	1.19526
6	177	1.19566
6	178	1.1867
6	179	1.17322
6	180	1.17838
7	42	1.11225
7	64	1.08941
7	71	1.02044
7	92	1.00887
7	99	1.0936
7	101	1.06466
7	125	1.02654
7	144	0.984233
7	166	0.909863
7	170	0.909763
7	171	0.890056
7	172	0.895837
8	70	0.716478
8	76	0.74068
8	111	1.22092
8	129	1.20908
8	138	1.16972
8	139	1.19716
8	140	1.179
8	142	1.21365
8	143	0.712064
8	171	1.21048
8	174	0.698689
8	179	0.739078
9	64	0.663309
9	97	0.765068
9	113	0.715708
9	144	0.720619
9	155	0.728447
9	165	1.19643
9	166	1.19526
9	176	1.21108
9	177	1.21148
9	178	1.20252
9	179	1.18904
9	180	1.1942
10	42	1.13592
10	54	1.04325
10	80	1.0188
10	85	0.823649
10	87	0.962908
10	99	1.11727
10	106	0.976967
10	127	1.04994
10	128	1.04994
10	144	1.0079
10	171	0.892032
10	180	0.926988
11	1	1.07705
11	84	1.25722
11	94	1.22379
11	100	1.1545
11	115	1.22778
11	118	1.27509
11	119	1.18458
11	161	0.742117
11	164	0.727717
11	165	0.715505
11	168	0.720259
11	178	0.701057
12	15	1.23777
12	96	1.18813
12	106	1.15186
12	121	0.718308
12	123	1.2015
12	127	1.22484
12	128	1.22484
12	145	0.725069
12	158	1.17105
12	165	0.723079
12	171	0.705773
12	179	0.734781
13	6	0.70189
13	90	1.24967
13	96	1.18615
13	106	1.14988
13	123	1.19952
13	127	1.22286
13	128	1.22286
13	156	0.751651
13	158	1.16907
13	163	0.715804
13	171	0.723709
13	174	0.712327
14	4	1.20262
14	5	1.20619
14	71	1.20011
14	101	1.24433
14	125	1.20621
14	144	1.16391
14	148	1.17663
14	167	0.733326
14	169	0.71146
14	171	0.735571
14	175	0.661613
14	179	0.764578
15	12	1.23777
15	74	1.15701
15	96	1.1871
15	123	1.20047
15	127	1.22381
15	128	1.22381
15	147	0.683708
15	158	1.17002
15	159	0.765964
15	162	0.722674
15	172	0.718572
15	176	0.71596
16	21	0.635545
16	33	0.679858
16	94	0.733362
16	100	0.783897
16	138	0.762096
16	165	1.1931
16	167	1.21192
16	173	1.21105
16	177	1.20816
16	178	1.19919
16	179	1.18571
16	180	1.19087
17	103	0.758204
17	128	0.752289
17	140	0.796215
17	142	0.782217
17	155	0.804427
17	162	1.13814
17	172	1.1428
17	174	1.15293
17	176	1.14265
17	177	1.14305
17	178	1.13408
17	179	1.1206
17	180	1.12576
18	67	1.32811
18	139	1.29409
18	140	1.27593
18	142	1.31058
18	155	1.29114
18	159	0.687614
18	162	0.644324
18	166	0.654248
18	168	1.29274
18	170	0.654148
18	171	1.30741
18	174	0.623059
18	177	0.644861
19	31	0.573775
19	64	0.622938
19	73	1.29443
19	88	1.23031
19	104	0.699836
19	111	0.671076
19	128	0.635938
19	155	0.688076
19	174	1.3138
19	175	1.39842
19	178	1.29495
19	179	1.28147
19	180	1.28663
20	45	0.718352
20	53	0.792276
20	67	0.765634
20	80	0.820043
20	112	1.1412
20	139	0.796281
20	149	1.13474
20	150	1.16828
20	153	1.14385
20	176	1.13985
20	178	1.13129
20	179	1.11781
20	180	1.12297
21	16	0.635545
21	74	1.26853
21	106	1.26235
21	123	1.31199
21	127	1.33532
21	128	1.33532
21	131	1.30496
21	142	0.629624
21	158	1.28154
21	163	0.637592
21	170	0.665204
21	177	0.655917
21	180	0.680453
22	35	1.19547
22	44	1.201
22	49	1.11702
22	101	1.18152
22	122	1.04511
22	124	0.813053
22	125	1.14339
22	144	1.10109
22	155	0.794977
22	156	0.816582
22	160	1.11539
22	169	0.764529
22	175	0.714682
23	29	0.793194
23	48	0.776424
23	82	1.23995
23	86	0.746432
23	95	1.04115
23	103	1.16333
23	119	1.10887
23	144	0.802881
23	153	0.773865
23	173	1.14878
23	177	1.14588
23	179	1.12344
23	180	1.1286
24	59	1.07374
24	68	1.18474
24	95	1.0421
24	102	1.15454
24	108	0.830252
24	110	1.18175
24	115	1.15301
24	118	1.20032
24	119	1.10981
24	154	0.761964
24	159	0.804262
24	167	0.748844
24	177	0.761509
25	38	0.866697
25	100	0.789218
25	104	0.772077
25	107	0.708569
25	158	0.757737
25	172	1.14182
25	173	1.14497
25	174	1.15196
25	176	1.14167
25	177	1.14207
25	178	1.1331
25	179	1.11962
25	180	1.12479
26	65	1.08066
26	69	1.16463
26	98	1.1944
26	105	1.1061
26	109	1.17028
26	141	1.11674
26	145	0.788905
26	157	1.17066
26	158	1.09653
26	166	0.789416
26	168	0.791669
26	173	0.778683
26	174	0.758228
27	65	0.810118
27	74	0.782232
27	77	0.791146
27	90	0.7471
27	96	0.763368
27	149	1.14256
27	150	1.1761
27	151	1.12222
27	166	1.13185
27	170	1.13174
27	178	1.13911
27	179	1.12563
27	180	1.13079
28	2	0.75123
28	38	1.0958
28	97	1.12342
28	129	1.15471
28	134	0.844129
28	138	1.11535
28	142	1.15928
28	153	0.741987
28	154	1.15389
28	162	0.782377
28	168	1.14144
28	171	1.15611
28	177	0.782914
29	23	0.793194
29	57	1.10085
29	65	1.09888
29	105	1.12432
29	109	1.1885
29	113	1.14884
29	126	0.800898
29	137	0.754568
29	141	1.13497
29	157	1.18889
29	158	1.11475
29	159	0.800606
29	160	0.75637
30	47	0.797529
30	116	0.738844
30	127	0.751845
30	136	0.815404
30	149	0.789974
30	167	1.14344
30	169	1.1577
30	174	1.14957
30	176	1.13928
30	177	1.13968
30	178	1.13071
30	179	1.11723
30	180	1.12239
31	19	0.573775
31	49	1.29396
31	64	1.3832
31	114	1.29254
31	144	1.27803
31	149	1.2984
31	151	1.27806
31	155	1.27581
31	168	0.672706
31	173	0.65972
31	176	0.653816
31	177	0.661067
31	180	0.685603
32	36	1.0398
32	50	1.11812
32	72	1.15977
32	88	1.05566
32	116	1.18191
32	117	1.18191
32	137	1.13907
32	147	0.743382
32	168	0.794524
32	170	0.792171
32	175	1.22377
32	178	0.775322
32	179	0.801471
33	16	0.679858
33	107	1.25315
33	135	1.22773
33	136	1.18071
33	146	0.714676
33	150	1.25052
33	151	1.19664
33	153	1.22609
33	157	1.259
33	170	1.20616
33	172	0.695591
33	173	0.698884
33	176	0.69298
33	180	0.724767
34	39	0.63433
34	55	0.861489
34	80	0.707224
34	98	0.646137
34	109	0.646753
34	112	1.23499
34	120	1.16592
34	144	0.695982
34	150	1.26208
34	153	1.23764
34	173	1.23695
34	177	1.23405
34	179	1.2116
34	180	1.21676
35	4	1.25988
35	22	1.19547
35	54	1.25653
35	92	1.24582
35	109	0.656146
35	122	1.1652
35	129	0.693614
35	143	0.708858
35	144	1.22118
35	146	1.22044
35	160	1.23548
35	165	0.72417
35	167	0.70462
35	173	0.715939
36	32	1.0398
36	60	1.03987
36	72	1.11962
36	77	1.06216
36	88	1.01551
36	116	1.14176
36	117	1.14176
36	126	1.05591
36	143	0.844033
36	171	0.84204
36	174	0.830658
36	175	1.18362
36	176	0.845209
36	178	0.844898
37	57	1.04227
37	63	0.905683
37	69	1.12428
37	91	1.09098
37	109	1.12992
37	113	1.09027
37	132	1.0594
37	141	1.07639
37	157	1.13031
37	158	1.05617
37	166	0.860702
37	174	0.829513
37	175	0.766937
37	176	0.844065
38	25	0.866697
38	28	1.0958
38	78	0.864262
38	111	1.10502
38	129	1.09318
38	140	1.0631
38	142	1.09775
38	154	1.09236
38	155	1.07831
38	157	0.824678
38	168	1.0799
38	169	0.847217
38	171	1.09457
38	175	0.797369
39	34	0.63433
39	100	1.17191
39	102	1.24672
39	103	1.25645
39	105	1.21095
39	109	1.27513
39	113	1.23547
39	119	1.20199
39	133	0.718192
39	137	0.702602
39	158	1.20138
39	166	0.715274
39	177	0.705888
39	180	0.730424
40	51	1.23005
40	69	0.693775
40	74	1.18774
40	80	1.22339
40	96	1.21783
40	123	1.23119
40	127	1.25453
40	128	1.25453
40	143	0.704045
40	154	0.712927
40	158	1.20074
40	162	0.711935
40	169	0.677941
40	176	0.705222
41	55	1.09242
41	73	1.22023
41	77	1.20277
41	88	1.15611
41	95	0.775767
41	116	1.28236
41	117	1.28236
41	131	0.674295
41	134	0.740682
41	137	1.23953
41	160	0.677984
41	174	0.657665
41	175	1.32422
41	177	0.679468
42	7	1.11225
42	10	1.13592
42	63	0.739854
42	92	1.27945
42	122	1.19883
42	125	1.29712
42	144	1.25481
42	146	1.25407
42	148	1.26754
42	156	0.703009
42	170	0.694774
42	171	0.675066
42	177	0.685487
42	180	0.710023
43	78	1.07707
43	79	1.08117
43	89	1.04955
43	112	1.10413
43	149	1.09767
43	150	1.13121
43	151	1.07733
43	153	1.10678
43	155	1.07508
43	169	0.820726
43	172	0.850618
43	173	0.85391
43	174	0.833455
43	176	0.848006
44	5	1.26899
44	22	1.201
44	58	1.18625
44	85	0.626838
44	92	1.25135
44	122	1.17073
44	125	1.26901
44	133	0.717944
44	141	0.70734
44	144	1.22671
44	146	1.22597
44	164	0.724738
44	176	0.69839
44	180	0.730176
45	20	0.718352
45	97	1.21074
45	108	0.745833
45	129	1.24203
45	137	0.673805
45	138	1.20267
45	139	1.2301
45	140	1.21195
45	142	1.24659
45	146	0.691536
45	155	1.22716
45	168	1.22875
45	173	0.675744
45	180	0.701627
46	97	1.14739
46	111	1.19052
46	129	1.17868
46	131	0.765404
46	138	1.13932
46	139	1.16676
46	140	1.1486
46	142	1.18325
46	146	0.785023
46	152	0.752004
46	168	1.16541
46	171	1.18008
46	174	0.748775
46	175	0.686199
46	177	0.770577
47	30	0.797529
47	50	1.1403
47	60	1.10219
47	70	0.746172
47	72	1.18195
47	73	1.14196
47	116	1.20409
47	117	1.20409
47	126	1.11824
47	129	0.726514
47	137	1.16125
47	148	0.751053
47	167	0.73752
47	172	0.745546
47	175	1.24594
48	23	0.776424
48	75	1.15655
48	78	1.16197
48	120	1.11995
48	121	0.743197
48	135	1.19331
48	146	0.755529
48	149	1.18257
48	151	1.16223
48	153	1.19168
48	155	1.15998
48	156	0.758605
48	160	0.7396
48	170	1.17175
48	178	0.733521
49	22	1.11702
49	31	1.29396
49	58	1.10226
49	64	1.2479
49	76	0.747616
49	92	1.16736
49	122	1.08674
49	125	1.18502
49	130	0.737908
49	133	0.739732
49	144	1.14272
49	159	0.77018
49	160	1.15702
49	161	0.760925
49	180	0.751963
50	32	1.11812
50	47	1.1403
50	55	1.03013
50	72	1.19793
50	116	1.22007
50	117	1.22007
50	126	1.13422
50	131	0.747512
50	137	1.17723
50	145	0.761561
50	147	0.713183
50	166	0.762072
50	175	1.26193
50	177	0.752686
50	179	0.771272
51	6	0.717989
51	40	1.23005
51	74	1.1196
51	80	1.15526
51	90	1.21321
51	106	1.11342
51	123	1.16306
51	126	0.793273
51	127	1.1864
51	128	1.1864
51	152	0.731655
51	158	1.13261
51	159	0.792981
51	174	0.728426
51	178	0.742666
52	74	1.12593
52	80	1.16158
52	87	0.806182
52	90	1.21954
52	96	1.15602
52	106	1.11975
52	123	1.16939
52	127	1.19272
52	128	1.19272
52	131	1.16236
52	134	0.80694
52	145	0.754601
52	167	0.73306
52	175	0.661347
52	177	0.745726
53	20	0.792276
53	85	0.672212
53	97	1.14904
53	111	1.19217
53	138	1.14097
53	139	1.16841
53	140	1.15025
53	142	1.1849
53	155	1.16547
53	159	0.793768
53	163	0.73269
53	168	1.16706
53	171	1.18173
53	172	0.746376
53	179	0.769602
54	10	1.04325
54	35	1.25653
54	58	1.12168
54	63	0.793618
54	92	1.18678
54	101	1.24257
54	122	1.10616
54	125	1.20445
54	133	0.751554
54	144	1.16214
54	160	1.17645
54	170	0.748537
54	174	0.717448
54	177	0.73925
54	179	0.757837
55	34	0.861489
55	41	1.09242
55	50	1.03013
55	60	0.992023
55	72	1.07177
55	77	1.01432
55	85	0.854244
55	88	0.967668
55	116	1.09391
55	117	1.09391
55	126	1.00807
55	147	0.893544
55	168	0.944686
55	175	1.13577
55	179	0.951634
56	91	1.16284
56	98	1.22591
56	105	1.13761
56	109	1.20179
56	113	1.16213
56	132	1.13126
56	133	0.762578
56	137	0.746988
56	141	1.14825
56	152	0.7317
56	157	1.20217
56	158	1.12804
56	160	0.74879
56	176	0.743023
56	180	0.77481
57	29	1.10085
57	37	1.04227
57	65	1.07353
57	69	1.15751
57	98	1.18728
57	105	1.09897
57	109	1.16315
57	113	1.1235
57	157	1.16354
57	158	1.0894
57	160	0.801999
57	168	0.815122
57	170	0.812769
57	171	0.793062
57	174	0.78168
57	177	0.803482
58	44	1.18625
58	49	1.10226
58	54	1.12168
58	81	0.802919
58	92	1.11097
58	99	1.1957
58	101	1.16676
58	122	1.03035
58	133	0.816878
58	144	1.08633
58	148	1.09906
58	150	0.744829
58	154	0.805029
58	156	0.822096
58	160	1.10064
58	170	0.813861
59	24	1.07374
59	68	1.14337
59	82	1.19953
59	84	1.14108
59	94	1.10765
59	95	1.00074
59	103	1.12291
59	110	1.14038
59	115	1.11164
59	118	1.15895
59	131	0.795839
59	162	0.800475
59	167	0.788347
59	170	0.810299
59	178	0.793449
59	179	0.819599
60	36	1.03987
60	47	1.10219
60	55	0.992023
60	72	1.15983
60	73	1.11984
60	77	1.10237
60	116	1.18197
60	117	1.18197
60	126	1.09612
60	153	0.762029
60	163	0.78463
60	164	0.822053
60	170	0.812243
60	175	1.22383
60	177	0.802956
60	179	0.821543
61	5	0.661717
61	87	0.742471
61	129	1.25642
61	134	0.74323
61	138	1.21705
61	139	1.24449
61	140	1.22633
61	141	1.25224
61	142	1.26098
61	155	1.24155
61	162	0.681479
61	168	1.24314
61	171	1.25781
61	175	0.597637
61	176	0.674765
61	180	0.706552
62	67	1.27124
62	111	1.26098
62	129	1.24915
62	138	1.20978
62	139	1.23722
62	140	1.21906
62	142	1.25371
62	154	1.24832
62	156	0.68815
62	159	0.713381
62	164	0.689725
62	166	0.680015
62	170	0.679915
62	171	1.25054
62	173	0.669281
62	179	0.689215
63	37	0.905683
63	42	0.739854
63	54	0.793618
63	75	0.81442
63	82	0.720005
63	136	0.822428
63	146	1.09789
63	169	1.14254
63	172	1.12427
63	173	1.12741
63	174	1.1344
63	176	1.12412
63	177	1.12452
63	178	1.11555
63	179	1.10207
63	180	1.10723
64	7	1.08941
64	9	0.663309
64	19	0.622938
64	31	1.3832
64	49	1.2479
64	71	1.26817
64	93	0.727164
64	101	1.31239
64	122	1.17599
64	137	0.706945
64	142	0.683938
64	144	1.23197
64	148	1.24469
64	160	1.24627
64	167	0.697565
64	178	0.702668
65	26	1.08066
65	27	0.810118
65	29	1.09888
65	57	1.07353
65	91	1.12224
65	98	1.18531
65	100	0.815984
65	109	1.16118
65	113	1.12153
65	141	1.10765
65	146	0.805612
65	157	1.16157
65	158	1.08743
65	167	0.778501
65	168	0.802806
65	177	0.791167
66	75	1.16378
66	83	1.22921
66	114	1.18394
66	135	1.20055
66	136	1.15353
66	148	0.724306
66	149	1.18981
66	151	1.16946
66	153	1.19891
66	154	0.723894
66	157	1.23182
66	160	0.721955
66	161	0.756936
66	164	0.742536
66	170	1.17898
66	176	0.716188
66	177	0.723439
67	18	1.32811
67	20	0.765634
67	62	1.27124
67	76	0.744562
67	129	1.17419
67	138	1.13483
67	139	1.16226
67	140	1.14411
67	141	1.17001
67	142	1.17875
67	148	0.725241
67	159	0.767126
67	168	1.16091
67	171	1.17558
67	175	0.639995
67	178	0.716811
67	180	0.748909
68	24	1.18474
68	59	1.14337
68	76	1.1713
68	84	1.25208
68	95	1.11174
68	100	1.14937
68	103	1.23391
68	110	1.25138
68	115	1.22265
68	119	1.17945
68	121	0.735119
68	161	0.766502
68	168	0.744644
68	173	0.731658
68	175	0.648626
68	178	0.725442
68	180	0.757541
69	26	1.16463
69	37	1.12428
69	40	0.693775
69	57	1.15751
69	91	1.20621
69	98	1.26928
69	105	1.18098
69	112	0.729873
69	113	1.2055
69	132	1.17464
69	152	0.742181
69	157	1.24555
69	158	1.17141
69	161	0.794252
69	163	0.742429
69	169	0.726223
69	175	0.676376
70	8	0.716478
70	47	0.746172
70	99	0.688346
70	100	1.12861
70	101	0.707423
70	102	1.20342
70	110	1.23062
70	114	0.739585
70	118	1.2492
70	119	1.15869
70	141	0.777138
70	157	0.718369
70	176	1.19531
70	177	1.19571
70	178	1.18674
70	179	1.17326
70	180	1.17843
71	7	1.02044
71	14	1.20011
71	64	1.26817
71	92	1.18764
71	93	0.731608
71	99	1.27237
71	101	1.24342
71	108	0.783417
71	125	1.2053
71	130	0.725155
71	143	0.706247
71	144	1.163
71	146	1.16226
71	159	0.757427
71	160	1.1773
71	173	0.713328
71	174	0.692872
72	32	1.15977
72	36	1.11962
72	47	1.18195
72	50	1.19793
72	55	1.07177
72	60	1.15983
72	77	1.18213
72	93	0.743192
72	116	1.26172
72	117	1.26172
72	145	0.735133
72	166	0.735645
72	172	0.721618
72	173	0.724911
72	174	0.704456
72	175	1.30358
72	179	0.744845
73	2	0.711222
73	19	1.29443
73	41	1.22023
73	47	1.14196
73	60	1.11984
73	77	1.14214
73	88	1.09548
73	116	1.22173
73	117	1.22173
73	137	1.17889
73	143	0.734478
73	163	0.724581
73	169	0.708375
73	171	0.732486
73	175	1.26359
73	178	0.735343
73	179	0.761493
74	15	1.15701
74	21	1.26853
74	27	0.782232
74	40	1.18774
74	51	1.1196
74	52	1.12593
74	90	1.1709
74	91	0.755251
74	95	0.85958
74	106	1.0711
74	123	1.12074
74	127	1.14408
74	128	1.14408
74	137	0.759995
74	158	1.09029
74	160	0.761797
74	169	0.728749
74	178	0.755718
75	48	1.15655
75	63	0.81442
75	66	1.16378
75	107	1.17769
75	112	1.14798
75	135	1.15226
75	136	1.10524
75	143	0.751625
75	145	0.768928
75	148	0.76092
75	150	1.17506
75	151	1.12118
75	153	1.15063
75	155	1.11893
75	160	0.758569
75	161	0.79355
75	170	1.1307
75	177	0.760053
76	4	0.748035
76	8	0.74068
76	49	0.747616
76	67	0.744562
76	68	1.1713
76	102	1.1411
76	103	1.15083
76	115	1.13957
76	118	1.18688
76	122	0.841933
76	140	0.787344
76	151	0.78614
76	169	1.15142
76	172	1.13314
76	174	1.14328
76	176	1.13299
76	177	1.13339
76	180	1.11611
77	27	0.791146
77	36	1.06216
77	41	1.20277
77	55	1.01432
77	60	1.10237
77	72	1.18213
77	73	1.14214
77	88	1.07802
77	116	1.20427
77	117	1.20427
77	131	0.767021
77	137	1.16143
77	145	0.78107
77	162	0.771657
77	172	0.767555
77	175	1.24613
77	176	0.764944
77	178	0.764632
78	38	0.864262
78	43	1.07707
78	48	1.16197
78	104	1.13203
78	107	1.18311
78	136	1.11067
78	149	1.14694
78	150	1.18048
78	151	1.1266
78	153	1.15605
78	157	1.18896
78	162	0.761428
78	163	0.74364
78	166	0.771352
78	167	0.7493
78	170	1.13612
78	172	0.757326
78	173	0.760619
79	43	1.08117
79	86	1.20611
79	98	0.72273
79	104	1.13612
79	120	1.08842
79	131	0.779314
79	149	1.15104
79	150	1.18458
79	151	1.1307
79	153	1.16015
79	155	1.12844
79	157	1.19306
79	162	0.78395
79	169	0.749956
79	170	1.14022
79	176	0.777236
79	177	0.784487
79	180	0.809023
80	10	1.0188
80	20	0.820043
80	34	0.707224
80	40	1.22339
80	51	1.15526
80	52	1.16158
80	96	1.14303
80	106	1.10676
80	123	1.1564
80	127	1.17973
80	128	1.17973
80	131	1.14937
80	158	1.12595
80	170	0.788069
80	171	0.768362
80	172	0.774143
80	173	0.777435
80	176	0.771531
81	58	0.802919
81	89	0.808155
81	91	0.769767
81	110	0.71977
81	111	0.756713
81	119	0.798214
81	153	0.73687
81	159	1.1224
81	162	1.1468
81	166	1.13548
81	169	1.16973
81	173	1.1546
81	174	1.16159
81	176	1.1513
81	177	1.1517
81	178	1.14274
81	179	1.12926
81	180	1.13442
82	23	1.23995
82	59	1.19953
82	63	0.720005
82	84	1.30824
82	94	1.27481
82	95	1.1679
82	100	1.20553
82	102	1.28033
82	103	1.29007
82	110	1.30754
82	118	1.32611
82	152	0.647065
82	165	0.672523
82	166	0.675025
82	168	0.677277
82	170	0.674925
82	176	0.658387
82	179	0.684225
83	66	1.22921
83	93	0.737185
83	104	1.19203
83	107	1.24311
83	114	1.20108
83	135	1.21769
83	136	1.17067
83	137	0.716965
83	148	0.721118
83	149	1.20695
83	150	1.24049
83	151	1.1866
83	153	1.21605
83	166	0.729637
83	170	1.19612
83	171	0.70983
83	172	0.715611
83	175	0.635872
83	180	0.744787
84	11	1.25722
84	59	1.14108
84	68	1.25208
84	82	1.30824
84	85	0.633955
84	93	0.729692
84	94	1.21636
84	95	1.10945
84	100	1.14708
84	102	1.22189
84	110	1.24909
84	115	1.22035
84	119	1.17716
84	130	0.723239
84	146	0.727203
84	160	0.711274
84	161	0.746255
84	172	0.708119
84	179	0.731345
85	10	0.823649
85	44	0.626838
85	53	0.672212
85	55	0.854244
85	84	0.633955
85	97	0.733186
85	104	0.708325
85	157	0.643579
85	161	1.18673
85	162	1.20797
85	163	1.2307
85	169	1.2309
85	172	1.21263
85	173	1.21578
85	176	1.21248
85	177	1.21288
85	178	1.20391
85	179	1.19043
85	180	1.19559
86	23	0.746432
86	79	1.20611
86	104	1.2077
86	120	1.16
86	130	0.721572
86	132	1.19372
86	135	1.23336
86	136	1.18634
86	137	0.707805
86	149	1.22261
86	150	1.25615
86	151	1.20227
86	153	1.23172
86	155	1.20002
86	167	0.698426
86	171	0.700671
86	173	0.709744
86	174	0.689289
86	180	0.735627
87	10	0.962908
87	52	0.806182
87	61	0.742471
87	109	0.778767
87	114	0.804054
87	123	0.797201
87	145	1.09867
87	149	0.803086
87	163	1.12917
87	164	1.10363
87	165	1.09629
87	169	1.12937
87	172	1.1111
87	173	1.11425
87	174	1.12123
87	176	1.11095
87	178	1.10238
87	179	1.0889
87	180	1.09406
88	19	1.23031
88	32	1.05566
88	36	1.01551
88	41	1.15611
88	55	0.967668
88	73	1.09548
88	77	1.07802
88	93	0.834424
88	116	1.15761
88	117	1.15761
88	126	1.07177
88	133	0.829794
88	137	1.11478
88	152	0.798916
88	162	0.816952
88	173	0.816143
88	174	0.795687
88	175	1.19947
88	177	0.81749
89	43	1.04955
89	81	0.808155
89	114	1.11355
89	120	1.0568
89	126	0.852854
89	135	1.13016
89	136	1.08314
89	149	1.11941
89	150	1.15295
89	151	1.09907
89	152	0.791237
89	153	1.12852
89	155	1.09682
89	157	1.16143
89	165	0.816695
89	170	1.10859
89	176	0.802559
89	178	0.802247
89	180	0.834346
90	13	1.24967
90	27	0.7471
90	51	1.21321
90	52	1.21954
90	74	1.1709
90	96	1.20099
90	106	1.16472
90	123	1.21436
90	127	1.23769
90	128	1.23769
90	131	1.20733
90	158	1.18391
90	164	0.747246
90	169	0.693618
90	172	0.72351
90	173	0.726802
90	174	0.706347
90	175	0.64377
90	176	0.720898
91	6	0.739183
91	37	1.09098
91	56	1.16284
91	65	1.12224
91	69	1.20621
91	74	0.755251
91	81	0.769767
91	98	1.23598
91	105	1.14768
91	109	1.21186
91	113	1.1722
91	132	1.14133
91	141	1.15832
91	152	0.752848
91	157	1.21224
91	158	1.13811
91	162	0.770885
91	163	0.753096
91	165	0.778306
91	175	0.687043
92	7	1.00887
92	35	1.24582
92	42	1.27945
92	44	1.25135
92	49	1.16736
92	54	1.18678
92	58	1.11097
92	71	1.18764
92	122	1.09545
92	144	1.15144
92	146	1.1507
92	147	0.709902
92	148	1.16416
92	159	0.792158
92	167	0.73674
92	171	0.738985
92	177	0.749405
92	178	0.741843
92	179	0.767992
92	180	0.773941
93	64	0.727164
93	71	0.731608
93	72	0.743192
93	83	0.737185
93	84	0.729692
93	88	0.834424
93	99	0.709293
93	144	0.784474
93	161	1.14037
93	164	1.1588
93	166	1.1503
93	167	1.17029
93	172	1.16627
93	173	1.16942
93	175	1.26103
93	176	1.16612
93	177	1.16652
93	178	1.15756
93	179	1.14408
93	180	1.14924
94	1	1.03619
94	11	1.22379
94	16	0.733362
94	59	1.10765
94	82	1.27481
94	84	1.21636
94	95	1.07602
94	100	1.11365
94	102	1.18846
94	103	1.19819
94	115	1.18692
94	118	1.23423
94	119	1.14373
94	138	0.756751
94	139	0.729303
94	152	0.735161
94	160	0.752251
94	168	0.765373
94	177	0.753734
94	180	0.77827
95	23	1.04115
95	24	1.0421
95	41	0.775767
95	59	1.00074
95	68	1.11174
95	74	0.85958
95	82	1.1679
95	84	1.10945
95	94	1.07602
95	100	1.00674
95	103	1.09128
95	110	1.10875
95	115	1.08001
95	118	1.12732
95	119	1.03682
95	133	0.888055
95	145	0.884626
95	154	0.876206
95	174	0.853949
95	176	0.8685
96	12	1.18813
96	13	1.18615
96	15	1.1871
96	27	0.763368
96	40	1.21783
96	52	1.15602
96	80	1.14303
96	90	1.20099
96	106	1.10119
96	108	0.813159
96	123	1.15083
96	127	1.17417
96	128	1.17417
96	130	0.754898
96	154	0.744871
96	158	1.12038
96	164	0.763514
96	169	0.709885
96	174	0.722614
96	176	0.737166
97	3	1.18407
97	9	0.765068
97	28	1.12342
97	45	1.21074
97	46	1.14739
97	53	1.14904
97	85	0.733186
97	111	1.13263
97	134	0.873204
97	138	1.08144
97	139	1.10887
97	140	1.09072
97	141	1.11662
97	142	1.12536
97	167	0.799324
97	168	1.10752
97	169	0.777458
97	170	0.821276
97	171	1.12219
97	173	0.810642
97	175	0.727611
98	6	0.685456
98	26	1.1944
98	34	0.646137
98	56	1.22591
98	57	1.18728
98	65	1.18531
98	69	1.26928
98	79	0.72273
98	91	1.23598
98	105	1.21075
98	109	1.27493
98	113	1.23527
98	132	1.2044
98	137	0.714409
98	157	1.27531
98	158	1.20118
98	161	0.751192
98	163	0.699369
98	172	0.713055
98	175	0.633316
98	180	0.742231
99	4	1.27487
99	7	1.0936
99	10	1.11727
99	58	1.1957
99	70	0.688346
99	71	1.27237
99	93	0.709293
99	101	1.31659
99	122	1.18018
99	125	1.27847
99	126	0.735404
99	144	1.23616
99	146	1.23542
99	148	1.24889
99	159	0.735112
99	160	1.25047
99	166	0.701746
99	168	0.703999
99	175	0.607981
99	179	0.710946
99	180	0.716895
100	11	1.1545
100	16	0.783897
100	25	0.789218
100	39	1.17191
100	65	0.815984
100	68	1.14937
100	70	1.12861
100	82	1.20553
100	84	1.14708
100	94	1.11365
100	95	1.00674
100	102	1.11918
100	110	1.14638
100	115	1.11764
100	118	1.16495
100	119	1.07445
100	160	0.802785
100	171	0.793849
100	175	0.71989
100	177	0.804269
100	178	0.796706
101	5	1.2495
101	7	1.06466
101	14	1.24433
101	22	1.18152
101	54	1.24257
101	58	1.16676
101	64	1.31239
101	70	0.707423
101	71	1.24342
101	99	1.31659
101	110	0.65341
101	125	1.24952
101	130	0.721918
101	144	1.20722
101	154	0.711891
101	160	1.22152
101	161	0.744934
101	163	0.693111
101	165	0.718321
101	175	0.627058
101	179	0.730024
102	1	1.04172
102	24	1.15454
102	39	1.24672
102	70	1.20342
102	76	1.1411
102	82	1.28033
102	84	1.22189
102	94	1.18846
102	100	1.11918
102	110	1.22119
102	115	1.19245
102	118	1.23976
102	119	1.14925
102	121	0.733388
102	124	0.745266
102	133	0.743578
102	143	0.722846
102	147	0.691771
102	159	0.774027
102	163	0.712948
102	164	0.750371
102	165	0.738158
103	1	1.05145
103	17	0.758204
103	23	1.16333
103	39	1.25645
103	59	1.12291
103	68	1.23391
103	76	1.15083
103	82	1.29007
103	94	1.19819
103	95	1.09128
103	110	1.23092
103	115	1.20218
103	118	1.24949
103	119	1.15899
103	124	0.743138
103	134	0.79036
103	143	0.720718
103	147	0.689643
103	154	0.7296
103	170	0.738433
103	171	0.718725
103	176	0.721895
104	19	0.699836
104	25	0.772077
104	78	1.13203
104	79	1.13612
104	83	1.19203
104	85	0.708325
104	86	1.2077
104	112	1.15908
104	114	1.14676
104	120	1.09001
104	132	1.12373
104	135	1.16337
104	136	1.11635
104	148	0.787995
104	149	1.15263
104	150	1.18617
104	151	1.13228
104	153	1.16173
104	159	0.829881
104	171	0.776707
104	172	0.782488
104	173	0.785781
104	174	0.765326
105	26	1.1061
105	29	1.12432
105	39	1.21095
105	56	1.13761
105	57	1.09897
105	69	1.18098
105	91	1.14768
105	98	1.21075
105	109	1.18662
105	113	1.14697
105	121	0.766808
105	132	1.1161
105	141	1.13309
105	146	0.779139
105	156	0.782216
105	157	1.18701
105	158	1.11287
105	159	0.807447
105	167	0.752028
105	172	0.760054
105	174	0.742892
105	177	0.764694
105	178	0.757131
106	10	0.976967
106	12	1.15186
106	13	1.14988
106	21	1.26235
106	51	1.11342
106	52	1.11975
106	74	1.0711
106	80	1.10676
106	90	1.16472
106	96	1.10119
106	123	1.11456
106	127	1.1379
106	128	1.1379
106	131	1.10753
106	146	0.82204
106	148	0.808462
106	154	0.808049
106	157	0.750525
106	158	1.08411
106	160	0.806111
106	165	0.814479
106	167	0.794929
106	168	0.819234
106	174	0.785792
107	25	0.708569
107	33	1.25315
107	75	1.17769
107	78	1.18311
107	83	1.24311
107	112	1.21017
107	114	1.19784
107	120	1.14109
107	132	1.17482
107	135	1.21445
107	136	1.16743
107	148	0.724487
107	149	1.20371
107	150	1.23725
107	151	1.18337
107	152	0.705046
107	153	1.21282
107	154	0.724075
107	162	0.723083
107	164	0.742717
107	165	0.730505
107	169	0.689089
107	178	0.716057
107	180	0.748156
108	3	0.780677
108	24	0.830252
108	45	0.745833
108	71	0.783417
108	96	0.813159
108	111	0.82711
108	112	0.817312
108	116	0.760243
108	136	0.836803
108	161	1.0922
108	162	1.11345
108	164	1.11063
108	166	1.10213
108	167	1.12212
108	169	1.13638
108	172	1.1181
108	173	1.12125
108	174	1.12824
108	175	1.21286
108	176	1.11795
108	177	1.11835
108	178	1.10938
108	179	1.0959
108	180	1.10107
109	26	1.17028
109	29	1.1885
109	34	0.646753
109	35	0.656146
109	37	1.12992
109	39	1.27513
109	56	1.20179
109	57	1.16315
109	65	1.16118
109	87	0.778767
109	91	1.21186
109	98	1.27493
109	105	1.18662
109	113	1.21115
109	124	0.732304
109	134	0.779526
109	141	1.19727
109	145	0.727187
109	151	0.704811
109	156	0.735833
109	157	1.25119
109	158	1.17705
109	164	0.737409
109	171	0.707891
110	1	1.06892
110	24	1.18175
110	59	1.14038
110	68	1.25138
110	70	1.23062
110	81	0.71977
110	82	1.30754
110	84	1.24909
110	95	1.10875
110	100	1.14638
110	101	0.65341
110	102	1.22119
110	103	1.23092
110	115	1.21965
110	118	1.26696
110	119	1.17646
110	137	0.718139
110	146	0.73587
110	161	0.754922
110	163	0.703099
110	167	0.708759
110	170	0.730712
110	179	0.740012
110	180	0.745961
111	8	1.22092
111	19	0.671076
111	38	1.10502
111	46	1.19052
111	53	1.19217
111	62	1.26098
111	81	0.756713
111	97	1.13263
111	108	0.82711
111	121	1.1941
111	130	0.768849
111	138	1.12457
111	139	1.152
111	140	1.13384
111	141	1.15975
111	142	1.16849
111	143	0.74994
111	155	1.14906
111	168	1.15065
111	171	1.16532
111	175	0.673989
111	176	0.751117
111	178	0.750805
111	179	0.776955
111	180	0.782904
112	20	1.1412
112	34	1.23499
112	43	1.10413
112	69	0.729873
112	75	1.14798
112	104	1.15908
112	107	1.21017
112	108	0.817312
112	120	1.11138
112	131	0.743397
112	132	1.14511
112	135	1.18474
112	136	1.13772
112	150	1.20754
112	151	1.15366
112	153	1.18311
112	157	1.21602
112	161	0.782068
112	162	0.748033
112	164	0.767667
112	170	1.16318
112	172	0.743931
112	175	0.664192
112	178	0.741007
112	180	0.773106
113	9	0.715708
113	29	1.14884
113	37	1.09027
113	39	1.23547
113	56	1.16213
113	57	1.1235
113	65	1.12153
113	69	1.2055
113	91	1.1722
113	98	1.23527
113	105	1.14697
113	109	1.21115
113	121	0.764744
113	132	1.14062
113	141	1.15761
113	147	0.723127
113	157	1.21153
113	158	1.1374
113	165	0.769514
113	167	0.749964
113	169	0.728099
113	170	0.771917
113	173	0.761283
113	174	0.740827
113	180	0.787166
114	31	1.29254
114	66	1.18394
114	70	0.739585
114	83	1.20108
114	87	0.804054
114	89	1.11355
114	104	1.14676
114	107	1.19784
114	120	1.09906
114	124	0.757591
114	131	0.738425
114	135	1.17242
114	136	1.1254
114	143	0.735171
114	146	0.758044
114	147	0.704096
114	149	1.16168
114	151	1.14133
114	153	1.17078
114	155	1.13908
114	157	1.20369
114	170	1.15085
114	177	0.743598
114	179	0.762185
114	180	0.768134
115	1	1.04019
115	11	1.22778
115	24	1.15301
115	59	1.11164
115	68	1.22265
115	76	1.13957
115	84	1.22035
115	94	1.18692
115	95	1.08001
115	100	1.11764
115	102	1.19245
115	103	1.20218
115	110	1.21965
115	118	1.23823
115	119	1.14772
115	152	0.744024
115	154	0.763052
115	160	0.761114
115	168	0.774237
115	169	0.728066
115	174	0.740795
115	175	0.678219
115	176	0.755347
115	179	0.781185
115	180	0.787134
116	30	0.738844
116	32	1.18191
116	36	1.14176
116	41	1.28236
116	47	1.20409
116	50	1.22007
116	55	1.09391
116	60	1.18197
116	72	1.26172
116	73	1.22173
116	77	1.20427
116	88	1.15761
116	108	0.760243
116	117	1.28386
116	126	1.19801
116	134	0.752715
116	137	1.24102
116	145	0.700376
116	156	0.709023
116	163	0.673175
116	164	0.710598
116	165	0.698385
116	172	0.686861
116	173	0.690154
116	175	1.32572
116	177	0.6915
117	32	1.18191
117	36	1.14176
117	41	1.28236
117	47	1.20409
117	50	1.22007
117	55	1.09391
117	60	1.18197
117	72	1.26172
117	73	1.22173
117	77	1.20427
117	88	1.15761
117	116	1.28386
117	126	1.19801
117	137	1.24102
117	146	0.72691
117	147	0.672962
117	156	0.729987
117	160	0.710981
117	162	0.711927
117	165	0.719349
117	171	0.702044
117	172	0.707825
117	174	0.690662
117	175	1.32572
117	176	0.705214
117	180	0.737
118	1	1.08749
118	11	1.27509
118	24	1.20032
118	59	1.15895
118	70	1.2492
118	76	1.18688
118	82	1.32611
118	94	1.23423
118	95	1.12732
118	100	1.16495
118	102	1.23976
118	103	1.24949
118	110	1.26696
118	115	1.23823
118	119	1.19503
118	121	0.710399
118	130	0.718766
118	145	0.717161
118	156	0.725807
118	160	0.706801
118	161	0.741783
118	166	0.717672
118	170	0.717572
118	175	0.623907
118	177	0.708285
118	179	0.726872
119	1	0.996991
119	11	1.18458
119	23	1.10887
119	24	1.10981
119	39	1.20199
119	68	1.17945
119	70	1.15869
119	81	0.798214
119	84	1.17716
119	94	1.14373
119	95	1.03682
119	100	1.07445
119	102	1.14925
119	103	1.15899
119	110	1.17646
119	115	1.14772
119	118	1.19503
119	133	0.812173
119	147	0.760366
119	150	0.740123
119	162	0.799332
119	167	0.787203
119	170	0.809156
119	172	0.795229
119	175	0.71549
119	178	0.792306
120	34	1.16592
120	48	1.11995
120	79	1.08842
120	86	1.16
120	89	1.0568
120	104	1.09001
120	107	1.14109
120	112	1.11138
120	114	1.09906
120	126	0.858349
120	130	0.825785
120	135	1.11567
120	136	1.06865
120	146	0.82975
120	149	1.10492
120	150	1.13846
120	151	1.08458
120	153	1.11403
120	157	1.14694
120	164	0.834402
120	168	0.826944
120	169	0.780773
120	170	1.0941
120	171	0.804884
120	173	0.813958
120	175	0.730926
120	178	0.807742
121	12	0.718308
121	48	0.743197
121	68	0.735119
121	102	0.733388
121	105	0.766808
121	111	1.1941
121	113	0.764744
121	118	0.710399
121	125	0.734513
121	127	0.706616
121	129	1.18227
121	135	0.736315
121	138	1.14291
121	139	1.17034
121	140	1.15219
121	149	0.744745
121	152	1.19502
121	154	1.18144
121	168	1.16899
121	171	1.18366
121	172	1.19525
121	174	1.20539
121	176	1.1951
121	177	1.1955
121	178	1.18654
121	179	1.17306
121	180	1.17822
122	4	1.10952
122	5	1.11309
122	22	1.04511
122	35	1.1652
122	42	1.19883
122	44	1.17073
122	49	1.08674
122	54	1.10616
122	58	1.03035
122	64	1.17599
122	76	0.841933
122	92	1.09545
122	99	1.18018
122	125	1.11312
122	144	1.07081
122	146	1.07007
122	148	1.08354
122	150	0.761999
122	152	0.803171
122	157	0.764675
122	160	1.08512
122	168	0.833384
122	171	0.811324
122	176	0.814494
122	177	0.821744
122	178	0.814182
122	179	0.840331
123	2	0.705061
123	12	1.2015
123	13	1.19952
123	15	1.20047
123	21	1.31199
123	40	1.23119
123	51	1.16306
123	52	1.16939
123	74	1.12074
123	80	1.1564
123	87	0.797201
123	90	1.21436
123	96	1.15083
123	106	1.11456
123	127	1.18754
123	128	1.18754
123	131	1.15717
123	147	0.697242
123	148	0.737612
123	152	0.718171
123	158	1.13375
123	161	0.770242
123	165	0.743629
123	170	0.746032
123	172	0.732105
123	173	0.735398
123	176	0.729494
124	22	0.813053
124	102	0.745266
124	103	0.743138
124	109	0.732304
124	114	0.757591
124	127	0.718494
124	138	0.796461
124	142	0.767151
124	151	0.779943
124	153	0.752517
124	156	1.14386
124	158	0.786779
124	161	1.13219
124	162	1.15343
124	163	1.17616
124	164	1.15062
124	165	1.14329
124	167	1.1621
124	168	1.13183
124	169	1.17637
124	172	1.15809
124	173	1.16124
124	174	1.16823
124	176	1.15794
124	177	1.15834
124	178	1.14937
124	179	1.13589
124	180	1.14105
125	4	1.2078
125	5	1.21137
125	7	1.02654
125	14	1.20621
125	22	1.14339
125	42	1.29712
125	44	1.26901
125	49	1.18502
125	54	1.20445
125	71	1.2053
125	99	1.27847
125	101	1.24952
125	121	0.734513
125	122	1.11312
125	131	0.727226
125	144	1.1691
125	145	0.741274
125	146	1.16836
125	148	1.18182
125	159	0.775152
125	160	1.1834
125	163	0.714073
125	164	0.751496
125	165	0.739283
125	167	0.719733
125	168	0.744038
125	169	0.697867
125	171	0.721978
125	175	0.64802
126	29	0.800898
126	36	1.05591
126	47	1.11824
126	50	1.13422
126	51	0.793273
126	55	1.00807
126	60	1.09612
126	88	1.07177
126	89	0.852854
126	99	0.735404
126	116	1.19801
126	117	1.19801
126	120	0.858349
126	127	0.747546
126	128	0.766274
126	135	0.777245
126	150	0.76275
126	153	0.781569
126	158	0.815832
126	159	1.11606
126	161	1.11921
126	164	1.13765
126	166	1.12914
126	175	1.23987
126	176	1.14496
126	177	1.14536
126	178	1.1364
126	179	1.12292
126	180	1.12808
127	10	1.04994
127	12	1.22484
127	13	1.22286
127	15	1.22381
127	21	1.33532
127	30	0.751845
127	40	1.25453
127	51	1.1864
127	52	1.19272
127	74	1.14408
127	80	1.17973
127	90	1.23769
127	96	1.17417
127	106	1.1379
127	121	0.706616
127	123	1.18754
127	124	0.718494
127	126	0.747546
127	128	1.21087
127	131	1.18051
127	134	0.765717
127	158	1.15709
127	159	0.747255
127	161	0.738
127	164	0.723599
127	168	0.716141
127	171	0.694082
127	177	0.704502
127	178	0.696939
128	10	1.04994
128	12	1.22484
128	13	1.22286
128	15	1.22381
128	17	0.752289
128	19	0.635938
128	21	1.33532
128	40	1.25453
128	51	1.1864
128	52	1.19272
128	74	1.14408
128	80	1.17973
128	90	1.23769
128	96	1.17417
128	106	1.1379
128	123	1.18754
128	126	0.766274
128	127	1.21087
128	131	1.18051
128	158	1.15709
128	160	0.721746
128	161	0.756727
128	162	0.722693
128	165	0.730114
128	168	0.734869
128	170	0.732517
128	174	0.701428
128	178	0.715667
128	179	0.741817
129	8	1.20908
129	28	1.15471
129	35	0.693614
129	38	1.09318
129	45	1.24203
129	46	1.17868
129	47	0.726514
129	61	1.25642
129	62	1.24915
129	67	1.17419
129	121	1.18227
129	137	0.752494
129	138	1.11273
129	139	1.14017
129	140	1.12201
129	141	1.14791
129	142	1.15666
129	143	0.747352
129	145	0.764655
129	152	0.737206
129	154	1.15127
129	155	1.13722
129	161	0.789277
129	162	0.755242
129	164	0.774877
129	167	0.743114
129	168	1.13882
129	171	1.15349
129	176	0.748529
129	180	0.780316
130	5	0.769634
130	49	0.737908
130	71	0.725155
130	84	0.723239
130	86	0.721572
130	96	0.754898
130	101	0.721918
130	111	0.768849
130	118	0.718766
130	120	0.825785
130	143	1.16817
130	145	1.15283
130	149	0.753112
130	151	0.776432
130	156	1.15102
130	159	1.1362
130	163	1.18332
130	164	1.15778
130	165	1.15045
130	167	1.16926
130	169	1.18353
130	172	1.16525
130	173	1.1684
130	174	1.17539
130	175	1.26001
130	176	1.1651
130	177	1.1655
130	178	1.15653
130	179	1.14305
130	180	1.14822
131	21	1.30496
131	41	0.674295
131	46	0.765404
131	50	0.747512
131	52	1.16236
131	59	0.795839
131	77	0.767021
131	79	0.779314
131	80	1.14937
131	90	1.20733
131	106	1.10753
131	112	0.743397
131	114	0.738425
131	123	1.15717
131	125	0.727226
131	127	1.18051
131	128	1.18051
131	139	0.749847
131	149	0.737457
131	155	0.770196
131	158	1.12672
131	159	1.13505
131	162	1.15945
131	169	1.18238
131	172	1.1641
131	174	1.17424
131	176	1.16395
131	178	1.15539
131	179	1.14191
131	180	1.14707
132	37	1.0594
132	56	1.13126
132	69	1.17464
132	86	1.19372
132	91	1.14133
132	98	1.2044
132	104	1.12373
132	105	1.1161
132	107	1.17482
132	112	1.14511
132	113	1.14062
132	135	1.14939
132	136	1.10237
132	141	1.12675
132	147	0.745338
132	148	0.785708
132	149	1.13865
132	150	1.17219
132	151	1.11831
132	154	0.785296
132	157	1.18067
132	158	1.10653
132	160	0.783357
132	161	0.818338
132	167	0.772176
132	169	0.75031
132	175	0.700462
132	177	0.784841
132	178	0.777278
132	179	0.803428
132	180	0.809377
133	39	0.718192
133	44	0.717944
133	49	0.739732
133	54	0.751554
133	56	0.762578
133	58	0.816878
133	88	0.829794
133	95	0.888055
133	102	0.743578
133	119	0.812173
133	134	1.09128
133	150	0.73201
133	156	1.12972
133	158	0.785091
133	161	1.11805
133	162	1.1393
133	163	1.16203
133	164	1.13649
133	165	1.12915
133	166	1.12798
133	167	1.14797
133	169	1.16223
133	172	1.14396
133	173	1.1471
133	174	1.15409
133	175	1.23871
133	176	1.14381
133	177	1.14421
133	178	1.13524
133	179	1.12176
133	180	1.12692
134	28	0.844129
134	41	0.740682
134	52	0.80694
134	61	0.74323
134	97	0.873204
134	103	0.79036
134	109	0.779526
134	116	0.752715
134	127	0.765717
134	133	1.09128
134	136	0.829276
134	138	0.843683
134	143	1.12831
134	147	1.1403
134	151	0.827166
134	156	1.11116
134	159	1.09633
134	161	1.09949
134	162	1.12073
134	163	1.14346
134	164	1.11792
134	166	1.10941
134	167	1.1294
134	169	1.14367
134	172	1.12539
134	173	1.12854
134	174	1.13553
134	176	1.12524
134	177	1.12564
134	178	1.11667
134	179	1.10319
134	180	1.10835
135	33	1.22773
135	48	1.19331
135	66	1.20055
135	75	1.15226
135	83	1.21769
135	86	1.23336
135	89	1.13016
135	104	1.16337
135	107	1.21445
135	112	1.18474
135	114	1.17242
135	120	1.11567
135	121	0.736315
135	126	0.777245
135	132	1.14939
135	136	1.14201
135	148	0.735068
135	149	1.17828
135	150	1.21182
135	151	1.15794
135	153	1.18739
135	156	0.751723
135	159	0.776954
135	161	0.767698
135	164	0.753298
135	166	0.743588
135	168	0.74584
135	170	1.16746
135	171	0.723781
135	175	0.649822
135	176	0.72695
135	178	0.726638
136	30	0.815404
136	33	1.18071
136	63	0.822428
136	66	1.15353
136	75	1.10524
136	78	1.11067
136	83	1.17067
136	86	1.18634
136	89	1.08314
136	104	1.11635
136	107	1.16743
136	108	0.836803
136	112	1.13772
136	114	1.1254
136	120	1.06865
136	132	1.10237
136	134	0.829276
136	135	1.14201
136	138	0.771078
136	142	0.741768
136	149	1.13127
136	150	1.16481
136	151	1.11092
136	153	1.14037
136	155	1.10867
136	156	0.785583
136	157	1.17328
136	162	0.767524
136	163	0.749736
136	168	0.7797
136	170	1.12044
136	176	0.76081
136	178	0.760498
136	179	0.786648
137	3	0.708649
137	29	0.754568
137	32	1.13907
137	39	0.702602
137	41	1.23953
137	45	0.673805
137	47	1.16125
137	50	1.17723
137	56	0.746988
137	64	0.706945
137	73	1.17889
137	74	0.759995
137	77	1.16143
137	83	0.716965
137	86	0.707805
137	88	1.11478
137	98	0.714409
137	110	0.718139
137	116	1.24102
137	117	1.24102
137	129	0.752494
137	144	0.764255
137	158	0.769501
137	165	1.17332
137	167	1.19214
137	169	1.2064
137	172	1.18813
137	173	1.19127
137	174	1.19826
137	175	1.28288
137	176	1.18798
137	177	1.18837
137	179	1.16593
137	180	1.17109
138	3	1.176
138	8	1.16972
138	16	0.762096
138	28	1.11535
138	45	1.20267
138	46	1.13932
138	53	1.14097
138	61	1.21705
138	62	1.20978
138	67	1.13483
138	94	0.756751
138	97	1.08144
138	111	1.12457
138	121	1.14291
138	124	0.796461
138	129	1.11273
138	134	0.843683
138	136	0.771078
138	139	1.10081
138	140	1.08265
138	141	1.10855
138	142	1.1173
138	152	0.763895
138	154	1.11191
138	155	1.09786
138	156	0.79999
138	161	0.815966
138	165	0.789353
138	168	1.09945
138	169	0.747937
138	171	1.11412
138	173	0.781122
138	176	0.775218
138	180	0.807004
139	3	1.20344
139	8	1.19716
139	18	1.29409
139	20	0.796281
139	45	1.2301
139	46	1.16676
139	53	1.16841
139	61	1.24449
139	62	1.23722
139	67	1.16226
139	94	0.729303
139	97	1.10887
139	111	1.152
139	121	1.17034
139	129	1.14017
139	131	0.749847
139	138	1.10081
139	140	1.11009
139	141	1.13599
139	142	1.14473
139	145	0.763896
139	147	0.715518
139	148	0.755888
139	152	0.736447
139	154	1.13934
139	155	1.1253
139	160	0.753537
139	162	0.754483
139	168	1.12689
139	169	0.720489
139	170	0.764307
139	171	1.14156
139	173	0.753674
139	178	0.747458
139	179	0.773607
140	2	0.735472
140	3	1.18528
140	8	1.179
140	17	0.796215
140	18	1.27593
140	38	1.0631
140	45	1.21195
140	46	1.1486
140	53	1.15025
140	61	1.22633
140	62	1.21906
140	67	1.14411
140	76	0.787344
140	97	1.09072
140	111	1.13384
140	121	1.15219
140	129	1.12201
140	138	1.08265
140	139	1.11009
140	141	1.11783
140	142	1.12658
140	143	0.758728
140	154	1.12119
140	155	1.10714
140	156	0.784678
140	164	0.786253
140	165	0.774041
140	166	0.776543
140	167	0.75449
140	168	1.10873
140	170	0.776443
140	171	1.1234
140	173	0.765809
140	176	0.759905
140	177	0.767156
140	180	0.791692
141	6	0.748912
141	26	1.11674
141	29	1.13497
141	37	1.07639
141	44	0.70734
141	56	1.14825
141	61	1.25224
141	65	1.10765
141	67	1.17001
141	70	0.777138
141	91	1.15832
141	97	1.11662
141	105	1.13309
141	109	1.19727
141	111	1.15975
141	113	1.15761
141	129	1.14791
141	132	1.12675
141	138	1.10855
141	139	1.13599
141	140	1.11783
141	142	1.15248
141	146	0.795596
141	157	1.19765
141	165	0.788036
141	166	0.790538
141	168	1.13464
141	169	0.74662
141	170	0.790438
141	171	1.14931
141	172	0.776512
141	174	0.759349
141	176	0.7739
141	177	0.781151
141	178	0.773589
141	180	0.805687
142	3	1.21993
142	8	1.21365
142	17	0.782217
142	18	1.31058
142	21	0.629624
142	28	1.15928
142	38	1.09775
142	45	1.24659
142	46	1.18325
142	53	1.1849
142	61	1.26098
142	62	1.25371
142	64	0.683938
142	67	1.17875
142	97	1.12536
142	111	1.16849
142	124	0.767151
142	129	1.15666
142	136	0.741768
142	138	1.1173
142	139	1.14473
142	140	1.12658
142	141	1.15248
142	154	1.15583
142	155	1.14179
142	160	0.751675
142	162	0.752621
142	163	0.734833
142	164	0.772256
142	166	0.762545
142	168	1.14338
142	169	0.718627
142	170	0.762446
142	171	1.15805
142	172	0.748519
142	173	0.751812
142	177	0.753159
143	8	0.712064
143	35	0.708858
143	36	0.844033
143	40	0.704045
143	71	0.706247
143	73	0.734478
143	75	0.751625
143	102	0.722846
143	103	0.720718
143	111	0.74994
143	114	0.735171
143	129	0.747352
143	130	1.16817
143	134	1.12831
143	140	0.758728
143	145	1.16856
143	147	1.19589
143	148	1.16807
143	149	0.734203
143	155	0.766941
143	156	1.16675
143	159	1.15193
143	161	1.15508
143	162	1.17633
143	163	1.19905
143	164	1.17351
143	165	1.16618
143	167	1.185
143	169	1.19926
143	172	1.18098
143	173	1.18413
143	175	1.27574
143	176	1.18083
143	177	1.18123
143	178	1.17227
143	179	1.15879
143	180	1.16395
144	4	1.1655
144	5	1.16907
144	7	0.984233
144	9	0.720619
144	10	1.0079
144	14	1.16391
144	22	1.10109
144	23	0.802881
144	31	1.27803
144	34	0.695982
144	35	1.22118
144	42	1.25481
144	44	1.22671
144	49	1.14272
144	54	1.16214
144	58	1.08633
144	64	1.23197
144	71	1.163
144	92	1.15144
144	93	0.784474
144	99	1.23616
144	101	1.20722
144	122	1.07081
144	125	1.1691
144	137	0.764255
144	146	1.12605
144	148	1.13952
144	154	0.767995
144	160	1.1411
144	163	0.749215
144	164	0.786638
144	166	0.776927
144	168	0.77918
144	169	0.733009
144	174	0.745738
144	176	0.76029
144	178	0.759978
144	179	0.786127
145	12	0.725069
145	26	0.788905
145	50	0.761561
145	52	0.754601
145	72	0.735133
145	75	0.768928
145	77	0.78107
145	87	1.09867
145	95	0.884626
145	109	0.727187
145	116	0.700376
145	118	0.717161
145	125	0.741274
145	129	0.764655
145	130	1.15283
145	139	0.763896
145	143	1.16856
145	146	1.13927
145	152	1.16541
145	155	0.784244
145	156	1.15141
145	159	1.13659
145	161	1.13974
145	162	1.16099
145	163	1.18371
145	164	1.15817
145	165	1.15084
145	166	1.14967
145	167	1.16966
145	169	1.18392
145	172	1.16564
145	173	1.16879
145	174	1.17578
145	176	1.16549
145	177	1.16589
145	178	1.15693
145	179	1.14345
145	180	1.14861
146	33	0.714676
146	35	1.22044
146	42	1.25407
146	44	1.22597
146	45	0.691536
146	46	0.785023
146	48	0.755529
146	63	1.09789
146	65	0.805612
146	71	1.16226
146	84	0.727203
146	92	1.1507
146	99	1.23542
146	105	0.779139
146	106	0.82204
146	110	0.73587
146	114	0.758044
146	117	0.72691
146	120	0.82975
146	122	1.07007
146	125	1.16836
146	141	0.795596
146	144	1.12605
146	145	1.13927
146	148	1.13878
146	150	0.734151
146	157	0.736827
146	160	1.14036
146	166	1.13571
146	167	1.1557
146	172	1.15169
146	173	1.15484
146	174	1.16183
146	176	1.15154
146	177	1.15194
146	178	1.14297
146	179	1.12949
146	180	1.13465
147	1	0.872249
147	2	1.22254
147	15	0.683708
147	32	0.743382
147	50	0.713183
147	55	0.893544
147	92	0.709902
147	102	0.691771
147	103	0.689643
147	113	0.723127
147	114	0.704096
147	117	0.672962
147	119	0.760366
147	123	0.697242
147	132	0.745338
147	134	1.1403
147	139	0.715518
147	143	1.19589
147	152	1.19274
147	156	1.17874
147	157	0.68288
147	159	1.16391
147	161	1.16707
147	162	1.18831
147	163	1.21104
147	164	1.1855
147	165	1.17817
147	166	1.17699
147	167	1.19698
147	169	1.21125
147	171	1.18138
147	172	1.19297
147	173	1.19612
147	174	1.20311
147	176	1.19282
147	177	1.19322
147	178	1.18425
147	179	1.17077
147	180	1.17593
148	5	1.18179
148	14	1.17663
148	42	1.26754
148	47	0.751053
148	58	1.09906
148	64	1.24469
148	66	0.724306
148	67	0.725241
148	75	0.76092
148	83	0.721118
148	92	1.16416
148	99	1.24889
148	104	0.787995
148	106	0.808462
148	107	0.724487
148	122	1.08354
148	123	0.737612
148	125	1.18182
148	132	0.785708
148	135	0.735068
148	139	0.755888
148	143	1.16807
148	144	1.13952
148	146	1.13878
148	149	0.743498
148	150	0.720573
148	153	0.739392
148	158	0.773654
148	160	1.15382
148	161	1.13925
148	163	1.18322
148	164	1.15768
148	166	1.14918
148	167	1.16917
148	174	1.17529
148	176	1.165
148	177	1.1654
148	178	1.15644
148	179	1.14296
148	180	1.14812
149	20	1.13474
149	27	1.14256
149	30	0.789974
149	31	1.2984
149	43	1.09767
149	48	1.18257
149	66	1.18981
149	78	1.14694
149	79	1.15104
149	83	1.20695
149	86	1.22261
149	87	0.803086
149	89	1.11941
149	104	1.15263
149	107	1.20371
149	114	1.16168
149	120	1.10492
149	121	0.744745
149	130	0.753112
149	131	0.737457
149	132	1.13865
149	135	1.17828
149	136	1.13127
149	143	0.734203
149	148	0.743498
149	150	1.20108
149	151	1.1472
149	153	1.17665
149	155	1.14495
149	157	1.20956
149	162	0.742093
149	163	0.724305
149	166	0.752017
149	167	0.729965
149	168	0.75427
149	170	1.15672
149	171	0.73221
149	177	0.742631
149	179	0.761217
149	180	0.767167
150	20	1.16828
150	27	1.1761
150	33	1.25052
150	34	1.26208
150	43	1.13121
150	58	0.744829
150	75	1.17506
150	78	1.18048
150	79	1.18458
150	83	1.24049
150	86	1.25615
150	89	1.15295
150	104	1.18617
150	107	1.23725
150	112	1.20754
150	119	0.740123
150	120	1.13846
150	122	0.761999
150	126	0.76275
150	132	1.17219
150	133	0.73201
150	135	1.21182
150	136	1.16481
150	146	0.734151
150	148	0.720573
150	149	1.20108
150	151	1.18074
150	153	1.21019
150	154	0.720161
150	155	1.17849
150	157	1.2431
150	164	0.738803
150	168	0.731345
150	170	1.19026
150	171	0.709286
150	172	0.715067
150	173	0.718359
150	174	0.697904
150	175	0.635327
150	176	0.712455
150	179	0.738293
151	27	1.12222
151	31	1.27806
151	33	1.19664
151	43	1.07733
151	48	1.16223
151	66	1.16946
151	75	1.12118
151	76	0.78614
151	78	1.1266
151	79	1.1307
151	83	1.1866
151	86	1.20227
151	89	1.09907
151	104	1.13228
151	107	1.18337
151	109	0.704811
151	112	1.15366
151	114	1.14133
151	120	1.08458
151	124	0.779943
151	130	0.776432
151	132	1.11831
151	134	0.827166
151	135	1.15794
151	136	1.11092
151	149	1.1472
151	150	1.18074
151	153	1.15631
151	154	0.766406
151	155	1.12461
151	159	0.808704
151	161	0.799449
151	163	0.747626
151	165	0.772836
151	166	0.775338
151	168	0.77759
151	169	0.73142
151	170	1.13638
151	171	0.755531
151	172	0.761312
151	174	0.744149
152	4	0.709273
152	46	0.752004
152	51	0.731655
152	56	0.7317
152	69	0.742181
152	82	0.647065
152	88	0.798916
152	89	0.791237
152	91	0.752848
152	94	0.735161
152	107	0.705046
152	115	0.744024
152	121	1.19502
152	122	0.803171
152	123	0.718171
152	129	0.737206
152	138	0.763895
152	139	0.736447
152	145	1.16541
152	147	1.19274
152	156	1.1636
152	159	1.14878
152	161	1.15193
152	162	1.17318
152	163	1.1959
152	164	1.17036
152	165	1.16303
152	166	1.16186
152	167	1.18185
152	168	1.15157
152	169	1.19611
152	170	1.16175
152	171	1.16624
152	172	1.17783
152	173	1.18098
152	174	1.18797
152	175	1.27259
152	176	1.17768
152	177	1.17808
152	178	1.16912
152	179	1.15564
152	180	1.1608
153	20	1.14385
153	23	0.773865
153	28	0.741987
153	33	1.22609
153	34	1.23764
153	43	1.10678
153	48	1.19168
153	60	0.762029
153	66	1.19891
153	75	1.15063
153	78	1.15605
153	79	1.16015
153	81	0.73687
153	83	1.21605
153	86	1.23172
153	89	1.12852
153	104	1.16173
153	107	1.21282
153	112	1.18311
153	114	1.17078
153	120	1.11403
153	124	0.752517
153	126	0.781569
153	135	1.18739
153	136	1.14037
153	148	0.739392
153	149	1.17665
153	150	1.21019
153	151	1.15631
153	155	1.15405
153	157	1.21867
153	164	0.757622
153	165	0.745409
153	167	0.725859
153	168	0.750164
153	170	1.16583
153	171	0.728104
153	173	0.737178
153	175	0.654146
153	177	0.738525
153	178	0.730962
153	179	0.757112
154	3	1.21454
154	24	0.761964
154	28	1.15389
154	38	1.09236
154	40	0.712927
154	58	0.805029
154	62	1.24832
154	66	0.723894
154	95	0.876206
154	96	0.744871
154	101	0.711891
154	103	0.7296
154	106	0.808049
154	107	0.724075
154	115	0.763052
154	121	1.18144
154	129	1.15127
154	132	0.785296
154	138	1.11191
154	139	1.13934
154	140	1.12119
154	142	1.15583
154	144	0.767995
154	150	0.720161
154	151	0.766406
154	155	1.1364
154	157	0.722837
154	158	0.773242
154	163	1.18232
154	164	1.15678
154	165	1.14945
154	166	1.14828
154	167	1.16827
154	168	1.13799
154	169	1.18253
154	171	1.15266
154	173	1.1674
154	174	1.17439
154	176	1.1641
154	177	1.1645
154	178	1.15554
154	179	1.14206
154	180	1.14722
155	9	0.728447
155	17	0.804427
155	18	1.29114
155	19	0.688076
155	22	0.794977
155	31	1.27581
155	38	1.07831
155	43	1.07508
155	45	1.22716
155	48	1.15998
155	53	1.16547
155	61	1.24155
155	75	1.11893
155	79	1.12844
155	86	1.20002
155	89	1.09682
155	111	1.14906
155	114	1.13908
155	129	1.13722
155	131	0.770196
155	136	1.10867
155	138	1.09786
155	139	1.1253
155	140	1.10714
155	142	1.14179
155	143	0.766941
155	145	0.784244
155	149	1.14495
155	150	1.17849
155	151	1.12461
155	153	1.15405
155	154	1.1364
155	156	0.792891
155	161	0.808866
155	162	0.774832
155	163	0.757043
155	164	0.794466
155	166	0.784755
155	168	1.12395
155	169	0.740837
155	170	1.13413
155	171	1.13862
155	172	0.770729
155	175	0.69099
155	178	0.767806
155	179	0.793956
156	3	0.729456
156	13	0.751651
156	22	0.816582
156	42	0.703009
156	48	0.758605
156	58	0.822096
156	62	0.68815
156	105	0.782216
156	109	0.735833
156	116	0.709023
156	117	0.729987
156	118	0.725807
156	124	1.14386
156	130	1.15102
156	133	1.12972
156	134	1.11116
156	135	0.751723
156	136	0.785583
156	138	0.79999
156	140	0.784678
156	143	1.16675
156	145	1.15141
156	147	1.17874
156	152	1.1636
156	155	0.792891
156	157	0.739904
156	158	0.790309
156	159	1.13478
156	160	1.1525
156	162	1.15917
156	163	1.1819
156	164	1.15636
156	165	1.14903
156	166	1.14785
156	167	1.16784
156	168	1.13757
156	169	1.18211
156	170	1.14775
156	171	1.15224
156	172	1.16383
156	173	1.16698
156	174	1.17397
156	175	1.25859
156	176	1.16368
156	177	1.16408
156	178	1.15511
156	179	1.14163
156	180	1.14679
157	2	0.690698
157	26	1.17066
157	29	1.18889
157	33	1.259
157	37	1.13031
157	38	0.824678
157	56	1.20217
157	57	1.16354
157	65	1.16157
157	66	1.23182
157	69	1.24555
157	70	0.718369
157	78	1.18896
157	79	1.19306
157	85	0.643579
157	89	1.16143
157	91	1.21224
157	98	1.27531
157	105	1.18701
157	106	0.750525
157	109	1.25119
157	112	1.21602
157	113	1.21153
157	114	1.20369
157	120	1.14694
157	122	0.764675
157	132	1.18067
157	136	1.17328
157	141	1.19765
157	146	0.736827
157	147	0.68288
157	149	1.20956
157	150	1.2431
157	153	1.21867
157	154	0.722837
157	156	0.739904
157	158	1.17744
157	163	0.704057
157	166	0.731769
157	167	0.709717
157	170	1.19874
157	171	0.711962
157	172	0.717743
157	175	0.638004
157	177	0.722382
157	178	0.71482
157	179	0.740969
157	180	0.746918
158	12	1.17105
158	13	1.16907
158	15	1.17002
158	21	1.28154
158	25	0.757737
158	26	1.09653
158	29	1.11475
158	37	1.05617
158	39	1.20138
158	40	1.20074
158	51	1.13261
158	56	1.12804
158	57	1.0894
158	65	1.08743
158	69	1.17141
158	74	1.09029
158	80	1.12595
158	90	1.18391
158	91	1.13811
158	96	1.12038
158	98	1.20118
158	105	1.11287
158	106	1.08411
158	109	1.17705
158	113	1.1374
158	123	1.13375
158	124	0.786779
158	126	0.815832
158	127	1.15709
158	128	1.15709
158	131	1.12672
158	132	1.10653
158	133	0.785091
158	137	0.769501
158	148	0.773654
158	154	0.773242
158	156	0.790309
158	157	1.17744
158	160	0.771304
158	165	0.779672
158	166	0.782174
158	170	0.782074
158	172	0.768148
158	173	0.77144
158	175	0.688409
158	176	0.765536
158	178	0.765224
158	179	0.791374
158	180	0.797323
159	15	0.765964
159	18	0.687614
159	24	0.804262
159	29	0.800606
159	49	0.77018
159	51	0.792981
159	53	0.793768
159	62	0.713381
159	67	0.767126
159	71	0.757427
159	81	1.1224
159	92	0.792158
159	99	0.735112
159	102	0.774027
159	104	0.829881
159	105	0.807447
159	125	0.775152
159	126	1.11606
159	127	0.747255
159	130	1.1362
159	131	1.13505
159	134	1.09633
159	135	0.776954
159	143	1.15193
159	145	1.13659
159	147	1.16391
159	151	0.808704
159	152	1.14878
159	156	1.13478
159	161	1.12311
159	162	1.14435
159	163	1.16708
159	164	1.14154
159	165	1.1342
159	166	1.13303
159	167	1.15302
159	168	1.12275
159	169	1.16729
159	170	1.13293
159	171	1.13742
159	172	1.14901
159	173	1.15216
159	174	1.15915
159	175	1.24376
159	176	1.14886
159	177	1.14926
159	178	1.14029
159	179	1.12681
159	180	1.13197
160	4	1.1798
160	22	1.11539
160	29	0.75637
160	35	1.23548
160	41	0.677984
160	48	0.7396
160	49	1.15702
160	54	1.17645
160	56	0.74879
160	57	0.801999
160	58	1.10064
160	64	1.24627
160	66	0.721955
160	71	1.1773
160	74	0.761797
160	75	0.758569
160	84	0.711274
160	94	0.752251
160	99	1.25047
160	100	0.802785
160	101	1.22152
160	106	0.806111
160	115	0.761114
160	117	0.710981
160	118	0.706801
160	122	1.08512
160	125	1.1834
160	128	0.721746
160	132	0.783357
160	139	0.753537
160	142	0.751675
160	144	1.1411
160	146	1.14036
160	148	1.15382
160	156	1.1525
160	158	0.771304
160	161	1.14083
160	163	1.1848
160	165	1.15193
160	166	1.15076
160	167	1.17075
160	169	1.18501
160	172	1.16673
160	173	1.16988
160	174	1.17687
160	176	1.16658
160	177	1.16698
160	178	1.15802
160	179	1.14454
160	180	1.1497
161	11	0.742117
161	49	0.760925
161	66	0.756936
161	68	0.766502
161	69	0.794252
161	75	0.79355
161	84	0.746255
161	85	1.18673
161	93	1.14037
161	98	0.751192
161	101	0.744934
161	108	1.0922
161	110	0.754922
161	112	0.782068
161	118	0.741783
161	123	0.770242
161	124	1.13219
161	126	1.11921
161	127	0.738
161	128	0.756727
161	129	0.789277
161	132	0.818338
161	133	1.11805
161	134	1.09949
161	135	0.767698
161	138	0.815966
161	143	1.15508
161	145	1.13974
161	147	1.16707
161	148	1.13925
161	151	0.799449
161	152	1.15193
161	155	0.808866
161	159	1.12311
161	160	1.14083
161	162	1.14751
161	163	1.17023
161	164	1.14469
161	165	1.13736
161	166	1.13619
161	167	1.15617
161	168	1.1259
161	169	1.17044
161	170	1.13608
161	171	1.14057
161	172	1.15216
161	173	1.15531
161	174	1.1623
161	175	1.24692
161	176	1.15201
161	177	1.15241
161	178	1.14344
161	179	1.12996
161	180	1.13513
162	2	1.20298
162	15	0.722674
162	17	1.13814
162	18	0.644324
162	28	0.782377
162	40	0.711935
162	59	0.800475
162	61	0.681479
162	77	0.771657
162	78	0.761428
162	79	0.78395
162	81	1.1468
162	85	1.20797
162	88	0.816952
162	91	0.770885
162	107	0.723083
162	108	1.11345
162	112	0.748033
162	117	0.711927
162	119	0.799332
162	124	1.15343
162	128	0.722693
162	129	0.755242
162	131	1.15945
162	133	1.1393
162	134	1.12073
162	136	0.767524
162	139	0.754483
162	142	0.752621
162	143	1.17633
162	145	1.16099
162	147	1.18831
162	149	0.742093
162	152	1.17318
162	155	0.774832
162	156	1.15917
162	159	1.14435
162	161	1.14751
162	163	1.19148
162	164	1.16594
162	165	1.1586
162	166	1.15743
162	167	1.17742
162	168	1.14715
162	169	1.19168
162	170	1.15733
162	172	1.17341
162	173	1.17656
162	174	1.18355
162	175	1.26816
162	176	1.17326
162	177	1.17366
162	178	1.16469
162	179	1.15121
162	180	1.15637
163	1	0.893426
163	4	0.709521
163	13	0.715804
163	21	0.637592
163	53	0.73269
163	60	0.78463
163	69	0.742429
163	73	0.724581
163	78	0.74364
163	85	1.2307
163	87	1.12917
163	91	0.753096
163	98	0.699369
163	101	0.693111
163	102	0.712948
163	110	0.703099
163	116	0.673175
163	124	1.17616
163	125	0.714073
163	130	1.18332
163	133	1.16203
163	134	1.14346
163	136	0.749736
163	142	0.734833
163	143	1.19905
163	144	0.749215
163	145	1.18371
163	147	1.21104
163	148	1.18322
163	149	0.724305
163	151	0.747626
163	152	1.1959
163	154	1.18232
163	155	0.757043
163	156	1.1819
163	157	0.704057
163	159	1.16708
163	160	1.1848
163	161	1.17023
163	162	1.19148
163	164	1.18866
163	165	1.18133
163	166	1.18016
163	168	1.16987
163	169	1.21441
163	170	1.18005
163	171	1.18454
163	172	1.19613
163	173	1.19928
163	174	1.20627
163	175	1.29089
163	176	1.19598
163	177	1.19638
163	178	1.18742
163	179	1.17394
163	180	1.1791
164	11	0.727717
164	44	0.724738
164	60	0.822053
164	62	0.689725
164	66	0.742536
164	87	1.10363
164	90	0.747246
164	93	1.1588
164	96	0.763514
164	102	0.750371
164	107	0.742717
164	108	1.11063
164	109	0.737409
164	112	0.767667
164	116	0.710598
164	120	0.834402
164	124	1.15062
164	125	0.751496
164	126	1.13765
164	127	0.723599
164	129	0.774877
164	130	1.15778
164	133	1.13649
164	134	1.11792
164	135	0.753298
164	140	0.786253
164	142	0.772256
164	143	1.17351
164	144	0.786638
164	145	1.15817
164	147	1.1855
164	148	1.15768
164	150	0.738803
164	152	1.17036
164	153	0.757622
164	154	1.15678
164	155	0.794466
164	156	1.15636
164	159	1.14154
164	161	1.14469
164	162	1.16594
164	163	1.18866
164	165	1.15579
164	166	1.15462
164	167	1.17461
164	168	1.14433
164	169	1.18887
164	170	1.15451
164	171	1.159
164	172	1.17059
164	173	1.17374
164	174	1.18073
164	175	1.26535
164	176	1.17044
164	177	1.17084
164	178	1.16188
164	179	1.1484
164	180	1.15356
165	1	0.918637
165	6	1.18061
165	9	1.19643
165	11	0.715505
165	12	0.723079
165	16	1.1931
165	35	0.72417
165	82	0.672523
165	87	1.09629
165	89	0.816695
165	91	0.778306
165	101	0.718321
165	102	0.738158
165	106	0.814479
165	107	0.730505
165	113	0.769514
165	116	0.698385
165	117	0.719349
165	123	0.743629
165	124	1.14329
165	125	0.739283
165	128	0.730114
165	130	1.15045
165	133	1.12915
165	137	1.17332
165	138	0.789353
165	140	0.774041
165	141	0.788036
165	143	1.16618
165	145	1.15084
165	147	1.17817
165	151	0.772836
165	152	1.16303
165	153	0.745409
165	154	1.14945
165	156	1.14903
165	158	0.779672
165	159	1.1342
165	160	1.15193
165	161	1.13736
165	162	1.1586
165	163	1.18133
165	164	1.15579
165	166	1.14728
165	167	1.16727
165	168	1.137
165	169	1.18154
165	170	1.14718
165	171	1.15167
165	172	1.16326
165	173	1.16641
165	174	1.1734
165	175	1.25802
165	176	1.16311
165	177	1.16351
165	178	1.15454
165	179	1.14106
165	180	1.14622
166	1	0.921139
166	2	1.19166
166	7	0.909863
166	9	1.19526
166	18	0.654248
166	26	0.789416
166	27	1.13185
166	37	0.860702
166	39	0.715274
166	50	0.762072
166	62	0.680015
166	72	0.735645
166	78	0.771352
166	81	1.13548
166	82	0.675025
166	83	0.729637
166	93	1.1503
166	99	0.701746
166	108	1.10213
166	118	0.717672
166	126	1.12914
166	133	1.12798
166	134	1.10941
166	135	0.743588
166	140	0.776543
166	141	0.790538
166	142	0.762545
166	144	0.776927
166	145	1.14967
166	146	1.13571
166	147	1.17699
166	148	1.14918
166	149	0.752017
166	151	0.775338
166	152	1.16186
166	154	1.14828
166	155	0.784755
166	156	1.14785
166	157	0.731769
166	158	0.782174
166	159	1.13303
166	160	1.15076
166	161	1.13619
166	162	1.15743
166	163	1.18016
166	164	1.15462
166	165	1.14728
166	167	1.1661
166	168	1.13583
166	169	1.18036
166	170	1.14601
166	171	1.1505
166	172	1.16209
166	173	1.16524
166	174	1.17223
166	175	1.25684
166	176	1.16194
166	177	1.16234
166	178	1.15337
166	179	1.13989
166	180	1.14505
167	5	0.746488
167	14	0.733326
167	16	1.21192
167	24	0.748844
167	30	1.14344
167	35	0.70462
167	47	0.73752
167	52	0.73306
167	59	0.788347
167	64	0.697565
167	65	0.778501
167	78	0.7493
167	86	0.698426
167	92	0.73674
167	93	1.17029
167	97	0.799324
167	105	0.752028
167	106	0.794929
167	108	1.12212
167	110	0.708759
167	113	0.749964
167	119	0.787203
167	124	1.1621
167	125	0.719733
167	129	0.743114
167	130	1.16926
167	132	0.772176
167	133	1.14797
167	134	1.1294
167	137	1.19214
167	140	0.75449
167	143	1.185
167	145	1.16966
167	146	1.1557
167	147	1.19698
167	148	1.16917
167	149	0.729965
167	152	1.18185
167	153	0.725859
167	154	1.16827
167	156	1.16784
167	157	0.709717
167	159	1.15302
167	160	1.17075
167	161	1.15617
167	162	1.17742
167	164	1.17461
167	165	1.16727
167	166	1.1661
167	168	1.15581
167	169	1.20035
167	170	1.166
167	171	1.17048
167	172	1.18208
167	173	1.18523
167	174	1.19222
167	175	1.27683
167	176	1.18193
167	177	1.18233
167	178	1.17336
167	179	1.15988
167	180	1.16504
168	11	0.720259
168	18	1.29274
168	26	0.791669
168	28	1.14144
168	31	0.672706
168	32	0.794524
168	38	1.0799
168	45	1.22875
168	46	1.16541
168	53	1.16706
168	55	0.944686
168	57	0.815122
168	61	1.24314
168	65	0.802806
168	67	1.16091
168	68	0.744644
168	82	0.677277
168	94	0.765373
168	97	1.10752
168	99	0.703999
168	106	0.819234
168	111	1.15065
168	115	0.774237
168	120	0.826944
168	121	1.16899
168	122	0.833384
168	124	1.13183
168	125	0.744038
168	127	0.716141
168	128	0.734869
168	129	1.13882
168	135	0.74584
168	136	0.7797
168	138	1.09945
168	139	1.12689
168	140	1.10873
168	141	1.13464
168	142	1.14338
168	144	0.77918
168	149	0.75427
168	150	0.731345
168	151	0.77759
168	152	1.15157
168	153	0.750164
168	154	1.13799
168	155	1.12395
168	156	1.13757
168	159	1.12275
168	161	1.1259
168	162	1.14715
168	163	1.16987
168	164	1.14433
168	165	1.137
168	166	1.13583
168	167	1.15581
168	171	1.14021
168	172	1.1518
168	173	1.15495
168	174	1.16194
168	176	1.15165
168	177	1.15205
168	178	1.14308
168	179	1.1296
168	180	1.13477
169	3	0.677403
169	4	0.693315
169	14	0.71146
169	22	0.764529
169	30	1.1577
169	38	0.847217
169	40	0.677941
169	43	0.820726
169	63	1.14254
169	69	0.726223
169	73	0.708375
169	74	0.728749
169	76	1.15142
169	79	0.749956
169	81	1.16973
169	85	1.2309
169	87	1.12937
169	90	0.693618
169	96	0.709885
169	97	0.777458
169	107	0.689089
169	108	1.13638
169	113	0.728099
169	115	0.728066
169	120	0.780773
169	124	1.17637
169	125	0.697867
169	130	1.18353
169	131	1.18238
169	132	0.75031
169	133	1.16223
169	134	1.14367
169	137	1.2064
169	138	0.747937
169	139	0.720489
169	141	0.74662
169	142	0.718627
169	143	1.19926
169	144	0.733009
169	145	1.18392
169	147	1.21125
169	151	0.73142
169	152	1.19611
169	154	1.18253
169	155	0.740837
169	156	1.18211
169	159	1.16729
169	160	1.18501
169	161	1.17044
169	162	1.19168
169	163	1.21441
169	164	1.18887
169	165	1.18154
169	166	1.18036
169	167	1.20035
169	170	1.18026
169	171	1.18475
169	172	1.19634
169	173	1.19949
169	174	1.20648
169	175	1.2911
169	176	1.19619
169	177	1.19659
169	178	1.18762
169	179	1.17414
169	180	1.1793
170	7	0.909763
170	18	0.654148
170	21	0.665204
170	27	1.13174
170	32	0.792171
170	33	1.20616
170	42	0.694774
170	48	1.17175
170	54	0.748537
170	57	0.812769
170	58	0.813861
170	59	0.810299
170	60	0.812243
170	62	0.679915
170	66	1.17898
170	75	1.1307
170	78	1.13612
170	79	1.14022
170	80	0.788069
170	82	0.674925
170	83	1.19612
170	89	1.10859
170	97	0.821276
170	103	0.738433
170	110	0.730712
170	112	1.16318
170	113	0.771917
170	114	1.15085
170	118	0.717572
170	119	0.809156
170	120	1.0941
170	123	0.746032
170	128	0.732517
170	135	1.16746
170	136	1.12044
170	139	0.764307
170	140	0.776443
170	141	0.790438
170	142	0.762446
170	149	1.15672
170	150	1.19026
170	151	1.13638
170	152	1.16175
170	153	1.16583
170	155	1.13413
170	156	1.14775
170	157	1.19874
170	158	0.782074
170	159	1.13293
170	161	1.13608
170	162	1.15733
170	163	1.18005
170	164	1.15451
170	165	1.14718
170	166	1.14601
170	167	1.166
170	169	1.18026
170	171	1.15039
170	172	1.16198
170	173	1.16513
170	174	1.17212
170	176	1.16183
170	177	1.16223
170	178	1.15326
170	179	1.13978
170	180	1.14495
171	3	1.21675
171	7	0.890056
171	8	1.21048
171	10	0.892032
171	12	0.705773
171	13	0.723709
171	14	0.735571
171	18	1.30741
171	28	1.15611
171	36	0.84204
171	38	1.09457
171	42	0.675066
171	46	1.18008
171	53	1.18173
171	57	0.793062
171	61	1.25781
171	62	1.25054
171	67	1.17558
171	73	0.732486
171	80	0.768362
171	83	0.70983
171	86	0.700671
171	92	0.738985
171	97	1.12219
171	100	0.793849
171	103	0.718725
171	104	0.776707
171	109	0.707891
171	111	1.16532
171	117	0.702044
171	120	0.804884
171	121	1.18366
171	122	0.811324
171	125	0.721978
171	127	0.694082
171	129	1.15349
171	135	0.723781
171	138	1.11412
171	139	1.14156
171	140	1.1234
171	141	1.14931
171	142	1.15805
171	147	1.18138
171	149	0.73221
171	150	0.709286
171	151	0.755531
171	152	1.16624
171	153	0.728104
171	154	1.15266
171	155	1.13862
171	156	1.15224
171	157	0.711962
171	159	1.13742
171	161	1.14057
171	163	1.18454
171	164	1.159
171	165	1.15167
171	166	1.1505
171	167	1.17048
171	168	1.14021
171	169	1.18475
171	170	1.15039
171	172	1.16647
171	173	1.16962
171	174	1.17661
171	176	1.16632
171	177	1.16672
171	178	1.15775
171	179	1.14427
171	180	1.14944
172	7	0.895837
172	15	0.718572
172	17	1.1428
172	25	1.14182
172	33	0.695591
172	43	0.850618
172	47	0.745546
172	53	0.746376
172	63	1.12427
172	72	0.721618
172	76	1.13314
172	77	0.767555
172	78	0.757326
172	80	0.774143
172	83	0.715611
172	84	0.708119
172	85	1.21263
172	87	1.1111
172	90	0.72351
172	93	1.16627
172	98	0.713055
172	104	0.782488
172	105	0.760054
172	108	1.1181
172	112	0.743931
172	116	0.686861
172	117	0.707825
172	119	0.795229
172	121	1.19525
172	123	0.732105
172	124	1.15809
172	130	1.16525
172	131	1.1641
172	133	1.14396
172	134	1.12539
172	137	1.18813
172	141	0.776512
172	142	0.748519
172	143	1.18098
172	145	1.16564
172	146	1.15169
172	147	1.19297
172	150	0.715067
172	151	0.761312
172	152	1.17783
172	155	0.770729
172	156	1.16383
172	157	0.717743
172	158	0.768148
172	159	1.14901
172	160	1.16673
172	161	1.15216
172	162	1.17341
172	163	1.19613
172	164	1.17059
172	165	1.16326
172	166	1.16209
172	167	1.18208
172	168	1.1518
172	169	1.19634
172	170	1.16198
172	171	1.16647
172	173	1.18121
172	174	1.1882
172	175	1.27282
172	176	1.17791
172	177	1.17831
172	178	1.16935
172	179	1.15587
172	180	1.16103
173	3	0.710588
173	16	1.21105
173	23	1.14878
173	25	1.14497
173	26	0.778683
173	31	0.65972
173	33	0.698884
173	34	1.23695
173	35	0.715939
173	43	0.85391
173	45	0.675744
173	62	0.669281
173	63	1.12741
173	68	0.731658
173	71	0.713328
173	72	0.724911
173	78	0.760619
173	80	0.777435
173	81	1.1546
173	85	1.21578
173	86	0.709744
173	87	1.11425
173	88	0.816143
173	90	0.726802
173	93	1.16942
173	97	0.810642
173	104	0.785781
173	108	1.12125
173	113	0.761283
173	116	0.690154
173	120	0.813958
173	123	0.735398
173	124	1.16124
173	130	1.1684
173	133	1.1471
173	134	1.12854
173	137	1.19127
173	138	0.781122
173	139	0.753674
173	140	0.765809
173	142	0.751812
173	143	1.18413
173	145	1.16879
173	146	1.15484
173	147	1.19612
173	150	0.718359
173	152	1.18098
173	153	0.737178
173	154	1.1674
173	156	1.16698
173	158	0.77144
173	159	1.15216
173	160	1.16988
173	161	1.15531
173	162	1.17656
173	163	1.19928
173	164	1.17374
173	165	1.16641
173	166	1.16524
173	167	1.18523
173	168	1.15495
173	169	1.19949
173	170	1.16513
173	171	1.16962
173	172	1.18121
173	174	1.19135
173	175	1.27597
173	176	1.18106
173	177	1.18146
173	178	1.1725
173	179	1.15902
173	180	1.16418
174	8	0.698689
174	13	0.712327
174	17	1.15293
174	18	0.623059
174	19	1.3138
174	25	1.15196
174	26	0.758228
174	30	1.14957
174	36	0.830658
174	37	0.829513
174	41	0.657665
174	43	0.833455
174	46	0.748775
174	51	0.728426
174	54	0.717448
174	57	0.78168
174	63	1.1344
174	71	0.692872
174	72	0.704456
174	76	1.14328
174	81	1.16159
174	86	0.689289
174	87	1.12123
174	88	0.795687
174	90	0.706347
174	95	0.853949
174	96	0.722614
174	104	0.765326
174	105	0.742892
174	106	0.785792
174	108	1.12824
174	113	0.740827
174	115	0.740795
174	117	0.690662
174	121	1.20539
174	124	1.16823
174	128	0.701428
174	130	1.17539
174	131	1.17424
174	133	1.15409
174	134	1.13553
174	137	1.19826
174	141	0.759349
174	144	0.745738
174	145	1.17578
174	146	1.16183
174	147	1.20311
174	148	1.17529
174	150	0.697904
174	151	0.744149
174	152	1.18797
174	154	1.17439
174	156	1.17397
174	159	1.15915
174	160	1.17687
174	161	1.1623
174	162	1.18355
174	163	1.20627
174	164	1.18073
174	165	1.1734
174	166	1.17223
174	167	1.19222
174	168	1.16194
174	169	1.20648
174	170	1.17212
174	171	1.17661
174	172	1.1882
174	173	1.19135
174	175	1.28296
174	176	1.18805
174	177	1.18845
174	178	1.17949
174	179	1.166
174	180	1.17117
175	5	0.674774
175	6	1.29017
175	14	0.661613
175	19	1.39842
175	22	0.714682
175	32	1.22377
175	36	1.18362
175	37	0.766937
175	38	0.797369
175	41	1.32422
175	46	0.686199
175	47	1.24594
175	50	1.26193
175	52	0.661347
175	55	1.13577
175	60	1.22383
175	61	0.597637
175	67	0.639995
175	68	0.648626
175	69	0.676376
175	72	1.30358
175	73	1.26359
175	77	1.24613
175	83	0.635872
175	88	1.19947
175	90	0.64377
175	91	0.687043
175	93	1.26103
175	97	0.727611
175	98	0.633316
175	99	0.607981
175	100	0.71989
175	101	0.627058
175	108	1.21286
175	111	0.673989
175	112	0.664192
175	115	0.678219
175	116	1.32572
175	117	1.32572
175	118	0.623907
175	119	0.71549
175	120	0.730926
175	125	0.64802
175	126	1.23987
175	130	1.26001
175	132	0.700462
175	133	1.23871
175	135	0.649822
175	137	1.28288
175	143	1.27574
175	150	0.635327
175	152	1.27259
175	153	0.654146
175	155	0.69099
175	156	1.25859
175	157	0.638004
175	158	0.688409
175	159	1.24376
175	161	1.24692
175	162	1.26816
175	163	1.29089
175	164	1.26535
175	165	1.25802
175	166	1.25684
175	167	1.27683
175	169	1.2911
175	172	1.27282
175	173	1.27597
175	174	1.28296
175	176	1.27267
175	177	1.27307
175	178	1.2641
175	179	1.25062
175	180	1.25578
176	6	1.19526
176	9	1.21108
176	15	0.71596
176	17	1.14265
176	20	1.13985
176	25	1.14167
176	30	1.13928
176	31	0.653816
176	33	0.69298
176	36	0.845209
176	37	0.844065
176	40	0.705222
176	43	0.848006
176	44	0.69839
176	56	0.743023
176	61	0.674765
176	63	1.12412
176	66	0.716188
176	70	1.19531
176	76	1.13299
176	77	0.764944
176	79	0.777236
176	80	0.771531
176	81	1.1513
176	82	0.658387
176	85	1.21248
176	87	1.11095
176	89	0.802559
176	90	0.720898
176	93	1.16612
176	95	0.8685
176	96	0.737166
176	103	0.721895
176	108	1.11795
176	111	0.751117
176	115	0.755347
176	117	0.705214
176	121	1.1951
176	122	0.814494
176	123	0.729494
176	124	1.15794
176	126	1.14496
176	129	0.748529
176	130	1.1651
176	131	1.16395
176	133	1.14381
176	134	1.12524
176	135	0.72695
176	136	0.76081
176	137	1.18798
176	138	0.775218
176	140	0.759905
176	141	0.7739
176	143	1.18083
176	144	0.76029
176	145	1.16549
176	146	1.15154
176	147	1.19282
176	148	1.165
176	150	0.712455
176	152	1.17768
176	154	1.1641
176	156	1.16368
176	158	0.765536
176	159	1.14886
176	160	1.16658
176	161	1.15201
176	162	1.17326
176	163	1.19598
176	164	1.17044
176	165	1.16311
176	166	1.16194
176	167	1.18193
176	168	1.15165
176	169	1.19619
176	170	1.16183
176	171	1.16632
176	172	1.17791
176	173	1.18106
176	174	1.18805
176	175	1.27267
176	177	1.17816
176	178	1.1692
176	179	1.15572
176	180	1.16088
177	2	1.20788
177	6	1.19566
177	9	1.21148
177	16	1.20816
177	17	1.14305
177	18	0.644861
177	21	0.655917
177	23	1.14588
177	24	0.761509
177	25	1.14207
177	28	0.782914
177	30	1.13968
177	31	0.661067
177	34	1.23405
177	39	0.705888
177	41	0.679468
177	42	0.685487
177	46	0.770577
177	50	0.752686
177	52	0.745726
177	54	0.73925
177	57	0.803482
177	60	0.802956
177	63	1.12452
177	65	0.791167
177	66	0.723439
177	70	1.19571
177	75	0.760053
177	76	1.13339
177	79	0.784487
177	81	1.1517
177	85	1.21288
177	88	0.81749
177	92	0.749405
177	93	1.16652
177	94	0.753734
177	100	0.804269
177	105	0.764694
177	108	1.11835
177	114	0.743598
177	116	0.6915
177	118	0.708285
177	121	1.1955
177	122	0.821744
177	124	1.15834
177	126	1.14536
177	127	0.704502
177	130	1.1655
177	132	0.784841
177	133	1.14421
177	134	1.12564
177	137	1.18837
177	140	0.767156
177	141	0.781151
177	142	0.753159
177	143	1.18123
177	145	1.16589
177	146	1.15194
177	147	1.19322
177	148	1.1654
177	149	0.742631
177	152	1.17808
177	153	0.738525
177	154	1.1645
177	156	1.16408
177	157	0.722382
177	159	1.14926
177	160	1.16698
177	161	1.15241
177	162	1.17366
177	163	1.19638
177	164	1.17084
177	165	1.16351
177	166	1.16234
177	167	1.18233
177	168	1.15205
177	169	1.19659
177	170	1.16223
177	171	1.16672
177	172	1.17831
177	173	1.18146
177	174	1.18845
177	175	1.27307
177	176	1.17816
177	178	1.1696
177	179	1.15612
177	180	1.16128
178	2	1.19892
178	5	0.75159
178	6	1.1867
178	9	1.20252
178	11	0.701057
178	16	1.19919
178	17	1.13408
178	19	1.29495
178	20	1.13129
178	25	1.1331
178	27	1.13911
178	30	1.13071
178	32	0.775322
178	36	0.844898
178	48	0.733521
178	51	0.742666
178	59	0.793449
178	63	1.11555
178	64	0.702668
178	67	0.716811
178	68	0.725442
178	70	1.18674
178	73	0.735343
178	74	0.755718
178	77	0.764632
178	81	1.14274
178	85	1.20391
178	87	1.10238
178	89	0.802247
178	92	0.741843
178	93	1.15756
178	100	0.796706
178	105	0.757131
178	107	0.716057
178	108	1.10938
178	111	0.750805
178	112	0.741007
178	119	0.792306
178	120	0.807742
178	121	1.18654
178	122	0.814182
178	124	1.14937
178	126	1.1364
178	127	0.696939
178	128	0.715667
178	130	1.15653
178	131	1.15539
178	132	0.777278
178	133	1.13524
178	134	1.11667
178	135	0.726638
178	136	0.760498
178	139	0.747458
178	141	0.773589
178	143	1.17227
178	144	0.759978
178	145	1.15693
178	146	1.14297
178	147	1.18425
178	148	1.15644
178	152	1.16912
178	153	0.730962
178	154	1.15554
178	155	0.767806
178	156	1.15511
178	157	0.71482
178	158	0.765224
178	159	1.14029
178	160	1.15802
178	161	1.14344
178	162	1.16469
178	163	1.18742
178	164	1.16188
178	165	1.15454
178	166	1.15337
178	167	1.17336
178	168	1.14308
178	169	1.18762
178	170	1.15326
178	171	1.15775
178	172	1.16935
178	173	1.1725
178	174	1.17949
178	175	1.2641
178	176	1.1692
178	177	1.1696
178	179	1.14715
178	180	1.15231
179	2	1.18544
179	4	0.746433
179	6	1.17322
179	8	0.739078
179	9	1.18904
179	12	0.734781
179	14	0.764578
179	16	1.18571
179	17	1.1206
179	19	1.28147
179	20	1.11781
179	23	1.12344
179	25	1.11962
179	27	1.12563
179	30	1.11723
179	32	0.801471
179	34	1.2116
179	50	0.771272
179	53	0.769602
179	54	0.757837
179	55	0.951634
179	59	0.819599
179	60	0.821543
179	62	0.689215
179	63	1.10207
179	70	1.17326
179	72	0.744845
179	73	0.761493
179	81	1.12926
179	82	0.684225
179	84	0.731345
179	85	1.19043
179	87	1.0889
179	92	0.767992
179	93	1.14408
179	99	0.710946
179	101	0.730024
179	108	1.0959
179	110	0.740012
179	111	0.776955
179	114	0.762185
179	115	0.781185
179	118	0.726872
179	121	1.17306
179	122	0.840331
179	124	1.13589
179	126	1.12292
179	128	0.741817
179	130	1.14305
179	131	1.14191
179	132	0.803428
179	133	1.12176
179	134	1.10319
179	136	0.786648
179	137	1.16593
179	139	0.773607
179	143	1.15879
179	144	0.786127
179	145	1.14345
179	146	1.12949
179	147	1.17077
179	148	1.14296
179	149	0.761217
179	150	0.738293
179	152	1.15564
179	153	0.757112
179	154	1.14206
179	155	0.793956
179	156	1.14163
179	157	0.740969
179	158	0.791374
179	159	1.12681
179	160	1.14454
179	161	1.12996
179	162	1.15121
179	163	1.17394
179	164	1.1484
179	165	1.14106
179	166	1.13989
179	167	1.15988
179	168	1.1296
179	169	1.17414
179	170	1.13978
179	171	1.14427
179	172	1.15587
179	173	1.15902
179	174	1.166
179	175	1.25062
179	176	1.15572
179	177	1.15612
179	178	1.14715
179	180	1.13883
180	2	1.1906
180	6	1.17838
180	9	1.1942
180	10	0.926988
180	16	1.19087
180	17	1.12576
180	19	1.28663
180	20	1.12297
180	21	0.680453
180	23	1.1286
180	25	1.12479
180	27	1.13079
180	30	1.12239
180	31	0.685603
180	33	0.724767
180	34	1.21676
180	39	0.730424
180	42	0.710023
180	44	0.730176
180	45	0.701627
180	49	0.751963
180	56	0.77481
180	61	0.706552
180	63	1.10723
180	67	0.748909
180	68	0.757541
180	70	1.17843
180	76	1.11611
180	79	0.809023
180	81	1.13442
180	83	0.744787
180	85	1.19559
180	86	0.735627
180	87	1.09406
180	89	0.834346
180	92	0.773941
180	93	1.14924
180	94	0.77827
180	98	0.742231
180	99	0.716895
180	107	0.748156
180	108	1.10107
180	110	0.745961
180	111	0.782904
180	112	0.773106
180	113	0.787166
180	114	0.768134
180	115	0.787134
180	117	0.737
180	121	1.17822
180	124	1.14105
180	126	1.12808
180	129	0.780316
180	130	1.14822
180	131	1.14707
180	132	0.809377
180	133	1.12692
180	134	1.10835
180	137	1.17109
180	138	0.807004
180	140	0.791692
180	141	0.805687
180	143	1.16395
180	145	1.14861
180	146	1.13465
180	147	1.17593
180	148	1.14812
180	149	0.767167
180	152	1.1608
180	154	1.14722
180	156	1.14679
180	157	0.746918
180	158	0.797323
180	159	1.13197
180	160	1.1497
180	161	1.13513
180	162	1.15637
180	163	1.1791
180	164	1.15356
180	165	1.14622
180	166	1.14505
180	167	1.16504
180	168	1.13477
180	169	1.1793
180	170	1.14495
180	171	1.14944
180	172	1.16103
180	173	1.16418
180	174	1.17117
180	175	1.25578
180	176	1.16088
180	177	1.16128
180	178	1.15231
180	179	1.13883
