1	28	0.947815
1	31	1.00563
1	76	1.02489
1	108	1.01886
1	119	1.04527
1	130	1.03099
1	133	1.12698
1	134	1.09322
1	143	0.933611
1	162	1.0566
1	168	0.957257
1	175	0.897832
2	102	0.722123
2	115	1.2385
2	116	0.674415
2	122	1.17383
2	127	1.2614
2	131	0.667735
2	132	0.688264
2	141	0.681322
2	173	1.24363
2	176	1.19374
2	178	1.13206
2	180	1.15511
3	103	0.867518
3	111	0.840739
3	142	0.902425
3	155	0.852067
3	170	1.11337
3	171	1.04443
3	172	1.0835
3	174	1.01427
3	176	1.06482
3	177	1.05064
3	178	1.00314
3	180	1.02619
4	44	0.737872
4	50	0.731693
4	79	0.636609
4	140	0.667807
4	141	0.666798
4	167	1.23029
4	171	1.18437
4	172	1.22344
4	176	1.20476
4	177	1.19058
4	179	1.20055
4	180	1.16613
5	39	1.056
5	47	1.05141
5	64	1.0333
5	74	1.09787
5	80	0.998393
5	82	1.06555
5	88	1.06182
5	99	0.915425
5	100	1.04061
5	156	0.933583
5	161	0.929843
5	167	0.957462
6	102	1.1839
6	131	1.20841
6	136	1.20328
6	138	0.747729
6	139	1.21256
6	140	1.21627
6	143	0.693274
6	145	1.20995
6	146	1.1683
6	148	0.796593
6	163	0.725005
6	169	0.805534
7	46	1.22826
7	85	1.23514
7	90	1.29876
7	93	1.29876
7	104	0.551161
7	125	0.736246
7	159	1.31024
7	172	0.694258
7	174	0.781303
7	175	1.32904
7	176	0.70687
8	27	1.03484
8	36	1.10802
8	44	1.03152
8	52	1.12988
8	67	1.01422
8	77	0.879822
8	81	1.04031
8	84	1.04026
8	117	1.00698
8	152	0.997859
8	169	1.00089
8	175	0.852848
9	17	0.899803
9	21	1.02925
9	33	1.099
9	53	1.00285
9	70	1.09666
9	71	1.01941
9	99	0.883365
9	149	0.960878
9	151	0.885315
9	153	1.08684
9	154	1.00755
9	157	1.17038
10	32	1.08775
10	40	1.16134
10	85	1.17114
10	90	1.23475
10	93	1.23476
10	99	0.697164
10	129	0.759905
10	159	1.24624
10	167	0.739201
10	168	0.704209
10	175	1.26503
10	178	0.869719
11	25	1.131
11	40	1.15405
11	85	1.16385
11	86	0.793033
11	90	1.22747
11	93	1.22747
11	110	0.765604
11	152	0.75192
11	159	1.23895
11	167	0.701326
11	169	0.754948
11	175	1.25774
12	33	1.30176
12	48	1.23323
12	53	1.20561
12	70	1.29941
12	118	0.638199
12	153	1.2896
12	157	1.37314
12	161	0.649535
12	168	0.642162
12	169	0.730776
12	178	0.807672
13	43	1.05562
13	64	1.02712
13	73	1.09179
13	79	1.08556
13	80	0.99221
13	82	1.05937
13	88	1.05564
13	100	1.03443
13	104	0.830674
13	138	0.923491
13	164	0.923514
13	178	1.05819
14	72	0.6601
14	116	1.20085
14	123	1.22196
14	136	1.19337
14	138	0.751335
14	139	1.20265
14	141	1.2052
14	142	1.18178
14	143	0.69688
14	145	1.20004
14	166	0.770841
14	174	0.88866
15	46	0.731707
15	52	0.689601
15	63	0.712583
15	98	0.849035
15	104	1.29282
15	106	0.750625
15	154	1.11332
15	165	1.16495
15	168	1.18502
15	177	1.1009
15	178	1.0534
15	179	1.11087
15	180	1.07645
16	37	0.846524
16	41	1.13551
16	50	1.13551
16	60	1.10794
16	62	1.1077
16	89	1.18802
16	112	0.739793
16	144	0.848561
16	147	0.843607
16	151	1.16233
16	156	1.14927
16	165	1.12149
16	173	0.793728
17	9	0.899803
17	21	0.988025
17	24	0.964929
17	33	1.05778
17	48	0.989254
17	53	0.961631
17	70	1.05544
17	71	0.978192
17	143	0.956457
17	146	1.05028
17	153	1.04562
17	157	1.12916
17	177	1.06532
18	57	1.17591
18	135	1.12587
18	136	1.12852
18	139	1.1378
18	140	1.14152
18	141	1.14035
18	142	1.11694
18	145	1.13519
18	151	0.8075
18	167	0.847587
18	168	0.812595
18	170	0.848119
18	175	0.75317
19	55	0.646136
19	74	0.539679
19	80	0.664942
19	109	0.67599
19	136	0.595683
19	139	0.575687
19	169	1.32194
19	172	1.33784
19	174	1.26861
19	176	1.31915
19	178	1.25747
19	179	1.31495
19	180	1.28053
20	51	1.09125
20	58	1.16888
20	61	1.10808
20	63	1.24622
20	66	1.10735
20	125	0.855663
20	130	1.09995
20	137	0.788718
20	152	1.10644
20	155	1.17877
20	157	0.666736
20	174	0.90072
20	180	0.85797
21	9	1.02925
21	17	0.988025
21	30	1.256
21	48	1.1187
21	53	1.09107
21	70	1.18488
21	144	0.856644
21	151	0.75588
21	153	1.17507
21	154	0.878118
21	157	1.25861
21	163	0.769061
21	166	0.811291
22	101	1.29781
22	105	1.3516
22	109	1.26866
22	115	1.31382
22	120	1.28066
22	122	1.24914
22	127	1.33671
22	143	0.606178
22	147	0.720538
22	151	0.624729
22	158	0.67809
22	171	0.761776
22	172	0.710913
23	27	1.12762
23	31	1.0702
23	52	1.22266
23	67	1.107
23	72	0.723468
23	81	1.1331
23	84	1.13304
23	117	1.09976
23	124	1.20719
23	125	0.906972
23	156	0.795007
23	160	0.86044
23	168	0.783894
24	17	0.964929
24	116	0.701344
24	131	0.694664
24	133	0.697129
24	145	0.705327
24	169	1.14508
24	170	1.19085
24	171	1.12191
24	173	1.19219
24	177	1.12812
24	178	1.08061
24	179	1.13809
24	180	1.10367
25	11	1.131
25	32	1.02618
25	40	1.09977
25	85	1.10957
25	90	1.17318
25	93	1.17318
25	124	0.741145
25	157	0.731844
25	159	1.18466
25	165	0.838392
25	167	0.832686
25	175	1.20346
25	180	0.923078
26	51	1.09062
26	58	1.16825
26	61	1.10745
26	63	1.24559
26	66	1.10672
26	75	0.865687
26	117	1.10352
26	124	0.742062
26	152	1.10581
26	155	1.17814
26	164	0.829442
26	175	0.739186
26	176	0.892311
27	8	1.03484
27	23	1.12762
27	44	1.15759
27	67	1.14029
27	81	1.16638
27	84	1.16633
27	111	1.17947
27	117	1.13305
27	154	0.861957
27	157	0.678966
27	166	0.795131
27	174	0.91295
27	179	0.821081
28	1	0.947815
28	45	0.706288
28	96	0.719889
28	127	0.705608
28	155	0.682081
28	158	1.20202
28	164	1.18294
28	172	1.16081
28	174	1.09158
28	176	1.14212
28	178	1.08044
28	179	1.13792
28	180	1.1035
29	35	1.10666
29	49	1.14555
29	50	1.14681
29	60	1.11924
29	62	1.119
29	72	0.711103
29	151	1.17363
29	156	1.16057
29	160	0.848075
29	165	1.13279
29	174	0.939664
29	175	0.712105
29	177	0.856749
30	21	1.256
30	33	1.32576
30	48	1.25723
30	53	1.22961
30	70	1.32341
30	77	0.548928
30	113	0.623192
30	141	0.902849
30	153	1.3136
30	157	1.39714
30	162	0.628086
30	165	0.622077
30	180	0.706763
31	1	1.00563
31	23	1.0702
31	67	1.08286
31	81	1.10895
31	84	1.1089
31	98	1.04272
31	112	0.81998
31	119	1.0857
31	133	1.1674
31	134	1.13365
31	163	0.841166
31	169	0.921695
31	170	0.868604
31	177	0.918299
32	10	1.08775
32	25	1.02618
32	46	1.05214
32	85	1.05902
32	90	1.12264
32	93	1.12264
32	103	1.04383
32	138	0.849319
32	158	0.866777
32	159	1.13412
32	172	0.899599
32	173	0.859345
32	175	1.15291
32	179	0.894775
33	9	1.099
33	12	1.30176
33	17	1.05778
33	30	1.32576
33	48	1.18845
33	70	1.25464
33	144	0.788026
33	153	1.24482
33	154	0.8095
33	156	0.70347
33	157	1.32836
33	166	0.742673
33	170	0.727881
33	175	0.632933
34	54	1.13448
34	89	1.29504
34	135	1.21852
34	141	1.233
34	142	1.20959
34	145	1.22784
34	156	1.2563
34	158	0.712948
34	164	0.695513
34	165	1.22852
34	173	0.705516
34	176	0.758382
34	179	0.740947
34	180	0.790066
35	29	1.10666
35	41	1.1468
35	49	1.14554
35	54	1.03874
35	89	1.19931
35	126	0.768692
35	137	0.818945
35	149	0.83328
35	151	1.17362
35	156	1.16056
35	162	0.80952
35	165	1.13278
35	179	0.839078
36	8	1.10802
36	42	0.66113
36	44	1.23078
36	67	1.21348
36	81	1.23957
36	84	1.23951
36	111	1.25265
36	113	0.7016
36	117	1.20623
36	124	1.31366
36	152	0.745373
36	171	0.791739
36	176	0.753488
36	177	0.745006
37	16	0.846524
37	43	0.741871
37	83	0.777098
37	108	0.859282
37	128	0.848255
37	158	1.13942
37	164	1.12034
37	170	1.12807
37	171	1.05914
37	173	1.12942
37	174	1.02897
37	176	1.07952
37	179	1.07532
37	180	1.0409
38	55	1.14753
38	77	0.682243
38	92	1.20404
38	99	0.707649
38	104	0.652686
38	107	1.28943
38	108	1.19843
38	118	0.710732
38	119	1.22484
38	134	1.27279
38	138	1.22795
38	162	1.23617
38	166	0.765009
38	174	0.882828
39	5	1.056
39	47	1.17346
39	59	1.18576
39	74	1.21992
39	79	1.2138
39	80	1.12044
39	82	1.1876
39	91	0.692635
39	100	1.16266
39	111	1.18804
39	138	0.796388
39	143	0.741932
39	158	0.813845
39	165	0.806277
39	177	0.850798
40	10	1.16134
40	11	1.15405
40	25	1.09977
40	46	1.12574
40	85	1.13262
40	90	1.19623
40	93	1.19623
40	129	0.79085
40	146	0.80533
40	159	1.20771
40	163	0.74324
40	165	0.775853
40	167	0.770146
40	172	0.816244
40	175	1.22651
41	16	1.13551
41	35	1.1468
41	54	1.07889
41	60	1.15937
41	62	1.15913
41	89	1.23946
41	151	1.21377
41	156	1.20071
41	161	0.714113
41	164	0.73757
41	165	1.17293
41	166	0.757054
41	171	0.838691
41	178	0.872249
41	179	0.783005
42	36	0.66113
42	107	0.72649
42	120	0.764739
42	139	0.732353
42	140	0.725778
42	145	0.721845
42	164	1.20258
42	168	1.23171
42	169	1.16455
42	173	1.21167
42	176	1.16177
42	177	1.14759
42	178	1.10009
42	179	1.15756
42	180	1.12314
43	13	1.05562
43	37	0.741871
43	59	1.19156
43	64	1.16115
43	73	1.22583
43	80	1.12625
43	82	1.1934
43	88	1.18968
43	93	0.885492
43	100	1.16847
43	111	1.19384
43	148	0.727914
43	171	0.780192
43	172	0.72933
43	176	0.741942
44	4	0.737872
44	8	1.03152
44	27	1.15759
44	36	1.23078
44	52	1.25263
44	67	1.13697
44	72	0.734074
44	81	1.16306
44	84	1.16301
44	117	1.12973
44	124	1.23716
44	151	0.789404
44	162	0.841207
44	167	0.829492
44	175	0.735075
45	28	0.706288
45	87	1.18829
45	101	1.15403
45	105	1.20782
45	109	1.12488
45	114	1.17826
45	120	1.13688
45	122	1.10537
45	127	1.19293
45	138	0.746539
45	146	0.785906
45	153	1.21202
45	172	0.796819
45	179	0.791995
45	180	0.841114
46	7	1.22826
46	15	0.731707
46	32	1.05214
46	40	1.12574
46	85	1.13553
46	90	1.19915
46	93	1.19915
46	99	0.685221
46	103	1.12034
46	159	1.21063
46	169	0.78088
46	171	0.824218
46	174	0.8604
46	175	1.22942
46	176	0.785967
47	5	1.05141
47	39	1.17346
47	73	1.21543
47	74	1.21532
47	79	1.2092
47	80	1.11585
47	82	1.183
47	86	0.886967
47	88	1.17928
47	100	1.15807
47	124	0.703719
47	126	0.766147
47	157	0.694418
47	166	0.810583
47	172	0.841357
48	12	1.23323
48	17	0.989254
48	21	1.1187
48	30	1.25723
48	33	1.18845
48	53	1.0923
48	70	1.18611
48	146	0.788604
48	152	0.804015
48	153	1.1763
48	157	1.25983
48	164	0.74926
48	169	0.807043
48	173	0.759263
48	179	0.794694
49	29	1.14555
49	35	1.14554
49	54	1.07764
49	60	1.15812
49	62	1.15788
49	89	1.2382
49	110	0.796737
49	151	1.21252
49	156	1.19945
49	162	0.744174
49	165	1.17167
49	170	0.73299
49	173	0.738302
49	174	0.865601
49	180	0.822851
50	4	0.731693
50	16	1.13551
50	29	1.14681
50	54	1.07889
50	60	1.15937
50	62	1.15913
50	89	1.23945
50	91	0.715377
50	112	0.775221
50	151	1.21377
50	156	1.20071
50	162	0.835028
50	165	1.17293
50	168	0.788321
50	170	0.823845
51	20	1.09125
51	26	1.09062
51	58	1.157
51	61	1.09621
51	63	1.23435
51	66	1.09548
51	104	0.728514
51	112	0.777422
51	117	1.09228
51	130	1.08808
51	152	1.09457
51	155	1.1669
51	161	0.797895
51	167	0.825514
51	174	0.958656
51	180	0.915906
52	8	1.12988
52	15	0.689601
52	23	1.22266
52	44	1.25263
52	67	1.23533
52	81	1.26142
52	84	1.26137
52	110	0.74943
52	111	1.27451
52	117	1.22809
52	118	0.646197
52	124	1.33552
52	149	0.720627
52	165	0.690858
52	167	0.685152
52	174	0.818294
53	9	1.00285
53	12	1.20561
53	17	0.961631
53	21	1.09107
53	30	1.22961
53	48	1.0923
53	70	1.15849
53	71	1.08124
53	153	1.14867
53	154	0.875628
53	157	1.23221
53	163	0.766572
53	173	0.799321
53	177	0.843706
53	179	0.834752
53	180	0.883871
54	34	1.13448
54	35	1.03874
54	41	1.07889
54	49	1.07764
54	50	1.07889
54	60	1.05132
54	62	1.05108
54	77	0.817713
54	89	1.1314
54	151	1.10572
54	156	1.09265
54	157	0.784314
54	160	0.92671
54	161	0.857537
54	162	0.896871
54	165	1.06487
54	178	1.01567
55	19	0.646136
55	38	1.14753
55	76	1.02764
55	78	1.13341
55	83	1.0737
55	103	1.04138
55	107	1.11262
55	119	1.04803
55	129	0.857154
55	130	1.03375
55	133	1.12974
55	134	1.09598
55	162	1.05936
55	171	0.933411
55	174	0.969593
55	176	0.89516
55	178	0.966969
56	75	0.740759
56	94	1.21803
56	101	1.17619
56	105	1.22998
56	109	1.14704
56	114	1.20042
56	115	1.1922
56	120	1.15904
56	122	1.12753
56	127	1.21509
56	137	0.729814
56	146	0.743858
56	150	0.841185
56	152	0.759268
56	153	1.23418
56	169	0.762296
56	177	0.758901
57	18	1.17591
57	86	0.844195
57	97	1.23574
57	102	1.17223
57	124	0.660947
57	128	1.15873
57	132	1.20614
57	135	1.18896
57	136	1.19161
57	139	1.20089
57	142	1.18002
57	145	1.19828
57	152	0.803082
57	157	0.651646
57	166	0.767811
57	171	0.849448
57	173	0.758331
58	20	1.16888
58	26	1.16825
58	51	1.157
58	61	1.17383
58	63	1.31197
58	66	1.1731
58	117	1.16991
58	130	1.1657
58	148	0.787568
58	152	1.17219
58	155	1.24452
58	157	0.642044
58	168	0.707894
58	170	0.743418
58	173	0.748729
58	178	0.873404
58	180	0.833279
59	39	1.18576
59	43	1.19156
59	64	1.16305
59	73	1.22773
59	74	1.22762
59	79	1.2215
59	80	1.12815
59	82	1.1953
59	88	1.19157
59	100	1.17036
59	118	0.719351
59	146	0.793489
59	149	0.793781
59	156	0.734426
59	166	0.773629
59	167	0.758306
59	173	0.764149
60	16	1.10794
60	29	1.11924
60	41	1.15937
60	49	1.15812
60	50	1.15937
60	54	1.05132
60	62	1.13156
60	86	0.859561
60	89	1.21188
60	126	0.738741
60	147	0.823575
60	151	1.1862
60	156	1.17314
60	161	0.740235
60	165	1.14536
60	170	0.768385
60	178	0.898372
60	179	0.809127
61	20	1.10808
61	26	1.10745
61	51	1.09621
61	58	1.17383
61	63	1.25118
61	65	1.24908
61	66	1.11231
61	91	0.710008
61	117	1.10911
61	130	1.10491
61	146	0.853127
61	152	1.1114
61	155	1.18373
61	162	0.829659
61	168	0.782952
61	169	0.871566
61	172	0.864041
61	175	0.723527
62	16	1.1077
62	29	1.119
62	41	1.15913
62	49	1.15788
62	50	1.15913
62	54	1.05108
62	60	1.13156
62	89	1.21164
62	137	0.829248
62	151	1.18596
62	156	1.1729
62	157	0.707266
62	161	0.78049
62	162	0.819824
62	165	1.14512
62	168	0.773116
62	176	0.866817
62	177	0.858335
63	15	0.712583
63	20	1.24622
63	26	1.24559
63	51	1.23435
63	58	1.31197
63	61	1.25118
63	66	1.25045
63	91	0.600198
63	117	1.24725
63	130	1.24305
63	137	0.729274
63	144	0.76881
63	152	1.24954
63	154	0.790284
63	155	1.32187
63	157	0.607292
63	160	0.749688
63	161	0.680515
64	5	1.0333
64	13	1.02712
64	43	1.16115
64	59	1.16305
64	73	1.19732
64	74	1.19721
64	79	1.19109
64	82	1.1649
64	88	1.16117
64	100	1.13996
64	111	1.16534
64	138	0.797384
64	149	0.837042
64	160	0.84312
64	161	0.773948
64	163	0.77466
64	165	0.807273
64	170	0.802098
65	61	1.24908
65	66	1.24835
65	94	1.29274
65	113	0.71627
65	114	1.27513
65	120	1.23376
65	122	1.20224
65	127	1.28981
65	129	0.730153
65	130	1.24095
65	150	0.841961
65	152	1.24744
65	155	1.31977
65	157	0.608608
65	163	0.682543
65	169	0.763072
65	170	0.709981
65	175	0.615033
66	20	1.10735
66	26	1.10672
66	51	1.09548
66	58	1.1731
66	61	1.11231
66	63	1.25045
66	65	1.24835
66	104	0.688434
66	117	1.10838
66	130	1.10418
66	146	0.820618
66	150	0.917946
66	152	1.11067
66	155	1.183
66	165	0.791141
66	166	0.800758
66	173	0.791277
66	179	0.826708
67	8	1.01422
67	23	1.107
67	27	1.14029
67	31	1.08286
67	36	1.21348
67	44	1.13697
67	52	1.23533
67	81	1.14576
67	84	1.14571
67	111	1.15885
67	112	0.756814
67	124	1.21986
67	160	0.84646
67	162	0.816622
67	164	0.800746
67	168	0.769915
67	175	0.71049
67	178	0.935425
68	76	1.10028
68	78	1.20605
68	92	1.09987
68	106	1.1888
68	107	1.18526
68	108	1.09425
68	119	1.12067
68	130	1.10639
68	133	1.20237
68	134	1.16862
68	146	0.808315
68	148	0.817812
68	150	0.905642
68	162	1.132
68	168	0.738139
68	175	0.678714
68	177	0.823358
68	180	0.863523
69	87	1.16424
69	94	1.17182
69	101	1.12998
69	105	1.18377
69	109	1.10083
69	114	1.15421
69	115	1.14599
69	120	1.11284
69	122	1.08132
69	124	0.712165
69	127	1.16888
69	153	1.18798
69	162	0.815421
69	164	0.799545
69	172	0.849803
69	175	0.709289
69	177	0.853933
69	180	0.894098
70	9	1.09666
70	12	1.29941
70	17	1.05544
70	21	1.18488
70	30	1.32341
70	33	1.25464
70	48	1.18611
70	53	1.15849
70	71	1.17505
70	104	0.628212
70	147	0.780934
70	150	0.857723
70	153	1.24248
70	157	1.32602
70	166	0.740535
70	168	0.69022
70	174	0.858354
70	175	0.630795
70	176	0.783921
71	9	1.01941
71	17	0.978192
71	53	1.08124
71	70	1.17505
71	109	1.07809
71	114	1.13147
71	115	1.12325
71	120	1.09009
71	122	1.05858
71	127	1.14614
71	143	0.785472
71	149	0.879585
71	153	1.16523
71	157	1.24877
71	162	0.855825
71	167	0.84411
71	175	0.749693
71	179	0.885383
71	180	0.934502
72	14	0.6601
72	23	0.723468
72	29	0.711103
72	44	0.734074
72	89	0.619182
72	95	0.753486
72	101	0.711398
72	121	0.652045
72	167	1.24034
72	169	1.21759
72	170	1.26336
72	171	1.19442
72	173	1.2647
72	174	1.16426
72	176	1.21481
72	177	1.20063
72	178	1.15313
72	179	1.2106
72	180	1.17618
73	13	1.09179
73	43	1.22583
73	47	1.21543
73	59	1.22773
73	64	1.19732
73	74	1.26189
73	79	1.25577
73	80	1.16242
73	82	1.22957
73	88	1.22585
73	100	1.20464
73	154	0.789202
73	156	0.683173
73	160	0.748606
73	165	0.712758
73	171	0.804012
73	172	0.75315
73	173	0.712895
73	176	0.765761
74	5	1.09787
74	19	0.539679
74	39	1.21992
74	47	1.21532
74	59	1.22762
74	64	1.19721
74	73	1.26189
74	77	0.662551
74	79	1.25566
74	80	1.16231
74	88	1.22574
74	100	1.20453
74	111	1.22991
74	144	0.79067
74	154	0.812144
74	166	0.745317
74	173	0.735837
74	176	0.788703
74	178	0.860512
75	26	0.865687
75	56	0.740759
75	115	0.757794
75	117	0.819927
75	118	1.23489
75	121	0.779548
75	130	0.840172
75	159	0.726922
75	161	1.15162
75	163	1.1556
75	167	1.11978
75	169	1.09703
75	173	1.14415
75	174	1.0437
75	176	1.09425
75	177	1.08007
75	178	1.03257
75	179	1.09004
75	180	1.05562
76	1	1.02489
76	55	1.02764
76	68	1.10028
76	83	1.13062
76	92	1.08415
76	98	1.06198
76	106	1.17308
76	107	1.16954
76	108	1.07854
76	133	1.18666
76	134	1.1529
76	137	0.840447
76	144	0.879982
76	158	0.832581
76	162	1.11628
76	163	0.7924
76	164	0.815146
76	171	0.916266
76	179	0.86058
77	8	0.879822
77	30	0.548928
77	38	0.682243
77	54	0.817713
77	74	0.662551
77	100	0.69393
77	141	0.690974
77	150	1.17841
77	159	0.627394
77	160	1.23249
77	163	1.2715
77	167	1.23568
77	171	1.18976
77	173	1.26004
77	176	1.21014
77	177	1.19597
77	178	1.14846
77	179	1.20594
77	180	1.17152
78	55	1.13341
78	68	1.20605
78	83	1.23639
78	92	1.18992
78	98	1.16774
78	103	1.20407
78	108	1.1843
78	110	0.755214
78	119	1.21072
78	133	1.29242
78	134	1.25867
78	154	0.773086
78	156	0.667056
78	162	1.22205
78	166	0.706259
78	170	0.691467
78	174	0.824078
78	178	0.821454
78	179	0.732209
79	4	0.636609
79	13	1.08556
79	39	1.2138
79	47	1.2092
79	59	1.2215
79	64	1.19109
79	73	1.25577
79	74	1.25566
79	82	1.22334
79	88	1.21962
79	100	1.19841
79	111	1.22379
79	118	0.689275
79	144	0.788905
79	160	0.769783
79	164	0.724068
79	171	0.825189
79	173	0.734072
79	179	0.769503
80	5	0.998393
80	13	0.99221
80	19	0.664942
80	39	1.12044
80	43	1.12625
80	47	1.11585
80	59	1.12815
80	73	1.16242
80	74	1.16231
80	82	1.12999
80	88	1.12626
80	91	0.747321
80	100	1.10505
80	111	1.13043
80	143	0.796618
80	146	0.89044
80	169	0.908879
80	174	0.988399
80	177	0.905484
81	8	1.04031
81	23	1.1331
81	27	1.16638
81	31	1.10895
81	36	1.23957
81	44	1.16306
81	52	1.26142
81	67	1.14576
81	84	1.1718
81	111	1.18494
81	117	1.13852
81	124	1.24595
81	138	0.781975
81	161	0.75854
81	163	0.759252
81	166	0.801482
81	167	0.786158
81	168	0.751166
81	170	0.78669
81	176	0.844867
82	5	1.06555
82	13	1.05937
82	39	1.1876
82	43	1.1934
82	47	1.183
82	59	1.1953
82	64	1.1649
82	73	1.22957
82	79	1.22334
82	80	1.12999
82	88	1.19342
82	100	1.17221
82	104	0.668541
82	137	0.786682
82	150	0.898053
82	161	0.737923
82	165	0.771248
82	172	0.811639
82	173	0.771385
82	176	0.824251
83	37	0.777098
83	55	1.0737
83	76	1.13062
83	78	1.23639
83	98	1.10803
83	106	1.21914
83	107	1.2156
83	108	1.12459
83	119	1.15101
83	133	1.23271
83	134	1.19896
83	138	1.15412
83	147	0.774182
83	148	0.763141
83	162	1.16234
83	172	0.764557
83	174	0.851602
83	176	0.777169
83	177	0.768687
83	179	0.759733
84	8	1.04026
84	23	1.13304
84	27	1.16633
84	31	1.1089
84	36	1.23951
84	44	1.16301
84	52	1.26137
84	67	1.14571
84	81	1.1718
84	111	1.18489
84	117	1.13846
84	124	1.2459
84	148	0.787461
84	154	0.824929
84	158	0.756054
84	164	0.738619
84	169	0.796402
84	170	0.743311
84	171	0.839739
84	179	0.784053
85	7	1.23514
85	10	1.17114
85	11	1.16385
85	25	1.10957
85	32	1.05902
85	40	1.13262
85	46	1.13553
85	90	1.20603
85	93	1.20603
85	99	0.727619
85	103	1.12722
85	118	0.730701
85	146	0.80484
85	157	0.668814
85	159	1.21751
85	162	0.781371
85	171	0.866616
85	175	1.2363
85	176	0.828365
85	180	0.860048
86	11	0.793033
86	47	0.886967
86	57	0.844195
86	60	0.859561
86	100	0.85308
86	134	0.810777
86	138	1.09976
86	140	0.851134
86	158	1.12346
86	163	1.12491
86	166	1.11153
86	168	1.1335
86	170	1.11211
86	172	1.08224
86	174	1.01301
86	176	1.06356
86	177	1.04938
86	178	1.00188
86	179	1.05935
86	180	1.02493
87	45	1.18829
87	69	1.16424
87	94	1.19278
87	101	1.15094
87	105	1.20472
87	109	1.12179
87	110	0.851856
87	114	1.17516
87	115	1.16695
87	118	0.748623
87	120	1.13379
87	122	1.10227
87	127	1.18984
87	148	0.832259
87	153	1.20893
87	157	0.686736
87	161	0.759959
87	162	0.799293
87	163	0.760671
87	179	0.828851
88	5	1.06182
88	13	1.05564
88	43	1.18968
88	47	1.17928
88	59	1.19157
88	64	1.16117
88	73	1.22585
88	74	1.22574
88	79	1.21962
88	80	1.12626
88	82	1.19342
88	100	1.16848
88	110	0.791783
88	129	0.748208
88	148	0.772186
88	170	0.728036
88	173	0.733347
88	174	0.860647
88	177	0.777732
88	178	0.858023
89	16	1.18802
89	34	1.29504
89	35	1.19931
89	41	1.23946
89	49	1.2382
89	50	1.23945
89	54	1.1314
89	60	1.21188
89	62	1.21164
89	72	0.619182
89	125	0.802686
89	147	0.770322
89	148	0.759282
89	151	1.26628
89	154	0.79675
89	156	1.25322
89	162	0.726316
89	165	1.22544
89	170	0.715132
89	172	0.760698
89	175	0.620184
90	7	1.29876
90	10	1.23475
90	11	1.22747
90	25	1.17318
90	32	1.12264
90	40	1.19623
90	46	1.19915
90	85	1.20603
90	93	1.26965
90	103	1.19084
90	149	0.734394
90	152	0.749512
90	158	0.712193
90	159	1.28113
90	162	0.710633
90	168	0.663926
90	169	0.75254
90	172	0.745015
90	173	0.704761
90	175	1.29992
90	178	0.829436
91	39	0.692635
91	50	0.715377
91	61	0.710008
91	63	0.600198
91	80	0.747321
91	98	0.73665
91	127	0.642106
91	130	0.700152
91	137	1.24404
91	155	0.618579
91	161	1.26439
91	167	1.23255
91	170	1.25557
91	171	1.18663
91	173	1.25691
91	175	1.34253
91	176	1.20701
91	177	1.19284
91	178	1.14533
91	179	1.20281
91	180	1.16839
92	38	1.20404
92	68	1.09987
92	76	1.08415
92	78	1.18992
92	98	1.06156
92	106	1.17267
92	107	1.16912
92	108	1.07812
92	119	1.10454
92	126	0.784169
92	130	1.09025
92	133	1.18624
92	134	1.15249
92	137	0.834422
92	148	0.857963
92	162	1.11587
92	163	0.786375
92	164	0.809121
92	167	0.813282
92	170	0.813813
92	176	0.87199
93	7	1.29876
93	10	1.23476
93	11	1.22747
93	25	1.17318
93	32	1.12264
93	40	1.19623
93	43	0.885492
93	46	1.19915
93	85	1.20603
93	90	1.26965
93	103	1.19084
93	113	0.681019
93	124	0.582658
93	159	1.28113
93	165	0.679904
93	170	0.67473
93	171	0.771158
93	172	0.720296
93	175	1.29992
93	178	0.804716
93	180	0.76459
94	56	1.21803
94	65	1.29274
94	69	1.17182
94	87	1.19278
94	101	1.15852
94	105	1.21231
94	109	1.12937
94	114	1.18275
94	115	1.17453
94	120	1.14137
94	122	1.10986
94	127	1.19742
94	144	0.794771
94	149	0.769571
94	153	1.21651
94	158	0.74737
94	160	0.775649
94	169	0.787718
94	172	0.780193
94	175	0.639679
94	177	0.784323
94	180	0.824488
95	72	0.753486
95	97	1.12773
95	104	0.751904
95	121	1.11369
95	123	1.11219
95	128	1.05072
95	132	1.09813
95	135	1.08095
95	136	1.0836
95	139	1.09288
95	140	1.0966
95	141	1.09543
95	142	1.07201
95	145	1.09027
95	148	0.893586
95	155	1.1387
95	159	1.15779
95	163	0.821998
95	164	0.844743
95	170	0.849436
95	174	0.982046
95	180	0.939296
96	28	0.719889
96	102	1.15336
96	112	0.716231
96	116	1.18021
96	118	0.725368
96	121	1.20282
96	128	1.13985
96	131	1.17786
96	132	1.18726
96	139	1.18201
96	140	1.18573
96	141	1.18456
96	142	1.16114
96	145	1.1794
96	155	1.22783
96	159	1.24692
96	160	0.805877
96	161	0.736704
96	163	0.737416
96	173	0.770166
96	179	0.805596
96	180	0.854715
97	57	1.23574
97	95	1.12773
97	116	1.19584
97	124	0.701757
97	128	1.15548
97	131	1.19348
97	132	1.20289
97	135	1.18571
97	136	1.18836
97	138	0.789115
97	139	1.19763
97	140	1.20135
97	142	1.17677
97	145	1.19503
97	146	1.15337
97	151	0.75321
97	156	0.769418
97	158	0.806572
97	167	0.793298
97	168	0.758306
97	175	0.698881
97	179	0.834571
98	15	0.849035
98	31	1.04272
98	76	1.06198
98	78	1.16774
98	83	1.10803
98	91	0.73665
98	92	1.06156
98	99	0.802549
98	103	1.07571
98	106	1.15049
98	107	1.14695
98	108	1.05595
98	119	1.08236
98	130	1.06808
98	133	1.16407
98	134	1.13031
98	162	1.09369
98	165	0.850292
98	167	0.844586
98	169	0.898208
98	179	0.885859
98	180	0.934978
99	5	0.915425
99	9	0.883365
99	10	0.697164
99	38	0.707649
99	46	0.685221
99	85	0.727619
99	98	0.802549
99	129	1.17765
99	134	0.677032
99	142	0.734835
99	154	1.12976
99	156	1.20917
99	160	1.15387
99	162	1.17594
99	165	1.1814
99	166	1.1795
99	167	1.15706
99	170	1.18007
99	173	1.18142
99	174	1.08098
99	178	1.06984
99	179	1.12732
99	180	1.0929
100	5	1.04061
100	13	1.03443
100	39	1.16266
100	43	1.16847
100	47	1.15807
100	59	1.17036
100	64	1.13996
100	73	1.20464
100	74	1.20453
100	77	0.69393
100	79	1.19841
100	80	1.10505
100	82	1.17221
100	86	0.85308
100	88	1.16848
100	111	1.17265
100	125	0.849458
100	146	0.796556
100	156	0.737493
100	163	0.734466
100	171	0.858333
100	177	0.8116
100	179	0.802646
101	22	1.29781
101	45	1.15403
101	56	1.17619
101	69	1.12998
101	72	0.711398
101	87	1.15094
101	94	1.15852
101	105	1.17047
101	109	1.08753
101	114	1.14091
101	115	1.13269
101	120	1.09953
101	122	1.06802
101	127	1.15558
101	148	0.851498
101	151	0.766729
101	153	1.17467
101	158	0.820091
101	165	0.812522
101	168	0.771824
101	175	0.712399
101	176	0.865525
101	177	0.857043
102	2	0.722123
102	6	1.1839
102	57	1.17223
102	96	1.15336
102	121	1.15494
102	123	1.15344
102	129	0.819922
102	131	1.12997
102	136	1.12485
102	139	1.13412
102	140	1.13784
102	141	1.13667
102	142	1.11326
102	145	1.13152
102	155	1.17995
102	156	0.775339
102	157	0.698377
102	159	1.19904
102	165	0.804925
102	166	0.814542
102	172	0.845316
102	177	0.849446
102	179	0.840492
103	3	0.867518
103	32	1.04383
103	46	1.12034
103	55	1.04138
103	78	1.20407
103	85	1.12722
103	90	1.19084
103	93	1.19084
103	98	1.07571
103	106	1.18682
103	133	1.20039
103	134	1.16664
103	143	0.683327
103	150	0.874477
103	159	1.20232
103	162	1.13002
103	166	0.757289
103	168	0.706974
103	175	1.22111
103	177	0.792193
103	178	0.872484
103	179	0.783239
103	180	0.832358
104	7	0.551161
104	13	0.830674
104	15	1.29282
104	38	0.652686
104	51	0.728514
104	66	0.688434
104	70	0.628212
104	82	0.668541
104	95	0.751904
104	107	0.663138
104	132	0.668359
104	150	1.20518
104	161	1.29428
104	163	1.29826
104	170	1.28546
104	171	1.21652
104	172	1.2556
104	174	1.18636
104	176	1.23691
104	177	1.22274
104	178	1.17523
104	179	1.2327
104	180	1.19829
105	22	1.3516
105	45	1.20782
105	56	1.22998
105	69	1.18377
105	87	1.20472
105	94	1.21231
105	101	1.17047
105	109	1.14132
105	113	0.748288
105	114	1.19469
105	115	1.18648
105	120	1.15332
105	122	1.1218
105	127	1.20937
105	129	0.76217
105	138	0.737284
105	153	1.22846
105	160	0.78302
105	161	0.713848
105	162	0.753182
105	163	0.71456
105	165	0.747173
105	177	0.791694
105	179	0.78274
106	15	0.750625
106	68	1.1888
106	76	1.17308
106	83	1.21914
106	92	1.17267
106	98	1.15049
106	103	1.18682
106	107	1.25806
106	108	1.16705
106	112	0.698083
106	119	1.19347
106	130	1.17919
106	133	1.27517
106	134	1.24142
106	138	1.19658
106	146	0.781359
106	151	0.706088
106	152	0.79677
106	157	0.645334
106	161	0.718557
106	162	1.2048
106	164	0.742015
106	174	0.879318
106	179	0.787449
107	38	1.28943
107	42	0.72649
107	55	1.11262
107	68	1.18526
107	76	1.16954
107	83	1.2156
107	92	1.16912
107	98	1.14695
107	104	0.663138
107	106	1.25806
107	108	1.16351
107	119	1.18993
107	124	0.668598
107	133	1.27163
107	134	1.23788
107	138	1.19304
107	161	0.73252
107	162	1.20126
107	163	0.733232
107	164	0.755978
107	167	0.760139
107	168	0.725147
107	169	0.813761
107	178	0.890657
108	1	1.01886
108	37	0.859282
108	38	1.19843
108	68	1.09425
108	76	1.07854
108	78	1.1843
108	83	1.12459
108	92	1.07812
108	98	1.05595
108	106	1.16705
108	107	1.16351
108	119	1.09892
108	126	0.771531
108	133	1.18063
108	134	1.14687
108	138	1.10203
108	147	0.856366
108	149	0.836119
108	162	1.11025
108	164	0.796483
108	167	0.800644
108	171	0.897604
108	172	0.846741
108	173	0.806487
109	19	0.67599
109	22	1.26866
109	45	1.12488
109	56	1.14704
109	69	1.10083
109	71	1.07809
109	87	1.12179
109	94	1.12937
109	101	1.08753
109	105	1.14132
109	114	1.11176
109	115	1.10354
109	120	1.07038
109	122	1.03887
109	127	1.12643
109	149	0.90178
109	151	0.826217
109	153	1.14552
109	161	0.838686
109	163	0.839398
109	164	0.862143
109	165	0.872011
109	166	0.881627
109	175	0.771887
110	11	0.765604
110	49	0.796737
110	52	0.74943
110	78	0.755214
110	87	0.851856
110	88	0.791783
110	111	0.779465
110	115	0.789987
110	141	0.822696
110	143	1.19219
110	160	1.11979
110	163	1.1588
110	164	1.13826
110	166	1.14542
110	168	1.16739
110	169	1.10023
110	170	1.146
110	172	1.11613
110	173	1.14734
110	176	1.09744
110	177	1.08327
110	178	1.03576
110	179	1.09324
110	180	1.05882
111	3	0.840739
111	27	1.17947
111	36	1.25265
111	39	1.18804
111	43	1.19384
111	52	1.27451
111	64	1.16534
111	67	1.15885
111	74	1.22991
111	79	1.22379
111	80	1.13043
111	81	1.18494
111	84	1.18489
111	100	1.17265
111	110	0.779465
111	124	1.25904
111	138	0.711004
111	151	0.6751
111	152	0.765781
111	158	0.728462
111	169	0.768809
111	175	0.62077
111	176	0.773896
111	180	0.805579
112	16	0.739793
112	31	0.81998
112	50	0.775221
112	51	0.777422
112	67	0.756814
112	96	0.716231
112	106	0.698083
112	113	1.25178
112	136	0.737905
112	142	0.72878
112	150	1.12782
112	154	1.15779
112	159	0.646745
112	161	1.21692
112	163	1.22091
112	167	1.18509
112	168	1.2295
112	169	1.16234
112	171	1.13917
112	172	1.17824
112	174	1.109
112	177	1.14538
112	178	1.09787
112	179	1.15535
112	180	1.12093
113	30	0.623192
113	36	0.7016
113	65	0.71627
113	93	0.681019
113	105	0.748288
113	112	1.25178
113	120	0.805209
113	135	0.768171
113	137	1.18842
113	140	0.766247
113	141	0.765238
113	145	0.762314
113	160	1.17374
113	161	1.20877
113	164	1.19221
113	167	1.17693
113	169	1.15418
113	170	1.19995
113	171	1.13101
113	172	1.17008
113	173	1.20129
113	174	1.10085
113	178	1.08971
113	179	1.14719
113	180	1.11277
114	45	1.17826
114	56	1.20042
114	65	1.27513
114	69	1.15421
114	71	1.13147
114	87	1.17516
114	94	1.18275
114	101	1.14091
114	105	1.19469
114	109	1.11176
114	115	1.15691
114	120	1.12376
114	122	1.09224
114	127	1.17981
114	150	0.884372
114	153	1.1989
114	156	0.727981
114	157	0.651019
114	160	0.793414
114	166	0.767184
114	169	0.805483
114	172	0.797958
114	173	0.757703
114	176	0.810569
114	180	0.842253
115	2	1.2385
115	22	1.31382
115	56	1.1922
115	69	1.14599
115	71	1.12325
115	75	0.757794
115	87	1.16695
115	94	1.17453
115	101	1.13269
115	105	1.18648
115	109	1.10354
115	110	0.789987
115	114	1.15691
115	120	1.11554
115	122	1.08402
115	125	0.813794
115	127	1.17159
115	148	0.770391
115	153	1.19068
115	167	0.725709
115	169	0.779331
115	170	0.726241
115	176	0.784418
115	178	0.856227
115	179	0.766983
116	2	0.674415
116	14	1.20085
116	24	0.701344
116	96	1.18021
116	97	1.19584
116	118	0.712556
116	128	1.11883
116	131	1.15683
116	132	1.16623
116	135	1.14905
116	139	1.16098
116	140	1.1647
116	141	1.16353
116	142	1.14012
116	145	1.15837
116	146	1.11672
116	155	1.2068
116	159	1.2259
116	162	0.763226
116	170	0.752042
116	171	0.84847
116	173	0.757353
116	174	0.884653
116	178	0.882029
116	179	0.792784
117	8	1.00698
117	23	1.09976
117	26	1.10352
117	27	1.13305
117	36	1.20623
117	44	1.12973
117	51	1.09228
117	52	1.22809
117	58	1.16991
117	61	1.10911
117	63	1.24725
117	66	1.10838
117	75	0.819927
117	81	1.13852
117	84	1.13846
117	129	0.808545
117	146	0.823025
117	147	0.843564
117	152	1.10747
117	155	1.1798
117	157	0.687
117	160	0.829396
117	166	0.803165
117	175	0.693425
117	178	0.91836
117	180	0.878234
118	12	0.638199
118	38	0.710732
118	52	0.646197
118	59	0.719351
118	75	1.23489
118	79	0.689275
118	85	0.730701
118	87	0.748623
118	96	0.725368
118	116	0.712556
118	140	0.720472
118	153	0.691662
118	161	1.25718
118	163	1.26116
118	166	1.24778
118	168	1.26975
118	169	1.20259
118	170	1.24836
118	171	1.17942
118	172	1.2185
118	173	1.24971
118	174	1.14926
118	177	1.18563
118	178	1.13813
118	179	1.1956
118	180	1.16118
119	1	1.04527
119	31	1.0857
119	38	1.22484
119	55	1.04803
119	68	1.12067
119	78	1.21072
119	83	1.15101
119	92	1.10454
119	98	1.08236
119	106	1.19347
119	107	1.18993
119	108	1.09892
119	133	1.20704
119	134	1.17329
119	138	1.12845
119	144	0.840439
119	152	0.830357
119	162	1.13667
119	165	0.785469
119	168	0.744771
119	169	0.833385
119	170	0.780294
119	171	0.876723
119	173	0.785606
119	176	0.838472
119	179	0.821036
120	22	1.28066
120	42	0.764739
120	45	1.13688
120	56	1.15904
120	65	1.23376
120	69	1.11284
120	71	1.09009
120	87	1.13379
120	94	1.14137
120	101	1.09953
120	105	1.15332
120	109	1.07038
120	113	0.805209
120	114	1.12376
120	115	1.11554
120	122	1.05087
120	124	0.706847
120	127	1.13844
120	137	0.819528
120	143	0.73975
120	149	0.833863
120	153	1.15753
120	162	0.810103
120	168	0.763396
120	171	0.895348
120	178	0.928906
121	72	0.652045
121	75	0.779548
121	95	1.11369
121	96	1.20282
121	102	1.15494
121	123	1.2029
121	125	0.835549
121	128	1.14144
121	131	1.17944
121	132	1.18884
121	135	1.17166
121	136	1.17431
121	139	1.18359
121	140	1.18731
121	141	1.18614
121	142	1.16272
121	143	0.688825
121	145	1.18098
121	147	0.803185
121	149	0.782939
121	155	1.22941
121	159	1.2485
121	162	0.759179
121	171	0.844423
121	175	0.653047
121	176	0.806172
121	177	0.797691
122	2	1.17383
122	22	1.24914
122	45	1.10537
122	56	1.12753
122	65	1.20224
122	69	1.08132
122	71	1.05858
122	87	1.10227
122	94	1.10986
122	101	1.06802
122	105	1.1218
122	109	1.03887
122	114	1.09224
122	115	1.08402
122	120	1.05087
122	124	0.75657
122	127	1.10692
122	137	0.86925
122	138	0.843927
122	147	0.903832
122	153	1.12601
122	154	0.93026
122	156	0.824231
122	157	0.747268
122	164	0.843949
122	168	0.813118
122	176	0.906819
123	14	1.22196
123	95	1.11219
123	102	1.15344
123	121	1.2029
123	128	1.13994
123	131	1.17794
123	132	1.18734
123	135	1.17016
123	136	1.17281
123	139	1.18209
123	140	1.18581
123	141	1.18464
123	142	1.16123
123	144	0.796874
123	145	1.17948
123	152	0.786792
123	155	1.22791
123	156	0.712319
123	157	0.635356
123	159	1.24701
123	162	0.747914
123	167	0.736198
123	171	0.833158
123	173	0.742041
123	177	0.786425
123	178	0.866716
123	180	0.826591
124	23	1.20719
124	25	0.741145
124	26	0.742062
124	36	1.31366
124	44	1.23716
124	47	0.703719
124	52	1.33552
124	57	0.660947
124	67	1.21986
124	69	0.712165
124	81	1.24595
124	84	1.2459
124	93	0.582658
124	97	0.701757
124	107	0.668598
124	111	1.25904
124	120	0.706847
124	122	0.75657
124	130	0.716547
124	153	0.639076
124	161	1.24698
124	163	1.25096
124	168	1.25955
124	174	1.13906
124	177	1.17543
124	178	1.12793
124	179	1.1854
124	180	1.15098
125	7	0.736246
125	20	0.855663
125	23	0.906972
125	89	0.802686
125	100	0.849458
125	115	0.813794
125	121	0.835549
125	126	1.159
125	131	0.832915
125	135	0.849435
125	150	1.04539
125	154	1.07536
125	155	0.8146
125	158	1.13702
125	163	1.13847
125	164	1.11793
125	166	1.12509
125	168	1.14706
125	169	1.0799
125	171	1.05673
125	172	1.09581
125	173	1.12702
125	174	1.02657
125	176	1.07712
125	177	1.06294
125	178	1.01544
125	179	1.07291
125	180	1.03849
126	35	0.768692
126	47	0.766147
126	60	0.738741
126	92	0.784169
126	108	0.771531
126	125	1.159
126	130	0.778975
126	132	0.736246
126	133	0.718182
126	139	0.736889
126	140	0.730314
126	144	1.17395
126	154	1.13928
126	159	0.665725
126	161	1.19842
126	164	1.18186
126	166	1.18902
126	167	1.16658
126	169	1.14383
126	170	1.1896
126	171	1.12066
126	172	1.15973
126	173	1.19095
126	176	1.14105
126	177	1.12687
126	178	1.07937
126	179	1.13684
126	180	1.10242
127	2	1.2614
127	22	1.33671
127	28	0.705608
127	45	1.19293
127	56	1.21509
127	65	1.28981
127	69	1.16888
127	71	1.14614
127	87	1.18984
127	91	0.642106
127	94	1.19742
127	101	1.15558
127	105	1.20937
127	109	1.12643
127	114	1.17981
127	115	1.17159
127	120	1.13844
127	122	1.10692
127	137	0.771182
127	150	0.882553
127	151	0.709954
127	153	1.21358
127	158	0.763316
127	164	0.745881
127	166	0.765365
127	168	0.71505
127	170	0.750573
127	172	0.796139
127	179	0.791315
128	37	0.848255
128	57	1.15873
128	95	1.05072
128	96	1.13985
128	97	1.15548
128	116	1.11883
128	121	1.14144
128	123	1.13994
128	131	1.11647
128	132	1.12588
128	135	1.1087
128	136	1.11135
128	139	1.12062
128	140	1.12434
128	141	1.12317
128	142	1.09976
128	145	1.11802
128	147	0.845339
128	155	1.16645
128	158	0.802891
128	159	1.18554
128	160	0.831171
128	167	0.789617
128	170	0.790148
128	173	0.79546
128	175	0.6952
128	177	0.839844
128	178	0.920135
128	180	0.880009
129	10	0.759905
129	40	0.79085
129	55	0.857154
129	65	0.730153
129	88	0.748208
129	99	1.17765
129	102	0.819922
129	105	0.76217
129	117	0.808545
129	132	0.786062
129	139	0.786705
129	150	1.07357
129	155	0.747218
129	160	1.12764
129	161	1.16267
129	163	1.16665
129	166	1.15327
129	167	1.13083
129	168	1.17524
129	170	1.15385
129	171	1.08491
129	172	1.12398
129	173	1.15519
129	174	1.05475
129	175	1.24081
129	176	1.1053
129	178	1.04362
129	179	1.10109
129	180	1.06667
130	1	1.03099
130	20	1.09995
130	51	1.08808
130	55	1.03375
130	58	1.1657
130	61	1.10491
130	63	1.24305
130	65	1.24095
130	66	1.10418
130	68	1.10639
130	75	0.840172
130	91	0.700152
130	92	1.09025
130	98	1.06808
130	106	1.17919
130	124	0.716547
130	126	0.778975
130	133	1.19276
130	134	1.15901
130	138	1.11417
130	147	0.863809
130	152	1.10327
130	155	1.1756
130	164	0.803926
130	167	0.808087
130	172	0.854185
130	173	0.81393
130	177	0.858314
130	180	0.89848
131	2	0.667735
131	6	1.20841
131	24	0.694664
131	96	1.17786
131	97	1.19348
131	102	1.12997
131	116	1.15683
131	121	1.17944
131	123	1.17794
131	125	0.832915
131	128	1.11647
131	132	1.16388
131	135	1.1467
131	136	1.14935
131	139	1.15862
131	140	1.16234
131	141	1.16118
131	142	1.13776
131	145	1.15602
131	154	0.82698
131	155	1.20445
131	156	0.72095
131	159	1.22354
131	162	0.756545
131	166	0.760153
131	168	0.709838
131	170	0.745361
131	174	0.877972
131	178	0.875348
131	180	0.835222
132	2	0.688264
132	57	1.20614
132	95	1.09813
132	96	1.18726
132	97	1.20289
132	104	0.668359
132	116	1.16623
132	121	1.18884
132	123	1.18734
132	126	0.736246
132	128	1.12588
132	129	0.786062
132	131	1.16388
132	135	1.1561
132	136	1.15875
132	139	1.16803
132	140	1.17175
132	141	1.17058
132	142	1.14716
132	145	1.16542
132	146	1.12377
132	147	0.821081
132	151	0.725272
132	155	1.21385
132	156	0.741479
132	158	0.778633
132	167	0.765359
132	174	0.898501
132	179	0.806632
132	180	0.855751
133	1	1.12698
133	24	0.697129
133	31	1.1674
133	55	1.12974
133	68	1.20237
133	76	1.18666
133	78	1.29242
133	83	1.23271
133	92	1.18624
133	98	1.16407
133	103	1.20039
133	106	1.27517
133	107	1.27163
133	108	1.18063
133	119	1.20704
133	126	0.718182
133	130	1.19276
133	134	1.255
133	138	1.21015
133	151	0.707208
133	156	0.723416
133	157	0.646453
133	162	1.21837
133	168	0.712303
133	170	0.747827
133	171	0.844255
133	172	0.793393
133	173	0.753138
133	175	0.652878
133	177	0.797522
133	178	0.877813
134	1	1.09322
134	31	1.13365
134	38	1.27279
134	55	1.09598
134	68	1.16862
134	76	1.1529
134	78	1.25867
134	83	1.19896
134	86	0.810777
134	92	1.15249
134	98	1.13031
134	99	0.677032
134	103	1.16664
134	106	1.24142
134	107	1.23788
134	108	1.14687
134	119	1.17329
134	130	1.15901
134	133	1.255
134	138	1.1764
134	144	0.779745
134	146	0.754253
134	150	0.851581
134	160	0.760623
134	162	1.18462
134	163	0.692163
134	164	0.714909
134	173	0.724912
134	176	0.777778
134	177	0.769297
134	178	0.849587
134	180	0.809462
135	18	1.12587
135	34	1.21852
135	57	1.18896
135	95	1.08095
135	97	1.18571
135	113	0.768171
135	116	1.14905
135	121	1.17166
135	123	1.17016
135	125	0.849435
135	128	1.1087
135	131	1.1467
135	132	1.1561
135	136	1.14157
135	137	0.78249
135	139	1.15085
135	140	1.15457
135	141	1.1534
135	142	1.12999
135	145	1.14824
135	146	1.10659
135	147	0.817072
135	150	0.893861
135	151	0.721262
135	155	1.19667
135	157	0.660508
135	159	1.21577
135	168	0.726358
135	169	0.814972
135	172	0.807447
135	173	0.767193
135	177	0.811577
135	180	0.851742
136	6	1.20328
136	14	1.19337
136	18	1.12852
136	19	0.595683
136	57	1.19161
136	95	1.0836
136	97	1.18836
136	102	1.12485
136	112	0.737905
136	121	1.17431
136	123	1.17281
136	128	1.11135
136	131	1.14935
136	132	1.15875
136	135	1.14157
136	139	1.1535
136	140	1.15722
136	141	1.15605
136	142	1.13264
136	145	1.15089
136	146	1.10924
136	149	0.821473
136	156	0.762118
136	158	0.799272
136	159	1.21842
136	163	0.759091
136	165	0.791704
136	170	0.786529
136	172	0.832095
136	176	0.844706
136	177	0.836225
136	179	0.827271
136	180	0.87639
137	20	0.788718
137	35	0.818945
137	56	0.729814
137	62	0.829248
137	63	0.729274
137	76	0.840447
137	82	0.786682
137	91	1.24404
137	92	0.834422
137	113	1.18842
137	120	0.819528
137	122	0.86925
137	127	0.771182
137	135	0.78249
137	144	1.12909
137	149	1.11713
137	158	1.15609
137	161	1.15356
137	164	1.13701
137	166	1.14417
137	167	1.12173
137	168	1.16614
137	169	1.09897
137	171	1.0758
137	172	1.11488
137	173	1.14609
137	174	1.04564
137	176	1.09619
137	177	1.08201
137	178	1.03451
137	179	1.09198
137	180	1.05756
138	6	0.747729
138	13	0.923491
138	14	0.751335
138	32	0.849319
138	38	1.22795
138	39	0.796388
138	45	0.746539
138	64	0.797384
138	81	0.781975
138	83	1.15412
138	86	1.09976
138	97	0.789115
138	105	0.737284
138	106	1.19658
138	107	1.19304
138	108	1.10203
138	111	0.711004
138	119	1.12845
138	122	0.843927
138	130	1.11417
138	133	1.21015
138	134	1.1764
138	159	0.690654
138	162	1.13978
138	164	1.13618
138	166	1.14334
138	168	1.16531
138	169	1.09815
138	171	1.07498
138	172	1.11405
138	176	1.09536
138	177	1.08119
138	179	1.09116
138	180	1.05674
139	6	1.21256
139	14	1.20265
139	18	1.1378
139	19	0.575687
139	42	0.732353
139	57	1.20089
139	95	1.09288
139	96	1.18201
139	97	1.19763
139	102	1.13412
139	116	1.16098
139	121	1.18359
139	123	1.18209
139	126	0.736889
139	128	1.12062
139	129	0.786705
139	131	1.15862
139	132	1.16803
139	135	1.15085
139	136	1.1535
139	140	1.16649
139	141	1.16533
139	142	1.14191
139	145	1.16017
139	150	0.898513
139	158	0.779277
139	159	1.22769
139	163	0.739095
139	164	0.761841
139	166	0.781325
139	170	0.766533
139	172	0.812099
139	174	0.899144
139	175	0.671585
139	178	0.89652
140	4	0.667807
140	6	1.21627
140	18	1.14152
140	42	0.725778
140	86	0.851134
140	95	1.0966
140	96	1.18573
140	97	1.20135
140	102	1.13784
140	113	0.766247
140	116	1.1647
140	118	0.720472
140	121	1.18731
140	123	1.18581
140	126	0.730314
140	128	1.12434
140	131	1.16234
140	132	1.17175
140	135	1.15457
140	136	1.15722
140	139	1.16649
140	141	1.16904
140	142	1.14563
140	144	0.820102
140	145	1.16389
140	146	1.12223
140	149	0.794902
140	155	1.21232
140	156	0.735547
140	159	1.23141
140	160	0.80098
140	161	0.731808
140	167	0.759426
140	171	0.856386
140	177	0.809653
141	2	0.681322
141	4	0.666798
141	14	1.2052
141	18	1.14035
141	30	0.902849
141	34	1.233
141	77	0.690974
141	95	1.09543
141	96	1.18456
141	102	1.13667
141	110	0.822696
141	113	0.765238
141	116	1.16353
141	121	1.18614
141	123	1.18464
141	128	1.12317
141	131	1.16118
141	132	1.17058
141	135	1.1534
141	136	1.15605
141	139	1.16533
141	140	1.16904
141	142	1.14446
141	143	0.699779
141	145	1.16272
141	146	1.12107
141	150	0.890929
141	152	0.809011
141	155	1.21115
141	158	0.771692
141	159	1.23024
141	163	0.731511
141	164	0.754256
141	165	0.764123
141	176	0.817126
142	3	0.902425
142	14	1.18178
142	18	1.11694
142	34	1.20959
142	57	1.18002
142	95	1.07201
142	96	1.16114
142	97	1.17677
142	99	0.734835
142	102	1.11326
142	112	0.72878
142	116	1.14012
142	121	1.16272
142	123	1.16123
142	128	1.09976
142	131	1.13776
142	132	1.14716
142	135	1.12999
142	136	1.13264
142	139	1.14191
142	140	1.14563
142	141	1.14446
142	145	1.13931
142	146	1.09765
142	147	0.832594
142	151	0.736785
142	156	0.752993
142	158	0.790147
142	159	1.20683
142	160	0.818426
142	161	0.749254
142	165	0.782579
142	173	0.782715
142	176	0.835581
142	178	0.90739
142	179	0.818146
143	1	0.933611
143	6	0.693274
143	14	0.69688
143	17	0.956457
143	22	0.606178
143	39	0.741932
143	71	0.785472
143	80	0.796618
143	103	0.683327
143	110	1.19219
143	120	0.73975
143	121	0.688825
143	141	0.699779
143	148	1.1966
143	152	1.17921
143	153	0.671978
143	154	1.15215
143	155	0.667877
143	158	1.21381
143	159	0.636199
143	160	1.17626
143	161	1.21129
143	163	1.21527
143	166	1.20189
143	167	1.17945
143	168	1.22386
143	170	1.20247
143	171	1.13353
143	172	1.1726
143	173	1.20381
143	174	1.10337
143	175	1.28943
143	176	1.15391
143	177	1.13974
143	178	1.09224
143	179	1.14971
143	180	1.11529
144	16	0.848561
144	21	0.856644
144	33	0.788026
144	63	0.76881
144	74	0.79067
144	76	0.879982
144	79	0.788905
144	94	0.794771
144	119	0.840439
144	123	0.796874
144	126	1.17395
144	134	0.779745
144	137	1.12909
144	140	0.820102
144	146	1.09961
144	147	1.111
144	149	1.113
144	150	1.06034
144	151	1.18278
144	153	0.791292
144	154	1.0903
144	155	0.787191
144	160	1.11441
144	161	1.14944
144	163	1.15342
144	167	1.1176
144	168	1.16201
144	169	1.09485
144	170	1.14062
144	171	1.07168
144	172	1.11075
144	173	1.14196
144	174	1.04152
144	176	1.09206
144	177	1.07789
144	178	1.03038
144	179	1.08786
144	180	1.05344
145	6	1.20995
145	14	1.20004
145	18	1.13519
145	24	0.705327
145	34	1.22784
145	42	0.721845
145	57	1.19828
145	95	1.09027
145	96	1.1794
145	97	1.19503
145	102	1.13152
145	113	0.762314
145	116	1.15837
145	121	1.18098
145	123	1.17948
145	128	1.11802
145	131	1.15602
145	132	1.16542
145	135	1.14824
145	136	1.15089
145	139	1.16017
145	140	1.16389
145	141	1.16272
145	142	1.13931
145	146	1.11591
145	152	0.806088
145	155	1.20599
145	159	1.22509
145	161	0.727875
145	163	0.728587
145	164	0.751333
145	165	0.7612
145	166	0.770817
145	169	0.809116
145	174	0.888636
145	175	0.661077
145	176	0.814202
145	178	0.886011
145	179	0.796767
145	180	0.845886
146	6	1.1683
146	17	1.05028
146	40	0.80533
146	45	0.785906
146	48	0.788604
146	56	0.743858
146	59	0.793489
146	61	0.853127
146	66	0.820618
146	68	0.808315
146	80	0.89044
146	85	0.80484
146	97	1.15337
146	100	0.796556
146	106	0.781359
146	116	1.11672
146	117	0.823025
146	132	1.12377
146	134	0.754253
146	135	1.10659
146	136	1.10924
146	140	1.12223
146	141	1.12107
146	142	1.09765
146	144	1.09961
146	145	1.11591
146	155	1.16434
146	159	1.18343
146	163	1.12806
146	164	1.10753
146	166	1.11469
146	169	1.06949
146	171	1.04632
146	173	1.11661
146	174	1.01616
146	175	1.20223
146	176	1.06671
146	177	1.05253
146	178	1.00503
146	179	1.0625
146	180	1.02808
147	16	0.843607
147	22	0.720538
147	60	0.823575
147	70	0.780934
147	83	0.774182
147	89	0.770322
147	108	0.856366
147	117	0.843564
147	121	0.803185
147	122	0.903832
147	128	0.845339
147	130	0.863809
147	132	0.821081
147	135	0.817072
147	142	0.832594
147	144	1.111
147	148	1.12079
147	149	1.09904
147	150	1.04637
147	154	1.07634
147	157	1.24839
147	158	1.138
147	160	1.10045
147	161	1.13548
147	162	1.12252
147	164	1.11892
147	166	1.12608
147	167	1.10364
147	168	1.14805
147	169	1.08089
147	170	1.12666
147	171	1.05772
147	172	1.09679
147	173	1.128
147	174	1.02756
147	175	1.21362
147	176	1.0781
147	177	1.06393
147	178	1.01642
147	179	1.0739
147	180	1.03948
148	6	0.796593
148	43	0.727914
148	58	0.787568
148	68	0.817812
148	83	0.763141
148	84	0.787461
148	87	0.832259
148	88	0.772186
148	89	0.759282
148	92	0.857963
148	95	0.893586
148	101	0.851498
148	115	0.770391
148	143	1.1966
148	147	1.12079
148	149	1.12279
148	150	1.07012
148	153	0.775298
148	154	1.10008
148	159	0.739519
148	160	1.12419
148	161	1.15922
148	162	1.14626
148	163	1.1632
148	164	1.14266
148	165	1.15172
148	166	1.14982
148	167	1.12738
148	168	1.17179
148	169	1.10463
148	170	1.1504
148	171	1.08146
148	172	1.12053
148	173	1.15174
148	174	1.0513
148	176	1.10185
148	177	1.08767
148	178	1.04017
148	179	1.09764
148	180	1.06322
149	9	0.960878
149	35	0.83328
149	52	0.720627
149	59	0.793781
149	64	0.837042
149	71	0.879585
149	90	0.734394
149	94	0.769571
149	108	0.836119
149	109	0.90178
149	120	0.833863
149	121	0.782939
149	136	0.821473
149	137	1.11713
149	140	0.794902
149	144	1.113
149	147	1.09904
149	148	1.12279
149	150	1.04838
149	153	0.766092
149	154	1.07834
149	158	1.14
149	160	1.10245
149	161	1.13748
149	162	1.12452
149	163	1.14146
149	164	1.12092
149	166	1.12808
149	167	1.10564
149	168	1.15005
149	169	1.08289
149	170	1.12866
149	172	1.09879
149	173	1.13
149	174	1.02956
149	175	1.21562
149	176	1.08011
149	177	1.06593
149	178	1.01843
149	179	1.0759
149	180	1.04148
150	56	0.841185
150	65	0.841961
150	66	0.917946
150	68	0.905642
150	70	0.857723
150	77	1.17841
150	82	0.898053
150	103	0.874477
150	104	1.20518
150	112	1.12782
150	114	0.884372
150	125	1.04539
150	127	0.882553
150	129	1.07357
150	134	0.851581
150	135	0.893861
150	139	0.898513
150	141	0.890929
150	144	1.06034
150	147	1.04637
150	148	1.07012
150	149	1.04838
150	158	1.08734
150	159	0.827349
150	160	1.04978
150	161	1.08481
150	166	1.07541
150	167	1.05297
150	168	1.09738
150	169	1.03022
150	170	1.07599
150	171	1.00705
150	172	1.04612
150	173	1.07733
150	174	0.976888
150	175	1.16295
150	176	1.02744
150	177	1.01326
150	178	0.965756
150	179	1.02323
150	180	0.98881
151	9	0.885315
151	16	1.16233
151	18	0.8075
151	21	0.75588
151	22	0.624729
151	29	1.17363
151	35	1.17362
151	41	1.21377
151	44	0.789404
151	49	1.21252
151	50	1.21377
151	54	1.10572
151	60	1.1862
151	62	1.18596
151	89	1.26628
151	97	0.75321
151	101	0.766729
151	106	0.706088
151	109	0.826217
151	111	0.6751
151	127	0.709954
151	132	0.725272
151	133	0.707208
151	135	0.721262
151	142	0.736785
151	144	1.18278
151	155	0.686428
151	156	1.22753
151	159	0.65475
151	160	1.17223
151	161	1.20725
151	163	1.21124
151	165	1.19975
151	168	1.21983
151	169	1.15267
151	170	1.19843
151	171	1.12949
151	172	1.16857
151	174	1.09933
151	177	1.13571
151	178	1.0882
151	180	1.11126
152	8	0.997859
152	11	0.75192
152	20	1.10644
152	26	1.10581
152	36	0.745373
152	48	0.804015
152	51	1.09457
152	56	0.759268
152	57	0.803082
152	58	1.17219
152	61	1.1114
152	63	1.24954
152	65	1.24744
152	66	1.11067
152	90	0.749512
152	106	0.79677
152	111	0.765781
152	117	1.10747
152	119	0.830357
152	123	0.786792
152	130	1.10327
152	141	0.809011
152	143	1.17921
152	145	0.806088
152	153	0.781211
152	155	1.18209
152	159	0.745431
152	163	1.14582
152	164	1.12528
152	165	1.13434
152	168	1.15441
152	170	1.13301
152	171	1.06408
152	173	1.13436
152	174	1.03392
152	176	1.08446
152	177	1.07029
152	178	1.02278
152	179	1.08026
152	180	1.04584
153	9	1.08684
153	12	1.2896
153	17	1.04562
153	21	1.17507
153	30	1.3136
153	33	1.24482
153	45	1.21202
153	48	1.1763
153	53	1.14867
153	56	1.23418
153	69	1.18798
153	70	1.24248
153	71	1.16523
153	87	1.20893
153	94	1.21651
153	101	1.17467
153	105	1.22846
153	109	1.14552
153	114	1.1989
153	115	1.19068
153	118	0.691662
153	120	1.15753
153	122	1.12601
153	124	0.639076
153	127	1.21358
153	143	0.671978
153	144	0.791292
153	148	0.775298
153	149	0.766092
153	152	0.781211
153	154	0.812766
153	157	1.31621
153	160	0.77217
153	161	0.702998
153	168	0.695624
153	169	0.784239
153	170	0.731148
153	171	0.827576
153	172	0.776714
153	175	0.6362
153	177	0.780844
154	9	1.00755
154	15	1.11332
154	21	0.878118
154	27	0.861957
154	33	0.8095
154	53	0.875628
154	63	0.790284
154	73	0.789202
154	74	0.812144
154	78	0.773086
154	84	0.824929
154	89	0.79675
154	99	1.12976
154	112	1.15779
154	122	0.93026
154	125	1.07536
154	126	1.13928
154	131	0.82698
154	143	1.15215
154	144	1.0903
154	147	1.07634
154	148	1.10008
154	149	1.07834
154	153	0.812766
154	158	1.1173
154	159	0.776987
154	164	1.09822
154	166	1.10538
154	167	1.08294
154	168	1.12735
154	169	1.06019
154	170	1.10595
154	171	1.03702
154	172	1.07609
154	173	1.1073
154	174	1.00685
154	175	1.19292
154	176	1.0574
154	177	1.04323
154	178	0.995722
154	179	1.0532
154	180	1.01878
155	3	0.852067
155	20	1.17877
155	26	1.17814
155	28	0.682081
155	51	1.1669
155	58	1.24452
155	61	1.18373
155	63	1.32187
155	65	1.31977
155	66	1.183
155	91	0.618579
155	95	1.1387
155	96	1.22783
155	102	1.17995
155	116	1.2068
155	117	1.1798
155	121	1.22941
155	123	1.22791
155	125	0.8146
155	128	1.16645
155	129	0.747218
155	130	1.1756
155	131	1.20445
155	132	1.21385
155	135	1.19667
155	140	1.21232
155	141	1.21115
155	143	0.667877
155	144	0.787191
155	145	1.20599
155	146	1.16434
155	151	0.686428
155	152	1.18209
155	158	0.73979
155	163	0.699608
155	165	0.732221
155	167	0.726515
155	168	0.691523
155	171	0.823475
155	173	0.732358
155	175	0.632098
155	176	0.785224
155	180	0.816907
156	5	0.933583
156	16	1.14927
156	23	0.795007
156	29	1.16057
156	33	0.70347
156	34	1.2563
156	35	1.16056
156	41	1.20071
156	49	1.19945
156	50	1.20071
156	54	1.09265
156	59	0.734426
156	60	1.17314
156	62	1.1729
156	73	0.683173
156	78	0.667056
156	89	1.25322
156	97	0.769418
156	99	1.20917
156	100	0.737493
156	102	0.775339
156	114	0.727981
156	122	0.824231
156	123	0.712319
156	131	0.72095
156	132	0.741479
156	133	0.723416
156	136	0.762118
156	140	0.735547
156	142	0.752993
156	151	1.22753
156	158	1.19672
156	160	1.15916
156	165	1.18669
156	166	1.18479
156	168	1.20676
156	170	1.18537
156	171	1.11643
156	172	1.1555
156	174	1.08627
156	176	1.13682
156	177	1.12264
156	178	1.07514
156	179	1.13261
156	180	1.09819
157	9	1.17038
157	12	1.37314
157	17	1.12916
157	20	0.666736
157	21	1.25861
157	25	0.731844
157	27	0.678966
157	30	1.39714
157	33	1.32836
157	47	0.694418
157	48	1.25983
157	53	1.23221
157	54	0.784314
157	57	0.651646
157	58	0.642044
157	62	0.707266
157	63	0.607292
157	65	0.608608
157	70	1.32602
157	71	1.24877
157	85	0.668814
157	87	0.686736
157	102	0.698377
157	106	0.645334
157	114	0.651019
157	117	0.687
157	122	0.747268
157	123	0.635356
157	133	0.646453
157	135	0.660508
157	147	1.24839
157	153	1.31621
157	163	1.29081
157	164	1.27027
157	166	1.27743
157	167	1.25499
157	168	1.2994
157	169	1.23224
157	170	1.27801
157	173	1.27935
157	176	1.22945
157	177	1.21528
157	178	1.16778
157	179	1.22525
157	180	1.19083
158	22	0.67809
158	28	1.20202
158	32	0.866777
158	34	0.712948
158	37	1.13942
158	39	0.813845
158	76	0.832581
158	84	0.756054
158	86	1.12346
158	90	0.712193
158	94	0.74737
158	97	0.806572
158	101	0.820091
158	111	0.728462
158	125	1.13702
158	127	0.763316
158	128	0.802891
158	132	0.778633
158	136	0.799272
158	137	1.15609
158	139	0.779277
158	141	0.771692
158	142	0.790147
158	143	1.21381
158	147	1.138
158	149	1.14
158	150	1.08734
158	154	1.1173
158	155	0.73979
158	156	1.19672
158	160	1.14141
158	163	1.18042
158	164	1.15988
158	165	1.16894
158	166	1.16704
158	167	1.1446
158	168	1.18901
158	169	1.12185
158	170	1.16762
158	171	1.09868
158	172	1.13775
158	173	1.16896
158	174	1.06852
158	175	1.25458
158	176	1.11906
158	177	1.10489
158	178	1.05738
158	179	1.11486
158	180	1.08044
159	7	1.31024
159	10	1.24624
159	11	1.23895
159	25	1.18466
159	32	1.13412
159	40	1.20771
159	46	1.21063
159	75	0.726922
159	77	0.627394
159	85	1.21751
159	90	1.28113
159	93	1.28113
159	95	1.15779
159	96	1.24692
159	102	1.19904
159	103	1.20232
159	112	0.646745
159	116	1.2259
159	121	1.2485
159	123	1.24701
159	126	0.665725
159	128	1.18554
159	131	1.22354
159	135	1.21577
159	136	1.21842
159	138	0.690654
159	139	1.22769
159	140	1.23141
159	141	1.23024
159	142	1.20683
159	143	0.636199
159	145	1.22509
159	146	1.18343
159	148	0.739519
159	150	0.827349
159	151	0.65475
159	152	0.745431
159	154	0.776987
159	160	0.736391
159	161	0.667219
159	163	0.667931
159	166	0.71016
159	169	0.74846
159	170	0.695369
159	171	0.791797
159	173	0.70068
159	174	0.82798
159	175	1.3114
159	176	0.753546
160	23	0.86044
160	29	0.848075
160	54	0.92671
160	63	0.749688
160	64	0.84312
160	67	0.84646
160	73	0.748606
160	77	1.23249
160	79	0.769783
160	94	0.775649
160	96	0.805877
160	99	1.15387
160	105	0.78302
160	110	1.11979
160	113	1.17374
160	114	0.793414
160	117	0.829396
160	128	0.831171
160	129	1.12764
160	134	0.760623
160	140	0.80098
160	142	0.818426
160	143	1.17626
160	144	1.11441
160	147	1.10045
160	148	1.12419
160	149	1.10245
160	150	1.04978
160	151	1.17223
160	153	0.77217
160	156	1.15916
160	158	1.14141
160	159	0.736391
160	161	1.13888
160	163	1.14286
160	164	1.12233
160	165	1.13138
160	166	1.12948
160	167	1.10705
160	168	1.15146
160	169	1.08429
160	170	1.13006
160	171	1.06112
160	172	1.1002
160	173	1.13141
160	174	1.03096
160	176	1.08151
160	177	1.06733
160	178	1.01983
160	179	1.0773
160	180	1.04288
161	5	0.929843
161	12	0.649535
161	41	0.714113
161	51	0.797895
161	54	0.857537
161	60	0.740235
161	62	0.78049
161	63	0.680515
161	64	0.773948
161	75	1.15162
161	81	0.75854
161	82	0.737923
161	87	0.759959
161	91	1.26439
161	96	0.736704
161	104	1.29428
161	105	0.713848
161	106	0.718557
161	107	0.73252
161	109	0.838686
161	112	1.21692
161	113	1.20877
161	118	1.25718
161	124	1.24698
161	126	1.19842
161	129	1.16267
161	137	1.15356
161	140	0.731808
161	142	0.749254
161	143	1.21129
161	144	1.14944
161	145	0.727875
161	147	1.13548
161	148	1.15922
161	149	1.13748
161	150	1.08481
161	151	1.20725
161	153	0.702998
161	159	0.667219
161	160	1.13888
161	164	1.15735
161	165	1.16641
161	166	1.16451
161	167	1.14208
161	168	1.18648
161	169	1.11932
161	170	1.16509
161	172	1.13523
161	173	1.16644
161	175	1.25205
161	176	1.11654
161	177	1.10236
161	178	1.05486
161	179	1.11233
161	180	1.07791
162	1	1.0566
162	30	0.628086
162	35	0.80952
162	38	1.23617
162	44	0.841207
162	49	0.744174
162	50	0.835028
162	54	0.896871
162	55	1.05936
162	61	0.829659
162	62	0.819824
162	67	0.816622
162	68	1.132
162	69	0.815421
162	71	0.855825
162	76	1.11628
162	78	1.22205
162	83	1.16234
162	85	0.781371
162	87	0.799293
162	89	0.726316
162	90	0.710633
162	92	1.11587
162	98	1.09369
162	99	1.17594
162	103	1.13002
162	105	0.753182
162	106	1.2048
162	107	1.20126
162	108	1.11025
162	116	0.763226
162	119	1.13667
162	120	0.810103
162	121	0.759179
162	123	0.747914
162	131	0.756545
162	133	1.21837
162	134	1.18462
162	138	1.13978
162	147	1.12252
162	148	1.14626
162	149	1.12452
162	164	1.1444
162	167	1.12912
162	168	1.17353
162	170	1.15213
162	171	1.0832
162	172	1.12227
162	173	1.15348
162	174	1.05303
162	176	1.10358
162	177	1.08941
162	178	1.0419
162	179	1.09938
162	180	1.06496
163	6	0.725005
163	21	0.769061
163	31	0.841166
163	40	0.74324
163	53	0.766572
163	64	0.77466
163	65	0.682543
163	75	1.1556
163	76	0.7924
163	77	1.2715
163	81	0.759252
163	86	1.12491
163	87	0.760671
163	92	0.786375
163	95	0.821998
163	96	0.737416
163	100	0.734466
163	104	1.29826
163	105	0.71456
163	107	0.733232
163	109	0.839398
163	110	1.1588
163	112	1.22091
163	118	1.26116
163	124	1.25096
163	125	1.13847
163	129	1.16665
163	134	0.692163
163	136	0.759091
163	139	0.739095
163	141	0.731511
163	143	1.21527
163	144	1.15342
163	145	0.728587
163	146	1.12806
163	148	1.1632
163	149	1.14146
163	151	1.21124
163	152	1.14582
163	155	0.699608
163	157	1.29081
163	158	1.18042
163	159	0.667931
163	160	1.14286
163	164	1.16134
163	166	1.16849
163	167	1.14606
163	168	1.19047
163	169	1.1233
163	170	1.16907
163	171	1.10013
163	172	1.13921
163	173	1.17042
163	174	1.06997
163	175	1.25604
163	176	1.12052
163	177	1.10634
163	178	1.05884
163	179	1.11631
163	180	1.08189
164	13	0.923514
164	26	0.829442
164	28	1.18294
164	34	0.695513
164	37	1.12034
164	41	0.73757
164	42	1.20258
164	48	0.74926
164	67	0.800746
164	69	0.799545
164	76	0.815146
164	79	0.724068
164	84	0.738619
164	92	0.809121
164	95	0.844743
164	106	0.742015
164	107	0.755978
164	108	0.796483
164	109	0.862143
164	110	1.13826
164	113	1.19221
164	122	0.843949
164	125	1.11793
164	126	1.18186
164	127	0.745881
164	130	0.803926
164	134	0.714909
164	137	1.13701
164	138	1.13618
164	139	0.761841
164	141	0.754256
164	145	0.751333
164	146	1.10753
164	147	1.11892
164	148	1.14266
164	149	1.12092
164	152	1.12528
164	154	1.09822
164	157	1.27027
164	158	1.15988
164	160	1.12233
164	161	1.15735
164	162	1.1444
164	163	1.16134
164	165	1.14985
164	166	1.14796
164	167	1.12552
164	168	1.16993
164	169	1.10277
164	170	1.14853
164	171	1.07959
164	172	1.11867
164	173	1.14988
164	174	1.04943
164	175	1.2355
164	176	1.09998
164	177	1.08581
164	178	1.0383
164	179	1.09577
164	180	1.06136
165	15	1.16495
165	16	1.12149
165	25	0.838392
165	29	1.13279
165	30	0.622077
165	34	1.22852
165	35	1.13278
165	39	0.806277
165	40	0.775853
165	41	1.17293
165	49	1.17167
165	50	1.17293
165	52	0.690858
165	54	1.06487
165	60	1.14536
165	62	1.14512
165	64	0.807273
165	66	0.791141
165	73	0.712758
165	82	0.771248
165	89	1.22544
165	93	0.679904
165	98	0.850292
165	99	1.1814
165	101	0.812522
165	102	0.804925
165	105	0.747173
165	109	0.872011
165	119	0.785469
165	136	0.791704
165	141	0.764123
165	142	0.782579
165	145	0.7612
165	148	1.15172
165	151	1.19975
165	152	1.13434
165	155	0.732221
165	156	1.18669
165	158	1.16894
165	160	1.13138
165	161	1.16641
165	164	1.14985
165	166	1.15701
165	167	1.13458
165	169	1.11182
165	170	1.15759
165	173	1.15894
165	174	1.05849
165	175	1.24455
165	176	1.10904
165	177	1.09486
165	178	1.04736
165	179	1.10483
165	180	1.07041
166	14	0.770841
166	21	0.811291
166	27	0.795131
166	33	0.742673
166	38	0.765009
166	41	0.757054
166	47	0.810583
166	57	0.767811
166	59	0.773629
166	66	0.800758
166	70	0.740535
166	74	0.745317
166	78	0.706259
166	81	0.801482
166	86	1.11153
166	99	1.1795
166	102	0.814542
166	103	0.757289
166	109	0.881627
166	110	1.14542
166	114	0.767184
166	117	0.803165
166	118	1.24778
166	125	1.12509
166	126	1.18902
166	127	0.765365
166	129	1.15327
166	131	0.760153
166	137	1.14417
166	138	1.14334
166	139	0.781325
166	143	1.20189
166	145	0.770817
166	146	1.11469
166	147	1.12608
166	148	1.14982
166	149	1.12808
166	150	1.07541
166	154	1.10538
166	156	1.18479
166	157	1.27743
166	158	1.16704
166	159	0.71016
166	160	1.12948
166	161	1.16451
166	163	1.16849
166	164	1.14796
166	165	1.15701
166	167	1.13268
166	168	1.17709
166	169	1.10993
166	170	1.15569
166	171	1.08675
166	172	1.12583
166	173	1.15704
166	174	1.05659
166	175	1.24266
166	176	1.10714
166	177	1.09296
166	178	1.04546
166	179	1.10293
166	180	1.06851
167	4	1.23029
167	5	0.957462
167	10	0.739201
167	11	0.701326
167	18	0.847587
167	25	0.832686
167	40	0.770146
167	44	0.829492
167	51	0.825514
167	52	0.685152
167	59	0.758306
167	71	0.84411
167	72	1.24034
167	75	1.11978
167	77	1.23568
167	81	0.786158
167	91	1.23255
167	92	0.813282
167	97	0.793298
167	98	0.844586
167	99	1.15706
167	107	0.760139
167	108	0.800644
167	112	1.18509
167	113	1.17693
167	115	0.725709
167	123	0.736198
167	126	1.16658
167	128	0.789617
167	129	1.13083
167	130	0.808087
167	132	0.765359
167	137	1.12173
167	140	0.759426
167	143	1.17945
167	144	1.1176
167	147	1.10364
167	148	1.12738
167	149	1.10564
167	150	1.05297
167	154	1.08294
167	155	0.726515
167	157	1.25499
167	158	1.1446
167	160	1.10705
167	161	1.14208
167	162	1.12912
167	163	1.14606
167	164	1.12552
167	165	1.13458
167	166	1.13268
167	168	1.15465
167	169	1.08749
167	170	1.13325
167	171	1.06432
167	172	1.10339
167	173	1.1346
167	174	1.03416
167	176	1.0847
167	177	1.07053
167	178	1.02302
167	179	1.0805
167	180	1.04608
168	1	0.957257
168	10	0.704209
168	12	0.642162
168	15	1.18502
168	18	0.812595
168	23	0.783894
168	42	1.23171
168	50	0.788321
168	58	0.707894
168	61	0.782952
168	62	0.773116
168	67	0.769915
168	68	0.738139
168	70	0.69022
168	81	0.751166
168	86	1.1335
168	90	0.663926
168	97	0.758306
168	101	0.771824
168	103	0.706974
168	107	0.725147
168	110	1.16739
168	112	1.2295
168	118	1.26975
168	119	0.744771
168	120	0.763396
168	122	0.813118
168	124	1.25955
168	125	1.14706
168	127	0.71505
168	129	1.17524
168	131	0.709838
168	133	0.712303
168	135	0.726358
168	137	1.16614
168	138	1.16531
168	143	1.22386
168	144	1.16201
168	147	1.14805
168	148	1.17179
168	149	1.15005
168	150	1.09738
168	151	1.21983
168	152	1.15441
168	153	0.695624
168	154	1.12735
168	155	0.691523
168	156	1.20676
168	157	1.2994
168	158	1.18901
168	160	1.15146
168	161	1.18648
168	162	1.17353
168	163	1.19047
168	164	1.16993
168	166	1.17709
168	167	1.15465
168	170	1.17766
168	171	1.10872
168	172	1.1478
168	173	1.17901
168	174	1.07856
168	175	1.26463
168	176	1.12911
168	177	1.11494
168	179	1.1249
168	180	1.09049
169	6	0.805534
169	8	1.00089
169	11	0.754948
169	12	0.730776
169	19	1.32194
169	24	1.14508
169	31	0.921695
169	42	1.16455
169	46	0.78088
169	48	0.807043
169	56	0.762296
169	61	0.871566
169	65	0.763072
169	72	1.21759
169	75	1.09703
169	80	0.908879
169	84	0.796402
169	90	0.75254
169	94	0.787718
169	98	0.898208
169	107	0.813761
169	110	1.10023
169	111	0.768809
169	112	1.16234
169	113	1.15418
169	114	0.805483
169	115	0.779331
169	118	1.20259
169	119	0.833385
169	125	1.0799
169	126	1.14383
169	135	0.814972
169	137	1.09897
169	138	1.09815
169	144	1.09485
169	145	0.809116
169	146	1.06949
169	147	1.08089
169	148	1.10463
169	149	1.08289
169	150	1.03022
169	151	1.15267
169	153	0.784239
169	154	1.06019
169	157	1.23224
169	158	1.12185
169	159	0.74846
169	160	1.08429
169	161	1.11932
169	163	1.1233
169	164	1.10277
169	165	1.11182
169	166	1.10993
169	167	1.08749
169	170	1.1105
169	171	1.04156
169	172	1.08064
169	173	1.11185
169	174	1.0114
169	175	1.19747
169	176	1.06195
169	177	1.04777
169	178	1.00027
169	179	1.05774
169	180	1.02332
170	3	1.11337
170	18	0.848119
170	24	1.19085
170	31	0.868604
170	33	0.727881
170	37	1.12807
170	49	0.73299
170	50	0.823845
170	58	0.743418
170	60	0.768385
170	64	0.802098
170	65	0.709981
170	72	1.26336
170	78	0.691467
170	81	0.78669
170	84	0.743311
170	86	1.11211
170	88	0.728036
170	89	0.715132
170	91	1.25557
170	92	0.813813
170	93	0.67473
170	95	0.849436
170	99	1.18007
170	104	1.28546
170	110	1.146
170	113	1.19995
170	115	0.726241
170	116	0.752042
170	118	1.24836
170	119	0.780294
170	126	1.1896
170	127	0.750573
170	128	0.790148
170	129	1.15385
170	131	0.745361
170	133	0.747827
170	136	0.786529
170	139	0.766533
170	143	1.20247
170	144	1.14062
170	147	1.12666
170	148	1.1504
170	149	1.12866
170	150	1.07599
170	151	1.19843
170	152	1.13301
170	153	0.731148
170	154	1.10595
170	156	1.18537
170	157	1.27801
170	158	1.16762
170	159	0.695369
170	160	1.13006
170	161	1.16509
170	162	1.15213
170	163	1.16907
170	164	1.14853
170	165	1.15759
170	166	1.15569
170	167	1.13325
170	168	1.17766
170	169	1.1105
170	171	1.08733
170	172	1.1264
170	174	1.05717
170	175	1.24323
170	176	1.10772
170	178	1.04604
170	179	1.10351
170	180	1.06909
171	3	1.04443
171	4	1.18437
171	22	0.761776
171	24	1.12191
171	36	0.791739
171	37	1.05914
171	41	0.838691
171	43	0.780192
171	46	0.824218
171	55	0.933411
171	57	0.849448
171	72	1.19442
171	73	0.804012
171	76	0.916266
171	77	1.18976
171	79	0.825189
171	84	0.839739
171	85	0.866616
171	91	1.18663
171	93	0.771158
171	100	0.858333
171	104	1.21652
171	108	0.897604
171	112	1.13917
171	113	1.13101
171	116	0.84847
171	118	1.17942
171	119	0.876723
171	120	0.895348
171	121	0.844423
171	123	0.833158
171	125	1.05673
171	126	1.12066
171	129	1.08491
171	133	0.844255
171	137	1.0758
171	138	1.07498
171	140	0.856386
171	143	1.13353
171	144	1.07168
171	146	1.04632
171	147	1.05772
171	148	1.08146
171	150	1.00705
171	151	1.12949
171	152	1.06408
171	153	0.827576
171	154	1.03702
171	155	0.823475
171	156	1.11643
171	158	1.09868
171	159	0.791797
171	160	1.06112
171	162	1.0832
171	163	1.10013
171	164	1.07959
171	166	1.08675
171	167	1.06432
171	168	1.10872
171	169	1.04156
171	170	1.08733
171	172	1.05747
171	173	1.08868
171	174	0.988231
171	175	1.17429
171	176	1.03878
171	177	1.0246
171	178	0.977099
171	179	1.03457
171	180	1.00015
172	3	1.0835
172	4	1.22344
172	7	0.694258
172	19	1.33784
172	22	0.710913
172	28	1.16081
172	32	0.899599
172	40	0.816244
172	43	0.72933
172	45	0.796819
172	47	0.841357
172	61	0.864041
172	69	0.849803
172	73	0.75315
172	82	0.811639
172	83	0.764557
172	86	1.08224
172	89	0.760698
172	90	0.745015
172	93	0.720296
172	94	0.780193
172	102	0.845316
172	104	1.2556
172	108	0.846741
172	110	1.11613
172	112	1.17824
172	113	1.17008
172	114	0.797958
172	118	1.2185
172	125	1.09581
172	126	1.15973
172	127	0.796139
172	129	1.12398
172	130	0.854185
172	133	0.793393
172	135	0.807447
172	136	0.832095
172	137	1.11488
172	138	1.11405
172	139	0.812099
172	143	1.1726
172	144	1.11075
172	147	1.09679
172	148	1.12053
172	149	1.09879
172	150	1.04612
172	151	1.16857
172	153	0.776714
172	154	1.07609
172	156	1.1555
172	158	1.13775
172	160	1.1002
172	161	1.13523
172	162	1.12227
172	163	1.13921
172	164	1.11867
172	166	1.12583
172	167	1.10339
172	168	1.1478
172	169	1.08064
172	170	1.1264
172	171	1.05747
172	173	1.12775
172	174	1.02731
172	176	1.07785
172	177	1.06368
172	178	1.01617
172	179	1.07365
172	180	1.03923
173	2	1.24363
173	16	0.793728
173	24	1.19219
173	32	0.859345
173	34	0.705516
173	37	1.12942
173	42	1.21167
173	48	0.759263
173	49	0.738302
173	53	0.799321
173	57	0.758331
173	58	0.748729
173	59	0.764149
173	66	0.791277
173	72	1.2647
173	73	0.712895
173	74	0.735837
173	75	1.14415
173	77	1.26004
173	79	0.734072
173	82	0.771385
173	88	0.733347
173	90	0.704761
173	91	1.25691
173	96	0.770166
173	99	1.18142
173	108	0.806487
173	110	1.14734
173	113	1.20129
173	114	0.757703
173	116	0.757353
173	118	1.24971
173	119	0.785606
173	123	0.742041
173	125	1.12702
173	126	1.19095
173	128	0.79546
173	129	1.15519
173	130	0.81393
173	133	0.753138
173	134	0.724912
173	135	0.767193
173	137	1.14609
173	142	0.782715
173	143	1.20381
173	144	1.14196
173	146	1.11661
173	147	1.128
173	148	1.15174
173	149	1.13
173	150	1.07733
173	152	1.13436
173	154	1.1073
173	155	0.732358
173	157	1.27935
173	158	1.16896
173	159	0.70068
173	160	1.13141
173	161	1.16644
173	162	1.15348
173	163	1.17042
173	164	1.14988
173	165	1.15894
173	166	1.15704
173	167	1.1346
173	168	1.17901
173	169	1.11185
173	171	1.08868
173	172	1.12775
173	174	1.05852
173	175	1.24458
173	176	1.10906
173	177	1.09489
173	178	1.04738
173	179	1.10486
173	180	1.07044
174	3	1.01427
174	7	0.781303
174	14	0.88866
174	19	1.26861
174	20	0.90072
174	27	0.91295
174	28	1.09158
174	29	0.939664
174	37	1.02897
174	38	0.882828
174	46	0.8604
174	49	0.865601
174	51	0.958656
174	52	0.818294
174	55	0.969593
174	70	0.858354
174	72	1.16426
174	75	1.0437
174	78	0.824078
174	80	0.988399
174	83	0.851602
174	86	1.01301
174	88	0.860647
174	95	0.982046
174	99	1.08098
174	104	1.18636
174	106	0.879318
174	112	1.109
174	113	1.10085
174	116	0.884653
174	118	1.14926
174	124	1.13906
174	125	1.02657
174	129	1.05475
174	131	0.877972
174	132	0.898501
174	137	1.04564
174	139	0.899144
174	143	1.10337
174	144	1.04152
174	145	0.888636
174	146	1.01616
174	147	1.02756
174	148	1.0513
174	149	1.02956
174	150	0.976888
174	151	1.09933
174	152	1.03392
174	154	1.00685
174	156	1.08627
174	158	1.06852
174	159	0.82798
174	160	1.03096
174	162	1.05303
174	163	1.06997
174	164	1.04943
174	165	1.05849
174	166	1.05659
174	167	1.03416
174	168	1.07856
174	169	1.0114
174	170	1.05717
174	171	0.988231
174	172	1.02731
174	173	1.05852
174	175	1.14413
174	176	1.00862
174	177	0.994442
174	178	0.946938
174	179	1.00441
174	180	0.969992
175	1	0.897832
175	7	1.32904
175	8	0.852848
175	10	1.26503
175	11	1.25774
175	18	0.75317
175	25	1.20346
175	26	0.739186
175	29	0.712105
175	32	1.15291
175	33	0.632933
175	40	1.22651
175	44	0.735075
175	46	1.22942
175	61	0.723527
175	65	0.615033
175	67	0.71049
175	68	0.678714
175	69	0.709289
175	70	0.630795
175	71	0.749693
175	85	1.2363
175	89	0.620184
175	90	1.29992
175	91	1.34253
175	93	1.29992
175	94	0.639679
175	97	0.698881
175	101	0.712399
175	103	1.22111
175	109	0.771887
175	111	0.62077
175	117	0.693425
175	121	0.653047
175	128	0.6952
175	129	1.24081
175	133	0.652878
175	139	0.671585
175	143	1.28943
175	145	0.661077
175	146	1.20223
175	147	1.21362
175	149	1.21562
175	150	1.16295
175	153	0.6362
175	154	1.19292
175	155	0.632098
175	158	1.25458
175	159	1.3114
175	161	1.25205
175	163	1.25604
175	164	1.2355
175	165	1.24455
175	166	1.24266
175	168	1.26463
175	169	1.19747
175	170	1.24323
175	171	1.17429
175	173	1.24458
175	174	1.14413
175	176	1.19468
175	177	1.18051
175	178	1.133
175	179	1.19047
175	180	1.15606
176	2	1.19374
176	3	1.06482
176	4	1.20476
176	7	0.70687
176	19	1.31915
176	26	0.892311
176	28	1.14212
176	34	0.758382
176	36	0.753488
176	37	1.07952
176	42	1.16177
176	43	0.741942
176	46	0.785967
176	55	0.89516
176	62	0.866817
176	70	0.783921
176	72	1.21481
176	73	0.765761
176	74	0.788703
176	75	1.09425
176	77	1.21014
176	81	0.844867
176	82	0.824251
176	83	0.777169
176	85	0.828365
176	86	1.06356
176	91	1.20701
176	92	0.87199
176	101	0.865525
176	104	1.23691
176	110	1.09744
176	111	0.773896
176	114	0.810569
176	115	0.784418
176	119	0.838472
176	121	0.806172
176	122	0.906819
176	125	1.07712
176	126	1.14105
176	129	1.1053
176	134	0.777778
176	136	0.844706
176	137	1.09619
176	138	1.09536
176	141	0.817126
176	142	0.835581
176	143	1.15391
176	144	1.09206
176	145	0.814202
176	146	1.06671
176	147	1.0781
176	148	1.10185
176	149	1.08011
176	150	1.02744
176	152	1.08446
176	154	1.0574
176	155	0.785224
176	156	1.13682
176	157	1.22945
176	158	1.11906
176	159	0.753546
176	160	1.08151
176	161	1.11654
176	162	1.10358
176	163	1.12052
176	164	1.09998
176	165	1.10904
176	166	1.10714
176	167	1.0847
176	168	1.12911
176	169	1.06195
176	170	1.10772
176	171	1.03878
176	172	1.07785
176	173	1.10906
176	174	1.00862
176	175	1.19468
176	177	1.04499
176	178	0.997486
176	179	1.05496
176	180	1.02054
177	3	1.05064
177	4	1.19058
177	15	1.1009
177	17	1.06532
177	24	1.12812
177	29	0.856749
177	31	0.918299
177	36	0.745006
177	39	0.850798
177	42	1.14759
177	53	0.843706
177	56	0.758901
177	62	0.858335
177	68	0.823358
177	69	0.853933
177	72	1.20063
177	75	1.08007
177	77	1.19597
177	80	0.905484
177	83	0.768687
177	86	1.04938
177	88	0.777732
177	91	1.19284
177	94	0.784323
177	100	0.8116
177	101	0.857043
177	102	0.849446
177	103	0.792193
177	104	1.22274
177	105	0.791694
177	110	1.08327
177	112	1.14538
177	118	1.18563
177	121	0.797691
177	123	0.786425
177	124	1.17543
177	125	1.06294
177	126	1.12687
177	128	0.839844
177	130	0.858314
177	133	0.797522
177	134	0.769297
177	135	0.811577
177	136	0.836225
177	137	1.08201
177	138	1.08119
177	140	0.809653
177	143	1.13974
177	144	1.07789
177	146	1.05253
177	147	1.06393
177	148	1.08767
177	149	1.06593
177	150	1.01326
177	151	1.13571
177	152	1.07029
177	153	0.780844
177	154	1.04323
177	156	1.12264
177	157	1.21528
177	158	1.10489
177	160	1.06733
177	161	1.10236
177	162	1.08941
177	163	1.10634
177	164	1.08581
177	165	1.09486
177	166	1.09296
177	167	1.07053
177	168	1.11494
177	169	1.04777
177	171	1.0246
177	172	1.06368
177	173	1.09489
177	174	0.994442
177	175	1.18051
177	176	1.04499
177	178	0.98331
177	179	1.04078
177	180	1.00636
178	2	1.13206
178	3	1.00314
178	10	0.869719
178	12	0.807672
178	13	1.05819
178	15	1.0534
178	19	1.25747
178	24	1.08061
178	28	1.08044
178	41	0.872249
178	42	1.10009
178	54	1.01567
178	55	0.966969
178	58	0.873404
178	60	0.898372
178	67	0.935425
178	72	1.15313
178	74	0.860512
178	75	1.03257
178	77	1.14846
178	78	0.821454
178	86	1.00188
178	88	0.858023
178	90	0.829436
178	91	1.14533
178	93	0.804716
178	99	1.06984
178	103	0.872484
178	104	1.17523
178	107	0.890657
178	110	1.03576
178	112	1.09787
178	113	1.08971
178	115	0.856227
178	116	0.882029
178	117	0.91836
178	118	1.13813
178	120	0.928906
178	123	0.866716
178	124	1.12793
178	125	1.01544
178	126	1.07937
178	128	0.920135
178	129	1.04362
178	131	0.875348
178	133	0.877813
178	134	0.849587
178	137	1.03451
178	139	0.89652
178	142	0.90739
178	143	1.09224
178	144	1.03038
178	145	0.886011
178	146	1.00503
178	147	1.01642
178	148	1.04017
178	149	1.01843
178	150	0.965756
178	151	1.0882
178	152	1.02278
178	154	0.995722
178	156	1.07514
178	157	1.16778
178	158	1.05738
178	160	1.01983
178	161	1.05486
178	162	1.0419
178	163	1.05884
178	164	1.0383
178	165	1.04736
178	166	1.04546
178	167	1.02302
178	169	1.00027
178	170	1.04604
178	171	0.977099
178	172	1.01617
178	173	1.04738
178	174	0.946938
178	175	1.133
178	176	0.997486
178	177	0.98331
178	179	0.993279
178	180	0.95886
179	4	1.20055
179	15	1.11087
179	19	1.31495
179	24	1.13809
179	27	0.821081
179	28	1.13792
179	32	0.894775
179	34	0.740947
179	35	0.839078
179	37	1.07532
179	41	0.783005
179	42	1.15756
179	45	0.791995
179	48	0.794694
179	53	0.834752
179	60	0.809127
179	66	0.826708
179	71	0.885383
179	72	1.2106
179	75	1.09004
179	76	0.86058
179	77	1.20594
179	78	0.732209
179	79	0.769503
179	83	0.759733
179	84	0.784053
179	86	1.05935
179	87	0.828851
179	91	1.20281
179	96	0.805596
179	97	0.834571
179	98	0.885859
179	99	1.12732
179	100	0.802646
179	102	0.840492
179	103	0.783239
179	104	1.2327
179	105	0.78274
179	106	0.787449
179	110	1.09324
179	112	1.15535
179	113	1.14719
179	115	0.766983
179	116	0.792784
179	118	1.1956
179	119	0.821036
179	124	1.1854
179	125	1.07291
179	126	1.13684
179	127	0.791315
179	129	1.10109
179	132	0.806632
179	136	0.827271
179	137	1.09198
179	138	1.09116
179	142	0.818146
179	143	1.14971
179	144	1.08786
179	145	0.796767
179	146	1.0625
179	147	1.0739
179	148	1.09764
179	149	1.0759
179	150	1.02323
179	152	1.08026
179	154	1.0532
179	156	1.13261
179	157	1.22525
179	158	1.11486
179	160	1.0773
179	161	1.11233
179	162	1.09938
179	163	1.11631
179	164	1.09577
179	165	1.10483
179	166	1.10293
179	167	1.0805
179	168	1.1249
179	169	1.05774
179	170	1.10351
179	171	1.03457
179	172	1.07365
179	173	1.10486
179	174	1.00441
179	175	1.19047
179	176	1.05496
179	177	1.04078
179	178	0.993279
179	180	1.01633
180	2	1.15511
180	3	1.02619
180	4	1.16613
180	15	1.07645
180	19	1.28053
180	20	0.85797
180	24	1.10367
180	25	0.923078
180	28	1.1035
180	30	0.706763
180	34	0.790066
180	37	1.0409
180	42	1.12314
180	45	0.841114
180	49	0.822851
180	51	0.915906
180	53	0.883871
180	58	0.833279
180	68	0.863523
180	69	0.894098
180	71	0.934502
180	72	1.17618
180	75	1.05562
180	77	1.17152
180	85	0.860048
180	86	1.02493
180	91	1.16839
180	93	0.76459
180	94	0.824488
180	95	0.939296
180	96	0.854715
180	98	0.934978
180	99	1.0929
180	103	0.832358
180	104	1.19829
180	110	1.05882
180	111	0.805579
180	112	1.12093
180	113	1.11277
180	114	0.842253
180	117	0.878234
180	118	1.16118
180	123	0.826591
180	124	1.15098
180	125	1.03849
180	126	1.10242
180	128	0.880009
180	129	1.06667
180	130	0.89848
180	131	0.835222
180	132	0.855751
180	134	0.809462
180	135	0.851742
180	136	0.87639
180	137	1.05756
180	138	1.05674
180	143	1.11529
180	144	1.05344
180	145	0.845886
180	146	1.02808
180	147	1.03948
180	148	1.06322
180	149	1.04148
180	150	0.98881
180	151	1.11126
180	152	1.04584
180	154	1.01878
180	155	0.816907
180	156	1.09819
180	157	1.19083
180	158	1.08044
180	160	1.04288
180	161	1.07791
180	162	1.06496
180	163	1.08189
180	164	1.06136
180	165	1.07041
180	166	1.06851
180	167	1.04608
180	168	1.09049
180	169	1.02332
180	170	1.06909
180	171	1.00015
180	172	1.03923
180	173	1.07044
180	174	0.969992
180	175	1.15606
180	176	1.02054
180	177	1.00636
180	178	0.95886
180	179	1.01633
