1	4	0.893132
1	51	0.975919
1	83	0.981164
1	109	0.667604
1	112	0.986134
1	138	0.935054
1	139	0.972769
1	148	0.969841
1	157	0.971835
1	159	0.952414
1	166	0.95048
1	175	2.23685
2	10	1.11153
2	13	1.32488
2	24	0.972007
2	25	1.27415
2	43	1.15913
2	56	1.11777
2	121	0.735228
2	141	1.12871
2	153	0.994312
2	154	0.950707
3	7	1.14181
3	11	1.14687
3	28	1.00221
3	45	0.540131
3	67	1.04511
3	72	1.03009
3	74	1.10393
3	85	1.06147
3	125	1.036
3	173	1.01664
3	174	1.07667
3	175	1.7669
4	1	0.893132
4	15	1.03391
4	34	0.991027
4	77	0.903964
4	96	1.22574
4	142	0.964998
4	143	0.960964
4	157	0.972259
4	159	0.952837
4	163	0.955865
4	166	0.950903
4	171	1.74697
5	59	1.06273
5	62	0.89298
5	63	1.0695
5	75	1.0412
5	107	1.07668
5	113	1.07971
5	114	1.06397
5	115	1.07959
5	122	1.04534
5	144	1.05884
5	167	1.19627
5	174	1.09131
6	51	0.988662
6	70	0.919766
6	109	1.11433
6	139	0.985512
6	147	0.952622
6	148	0.982584
6	155	0.95744
6	159	0.965158
6	162	1.753
6	163	0.968185
6	166	0.963223
6	173	0.906185
7	3	1.14181
7	27	1.1019
7	28	1.0032
7	49	1.06667
7	72	1.03108
7	74	1.10492
7	85	1.06246
7	96	1.08684
7	146	2.05678
7	161	0.474259
7	173	0.822781
7	174	1.07766
8	59	1.06274
8	71	1.05919
8	75	1.04122
8	107	1.07669
8	113	1.07973
8	114	1.06399
8	115	1.0796
8	122	1.04535
8	124	1.21509
8	144	0.692528
8	174	1.09132
8	176	1.28296
9	88	1.07935
9	120	1.15928
9	126	1.07679
9	137	1.05367
9	138	1.04734
9	143	1.07282
9	147	1.05216
9	148	1.08212
9	151	1.03778
9	153	0.960753
9	166	1.06276
9	174	1.0649
10	2	1.11153
10	13	1.10909
10	24	0.756211
10	25	1.05836
10	43	0.943337
10	56	0.901976
10	68	0.948232
10	86	0.878337
10	91	1.01084
10	141	0.912916
10	156	1.31651
10	162	1.59748
11	3	1.14687
11	27	1.10695
11	28	1.00826
11	49	1.07172
11	72	1.03614
11	74	1.10997
11	85	1.06751
11	118	1.04924
11	146	2.03839
11	160	0.578195
11	169	0.710217
11	174	1.08272
12	102	0.855286
12	140	0.995966
12	167	0.932934
12	169	0.888312
12	170	0.906363
12	172	0.830388
12	174	2.14011
12	176	0.867031
12	177	0.885083
12	178	0.820794
12	179	0.850462
12	180	0.826773
13	2	1.32488
13	10	1.10909
13	24	0.96956
13	25	1.27171
13	43	1.15669
13	56	1.11533
13	130	0.720271
13	141	1.12627
13	170	0.980547
13	177	1.13307
14	37	0.484128
14	78	0.563395
14	113	0.544483
14	150	1.10602
14	160	1.12248
14	168	1.09755
14	169	1.09745
14	175	1.03317
14	176	1.07617
14	178	1.02993
14	179	1.0596
14	180	1.03591
15	4	1.03391
15	78	1.0908
15	94	1.05367
15	114	1.06606
15	122	1.04742
15	128	0.855917
15	163	1.09622
15	164	1.03989
15	166	1.09126
15	168	0.758393
15	172	1.7864
15	174	1.09339
16	72	0.961198
16	85	0.992574
16	86	0.931984
16	115	0.919306
16	123	0.959087
16	143	1.0157
16	159	1.00758
16	166	1.00564
16	174	1.00778
16	176	0.921858
16	179	0.905289
16	180	0.8816
17	117	1.25606
17	131	0.97092
17	135	0.95941
17	139	0.978829
17	143	0.9666
17	151	1.66228
17	155	0.950757
17	157	0.977895
17	159	0.958474
17	163	0.961501
17	166	0.95654
17	173	0.899502
18	77	0.919559
18	92	1.17661
18	125	0.927959
18	131	0.980879
18	138	0.951072
18	147	0.955897
18	155	0.960715
18	157	0.987854
18	163	0.97146
18	164	1.79219
18	166	0.966498
18	174	0.968632
19	40	1.00908
19	63	0.957206
19	71	0.946883
19	75	0.928915
19	107	0.96439
19	113	0.967424
19	114	0.951686
19	115	0.967298
19	120	1.03981
19	122	0.933051
19	174	0.97902
19	178	1.91649
20	107	0.657389
20	150	0.985677
20	158	1.03795
20	162	0.978295
20	165	0.983912
20	170	0.995162
20	174	1.11597
20	175	0.912828
20	176	0.95583
20	177	0.973882
20	178	0.909593
20	180	0.915572
21	132	0.739099
21	138	0.638031
21	165	1.10319
21	167	1.14102
21	168	1.09649
21	172	1.03847
21	174	0.232446
21	176	1.07511
21	177	1.09317
21	178	1.02888
21	179	1.05854
21	180	1.03486
22	78	1.17634
22	94	1.13921
22	116	1.16289
22	127	1.12655
22	140	0.619399
22	149	1.15674
22	154	0.790496
22	155	1.17102
22	159	1.17873
22	164	1.12543
22	166	1.1768
22	169	1.14661
22	173	1.11976
23	47	1.05218
23	61	1.0289
23	69	1.09471
23	78	1.03903
23	79	1.06346
23	80	1.06511
23	94	1.00189
23	99	1.11306
23	106	1.06228
23	144	1.08551
23	145	1.00457
23	156	1.23284
23	164	0.988111
24	2	0.972007
24	10	0.756211
24	13	0.96956
24	25	0.91883
24	29	1.04623
24	30	0.922041
24	43	0.80381
24	56	0.762449
24	68	0.808704
24	86	0.73881
24	91	0.871309
24	141	0.773388
24	179	2.90573
25	2	1.27415
25	10	1.05836
25	13	1.27171
25	24	0.91883
25	43	1.10596
25	56	1.0646
25	86	1.04096
25	112	0.504339
25	141	1.07554
25	171	0.780798
25	172	1.86348
26	44	0.820935
26	111	0.597155
26	158	1.12409
26	168	1.06335
26	169	1.06325
26	170	1.0813
26	171	1.05661
26	174	0.408079
26	175	0.99897
26	177	1.06002
26	178	0.995735
26	179	1.0254
26	180	1.00171
27	7	1.1019
27	11	1.10695
27	28	0.962298
27	64	1.17437
27	72	0.990178
27	74	1.06401
27	85	1.02155
27	96	1.04594
27	98	0.964365
27	118	1.00328
27	119	1.05514
27	133	1.18947
27	174	1.03676
28	3	1.00221
28	7	1.0032
28	11	1.00826
28	27	0.962298
28	67	0.906497
28	72	0.891484
28	74	0.965318
28	85	0.922859
28	112	1.43514
28	118	0.904586
28	125	0.897388
28	173	1.80993
28	174	0.93806
29	24	1.04623
29	56	1.192
29	94	0.587595
29	107	1.22952
29	114	1.21682
29	116	0.273424
29	122	1.19818
29	141	1.20294
29	145	0.508295
29	159	0.24171
29	178	1.11199
29	179	1.14166
29	180	1.11797
30	24	0.922041
30	37	0.747482
30	43	1.10917
30	49	1.10896
30	56	1.06781
30	85	1.10476
30	139	0.611313
30	163	0.429036
30	174	1.11996
30	176	1.03404
30	177	1.05209
30	179	1.01747
30	180	0.993783
31	71	1.48708
31	160	1.0008
31	166	0.702064
31	167	1.02039
31	169	0.975769
31	171	0.969125
31	172	0.917846
31	175	0.911487
31	176	0.954489
31	177	0.972541
31	178	0.908251
31	179	0.937919
31	180	0.914231
32	84	0.98178
32	89	0.99574
32	101	1.00345
32	104	0.93012
32	111	0.979882
32	116	0.95295
32	123	0.946322
32	141	0.927778
32	145	0.931942
32	146	0.872797
32	164	0.915484
32	168	1.63857
32	176	1.55278
33	150	0.978074
33	153	1.01961
33	165	0.976308
33	166	1.03782
33	168	0.969603
33	171	0.962862
33	174	1.07057
33	175	0.905225
33	176	0.948227
33	177	0.966279
33	178	0.901989
33	179	0.931657
33	180	0.907968
34	4	0.991027
34	38	1.16112
34	92	0.947796
34	100	1.01697
34	131	1.06276
34	137	1.03928
34	147	1.03777
34	148	1.06774
34	149	1.02832
34	159	1.05031
34	163	1.05334
34	166	1.04838
34	170	1.31861
35	88	0.963656
35	100	0.915663
35	126	0.961088
35	128	1.67978
35	131	0.961446
35	132	0.923478
35	137	0.937972
35	149	0.92701
35	157	0.968421
35	159	0.949
35	163	0.952027
35	166	0.947065
35	179	1.60117
36	47	0.957254
36	48	0.969501
36	53	0.990493
36	61	0.933965
36	69	0.999776
36	78	0.944096
36	79	0.968532
36	80	0.970179
36	94	0.906962
36	95	1.58069
36	97	1.43458
36	145	0.909639
36	164	0.89318
37	14	0.484128
37	30	0.747482
37	84	1.07834
37	89	1.0923
37	101	1.10001
37	104	1.02668
37	111	1.07645
37	116	1.04951
37	123	1.04289
37	146	0.96936
37	164	1.01205
37	171	1.67464
37	173	1.00638
38	34	1.16112
38	125	1.14782
38	152	1.00502
38	154	1.02122
38	158	1.0272
38	171	0.959713
38	172	0.908434
38	175	0.902075
38	176	0.945077
38	177	0.963129
38	178	0.89884
38	179	0.928508
38	180	0.904819
39	57	1.03267
39	132	1.02267
39	138	1.03083
39	139	1.06855
39	143	1.05632
39	158	0.878546
39	159	1.04819
39	163	1.05122
39	164	1.37486
39	165	1.1907
39	166	1.04626
39	173	0.989222
39	174	1.04839
40	19	1.00908
40	59	1.014
40	60	1.03276
40	71	1.01045
40	75	0.992478
40	107	1.02795
40	113	1.03099
40	114	1.01525
40	115	1.03086
40	122	0.996613
40	124	1.3679
40	136	0.795114
40	173	1.45394
40	174	1.04258
41	52	1.00931
41	72	1.27765
41	155	0.935544
41	165	0.957587
41	167	0.995409
41	168	0.950882
41	169	0.950787
41	171	0.944142
41	175	0.886504
41	176	0.929506
41	177	0.947558
41	178	0.883269
41	179	0.912937
41	180	0.889248
42	132	0.866359
42	155	0.502894
42	159	0.609809
42	165	1.05955
42	168	1.05285
42	170	1.0708
42	171	1.04611
42	172	0.994828
42	175	0.988469
42	176	1.03147
42	177	1.04952
42	178	0.985234
42	179	1.0149
42	180	0.991213
43	2	1.15913
43	10	0.943337
43	13	1.15669
43	24	0.80381
43	25	1.10596
43	30	1.10917
43	56	0.949575
43	68	0.995831
43	86	0.925936
43	91	1.05844
43	140	0.661517
43	141	0.960515
43	160	1.0567
43	180	1.92702
44	26	0.820935
44	59	1.01325
44	60	1.03201
44	63	1.02002
44	64	1.11976
44	71	1.00969
44	75	0.991724
44	107	1.0272
44	113	1.03023
44	114	1.0145
44	115	1.03011
44	122	0.99586
44	151	1.32263
44	174	1.04183
45	3	0.540131
45	101	0.659663
45	149	0.99393
45	154	1.09348
45	167	1.08324
45	169	1.03862
45	170	1.05667
45	171	1.03197
45	175	0.974334
45	176	1.01734
45	177	1.03539
45	178	0.971099
45	179	1.00077
45	180	0.977078
46	55	0.909205
46	124	0.913937
46	154	0.929378
46	166	2.56828
46	167	0.919141
46	168	0.874614
46	170	0.892569
46	172	0.816595
46	175	0.810236
46	176	0.853237
46	177	0.871289
46	178	0.807
46	179	0.836668
46	180	0.812979
47	23	1.05218
47	36	0.957254
47	48	1.0459
47	53	1.06689
47	61	1.01036
47	69	1.07617
47	78	1.02049
47	80	1.04658
47	94	0.98336
47	145	0.986037
47	158	0.955269
47	160	1.24078
47	164	0.969578
47	173	1.46698
48	36	0.969501
48	47	1.0459
48	61	1.02261
48	69	1.08842
48	78	1.03274
48	79	1.05718
48	80	1.05882
48	94	0.995607
48	119	1.01687
48	125	0.994659
48	145	0.998284
48	164	0.981825
48	173	1.4107
48	177	1.30306
49	7	1.06667
49	11	1.07172
49	30	1.10896
49	55	1.24171
49	67	0.969961
49	72	0.954947
49	74	1.02878
49	85	0.986322
49	96	1.01071
49	110	0.563432
49	119	1.01991
49	125	0.960851
49	174	1.00152
49	180	1.88283
50	66	0.889836
50	67	0.887902
50	139	0.401362
50	161	1.08289
50	165	1.04462
50	167	1.08244
50	169	1.03782
50	170	1.05587
50	175	0.973538
50	176	1.01654
50	177	1.03459
50	178	0.970303
50	179	0.999971
50	180	0.976282
51	1	0.975919
51	6	0.988662
51	87	1.03037
51	96	0.674365
51	135	1.03656
51	137	1.0246
51	139	1.05598
51	147	1.02309
51	149	1.01363
51	155	1.02791
51	163	1.03865
51	167	0.711469
51	172	2.27828
51	173	0.976652
52	41	1.00931
52	75	1.2689
52	145	1.28
52	151	0.983753
52	162	0.94295
52	167	0.986389
52	169	0.941766
52	171	0.935121
52	172	0.883843
52	175	0.877484
52	176	0.920486
52	177	0.938538
52	178	0.874248
52	179	0.903916
52	180	0.880227
53	36	0.990493
53	47	1.06689
53	67	1.03513
53	79	1.07817
53	94	1.0166
53	100	0.775985
53	107	1.04169
53	113	1.04473
53	115	1.0446
53	122	1.01035
53	148	0.450543
53	177	0.988459
53	178	0.924169
53	179	0.953837
53	180	0.930148
54	125	0.962544
54	129	1.02649
54	137	0.99199
54	138	0.985657
54	143	1.01114
54	147	0.990481
54	148	1.02044
54	149	0.981028
54	155	0.9953
54	159	1.00302
54	163	1.00604
54	166	1.00108
54	167	0.9797
54	169	1.35671
54	179	1.53742
55	46	0.909205
55	49	1.24171
55	104	0.943699
55	111	0.99346
55	113	0.970973
55	115	0.970847
55	122	0.9366
55	123	0.9599
55	149	1.47345
55	173	0.923398
55	174	0.982569
55	175	0.85365
55	176	0.896652
55	179	0.880082
55	180	0.856393
56	2	1.11777
56	10	0.901976
56	13	1.11533
56	24	0.762449
56	25	1.0646
56	29	1.192
56	30	1.06781
56	43	0.949575
56	68	0.95447
56	86	0.884575
56	91	1.01707
56	99	0.834864
56	136	1.15945
56	141	0.919154
56	176	1.8001
57	39	1.03267
57	62	1.04242
57	90	0.985178
57	109	0.997898
57	129	1.02007
57	131	1.00905
57	132	0.971079
57	138	0.979239
57	142	1.00876
57	143	1.00473
57	149	0.97461
57	157	1.01602
57	162	1.63657
57	163	0.999627
57	166	0.994666
58	104	0.744207
58	126	0.797548
58	144	1.08055
58	154	1.06282
58	157	0.61621
58	158	1.0688
58	167	1.05258
58	169	1.00796
58	171	1.00131
58	175	0.943676
58	176	0.986677
58	177	1.00473
58	178	0.94044
58	179	0.970108
58	180	0.946419
59	5	1.06273
59	8	1.06274
59	40	1.014
59	44	1.01325
59	60	0.974117
59	71	0.9518
59	75	0.933832
59	91	0.902351
59	107	0.969307
59	113	0.972341
59	114	0.956603
59	115	0.972215
59	122	0.937967
59	128	1.81876
59	165	1.45406
59	174	0.983936
60	40	1.03276
60	44	1.03201
60	59	0.974117
60	63	0.980885
60	71	0.970562
60	75	0.952594
60	91	1.37334
60	99	1.1412
60	107	0.988069
60	108	0.954034
60	113	0.991103
60	114	0.975365
60	115	0.990977
60	122	0.956729
60	144	1.516
60	174	1.0027
61	23	1.0289
61	36	0.933965
61	47	1.01036
61	48	1.02261
61	69	1.05289
61	78	0.997205
61	79	1.02164
61	80	1.02329
61	94	0.960071
61	102	0.902134
61	125	0.959124
61	145	0.962748
61	150	1.25122
61	164	0.94629
61	167	0.841021
61	180	1.95632
62	5	0.89298
62	57	1.04242
62	114	1.01423
62	165	1.01787
62	167	1.0557
62	168	1.01117
62	169	1.01107
62	170	1.02912
62	171	1.00443
62	172	0.953149
62	175	0.94679
62	176	0.989792
62	177	1.00784
62	178	0.943555
62	179	0.973223
62	180	0.949534
63	5	1.0695
63	19	0.957206
63	44	1.02002
63	60	0.980885
63	71	0.958568
63	75	0.940599
63	98	1.21017
63	107	0.976074
63	112	1.02422
63	113	0.979109
63	114	0.96337
63	115	0.978982
63	122	0.944735
63	140	1.33133
63	158	1.441
63	174	0.990704
64	27	1.17437
64	44	1.11976
64	127	1.0474
64	166	0.674149
64	167	1.05284
64	168	1.00831
64	169	1.00821
64	170	1.02626
64	171	1.00157
64	172	0.950289
64	175	0.94393
64	176	0.986932
64	177	1.00498
64	178	0.940695
64	179	0.970362
64	180	0.946674
65	90	0.974415
65	129	1.00931
65	132	0.960315
65	135	0.986773
65	136	0.987925
65	137	0.974809
65	139	1.00619
65	148	1.00326
65	155	0.97812
65	157	1.00526
65	159	0.985837
65	163	0.988864
65	166	0.983903
65	170	1.38659
65	173	0.926865
65	176	1.62858
66	50	0.889836
66	70	0.941211
66	87	0.981345
66	100	0.953266
66	121	1.34823
66	132	0.961081
66	137	0.975575
66	139	1.00696
66	141	1.59925
66	146	0.890608
66	147	0.974067
66	149	0.964613
66	155	0.978885
66	157	1.00602
66	159	0.986603
66	163	0.98963
66	166	0.984669
67	3	1.04511
67	28	0.906497
67	49	0.969961
67	50	0.887902
67	53	1.03513
67	72	0.934378
67	111	0.991847
67	116	0.964914
67	123	0.958287
67	139	1.00111
67	148	0.998182
67	159	0.980756
67	163	0.983783
67	166	0.978821
67	170	1.7519
67	173	0.921784
67	174	0.980955
68	10	0.948232
68	24	0.808704
68	43	0.995831
68	56	0.95447
68	104	0.967752
68	116	0.990581
68	123	0.983953
68	129	1.02989
68	137	0.995395
68	142	1.01858
68	143	1.01455
68	164	0.953115
68	165	1.27085
68	166	1.00449
68	173	0.947451
68	176	1.45224
68	179	1.55695
69	23	1.09471
69	36	0.999776
69	47	1.07617
69	48	1.08842
69	61	1.05289
69	78	1.06302
69	79	1.08745
69	80	1.0891
69	91	0.681798
69	92	0.802083
69	94	1.02588
69	102	0.967946
69	119	1.03923
69	125	1.02493
69	145	1.02856
69	164	1.0121
69	180	2.07718
70	6	0.919766
70	66	0.941211
70	91	1.02364
70	105	0.984403
70	118	1.5029
70	131	0.979175
70	137	0.955701
70	139	0.987083
70	142	0.978889
70	143	0.974855
70	147	0.954192
70	153	1.58868
70	155	0.959011
70	157	0.986149
70	159	0.966728
70	163	0.969755
70	166	0.964794
71	8	1.05919
71	19	0.946883
71	31	1.48708
71	40	1.01045
71	44	1.00969
71	59	0.9518
71	60	0.970562
71	63	0.958568
71	75	0.930277
71	103	1.07877
71	107	0.965751
71	113	0.968786
71	114	0.953047
71	115	0.96866
71	122	0.934412
71	136	1.33287
71	174	0.980381
72	3	1.03009
72	7	1.03108
72	11	1.03614
72	16	0.961198
72	27	0.990178
72	28	0.891484
72	41	1.27765
72	49	0.954947
72	67	0.934378
72	74	0.993198
72	85	0.950739
72	118	0.932467
72	119	0.984326
72	125	0.925268
72	152	1.42969
72	167	1.25355
72	174	0.965941
73	79	1.13724
73	82	0.966347
73	89	0.969624
73	111	0.953766
73	116	0.926833
73	122	1.61287
73	139	0.96303
73	142	0.954835
73	147	0.930139
73	156	0.940633
73	157	0.962096
73	170	0.896288
73	173	0.883703
73	175	0.813955
73	178	0.81072
73	179	0.840387
73	180	0.816699
74	3	1.10393
74	7	1.10492
74	11	1.10997
74	27	1.06401
74	28	0.965318
74	49	1.02878
74	72	0.993198
74	85	1.02457
74	96	1.04896
74	112	1.02889
74	118	1.0063
74	119	1.05816
74	125	0.999102
74	151	1.07402
74	161	1.05515
74	164	1.38828
74	174	1.03977
75	5	1.0412
75	8	1.04122
75	19	0.928915
75	40	0.992478
75	44	0.991724
75	52	1.2689
75	59	0.933832
75	60	0.952594
75	63	0.940599
75	71	0.930277
75	107	0.947783
75	113	0.950818
75	114	0.935079
75	115	0.950692
75	122	0.916444
75	141	1.33028
75	160	1.51884
75	174	0.962413
76	84	1.0667
76	96	1.0631
76	101	1.08837
76	104	1.01504
76	108	1.00525
76	111	1.06481
76	116	1.03787
76	118	1.02044
76	119	1.24051
76	123	1.03125
76	134	0.841067
76	141	1.0127
76	144	1.02574
76	145	1.01687
76	146	0.95772
76	164	1.00041
76	171	1.64729
76	173	0.994742
77	4	0.903964
77	18	0.919559
77	126	0.975335
77	129	0.986716
77	132	0.937725
77	134	1.17653
77	135	0.964182
77	142	0.975407
77	143	0.971373
77	148	0.980673
77	149	0.941257
77	155	0.955529
77	157	0.982668
77	159	0.963246
77	163	0.966274
77	165	1.77025
77	166	0.961312
77	167	1.49862
78	14	0.563395
78	15	1.0908
78	22	1.17634
78	23	1.03903
78	36	0.944096
78	47	1.02049
78	48	1.03274
78	61	0.997205
78	69	1.06302
78	79	1.03177
78	80	1.03342
78	94	0.970202
78	99	1.08137
78	133	1.22353
78	145	0.972879
78	158	1.22925
78	161	1.39244
78	164	0.95642
79	23	1.06346
79	36	0.968532
79	48	1.05718
79	53	1.07817
79	61	1.02164
79	69	1.08745
79	73	1.13724
79	78	1.03177
79	80	1.05786
79	94	0.994638
79	99	1.10581
79	102	0.936701
79	125	0.993691
79	145	0.997315
79	158	0.440471
79	164	0.980857
79	172	2.04781
79	177	0.844545
80	23	1.06511
80	36	0.970179
80	47	1.04658
80	48	1.05882
80	61	1.02329
80	69	1.0891
80	78	1.03342
80	79	1.05786
80	94	0.996285
80	99	1.10745
80	102	0.938348
80	119	1.02517
80	125	0.995338
80	145	0.998962
80	160	1.19281
80	164	0.982504
80	170	1.15884
80	173	1.41901
81	83	0.992655
81	88	0.978561
81	90	0.952483
81	99	1.05025
81	126	0.975993
81	129	0.987374
81	132	0.938383
81	137	0.952877
81	146	0.86791
81	147	0.951369
81	155	0.956187
81	156	1.57237
81	157	0.983326
81	159	0.963905
81	160	1.80746
81	163	0.966932
81	166	0.96197
81	174	0.964104
82	73	0.966347
82	143	0.892952
82	145	1.224
82	153	1.02146
82	156	1.03375
82	161	1.01643
82	167	1.01598
82	168	0.971451
82	169	0.971355
82	170	0.989406
82	172	0.913431
82	174	0.707311
82	175	0.907072
82	176	0.950074
82	177	0.968126
82	178	0.903837
82	179	0.933505
82	180	0.909816
83	1	0.981164
83	81	0.992655
83	90	1.02945
83	103	0.527988
83	126	1.05296
83	132	1.01535
83	136	0.78209
83	138	1.02351
83	142	1.05303
83	143	1.049
83	149	1.01888
83	152	1.14587
83	157	1.06029
83	159	1.04087
83	163	1.0439
83	166	1.03894
83	173	0.981898
83	175	2.19117
84	32	0.98178
84	37	1.07834
84	76	1.0667
84	86	1.96223
84	89	1.05206
84	99	1.09675
84	101	1.05977
84	104	0.986438
84	111	1.0362
84	116	1.00927
84	119	0.878224
84	123	1.00264
84	141	0.984095
84	145	0.98826
84	146	0.929114
84	164	0.971801
84	165	1.07251
84	169	1.17788
84	173	0.966137
85	3	1.06147
85	7	1.06246
85	11	1.06751
85	16	0.992574
85	27	1.02155
85	28	0.922859
85	30	1.10476
85	49	0.986322
85	72	0.950739
85	74	1.02457
85	96	1.0065
85	118	0.963842
85	119	1.0157
85	125	0.956644
85	133	0.538546
85	146	2.28998
85	171	1.06893
85	174	0.997316
85	179	1.14252
86	10	0.878337
86	16	0.931984
86	24	0.73881
86	25	1.04096
86	43	0.925936
86	56	0.884575
86	84	1.96223
86	107	1.47102
86	148	0.953955
86	149	0.914538
86	152	0.910757
86	155	0.928811
86	163	0.939555
86	166	0.934594
86	170	0.890142
86	176	0.85081
86	177	0.868862
86	179	0.83424
86	180	0.810552
87	51	1.03037
87	66	0.981345
87	88	1.02152
87	110	0.946963
87	117	0.886357
87	129	1.03033
87	131	1.01931
87	132	0.98134
87	135	1.0078
87	139	1.02722
87	142	1.01902
87	143	1.01499
87	147	0.994326
87	148	1.02429
87	157	1.02628
87	163	1.00989
87	165	1.42269
87	166	1.00493
87	179	1.70878
88	9	1.07935
88	35	0.963656
88	81	0.978561
88	87	1.02152
88	90	1.01535
88	99	0.481539
88	129	1.05025
88	135	1.02771
88	138	1.00942
88	140	0.843562
88	146	0.930781
88	147	1.01424
88	148	1.0442
88	155	1.01906
88	163	1.0298
88	166	1.02484
88	173	0.967804
88	175	2.2152
88	177	1.35731
89	32	0.99574
89	37	1.0923
89	73	0.969624
89	84	1.05206
89	101	1.07373
89	104	1.0004
89	111	1.05016
89	112	1.27025
89	116	1.02323
89	118	1.00579
89	123	1.0166
89	130	1.12459
89	140	1.02365
89	141	0.998055
89	145	1.00222
89	146	0.943074
89	164	0.985761
89	173	0.980096
89	177	1.53739
90	57	0.985178
90	65	0.974415
90	81	0.952483
90	83	1.02945
90	88	1.01535
90	106	1.18004
90	129	1.02417
90	131	1.01314
90	134	1.0186
90	137	0.98967
90	138	0.983337
90	139	1.02105
90	143	1.00882
90	147	0.988162
90	149	0.978708
90	157	1.02012
90	158	1.30016
90	159	1.0007
90	166	0.998763
90	170	1.55171
91	10	1.01084
91	24	0.871309
91	43	1.05844
91	56	1.01707
91	59	0.902351
91	60	1.37334
91	69	0.681798
91	70	1.02364
91	104	0.753668
91	125	1.02855
91	138	1.05167
91	141	1.02801
91	149	1.04704
91	155	1.06131
91	167	1.04921
91	175	0.940307
91	177	1.00136
91	178	0.937072
91	179	0.96674
91	180	0.943051
92	18	1.17661
92	34	0.947796
92	69	0.802083
92	143	0.794098
92	154	1.06557
92	158	1.07155
92	161	1.05578
92	165	1.01751
92	167	1.05533
92	168	1.0108
92	169	1.01071
92	170	1.02876
92	171	1.00406
92	172	0.952783
92	175	0.946424
92	176	0.989426
92	177	1.00748
92	178	0.943188
92	179	0.972856
92	180	0.949167
93	133	1.01743
93	143	0.993165
93	147	1.14856
93	151	0.986161
93	153	0.994276
93	159	1.05763
93	161	0.989246
93	162	0.945358
93	165	0.950975
93	167	0.988797
93	168	0.94427
93	169	0.944174
93	170	0.962225
93	171	0.937529
93	175	0.879891
93	176	0.922893
93	177	0.940945
93	178	0.876656
93	179	0.906324
93	180	0.882635
94	15	1.05367
94	22	1.13921
94	23	1.00189
94	29	0.587595
94	36	0.906962
94	47	0.98336
94	48	0.995607
94	53	1.0166
94	61	0.960071
94	69	1.02588
94	78	0.970202
94	79	0.994638
94	80	0.996285
94	99	1.04424
94	102	0.875131
94	118	1.34296
94	125	0.93212
94	145	0.935745
94	154	1.38514
94	164	0.919286
94	165	1.63587
95	36	1.58069
95	117	1.08808
95	123	0.717793
95	133	1.064
95	153	1.04084
95	154	1.0456
95	159	0.717404
95	161	1.03581
95	162	0.991925
95	166	0.434545
95	168	0.990837
95	169	0.990741
95	170	1.00879
95	171	0.984096
95	172	0.932817
95	175	0.926458
95	176	0.96946
95	177	0.987512
95	178	0.923223
95	179	0.952891
95	180	0.929202
96	4	1.22574
96	7	1.08684
96	27	1.04594
96	49	1.01071
96	51	0.674365
96	74	1.04896
96	76	1.0631
96	85	1.0065
96	101	1.05616
96	111	1.03259
96	123	0.999033
96	131	1.09487
96	166	0.698397
96	170	0.975116
96	171	0.95042
96	172	0.899141
96	173	0.96253
96	174	1.0217
96	176	0.935784
96	178	0.889547
96	180	0.895526
97	36	1.43458
97	114	0.870455
97	140	1.09899
97	147	0.662224
97	151	1.03332
97	158	1.05218
97	160	1.01637
97	161	1.03641
97	163	0.425002
97	167	1.03596
97	168	0.99143
97	169	0.991334
97	170	1.00939
97	171	0.98469
97	172	0.933411
97	175	0.927052
97	176	0.970054
97	177	0.988106
97	178	0.923817
97	179	0.953484
97	180	0.929796
98	27	0.964365
98	63	1.21017
98	125	0.822934
98	134	1.09538
98	144	1.06042
98	153	1.03794
98	156	1.05023
98	157	0.634398
98	160	1.01287
98	167	1.03246
98	169	0.987836
98	170	1.00589
98	171	0.981191
98	172	0.929912
98	173	0.993301
98	175	0.923553
98	176	0.966555
98	177	0.984607
98	178	0.920318
98	179	0.949986
98	180	0.926297
99	23	1.11306
99	56	0.834864
99	60	1.1412
99	78	1.08137
99	79	1.10581
99	80	1.10745
99	81	1.05025
99	84	1.09675
99	88	0.481539
99	94	1.04424
99	104	1.04509
99	123	1.06129
99	135	0.629386
99	141	1.04275
99	145	1.04691
99	164	1.03046
99	167	1.06395
99	172	0.961402
99	175	0.955043
99	178	0.951808
99	179	0.981475
99	180	0.957787
100	34	1.01697
100	35	0.915663
100	53	0.775985
100	66	0.953266
100	126	0.990872
100	127	1.6387
100	131	0.991229
100	132	0.953262
100	135	0.979719
100	138	0.961422
100	139	0.999138
100	142	0.990943
100	144	1.14432
100	147	0.966247
100	148	0.99621
100	149	0.956793
100	155	0.971066
100	157	0.998204
100	159	0.978783
100	163	0.98181
100	166	0.976849
100	169	1.65875
101	32	1.00345
101	37	1.10001
101	45	0.659663
101	76	1.08837
101	84	1.05977
101	89	1.07373
101	96	1.05616
101	102	1.86802
101	104	1.00811
101	108	0.998314
101	109	1.09758
101	111	1.05787
101	112	0.761388
101	116	1.03094
101	118	1.0135
101	123	1.02431
101	141	1.00577
101	146	0.950785
101	164	0.993472
101	168	1.2038
101	171	1.14912
101	173	0.987808
102	12	0.855286
102	61	0.902134
102	69	0.967946
102	79	0.936701
102	80	0.938348
102	94	0.875131
102	101	1.86802
102	116	2.2531
102	138	0.897296
102	141	0.873644
102	149	0.892667
102	157	0.934078
102	159	0.914657
102	160	0.875251
102	163	0.917684
102	165	0.85702
102	166	0.912723
102	171	0.843575
102	177	0.846991
102	178	0.782702
102	179	0.812369
102	180	0.788681
103	71	1.07877
103	83	0.527988
103	122	0.514895
103	131	0.690225
103	138	0.732095
103	153	1.09548
103	158	1.10622
103	161	1.09045
103	162	1.04656
103	165	1.05218
103	167	1.09
103	168	1.04547
103	169	1.04538
103	170	1.06343
103	171	1.03873
103	172	0.987454
103	175	0.981095
103	176	1.0241
103	177	1.04215
103	178	0.97786
103	179	1.00753
103	180	0.983839
104	32	0.93012
104	37	1.02668
104	55	0.943699
104	58	0.744207
104	68	0.967752
104	76	1.01504
104	84	0.986438
104	89	1.0004
104	91	0.753668
104	99	1.04509
104	101	1.00811
104	108	0.924983
104	109	1.02425
104	111	0.98454
104	116	0.957608
104	123	0.95098
104	127	1.3907
104	141	0.932436
104	145	0.9366
104	146	0.877455
104	164	0.920142
104	173	0.914477
104	175	2.25519
105	70	0.984403
105	106	1.10853
105	108	0.905299
105	126	0.547315
105	128	1.04542
105	139	0.514567
105	147	0.569512
105	151	1.06709
105	152	1.06377
105	153	1.0752
105	160	1.05013
105	162	1.02629
105	165	1.0319
105	167	1.06973
105	168	1.0252
105	171	1.01846
105	172	0.967179
105	175	0.96082
105	176	1.00382
105	177	1.02187
105	178	0.957585
105	179	0.987252
105	180	0.963564
106	23	1.06228
106	90	1.18004
106	105	1.10853
106	118	0.997839
106	145	1.12429
106	151	1.00866
106	158	1.02752
106	160	0.991708
106	161	1.01175
106	162	0.967861
106	163	0.711415
106	167	1.0113
106	168	0.966772
106	169	0.966676
106	170	0.984727
106	171	0.960032
106	172	0.908753
106	175	0.902394
106	176	0.945396
106	177	0.963448
106	178	0.899158
106	179	0.928826
106	180	0.905138
107	5	1.07668
107	8	1.07669
107	19	0.96439
107	20	0.657389
107	29	1.22952
107	40	1.02795
107	44	1.0272
107	53	1.04169
107	59	0.969307
107	60	0.988069
107	63	0.976074
107	71	0.965751
107	75	0.947783
107	86	1.47102
107	108	0.949223
107	109	1.04849
107	113	0.986292
107	114	0.970554
107	115	0.986166
107	122	0.951919
107	146	2.01485
107	164	0.765459
107	168	0.848476
107	174	0.997888
108	60	0.954034
108	76	1.00525
108	101	0.998314
108	104	0.924983
108	105	0.905299
108	107	0.949223
108	111	0.974745
108	113	0.952258
108	114	0.936519
108	115	0.952132
108	116	0.947813
108	119	0.982239
108	122	0.917884
108	123	0.941185
108	126	0.975743
108	142	0.975814
108	147	0.951118
108	148	0.981081
108	154	1.46597
108	155	0.955937
108	166	0.96172
108	167	1.44508
108	174	0.963853
108	177	1.80862
109	1	0.667604
109	6	1.11433
109	57	0.997898
109	101	1.09758
109	104	1.02425
109	107	1.04849
109	111	1.07401
109	113	1.05152
109	114	1.03578
109	115	1.05139
109	116	1.04707
109	122	1.01715
109	123	1.04045
109	135	0.793805
109	139	0.706537
109	169	0.998478
109	172	0.940555
109	173	1.00394
109	174	1.06311
109	176	0.977198
109	177	0.99525
109	178	0.930961
109	179	0.960628
109	180	0.93694
110	49	0.563432
110	87	0.946963
110	125	0.890196
110	137	0.794015
110	144	1.08835
110	150	1.02432
110	151	1.05774
110	152	1.05442
110	154	1.07062
110	155	0.707349
110	160	1.04079
110	162	1.01694
110	164	1.02689
110	168	1.01585
110	169	1.01576
110	170	1.03381
110	171	1.00911
110	172	0.957833
110	175	0.951474
110	176	0.994476
110	177	1.01253
110	178	0.948238
110	179	0.977906
110	180	0.954218
111	26	0.597155
111	32	0.979882
111	37	1.07645
111	55	0.99346
111	67	0.991847
111	73	0.953766
111	76	1.06481
111	84	1.0362
111	89	1.05016
111	96	1.03259
111	101	1.05787
111	104	0.98454
111	108	0.974745
111	109	1.07401
111	116	1.00737
111	120	1.22036
111	123	1.00074
111	141	0.982197
111	145	0.986362
111	161	1.07999
111	164	0.969903
111	167	0.957331
111	173	0.964238
111	180	2.07263
112	1	0.986134
112	25	0.504339
112	28	1.43514
112	63	1.02422
112	74	1.02889
112	89	1.27025
112	101	0.761388
112	113	1.03444
112	114	1.0187
112	115	1.03432
112	122	1.00007
112	131	1.05829
112	137	1.03481
112	140	1.08906
112	147	1.0333
112	149	1.02385
112	155	1.03812
112	166	1.0439
112	172	0.923478
112	174	1.04604
112	175	0.917119
112	177	0.978173
112	178	0.913884
112	179	0.943552
112	180	0.919863
113	5	1.07971
113	8	1.07973
113	14	0.544483
113	19	0.967424
113	40	1.03099
113	44	1.03023
113	53	1.04473
113	55	0.970973
113	59	0.972341
113	60	0.991103
113	63	0.979109
113	71	0.968786
113	75	0.950818
113	107	0.986292
113	108	0.952258
113	109	1.05152
113	112	1.03444
113	114	0.973588
113	115	0.989201
113	122	0.954953
113	133	1.20462
113	152	1.42701
113	167	1.25087
113	173	1.72205
113	174	1.00092
114	5	1.06397
114	8	1.06399
114	15	1.06606
114	19	0.951686
114	29	1.21682
114	40	1.01525
114	44	1.0145
114	59	0.956603
114	60	0.975365
114	62	1.01423
114	63	0.96337
114	71	0.953047
114	75	0.935079
114	97	0.870455
114	107	0.970554
114	108	0.936519
114	109	1.03578
114	112	1.0187
114	113	0.973588
114	115	0.973462
114	120	1.58055
114	122	0.939215
114	134	0.995425
114	154	1.33842
114	174	0.985184
115	5	1.07959
115	8	1.0796
115	16	0.919306
115	19	0.967298
115	40	1.03086
115	44	1.03011
115	53	1.0446
115	55	0.970847
115	59	0.972215
115	60	0.990977
115	63	0.978982
115	71	0.96866
115	75	0.950692
115	107	0.986166
115	108	0.952132
115	109	1.05139
115	112	1.03432
115	113	0.989201
115	114	0.973462
115	122	0.954827
115	124	1.36411
115	141	1.03539
115	162	1.26983
115	173	1.45015
115	174	1.0008
116	22	1.16289
116	29	0.273424
116	32	0.95295
116	37	1.04951
116	67	0.964914
116	68	0.990581
116	73	0.926833
116	76	1.03787
116	84	1.00927
116	89	1.02323
116	101	1.03094
116	102	2.2531
116	104	0.957608
116	108	0.947813
116	109	1.04707
116	111	1.00737
116	118	0.963003
116	123	0.973809
116	136	0.86243
116	141	0.955265
116	145	0.959429
116	146	0.900284
116	156	1.05997
116	164	0.942971
116	168	1.58887
116	173	0.937306
117	17	1.25606
117	87	0.886357
117	95	1.08808
117	123	0.754047
117	124	1.02
117	130	1.06672
117	131	0.867269
117	152	1.01925
117	153	1.03069
117	154	1.03544
117	160	1.00562
117	161	1.02566
117	162	0.981768
117	163	0.607366
117	165	0.987384
117	167	1.02521
117	168	0.980679
117	169	0.980583
117	170	0.998635
117	171	0.973939
117	175	0.916301
117	176	0.959303
117	177	0.977355
117	178	0.913066
117	179	0.942733
117	180	0.919045
118	11	1.04924
118	27	1.00328
118	28	0.904586
118	70	1.5029
118	72	0.932467
118	74	1.0063
118	76	1.02044
118	85	0.963842
118	89	1.00579
118	94	1.34296
118	101	1.0135
118	106	0.997839
118	116	0.963003
118	123	0.956376
118	138	1.15256
118	164	0.925537
118	166	0.714218
118	170	0.932458
118	171	0.907763
118	173	0.919873
118	174	0.979044
118	176	0.893127
118	177	0.911179
118	178	0.84689
118	179	0.876557
118	180	0.852869
119	27	1.05514
119	48	1.01687
119	49	1.01991
119	69	1.03923
119	72	0.984326
119	74	1.05816
119	76	1.24051
119	80	1.02517
119	84	0.878224
119	85	1.0157
119	108	0.982239
119	125	0.990231
119	129	1.05417
119	142	1.04286
119	149	1.00871
119	157	1.05013
119	159	1.0307
119	166	1.02877
119	168	0.966363
119	174	1.0309
119	175	0.901984
119	176	0.944986
119	177	0.963038
119	178	0.898749
119	179	0.928417
119	180	0.904728
120	9	1.15928
120	19	1.03981
120	111	1.22036
120	114	1.58055
120	124	0.991948
120	133	1.02579
120	150	0.961095
120	153	1.00263
120	156	1.01492
120	160	0.97756
120	161	0.997601
120	162	0.953713
120	165	0.95933
120	167	0.997152
120	168	0.952625
120	169	0.952529
120	170	0.97058
120	171	0.945884
120	172	0.894605
120	175	0.888246
120	176	0.931248
120	177	0.9493
120	178	0.885011
120	179	0.914679
120	180	0.89099
121	2	0.735228
121	66	1.34823
121	128	1.00497
121	130	1.07079
121	134	1.09219
121	135	0.947027
121	150	0.993216
121	152	1.02332
121	156	1.04705
121	158	1.04549
121	159	0.823774
121	160	1.00968
121	161	1.02972
121	162	0.985834
121	165	0.991451
121	168	0.984746
121	170	1.0027
121	171	0.978005
121	172	0.926726
121	174	0.573671
121	175	0.920367
121	176	0.963369
121	177	0.981421
121	178	0.917132
121	179	0.9468
121	180	0.923111
122	5	1.04534
122	8	1.04535
122	15	1.04742
122	19	0.933051
122	29	1.19818
122	40	0.996613
122	44	0.99586
122	53	1.01035
122	55	0.9366
122	59	0.937967
122	60	0.956729
122	63	0.944735
122	71	0.934412
122	73	1.61287
122	75	0.916444
122	103	0.514895
122	107	0.951919
122	108	0.917884
122	109	1.01715
122	112	1.00007
122	113	0.954953
122	114	0.939215
122	115	0.954827
122	171	1.44077
122	173	1.42782
122	174	0.966549
122	177	1.32018
123	16	0.959087
123	32	0.946322
123	37	1.04289
123	55	0.9599
123	67	0.958287
123	68	0.983953
123	76	1.03125
123	84	1.00264
123	89	1.0166
123	95	0.717793
123	96	0.999033
123	99	1.06129
123	101	1.02431
123	104	0.95098
123	108	0.941185
123	109	1.04045
123	111	1.00074
123	116	0.973809
123	117	0.754047
123	118	0.956376
123	141	0.948637
123	145	0.952802
123	146	0.893656
123	164	0.936343
123	173	0.930678
123	177	1.38229
123	178	2.15845
124	8	1.21509
124	40	1.3679
124	46	0.913937
124	115	1.36411
124	117	1.02
124	120	0.991948
124	136	1.02391
124	144	0.995253
124	152	0.96133
124	156	0.98506
124	158	0.983507
124	159	1.4035
124	160	0.947696
124	161	0.967737
124	162	0.923848
124	165	0.929465
124	167	0.967287
124	168	0.92276
124	169	0.922664
124	170	0.940715
124	171	0.91602
124	172	0.864741
124	175	0.858382
124	176	0.901384
124	177	0.919436
124	178	0.855146
124	179	0.884814
124	180	0.861125
125	3	1.036
125	18	0.927959
125	28	0.897388
125	38	1.14782
125	48	0.994659
125	49	0.960851
125	54	0.962544
125	61	0.959124
125	69	1.02493
125	72	0.925268
125	74	0.999102
125	79	0.993691
125	80	0.995338
125	85	0.956644
125	91	1.02855
125	94	0.93212
125	98	0.822934
125	110	0.890196
125	119	0.990231
125	143	0.979773
125	148	0.989073
125	156	1.10419
125	157	0.991067
125	159	0.971646
125	164	0.918339
125	166	0.969712
125	174	0.971845
125	180	2.20959
126	9	1.07679
126	35	0.961088
126	58	0.797548
126	77	0.975335
126	81	0.975993
126	83	1.05296
126	100	0.990872
126	105	0.547315
126	108	0.975743
126	127	1.44405
126	129	1.04768
126	130	1.03783
126	135	1.02514
126	137	1.01318
126	139	1.04456
126	142	1.03637
126	143	1.03233
126	148	1.04164
126	149	1.00222
126	155	1.01649
126	157	1.04363
126	159	1.02421
126	160	1.33208
126	163	1.02724
126	166	1.02227
126	171	1.57122
126	173	0.965236
126	174	1.02441
127	22	1.12655
127	64	1.0474
127	100	1.6387
127	104	1.3907
127	126	1.44405
127	136	1.02368
127	146	0.890879
127	150	0.931003
127	151	0.964423
127	152	0.961102
127	153	0.972538
127	154	0.977296
127	156	0.984832
127	158	0.983278
127	161	0.967508
127	162	0.92362
127	167	0.967059
127	168	0.922532
127	169	0.922436
127	170	0.940487
127	171	0.915791
127	172	0.864512
127	175	0.858153
127	176	0.901155
127	177	0.919207
127	178	0.854918
127	179	0.884586
127	180	0.860897
128	15	0.855917
128	35	1.67978
128	59	1.81876
128	105	1.04542
128	121	1.00497
128	129	1.32337
128	134	1.01111
128	136	1.00481
128	144	0.976151
128	150	0.912129
128	151	0.94555
128	152	0.942229
128	154	0.958422
128	156	0.965958
128	160	0.928594
128	161	0.948635
128	162	0.904747
128	165	0.910363
128	167	0.948185
128	168	0.903658
128	169	0.903562
128	170	0.921614
128	171	0.896918
128	172	0.845639
128	175	0.83928
128	176	0.882282
128	177	0.900334
128	178	0.836045
128	179	0.865713
128	180	0.842024
129	54	1.02649
129	57	1.02007
129	65	1.00931
129	68	1.02989
129	77	0.986716
129	81	0.987374
129	87	1.03033
129	88	1.05025
129	90	1.02417
129	119	1.05417
129	126	1.04768
129	128	1.32337
129	132	1.01007
129	135	1.03653
129	137	1.02456
129	138	1.01823
129	142	1.04775
129	146	0.939595
129	147	1.02305
129	148	1.05302
129	155	1.02787
129	156	0.696945
129	159	1.03559
129	163	1.03862
129	164	1.14283
129	166	1.03366
129	168	1.22585
129	170	0.898064
129	173	0.976617
129	174	1.03579
129	177	1.05059
129	180	1.80235
130	13	0.720271
130	89	1.12459
130	117	1.06672
130	121	1.07079
130	126	1.03783
130	140	1.07704
130	148	0.907044
130	150	0.977952
130	151	1.01137
130	152	1.00805
130	153	1.01949
130	154	1.02424
130	156	1.03178
130	157	0.856496
130	158	1.03023
130	159	0.9691
130	160	0.994417
130	161	1.01446
130	162	0.970569
130	165	0.976186
130	167	1.01401
130	168	0.969481
130	169	0.969385
130	170	0.987436
130	171	0.96274
130	172	0.911462
130	175	0.905103
130	176	0.948105
130	177	0.966157
130	178	0.901867
130	179	0.931535
130	180	0.907846
131	17	0.97092
131	18	0.980879
131	34	1.06276
131	35	0.961446
131	57	1.00905
131	70	0.979175
131	87	1.01931
131	90	1.01314
131	96	1.09487
131	100	0.991229
131	103	0.690225
131	112	1.05829
131	117	0.867269
131	133	1.08572
131	135	1.0255
131	137	1.01354
131	138	1.00721
131	139	1.04492
131	142	1.03673
131	143	1.03269
131	145	0.987717
131	147	1.01203
131	148	1.04199
131	149	1.00258
131	157	1.04399
131	159	1.02457
131	161	1.25463
131	163	1.02759
131	166	1.02263
131	167	1.13197
131	173	0.965594
131	174	1.02476
131	176	1.58498
132	21	0.739099
132	35	0.923478
132	39	1.02267
132	42	0.866359
132	57	0.971079
132	65	0.960315
132	66	0.961081
132	77	0.937725
132	81	0.938383
132	83	1.01535
132	87	0.98134
132	100	0.953262
132	129	1.01007
132	135	0.987534
132	137	0.975571
132	139	1.00695
132	142	0.998759
132	143	0.994725
132	145	0.949749
132	146	0.890604
132	147	0.974062
132	148	1.00402
132	149	0.964609
132	155	0.978881
132	157	1.00602
132	158	1.23438
132	159	0.986598
132	163	0.989625
132	166	0.984664
132	169	1.65192
132	170	1.48593
132	174	0.986797
132	176	1.72792
133	27	1.18947
133	78	1.22353
133	85	0.538546
133	93	1.01743
133	95	1.064
133	113	1.20462
133	120	1.02579
133	131	1.08572
133	134	1.06405
133	135	1.09536
133	136	1.05775
133	150	0.965071
133	151	0.998491
133	152	0.995171
133	153	1.00661
133	154	1.01136
133	156	1.0189
133	158	1.01735
133	160	0.981536
133	161	1.00158
133	162	0.957689
133	165	0.963305
133	167	1.00113
133	168	0.9566
133	169	0.956504
133	170	0.974555
133	171	0.94986
133	172	0.898581
133	175	0.892222
133	177	0.953276
133	178	0.888987
133	179	0.918654
133	180	0.894966
134	76	0.841067
134	77	1.17653
134	90	1.0186
134	98	1.09538
134	114	0.995425
134	121	1.09219
134	128	1.01111
134	133	1.06405
134	140	1.09844
134	142	0.447317
134	144	1.06338
134	145	0.962847
134	150	0.999356
134	153	1.04089
134	156	1.05319
134	158	1.05163
134	160	1.01582
134	161	1.03586
134	162	0.991974
134	163	0.549971
134	164	1.00192
134	165	0.997591
134	167	1.03541
134	168	0.990886
134	169	0.99079
134	170	1.00884
134	171	0.984145
134	172	0.932866
134	175	0.926507
134	176	0.969509
134	177	0.987561
134	178	0.923272
134	179	0.95294
134	180	0.929251
135	17	0.95941
135	51	1.03656
135	65	0.986773
135	77	0.964182
135	87	1.0078
135	88	1.02771
135	99	0.629386
135	100	0.979719
135	109	0.793805
135	121	0.947027
135	126	1.02514
135	129	1.03653
135	131	1.0255
135	132	0.987534
135	133	1.09536
135	137	1.00203
135	138	0.995695
135	139	1.03341
135	142	1.02522
135	143	1.02118
135	145	0.976207
135	147	1.00052
135	148	1.03048
135	149	0.991066
135	152	1.31775
135	155	1.00534
135	157	1.03248
135	159	1.01306
135	161	1.26427
135	163	1.01608
135	164	1.5974
135	166	1.01112
135	173	0.954084
135	174	1.01325
136	40	0.795114
136	56	1.15945
136	65	0.987925
136	71	1.33287
136	83	0.78209
136	116	0.86243
136	124	1.02391
136	127	1.02368
136	128	1.00481
136	133	1.05775
136	140	1.09215
136	144	1.05708
136	150	0.99306
136	151	1.02648
136	152	1.02316
136	153	1.0346
136	154	1.03935
136	156	1.04689
136	158	1.04534
136	159	0.830716
136	160	1.00953
136	161	1.02957
136	162	0.985678
136	165	0.991295
136	167	1.02912
136	168	0.98459
136	169	0.984494
136	171	0.977849
136	172	0.92657
136	175	0.920211
136	176	0.963213
136	177	0.981265
136	178	0.916976
136	179	0.946644
136	180	0.922955
137	9	1.05367
137	34	1.03928
137	35	0.937972
137	51	1.0246
137	54	0.99199
137	65	0.974809
137	66	0.975575
137	68	0.995395
137	70	0.955701
137	81	0.952877
137	90	0.98967
137	110	0.794015
137	112	1.03481
137	126	1.01318
137	129	1.02456
137	131	1.01354
137	132	0.975571
137	135	1.00203
137	138	0.983732
137	139	1.02145
137	142	1.01325
137	147	0.988556
137	148	1.01852
137	149	0.979103
137	152	1.17425
137	155	0.993375
137	156	1.00801
137	157	1.02051
137	163	1.00412
137	166	0.999158
137	169	1.37512
137	171	1.48224
137	174	1.00129
137	177	1.36165
137	179	1.55583
138	1	0.935054
138	9	1.04734
138	18	0.951072
138	21	0.638031
138	39	1.03083
138	54	0.985657
138	57	0.979239
138	83	1.02351
138	88	1.00942
138	90	0.983337
138	91	1.05167
138	100	0.961422
138	102	0.897296
138	103	0.732095
138	118	1.15256
138	129	1.01823
138	131	1.00721
138	135	0.995695
138	137	0.983732
138	139	1.01511
138	140	1.02364
138	142	1.00692
138	143	1.00289
138	147	0.982223
138	148	1.01219
138	149	0.97277
138	155	0.987042
138	157	1.01418
138	158	1.13331
138	159	0.994759
138	161	1.2965
138	163	0.997786
138	166	0.992825
138	173	0.935787
138	174	0.994958
138	178	2.31354
139	1	0.972769
139	6	0.985512
139	17	0.978829
139	30	0.611313
139	39	1.06855
139	50	0.401362
139	51	1.05598
139	65	1.00619
139	66	1.00696
139	67	1.00111
139	70	0.987083
139	73	0.96303
139	87	1.02722
139	90	1.02105
139	100	0.999138
139	105	0.514567
139	109	0.706537
139	126	1.04456
139	131	1.04492
139	132	1.00695
139	135	1.03341
139	137	1.02145
139	138	1.01511
139	142	1.04463
139	143	1.0406
139	147	1.01994
139	148	1.0499
139	149	1.01048
139	154	1.07524
139	155	1.02476
139	157	1.0519
139	163	1.0355
139	166	1.03054
139	168	1.59315
139	169	1.43135
139	174	1.03267
139	178	2.19404
140	12	0.995966
140	22	0.619399
140	43	0.661517
140	63	1.33133
140	88	0.843562
140	89	1.02365
140	97	1.09899
140	112	1.08906
140	130	1.07704
140	134	1.09844
140	136	1.09215
140	138	1.02364
140	144	1.06349
140	148	0.8061
140	150	0.999465
140	151	1.03289
140	152	1.02957
140	153	1.041
140	154	1.04576
140	156	1.05329
140	157	0.755552
140	158	1.05174
140	160	1.01593
140	161	1.03597
140	162	0.992083
140	167	1.03552
140	168	0.990995
140	169	0.990899
140	170	1.00895
140	171	0.984254
140	172	0.932975
140	173	0.996364
140	175	0.926616
140	176	0.969618
140	177	0.98767
140	178	0.923381
140	179	0.953049
140	180	0.92936
141	2	1.12871
141	10	0.912916
141	13	1.12627
141	24	0.773388
141	25	1.07554
141	29	1.20294
141	32	0.927778
141	43	0.960515
141	56	0.919154
141	66	1.59925
141	75	1.33028
141	76	1.0127
141	84	0.984095
141	89	0.998055
141	91	1.02801
141	99	1.04275
141	101	1.00577
141	102	0.873644
141	104	0.932436
141	111	0.982197
141	115	1.03539
141	116	0.955265
141	123	0.948637
141	146	0.875112
141	148	1.01273
141	149	1.05569
141	164	0.917799
141	166	0.791927
141	167	0.951292
141	168	0.906765
141	170	0.92472
141	171	0.900024
141	172	0.848746
141	176	0.885389
141	177	0.903441
141	178	0.839151
141	179	0.868819
141	180	0.84513
142	4	0.964998
142	57	1.00876
142	68	1.01858
142	70	0.978889
142	73	0.954835
142	77	0.975407
142	83	1.05303
142	87	1.01902
142	100	0.990943
142	108	0.975814
142	119	1.04286
142	126	1.03637
142	129	1.04775
142	131	1.03673
142	132	0.998759
142	134	0.447317
142	135	1.02522
142	137	1.01325
142	138	1.00692
142	139	1.04463
142	143	1.03241
142	146	0.928286
142	147	1.01174
142	148	1.04171
142	149	1.00229
142	150	1.17961
142	154	0.790307
142	155	1.01656
142	157	1.0437
142	159	1.02428
142	163	1.02731
142	166	1.02235
142	170	0.980431
142	174	1.02448
142	176	1.22242
142	177	1.13296
142	178	1.90911
142	180	1.88471
143	4	0.960964
143	9	1.07282
143	16	1.0157
143	17	0.9666
143	39	1.05632
143	54	1.01114
143	57	1.00473
143	68	1.01455
143	70	0.974855
143	77	0.971373
143	82	0.892952
143	83	1.049
143	87	1.01499
143	90	1.00882
143	92	0.794098
143	93	0.993165
143	125	0.979773
143	126	1.03233
143	131	1.03269
143	132	0.994725
143	135	1.02118
143	138	1.00289
143	139	1.0406
143	142	1.03241
143	147	1.00771
143	148	1.03767
143	149	0.998256
143	151	1.09542
143	152	1.13003
143	155	1.01253
143	157	1.03967
143	159	1.02025
143	163	1.02327
143	166	1.01831
143	170	1.16491
143	171	1.43802
143	173	0.961274
143	179	1.51162
144	5	1.05884
144	8	0.692528
144	23	1.08551
144	58	1.08055
144	60	1.516
144	76	1.02574
144	98	1.06042
144	100	1.14432
144	110	1.08835
144	124	0.995253
144	128	0.976151
144	134	1.06338
144	136	1.05708
144	140	1.06349
144	148	0.818879
144	150	0.9644
144	151	0.997821
144	152	0.9945
144	153	1.00594
144	154	1.01069
144	156	1.01823
144	160	0.980865
144	161	1.00091
144	162	0.957018
144	165	0.962634
144	167	1.00046
144	168	0.955929
144	169	0.955834
144	170	0.973885
144	171	0.949189
144	172	0.89791
144	173	0.961299
144	175	0.891551
144	176	0.934553
144	177	0.952605
144	178	0.888316
144	179	0.917984
144	180	0.894295
145	23	1.00457
145	29	0.508295
145	32	0.931942
145	36	0.909639
145	47	0.986037
145	48	0.998284
145	52	1.28
145	61	0.962748
145	69	1.02856
145	76	1.01687
145	78	0.972879
145	79	0.997315
145	80	0.998962
145	82	1.224
145	84	0.98826
145	89	1.00222
145	94	0.935745
145	99	1.04691
145	104	0.9366
145	106	1.12429
145	111	0.986362
145	116	0.959429
145	123	0.952802
145	131	0.987717
145	132	0.949749
145	134	0.962847
145	135	0.976207
145	147	0.962735
145	148	0.992697
145	149	0.953281
145	155	0.967553
145	157	0.994692
145	159	0.975271
145	162	1.57581
145	163	0.978298
145	164	0.921963
145	166	0.973336
145	173	0.916299
145	177	1.64849
146	7	2.05678
146	11	2.03839
146	32	0.872797
146	37	0.96936
146	66	0.890608
146	76	0.95772
146	81	0.86791
146	84	0.929114
146	85	2.28998
146	88	0.930781
146	89	0.943074
146	101	0.950785
146	104	0.877455
146	107	2.01485
146	116	0.900284
146	123	0.893656
146	127	0.890879
146	129	0.939595
146	132	0.890604
146	141	0.875112
146	142	0.928286
146	147	0.903589
146	151	0.893675
146	152	0.890354
146	155	0.908408
146	158	0.91253
146	162	0.852872
146	163	0.919152
146	164	0.862818
146	165	0.858489
146	166	0.914191
146	168	0.851784
146	169	0.851688
146	170	0.869739
146	172	0.793764
146	173	0.857153
146	174	0.916324
146	175	0.787405
146	176	0.830407
146	177	0.848459
146	179	0.813838
146	180	0.790149
147	6	0.952622
147	9	1.05216
147	18	0.955897
147	34	1.03777
147	51	1.02309
147	54	0.990481
147	66	0.974067
147	70	0.954192
147	73	0.930139
147	81	0.951369
147	87	0.994326
147	88	1.01424
147	90	0.988162
147	93	1.14856
147	97	0.662224
147	100	0.966247
147	105	0.569512
147	108	0.951118
147	112	1.0333
147	129	1.02305
147	131	1.01203
147	132	0.974062
147	135	1.00052
147	137	0.988556
147	138	0.982223
147	139	1.01994
147	142	1.01174
147	143	1.00771
147	145	0.962735
147	146	0.903589
147	149	0.977594
147	150	1.51949
147	155	0.991866
147	157	1.01901
147	159	0.999584
147	161	1.23195
147	163	1.00261
147	166	0.99765
147	168	1.64809
147	169	1.4863
147	173	0.940612
147	176	1.5623
148	1	0.969841
148	6	0.982584
148	9	1.08212
148	34	1.06774
148	53	0.450543
148	54	1.02044
148	65	1.00326
148	67	0.998182
148	77	0.980673
148	86	0.953955
148	87	1.02429
148	88	1.0442
148	100	0.99621
148	108	0.981081
148	125	0.989073
148	126	1.04164
148	129	1.05302
148	130	0.907044
148	131	1.04199
148	132	1.00402
148	135	1.03048
148	137	1.01852
148	138	1.01219
148	139	1.0499
148	140	0.8061
148	141	1.01273
148	142	1.04171
148	143	1.03767
148	144	0.818879
148	145	0.992697
148	149	1.00756
148	153	1.0208
148	155	1.02183
148	157	1.04897
148	159	1.02955
148	163	1.03257
148	166	1.02761
148	167	0.956302
148	173	0.970574
148	174	1.02975
148	175	2.17774
148	177	1.31984
149	22	1.15674
149	34	1.02832
149	35	0.92701
149	45	0.99393
149	51	1.01363
149	54	0.981028
149	55	1.47345
149	57	0.97461
149	66	0.964613
149	77	0.941257
149	83	1.01888
149	86	0.914538
149	90	0.978708
149	91	1.04704
149	100	0.956793
149	102	0.892667
149	112	1.02385
149	119	1.00871
149	126	1.00222
149	131	1.00258
149	132	0.964609
149	135	0.991066
149	137	0.979103
149	138	0.97277
149	139	1.01048
149	141	1.05569
149	142	1.00229
149	143	0.998256
149	145	0.953281
149	147	0.977594
149	148	1.00756
149	152	1.1754
149	153	1.06376
149	155	0.982413
149	156	1.00916
149	157	1.00955
149	159	0.99013
149	163	0.993157
149	164	1.45505
149	166	0.988196
149	173	0.931158
149	179	1.55698
150	14	1.10602
150	20	0.985677
150	33	0.978074
150	61	1.25122
150	110	1.02432
150	120	0.961095
150	121	0.993216
150	127	0.931003
150	128	0.912129
150	130	0.977952
150	133	0.965071
150	134	0.999356
150	136	0.99306
150	140	0.999465
150	142	1.17961
150	144	0.9644
150	147	1.51949
150	151	0.933798
150	152	0.930478
150	153	0.941914
150	154	0.946671
150	155	1.32164
150	156	0.954207
150	157	1.31596
150	158	0.952654
150	160	0.916843
150	161	0.936884
150	162	0.892996
150	164	0.902941
150	165	0.898612
150	167	0.936434
150	168	0.891907
150	169	0.891811
150	170	0.909862
150	171	0.885167
150	172	0.833888
150	174	1.17846
150	175	0.827529
150	176	0.870531
150	177	0.888583
150	178	0.824294
150	179	0.853961
150	180	0.830273
151	9	1.03778
151	17	1.66228
151	44	1.32263
151	52	0.983753
151	74	1.07402
151	93	0.986161
151	97	1.03332
151	105	1.06709
151	106	1.00866
151	110	1.05774
151	127	0.964423
151	128	0.94555
151	130	1.01137
151	133	0.998491
151	136	1.02648
151	140	1.03289
151	143	1.09542
151	144	0.997821
151	146	0.893675
151	150	0.933798
151	152	0.963898
151	153	0.975334
151	154	0.980092
151	156	0.987628
151	158	0.986074
151	160	0.950263
151	161	0.970304
151	162	0.926416
151	163	1.01359
151	165	0.932033
151	166	0.877022
151	167	0.969855
151	168	0.925328
151	169	0.925232
151	170	0.943283
151	171	0.918587
151	172	0.867308
151	175	0.860949
151	176	0.903951
151	177	0.922003
151	178	0.857714
151	179	0.887382
151	180	0.863693
152	38	1.00502
152	72	1.42969
152	83	1.14587
152	86	0.910757
152	105	1.06377
152	110	1.05442
152	113	1.42701
152	117	1.01925
152	121	1.02332
152	124	0.96133
152	127	0.961102
152	128	0.942229
152	130	1.00805
152	133	0.995171
152	135	1.31775
152	136	1.02316
152	137	1.17425
152	140	1.02957
152	143	1.13003
152	144	0.9945
152	146	0.890354
152	149	1.1754
152	150	0.930478
152	151	0.963898
152	153	0.972014
152	154	0.976771
152	156	0.984307
152	158	0.982753
152	160	0.946943
152	161	0.966984
152	162	0.923095
152	165	0.928712
152	167	0.966534
152	168	0.922007
152	169	0.921911
152	170	0.939962
152	171	0.915266
152	172	0.863988
152	175	0.857629
152	176	0.900631
152	177	0.918683
152	178	0.854393
152	179	0.884061
152	180	0.860372
153	2	0.994312
153	9	0.960753
153	33	1.01961
153	70	1.58868
153	82	1.02146
153	93	0.994276
153	95	1.04084
153	98	1.03794
153	103	1.09548
153	105	1.0752
153	117	1.03069
153	120	1.00263
153	127	0.972538
153	130	1.01949
153	133	1.00661
153	134	1.04089
153	136	1.0346
153	140	1.041
153	144	1.00594
153	148	1.0208
153	149	1.06376
153	150	0.941914
153	151	0.975334
153	152	0.972014
153	156	0.995743
153	157	0.970254
153	158	0.99419
153	160	0.958379
153	161	0.97842
153	162	0.934532
153	165	0.940148
153	166	0.799999
153	167	0.97797
153	168	0.933443
153	169	0.933347
153	170	0.951398
153	171	0.926703
153	172	0.875424
153	174	0.832754
153	175	0.869065
153	176	0.912067
153	177	0.930119
153	178	0.865829
153	179	0.895497
153	180	0.871809
154	2	0.950707
154	22	0.790496
154	38	1.02122
154	45	1.09348
154	46	0.929378
154	58	1.06282
154	92	1.06557
154	94	1.38514
154	95	1.0456
154	108	1.46597
154	110	1.07062
154	114	1.33842
154	117	1.03544
154	127	0.977296
154	128	0.958422
154	130	1.02424
154	133	1.01136
154	136	1.03935
154	139	1.07524
154	140	1.04576
154	142	0.790307
154	144	1.01069
154	150	0.946671
154	151	0.980092
154	152	0.976771
154	156	1.0005
154	157	0.92665
154	158	0.998947
154	160	0.963136
154	161	0.983177
154	162	0.939289
154	165	0.944906
154	167	0.982727
154	168	0.9382
154	169	0.938105
154	170	0.956156
154	171	0.93146
154	172	0.880181
154	173	0.94357
154	175	0.873822
154	176	0.916824
154	177	0.934876
154	178	0.870587
154	179	0.900255
154	180	0.876566
155	6	0.95744
155	17	0.950757
155	18	0.960715
155	22	1.17102
155	41	0.935544
155	42	0.502894
155	51	1.02791
155	54	0.9953
155	65	0.97812
155	66	0.978885
155	70	0.959011
155	77	0.955529
155	81	0.956187
155	86	0.928811
155	88	1.01906
155	91	1.06131
155	100	0.971066
155	108	0.955937
155	110	0.707349
155	112	1.03812
155	126	1.01649
155	129	1.02787
155	132	0.978881
155	135	1.00534
155	137	0.993375
155	138	0.987042
155	139	1.02476
155	142	1.01656
155	143	1.01253
155	145	0.967553
155	146	0.908408
155	147	0.991866
155	148	1.02183
155	149	0.982413
155	150	1.32164
155	157	1.02382
155	159	1.0044
155	163	1.00743
155	165	1.18307
155	166	1.00247
155	168	1.45025
155	170	1.12246
155	173	0.94543
155	174	1.0046
155	176	1.36445
155	178	2.05114
156	10	1.31651
156	23	1.23284
156	73	0.940633
156	81	1.57237
156	82	1.03375
156	98	1.05023
156	116	1.05997
156	120	1.01492
156	121	1.04705
156	124	0.98506
156	125	1.10419
156	127	0.984832
156	128	0.965958
156	129	0.696945
156	130	1.03178
156	133	1.0189
156	134	1.05319
156	136	1.04689
156	137	1.00801
156	140	1.05329
156	144	1.01823
156	149	1.00916
156	150	0.954207
156	151	0.987628
156	152	0.984307
156	153	0.995743
156	154	1.0005
156	158	1.00648
156	160	0.970672
156	161	0.990713
156	162	0.946825
156	165	0.952441
156	167	0.990263
156	168	0.945736
156	169	0.94564
156	170	0.963692
156	171	0.938996
156	172	0.887717
156	173	0.951106
156	175	0.881358
156	176	0.92436
156	177	0.942412
156	178	0.878123
156	179	0.90779
156	180	0.884102
157	1	0.971835
157	4	0.972259
157	17	0.977895
157	18	0.987854
157	35	0.968421
157	57	1.01602
157	58	0.61621
157	65	1.00526
157	66	1.00602
157	70	0.986149
157	73	0.962096
157	77	0.982668
157	81	0.983326
157	83	1.06029
157	87	1.02628
157	90	1.02012
157	98	0.634398
157	100	0.998204
157	102	0.934078
157	119	1.05013
157	125	0.991067
157	126	1.04363
157	130	0.856496
157	131	1.04399
157	132	1.00602
157	135	1.03248
157	137	1.02051
157	138	1.01418
157	139	1.0519
157	140	0.755552
157	142	1.0437
157	143	1.03967
157	145	0.994692
157	147	1.01901
157	148	1.04897
157	149	1.00955
157	150	1.31596
157	153	0.970254
157	154	0.92665
157	155	1.02382
157	159	1.03154
157	163	1.03457
157	166	1.02961
157	167	0.905755
157	168	1.44456
157	173	0.972569
157	174	1.03174
157	178	2.04546
158	20	1.03795
158	26	1.12409
158	38	1.0272
158	39	0.878546
158	47	0.955269
158	58	1.0688
158	63	1.441
158	78	1.22925
158	79	0.440471
158	90	1.30016
158	92	1.07155
158	97	1.05218
158	103	1.10622
158	106	1.02752
158	121	1.04549
158	124	0.983507
158	127	0.983278
158	130	1.03023
158	132	1.23438
158	133	1.01735
158	134	1.05163
158	136	1.04534
158	138	1.13331
158	140	1.05174
158	146	0.91253
158	150	0.952654
158	151	0.986074
158	152	0.982753
158	153	0.99419
158	154	0.998947
158	156	1.00648
158	160	0.969119
158	161	0.98916
158	162	0.945272
158	165	0.950888
158	167	0.98871
158	168	0.944183
158	169	0.944087
158	170	0.962138
158	171	0.937443
158	172	0.886164
158	174	0.727724
158	175	0.879805
158	176	0.922807
158	177	0.940859
158	178	0.876569
158	179	0.906237
158	180	0.882548
159	1	0.952414
159	4	0.952837
159	6	0.965158
159	16	1.00758
159	17	0.958474
159	22	1.17873
159	29	0.24171
159	34	1.05031
159	35	0.949
159	39	1.04819
159	42	0.609809
159	54	1.00302
159	65	0.985837
159	66	0.986603
159	67	0.980756
159	70	0.966728
159	77	0.963246
159	81	0.963905
159	83	1.04087
159	90	1.0007
159	93	1.05763
159	95	0.717404
159	100	0.978783
159	102	0.914657
159	119	1.0307
159	121	0.823774
159	124	1.4035
159	125	0.971646
159	126	1.02421
159	129	1.03559
159	130	0.9691
159	131	1.02457
159	132	0.986598
159	135	1.01306
159	136	0.830716
159	138	0.994759
159	142	1.02428
159	143	1.02025
159	145	0.975271
159	147	0.999584
159	148	1.02955
159	149	0.99013
159	155	1.0044
159	157	1.03154
159	162	1.30922
159	163	1.01515
159	166	1.01019
159	172	2.58517
159	173	0.953148
159	174	1.01232
160	11	0.578195
160	14	1.12248
160	31	1.0008
160	43	1.0567
160	47	1.24078
160	75	1.51884
160	80	1.19281
160	81	1.80746
160	97	1.01637
160	98	1.01287
160	102	0.875251
160	105	1.05013
160	106	0.991708
160	110	1.04079
160	117	1.00562
160	120	0.97756
160	121	1.00968
160	124	0.947696
160	126	1.33208
160	128	0.928594
160	130	0.994417
160	133	0.981536
160	134	1.01582
160	136	1.00953
160	140	1.01593
160	144	0.980865
160	150	0.916843
160	151	0.950263
160	152	0.946943
160	153	0.958379
160	154	0.963136
160	156	0.970672
160	158	0.969119
160	161	0.953349
160	162	0.909461
160	164	0.919406
160	165	0.915077
160	167	0.952899
160	168	0.908372
160	169	0.908276
160	170	0.926327
160	171	0.901632
160	172	0.850353
160	173	0.913742
160	174	1.01324
160	176	0.886996
160	177	0.905048
160	178	0.840758
160	179	0.870426
160	180	0.846738
161	7	0.474259
161	50	1.08289
161	74	1.05515
161	78	1.39244
161	82	1.01643
161	92	1.05578
161	93	0.989246
161	95	1.03581
161	97	1.03641
161	103	1.09045
161	106	1.01175
161	111	1.07999
161	117	1.02566
161	120	0.997601
161	121	1.02972
161	124	0.967737
161	127	0.967508
161	128	0.948635
161	130	1.01446
161	131	1.25463
161	133	1.00158
161	134	1.03586
161	135	1.26427
161	136	1.02957
161	138	1.2965
161	140	1.03597
161	144	1.00091
161	147	1.23195
161	150	0.936884
161	151	0.970304
161	152	0.966984
161	153	0.97842
161	154	0.983177
161	156	0.990713
161	158	0.98916
161	160	0.953349
161	162	0.929502
161	165	0.935118
161	167	0.97294
161	168	0.928413
161	169	0.928317
161	170	0.946368
161	171	0.921673
161	172	0.870394
161	174	0.890915
161	175	0.864035
161	176	0.907037
161	177	0.925089
161	178	0.8608
161	179	0.890467
161	180	0.866779
162	6	1.753
162	10	1.59748
162	20	0.978295
162	52	0.94295
162	57	1.63657
162	93	0.945358
162	95	0.991925
162	103	1.04656
162	105	1.02629
162	106	0.967861
162	110	1.01694
162	115	1.26983
162	117	0.981768
162	120	0.953713
162	121	0.985834
162	124	0.923848
162	127	0.92362
162	128	0.904747
162	130	0.970569
162	133	0.957689
162	134	0.991974
162	136	0.985678
162	140	0.992083
162	144	0.957018
162	145	1.57581
162	146	0.852872
162	150	0.892996
162	151	0.926416
162	152	0.923095
162	153	0.934532
162	154	0.939289
162	156	0.946825
162	158	0.945272
162	159	1.30922
162	160	0.909461
162	161	0.929502
162	164	0.895559
162	165	0.89123
162	166	1.02637
162	167	0.929052
162	168	0.884525
162	169	0.884429
162	170	0.90248
162	171	0.877785
162	172	0.826506
162	173	0.889894
162	175	0.820147
162	176	0.863149
162	177	0.881201
162	178	0.816911
162	179	0.846579
162	180	0.82289
163	4	0.955865
163	6	0.968185
163	15	1.09622
163	17	0.961501
163	18	0.97146
163	30	0.429036
163	34	1.05334
163	35	0.952027
163	39	1.05122
163	51	1.03865
163	54	1.00604
163	57	0.999627
163	65	0.988864
163	66	0.98963
163	67	0.983783
163	70	0.969755
163	77	0.966274
163	81	0.966932
163	83	1.0439
163	86	0.939555
163	87	1.00989
163	88	1.0298
163	97	0.425002
163	100	0.98181
163	102	0.917684
163	106	0.711415
163	117	0.607366
163	126	1.02724
163	129	1.03862
163	131	1.02759
163	132	0.989625
163	134	0.549971
163	135	1.01608
163	137	1.00412
163	138	0.997786
163	139	1.0355
163	142	1.02731
163	143	1.02327
163	145	0.978298
163	146	0.919152
163	147	1.00261
163	148	1.03257
163	149	0.993157
163	151	1.01359
163	155	1.00743
163	157	1.03457
163	159	1.01515
163	166	1.01321
163	167	0.872067
163	172	2.43887
163	173	0.956175
163	174	1.01535
163	178	2.01177
163	179	1.42979
163	180	1.98737
164	15	1.03989
164	18	1.79219
164	22	1.12543
164	23	0.988111
164	32	0.915484
164	36	0.89318
164	37	1.01205
164	39	1.37486
164	47	0.969578
164	48	0.981825
164	61	0.94629
164	68	0.953115
164	69	1.0121
164	74	1.38828
164	76	1.00041
164	78	0.95642
164	79	0.980857
164	80	0.982504
164	84	0.971801
164	89	0.985761
164	94	0.919286
164	99	1.03046
164	101	0.993472
164	104	0.920142
164	107	0.765459
164	110	1.02689
164	111	0.969903
164	116	0.942971
164	118	0.925537
164	123	0.936343
164	125	0.918339
164	129	1.14283
164	134	1.00192
164	135	1.5974
164	141	0.917799
164	145	0.921963
164	146	0.862818
164	149	1.45505
164	150	0.902941
164	160	0.919406
164	162	0.895559
164	165	0.901176
164	167	0.938997
164	168	0.894471
164	169	0.894375
164	171	0.88773
164	172	0.836451
164	173	0.89984
164	174	1.22404
164	175	0.830092
164	176	0.873094
164	177	0.891146
164	178	0.826857
164	179	0.856525
164	180	0.832836
165	20	0.983912
165	21	1.10319
165	33	0.976308
165	39	1.1907
165	41	0.957587
165	42	1.05955
165	50	1.04462
165	59	1.45406
165	62	1.01787
165	68	1.27085
165	77	1.77025
165	84	1.07251
165	87	1.42269
165	92	1.01751
165	93	0.950975
165	94	1.63587
165	102	0.85702
165	103	1.05218
165	105	1.0319
165	117	0.987384
165	120	0.95933
165	121	0.991451
165	124	0.929465
165	128	0.910363
165	130	0.976186
165	133	0.963305
165	134	0.997591
165	136	0.991295
165	144	0.962634
165	146	0.858489
165	150	0.898612
165	151	0.932033
165	152	0.928712
165	153	0.940148
165	154	0.944906
165	155	1.18307
165	156	0.952441
165	158	0.950888
165	160	0.915077
165	161	0.935118
165	162	0.89123
165	164	0.901176
165	167	0.934668
165	168	0.890142
165	169	0.890046
165	170	0.908097
165	171	0.883401
165	172	0.832122
165	173	0.895511
165	175	0.825763
165	176	0.868765
165	177	0.886817
165	178	0.822528
165	179	0.852196
165	180	0.828507
166	1	0.95048
166	4	0.950903
166	6	0.963223
166	9	1.06276
166	15	1.09126
166	16	1.00564
166	17	0.95654
166	18	0.966498
166	22	1.1768
166	31	0.702064
166	33	1.03782
166	34	1.04838
166	35	0.947065
166	39	1.04626
166	46	2.56828
166	54	1.00108
166	57	0.994666
166	64	0.674149
166	65	0.983903
166	66	0.984669
166	67	0.978821
166	68	1.00449
166	70	0.964794
166	77	0.961312
166	81	0.96197
166	83	1.03894
166	86	0.934594
166	87	1.00493
166	88	1.02484
166	90	0.998763
166	95	0.434545
166	96	0.698397
166	100	0.976849
166	102	0.912723
166	108	0.96172
166	112	1.0439
166	118	0.714218
166	119	1.02877
166	125	0.969712
166	126	1.02227
166	129	1.03366
166	131	1.02263
166	132	0.984664
166	135	1.01112
166	137	0.999158
166	138	0.992825
166	139	1.03054
166	141	0.791927
166	142	1.02235
166	143	1.01831
166	145	0.973336
166	146	0.914191
166	147	0.99765
166	148	1.02761
166	149	0.988196
166	151	0.877022
166	153	0.799999
166	155	1.00247
166	157	1.02961
166	159	1.01019
166	162	1.02637
166	163	1.01321
166	174	1.01038
166	175	1.95694
166	179	1.29322
167	5	1.19627
167	12	0.932934
167	21	1.14102
167	31	1.02039
167	41	0.995409
167	45	1.08324
167	46	0.919141
167	50	1.08244
167	51	0.711469
167	52	0.986389
167	54	0.9797
167	58	1.05258
167	61	0.841021
167	62	1.0557
167	64	1.05284
167	72	1.25355
167	77	1.49862
167	82	1.01598
167	91	1.04921
167	92	1.05533
167	93	0.988797
167	97	1.03596
167	98	1.03246
167	99	1.06395
167	103	1.09
167	105	1.06973
167	106	1.0113
167	108	1.44508
167	111	0.957331
167	113	1.25087
167	117	1.02521
167	120	0.997152
167	124	0.967287
167	127	0.967059
167	128	0.948185
167	130	1.01401
167	131	1.13197
167	133	1.00113
167	134	1.03541
167	136	1.02912
167	140	1.03552
167	141	0.951292
167	144	1.00046
167	148	0.956302
167	150	0.936434
167	151	0.969855
167	152	0.966534
167	153	0.97797
167	154	0.982727
167	156	0.990263
167	157	0.905755
167	158	0.98871
167	160	0.952899
167	161	0.97294
167	162	0.929052
167	163	0.872067
167	164	0.938997
167	165	0.934668
167	168	0.927963
167	169	0.927867
167	170	0.945919
167	171	0.921223
167	172	0.869944
167	173	0.933333
167	175	0.863585
167	176	0.906587
167	177	0.924639
167	178	0.86035
167	179	0.890017
167	180	0.866329
168	14	1.09755
168	15	0.758393
168	21	1.09649
168	26	1.06335
168	32	1.63857
168	33	0.969603
168	41	0.950882
168	42	1.05285
168	46	0.874614
168	62	1.01117
168	64	1.00831
168	82	0.971451
168	92	1.0108
168	93	0.94427
168	95	0.990837
168	97	0.99143
168	101	1.2038
168	103	1.04547
168	105	1.0252
168	106	0.966772
168	107	0.848476
168	110	1.01585
168	116	1.58887
168	117	0.980679
168	119	0.966363
168	120	0.952625
168	121	0.984746
168	124	0.92276
168	127	0.922532
168	128	0.903658
168	129	1.22585
168	130	0.969481
168	133	0.9566
168	134	0.990886
168	136	0.98459
168	139	1.59315
168	140	0.990995
168	141	0.906765
168	144	0.955929
168	146	0.851784
168	147	1.64809
168	150	0.891907
168	151	0.925328
168	152	0.922007
168	153	0.933443
168	154	0.9382
168	155	1.45025
168	156	0.945736
168	157	1.44456
168	158	0.944183
168	160	0.908372
168	161	0.928413
168	162	0.884525
168	164	0.894471
168	165	0.890142
168	167	0.927963
168	169	0.883341
168	170	0.901392
168	171	0.876696
168	172	0.825417
168	173	0.888806
168	175	0.819058
168	176	0.86206
168	177	0.880112
168	178	0.815823
168	179	0.845491
168	180	0.821802
169	11	0.710217
169	12	0.888312
169	14	1.09745
169	22	1.14661
169	26	1.06325
169	31	0.975769
169	41	0.950787
169	45	1.03862
169	50	1.03782
169	52	0.941766
169	54	1.35671
169	58	1.00796
169	62	1.01107
169	64	1.00821
169	82	0.971355
169	84	1.17788
169	92	1.01071
169	93	0.944174
169	95	0.990741
169	97	0.991334
169	98	0.987836
169	100	1.65875
169	103	1.04538
169	106	0.966676
169	109	0.998478
169	110	1.01576
169	117	0.980583
169	120	0.952529
169	124	0.922664
169	127	0.922436
169	128	0.903562
169	130	0.969385
169	132	1.65192
169	133	0.956504
169	134	0.99079
169	136	0.984494
169	137	1.37512
169	139	1.43135
169	140	0.990899
169	144	0.955834
169	146	0.851688
169	147	1.4863
169	150	0.891811
169	151	0.925232
169	152	0.921911
169	153	0.933347
169	154	0.938105
169	156	0.94564
169	158	0.944087
169	160	0.908276
169	161	0.928317
169	162	0.884429
169	164	0.894375
169	165	0.890046
169	167	0.927867
169	168	0.883341
169	170	0.901296
169	171	0.8766
169	172	0.825321
169	173	0.88871
169	174	1.14526
169	175	0.818962
169	176	0.861964
169	177	0.880016
169	178	0.815727
169	179	0.845395
169	180	0.821706
170	12	0.906363
170	13	0.980547
170	20	0.995162
170	26	1.0813
170	34	1.31861
170	42	1.0708
170	45	1.05667
170	46	0.892569
170	50	1.05587
170	62	1.02912
170	64	1.02626
170	65	1.38659
170	67	1.7519
170	73	0.896288
170	80	1.15884
170	82	0.989406
170	86	0.890142
170	90	1.55171
170	92	1.02876
170	93	0.962225
170	95	1.00879
170	96	0.975116
170	97	1.00939
170	98	1.00589
170	103	1.06343
170	106	0.984727
170	110	1.03381
170	117	0.998635
170	118	0.932458
170	120	0.97058
170	121	1.0027
170	124	0.940715
170	127	0.940487
170	128	0.921614
170	129	0.898064
170	130	0.987436
170	132	1.48593
170	133	0.974555
170	134	1.00884
170	140	1.00895
170	141	0.92472
170	142	0.980431
170	143	1.16491
170	144	0.973885
170	146	0.869739
170	150	0.909862
170	151	0.943283
170	152	0.939962
170	153	0.951398
170	154	0.956156
170	155	1.12246
170	156	0.963692
170	158	0.962138
170	160	0.926327
170	161	0.946368
170	162	0.90248
170	165	0.908097
170	167	0.945919
170	168	0.901392
170	169	0.901296
170	171	0.894651
170	172	0.843372
170	173	0.906761
170	175	0.837013
170	176	0.880015
170	177	0.898067
170	178	0.833778
170	179	0.863446
170	180	0.839757
171	4	1.74697
171	25	0.780798
171	26	1.05661
171	31	0.969125
171	33	0.962862
171	37	1.67464
171	38	0.959713
171	41	0.944142
171	42	1.04611
171	45	1.03197
171	52	0.935121
171	58	1.00131
171	62	1.00443
171	64	1.00157
171	76	1.64729
171	85	1.06893
171	92	1.00406
171	93	0.937529
171	95	0.984096
171	96	0.95042
171	97	0.98469
171	98	0.981191
171	101	1.14912
171	102	0.843575
171	103	1.03873
171	105	1.01846
171	106	0.960032
171	110	1.00911
171	117	0.973939
171	118	0.907763
171	120	0.945884
171	121	0.978005
171	122	1.44077
171	124	0.91602
171	126	1.57122
171	127	0.915791
171	128	0.896918
171	130	0.96274
171	133	0.94986
171	134	0.984145
171	136	0.977849
171	137	1.48224
171	140	0.984254
171	141	0.900024
171	143	1.43802
171	144	0.949189
171	150	0.885167
171	151	0.918587
171	152	0.915266
171	153	0.926703
171	154	0.93146
171	156	0.938996
171	158	0.937443
171	160	0.901632
171	161	0.921673
171	162	0.877785
171	164	0.88773
171	165	0.883401
171	167	0.921223
171	168	0.876696
171	169	0.8766
171	170	0.894651
171	172	0.818677
171	173	0.882066
171	175	0.812318
171	176	0.85532
171	177	0.873372
171	178	0.809082
171	179	0.83875
171	180	0.815061
172	12	0.830388
172	15	1.7864
172	21	1.03847
172	25	1.86348
172	31	0.917846
172	38	0.908434
172	42	0.994828
172	46	0.816595
172	51	2.27828
172	52	0.883843
172	62	0.953149
172	64	0.950289
172	79	2.04781
172	82	0.913431
172	92	0.952783
172	95	0.932817
172	96	0.899141
172	97	0.933411
172	98	0.929912
172	99	0.961402
172	103	0.987454
172	105	0.967179
172	106	0.908753
172	109	0.940555
172	110	0.957833
172	112	0.923478
172	120	0.894605
172	121	0.926726
172	124	0.864741
172	127	0.864512
172	128	0.845639
172	130	0.911462
172	133	0.898581
172	134	0.932866
172	136	0.92657
172	140	0.932975
172	141	0.848746
172	144	0.89791
172	146	0.793764
172	150	0.833888
172	151	0.867308
172	152	0.863988
172	153	0.875424
172	154	0.880181
172	156	0.887717
172	158	0.886164
172	159	2.58517
172	160	0.850353
172	161	0.870394
172	162	0.826506
172	163	2.43887
172	164	0.836451
172	165	0.832122
172	167	0.869944
172	168	0.825417
172	169	0.825321
172	170	0.843372
172	171	0.818677
172	173	0.830787
172	175	0.761039
172	176	0.804041
172	177	0.822093
172	178	0.757804
172	179	0.787471
172	180	0.763783
173	3	1.01664
173	6	0.906185
173	7	0.822781
173	17	0.899502
173	22	1.11976
173	28	1.80993
173	37	1.00638
173	39	0.989222
173	40	1.45394
173	47	1.46698
173	48	1.4107
173	51	0.976652
173	55	0.923398
173	65	0.926865
173	67	0.921784
173	68	0.947451
173	73	0.883703
173	76	0.994742
173	80	1.41901
173	83	0.981898
173	84	0.966137
173	88	0.967804
173	89	0.980096
173	96	0.96253
173	98	0.993301
173	101	0.987808
173	104	0.914477
173	109	1.00394
173	111	0.964238
173	113	1.72205
173	115	1.45015
173	116	0.937306
173	118	0.919873
173	122	1.42782
173	123	0.930678
173	126	0.965236
173	129	0.976617
173	131	0.965594
173	135	0.954084
173	138	0.935787
173	140	0.996364
173	143	0.961274
173	144	0.961299
173	145	0.916299
173	146	0.857153
173	147	0.940612
173	148	0.970574
173	149	0.931158
173	154	0.94357
173	155	0.94543
173	156	0.951106
173	157	0.972569
173	159	0.953148
173	160	0.913742
173	162	0.889894
173	163	0.956175
173	164	0.89984
173	165	0.895511
173	167	0.933333
173	168	0.888806
173	169	0.88871
173	170	0.906761
173	171	0.882066
173	172	0.830787
173	175	0.824428
173	176	0.86743
173	177	0.885482
173	178	0.821192
173	179	0.85086
173	180	0.827171
174	3	1.07667
174	5	1.09131
174	7	1.07766
174	8	1.09132
174	9	1.0649
174	11	1.08272
174	12	2.14011
174	15	1.09339
174	16	1.00778
174	18	0.968632
174	19	0.97902
174	20	1.11597
174	21	0.232446
174	26	0.408079
174	27	1.03676
174	28	0.93806
174	30	1.11996
174	33	1.07057
174	39	1.04839
174	40	1.04258
174	44	1.04183
174	49	1.00152
174	55	0.982569
174	59	0.983936
174	60	1.0027
174	63	0.990704
174	67	0.980955
174	71	0.980381
174	72	0.965941
174	74	1.03977
174	75	0.962413
174	81	0.964104
174	82	0.707311
174	85	0.997316
174	96	1.0217
174	107	0.997888
174	108	0.963853
174	109	1.06311
174	112	1.04604
174	113	1.00092
174	114	0.985184
174	115	1.0008
174	118	0.979044
174	119	1.0309
174	121	0.573671
174	122	0.966549
174	125	0.971845
174	126	1.02441
174	129	1.03579
174	131	1.02476
174	132	0.986797
174	135	1.01325
174	137	1.00129
174	138	0.994958
174	139	1.03267
174	142	1.02448
174	146	0.916324
174	148	1.02975
174	150	1.17846
174	153	0.832754
174	155	1.0046
174	157	1.03174
174	158	0.727724
174	159	1.01232
174	160	1.01324
174	161	0.890915
174	163	1.01535
174	164	1.22404
174	166	1.01038
174	169	1.14526
174	176	1.22127
175	1	2.23685
175	3	1.7669
175	14	1.03317
175	20	0.912828
175	26	0.99897
175	31	0.911487
175	33	0.905225
175	38	0.902075
175	41	0.886504
175	42	0.988469
175	45	0.974334
175	46	0.810236
175	50	0.973538
175	52	0.877484
175	55	0.85365
175	58	0.943676
175	62	0.94679
175	64	0.94393
175	73	0.813955
175	82	0.907072
175	83	2.19117
175	88	2.2152
175	91	0.940307
175	92	0.946424
175	93	0.879891
175	95	0.926458
175	97	0.927052
175	98	0.923553
175	99	0.955043
175	103	0.981095
175	104	2.25519
175	105	0.96082
175	106	0.902394
175	110	0.951474
175	112	0.917119
175	117	0.916301
175	119	0.901984
175	120	0.888246
175	121	0.920367
175	124	0.858382
175	127	0.858153
175	128	0.83928
175	130	0.905103
175	133	0.892222
175	134	0.926507
175	136	0.920211
175	140	0.926616
175	144	0.891551
175	146	0.787405
175	148	2.17774
175	150	0.827529
175	151	0.860949
175	152	0.857629
175	153	0.869065
175	154	0.873822
175	156	0.881358
175	158	0.879805
175	161	0.864035
175	162	0.820147
175	164	0.830092
175	165	0.825763
175	166	1.95694
175	167	0.863585
175	168	0.819058
175	169	0.818962
175	170	0.837013
175	171	0.812318
175	172	0.761039
175	173	0.824428
175	176	0.797682
175	177	0.815734
175	178	0.751445
175	179	0.781112
175	180	0.757424
176	8	1.28296
176	12	0.867031
176	14	1.07617
176	16	0.921858
176	20	0.95583
176	21	1.07511
176	30	1.03404
176	31	0.954489
176	32	1.55278
176	33	0.948227
176	38	0.945077
176	41	0.929506
176	42	1.03147
176	45	1.01734
176	46	0.853237
176	50	1.01654
176	52	0.920486
176	55	0.896652
176	56	1.8001
176	58	0.986677
176	62	0.989792
176	64	0.986932
176	65	1.62858
176	68	1.45224
176	82	0.950074
176	86	0.85081
176	92	0.989426
176	93	0.922893
176	95	0.96946
176	96	0.935784
176	97	0.970054
176	98	0.966555
176	103	1.0241
176	105	1.00382
176	106	0.945396
176	109	0.977198
176	110	0.994476
176	117	0.959303
176	118	0.893127
176	119	0.944986
176	120	0.931248
176	121	0.963369
176	124	0.901384
176	127	0.901155
176	128	0.882282
176	130	0.948105
176	131	1.58498
176	132	1.72792
176	134	0.969509
176	136	0.963213
176	140	0.969618
176	141	0.885389
176	142	1.22242
176	144	0.934553
176	146	0.830407
176	147	1.5623
176	150	0.870531
176	151	0.903951
176	152	0.900631
176	153	0.912067
176	154	0.916824
176	155	1.36445
176	156	0.92436
176	158	0.922807
176	160	0.886996
176	161	0.907037
176	162	0.863149
176	164	0.873094
176	165	0.868765
176	167	0.906587
176	168	0.86206
176	169	0.861964
176	170	0.880015
176	171	0.85532
176	172	0.804041
176	173	0.86743
176	174	1.22127
176	175	0.797682
176	177	0.858736
176	178	0.794446
176	179	0.824114
176	180	0.800426
177	12	0.885083
177	13	1.13307
177	20	0.973882
177	21	1.09317
177	26	1.06002
177	30	1.05209
177	31	0.972541
177	33	0.966279
177	38	0.963129
177	41	0.947558
177	42	1.04952
177	45	1.03539
177	46	0.871289
177	48	1.30306
177	50	1.03459
177	52	0.938538
177	53	0.988459
177	58	1.00473
177	62	1.00784
177	64	1.00498
177	79	0.844545
177	82	0.968126
177	86	0.868862
177	88	1.35731
177	89	1.53739
177	91	1.00136
177	92	1.00748
177	93	0.940945
177	95	0.987512
177	97	0.988106
177	98	0.984607
177	102	0.846991
177	103	1.04215
177	105	1.02187
177	106	0.963448
177	108	1.80862
177	109	0.99525
177	110	1.01253
177	112	0.978173
177	117	0.977355
177	118	0.911179
177	119	0.963038
177	120	0.9493
177	121	0.981421
177	122	1.32018
177	123	1.38229
177	124	0.919436
177	127	0.919207
177	128	0.900334
177	129	1.05059
177	130	0.966157
177	133	0.953276
177	134	0.987561
177	136	0.981265
177	137	1.36165
177	140	0.98767
177	141	0.903441
177	142	1.13296
177	144	0.952605
177	145	1.64849
177	146	0.848459
177	148	1.31984
177	150	0.888583
177	151	0.922003
177	152	0.918683
177	153	0.930119
177	154	0.934876
177	156	0.942412
177	158	0.940859
177	160	0.905048
177	161	0.925089
177	162	0.881201
177	164	0.891146
177	165	0.886817
177	167	0.924639
177	168	0.880112
177	169	0.880016
177	170	0.898067
177	171	0.873372
177	172	0.822093
177	173	0.885482
177	175	0.815734
177	176	0.858736
177	178	0.812498
177	179	0.842166
177	180	0.818478
178	12	0.820794
178	14	1.02993
178	19	1.91649
178	20	0.909593
178	21	1.02888
178	26	0.995735
178	29	1.11199
178	31	0.908251
178	33	0.901989
178	38	0.89884
178	41	0.883269
178	42	0.985234
178	45	0.971099
178	46	0.807
178	50	0.970303
178	52	0.874248
178	53	0.924169
178	58	0.94044
178	62	0.943555
178	64	0.940695
178	73	0.81072
178	82	0.903837
178	91	0.937072
178	92	0.943188
178	93	0.876656
178	95	0.923223
178	96	0.889547
178	97	0.923817
178	98	0.920318
178	99	0.951808
178	102	0.782702
178	103	0.97786
178	105	0.957585
178	106	0.899158
178	109	0.930961
178	110	0.948238
178	112	0.913884
178	117	0.913066
178	118	0.84689
178	119	0.898749
178	120	0.885011
178	121	0.917132
178	123	2.15845
178	124	0.855146
178	127	0.854918
178	128	0.836045
178	130	0.901867
178	133	0.888987
178	134	0.923272
178	136	0.916976
178	138	2.31354
178	139	2.19404
178	140	0.923381
178	141	0.839151
178	142	1.90911
178	144	0.888316
178	150	0.824294
178	151	0.857714
178	152	0.854393
178	153	0.865829
178	154	0.870587
178	155	2.05114
178	156	0.878123
178	157	2.04546
178	158	0.876569
178	160	0.840758
178	161	0.8608
178	162	0.816911
178	163	2.01177
178	164	0.826857
178	165	0.822528
178	167	0.86035
178	168	0.815823
178	169	0.815727
178	170	0.833778
178	171	0.809082
178	172	0.757804
178	173	0.821192
178	175	0.751445
178	176	0.794446
178	177	0.812498
178	179	0.777877
178	180	0.754188
179	12	0.850462
179	14	1.0596
179	16	0.905289
179	21	1.05854
179	24	2.90573
179	26	1.0254
179	29	1.14166
179	30	1.01747
179	31	0.937919
179	33	0.931657
179	35	1.60117
179	38	0.928508
179	41	0.912937
179	42	1.0149
179	45	1.00077
179	46	0.836668
179	50	0.999971
179	52	0.903916
179	53	0.953837
179	54	1.53742
179	55	0.880082
179	58	0.970108
179	62	0.973223
179	64	0.970362
179	68	1.55695
179	73	0.840387
179	82	0.933505
179	85	1.14252
179	86	0.83424
179	87	1.70878
179	91	0.96674
179	92	0.972856
179	93	0.906324
179	95	0.952891
179	97	0.953484
179	98	0.949986
179	99	0.981475
179	102	0.812369
179	103	1.00753
179	105	0.987252
179	106	0.928826
179	109	0.960628
179	110	0.977906
179	112	0.943552
179	117	0.942733
179	118	0.876557
179	119	0.928417
179	120	0.914679
179	121	0.9468
179	124	0.884814
179	127	0.884586
179	128	0.865713
179	130	0.931535
179	133	0.918654
179	134	0.95294
179	136	0.946644
179	137	1.55583
179	140	0.953049
179	141	0.868819
179	143	1.51162
179	144	0.917984
179	146	0.813838
179	149	1.55698
179	150	0.853961
179	151	0.887382
179	152	0.884061
179	153	0.895497
179	154	0.900255
179	156	0.90779
179	158	0.906237
179	160	0.870426
179	161	0.890467
179	162	0.846579
179	163	1.42979
179	164	0.856525
179	165	0.852196
179	166	1.29322
179	167	0.890017
179	168	0.845491
179	169	0.845395
179	170	0.863446
179	171	0.83875
179	172	0.787471
179	173	0.85086
179	175	0.781112
179	176	0.824114
179	177	0.842166
179	178	0.777877
179	180	0.783856
180	12	0.826773
180	14	1.03591
180	16	0.8816
180	20	0.915572
180	21	1.03486
180	26	1.00171
180	29	1.11797
180	30	0.993783
180	31	0.914231
180	33	0.907968
180	38	0.904819
180	41	0.889248
180	42	0.991213
180	43	1.92702
180	45	0.977078
180	46	0.812979
180	49	1.88283
180	50	0.976282
180	52	0.880227
180	53	0.930148
180	55	0.856393
180	58	0.946419
180	61	1.95632
180	62	0.949534
180	64	0.946674
180	69	2.07718
180	73	0.816699
180	82	0.909816
180	86	0.810552
180	91	0.943051
180	92	0.949167
180	93	0.882635
180	95	0.929202
180	96	0.895526
180	97	0.929796
180	98	0.926297
180	99	0.957787
180	102	0.788681
180	103	0.983839
180	105	0.963564
180	106	0.905138
180	109	0.93694
180	110	0.954218
180	111	2.07263
180	112	0.919863
180	117	0.919045
180	118	0.852869
180	119	0.904728
180	120	0.89099
180	121	0.923111
180	124	0.861125
180	125	2.20959
180	127	0.860897
180	128	0.842024
180	129	1.80235
180	130	0.907846
180	133	0.894966
180	134	0.929251
180	136	0.922955
180	140	0.92936
180	141	0.84513
180	142	1.88471
180	144	0.894295
180	146	0.790149
180	150	0.830273
180	151	0.863693
180	152	0.860372
180	153	0.871809
180	154	0.876566
180	156	0.884102
180	158	0.882548
180	160	0.846738
180	161	0.866779
180	162	0.82289
180	163	1.98737
180	164	0.832836
180	165	0.828507
180	167	0.866329
180	168	0.821802
180	169	0.821706
180	170	0.839757
180	171	0.815061
180	172	0.763783
180	173	0.827171
180	175	0.757424
180	176	0.800426
180	177	0.818478
180	178	0.754188
180	179	0.783856
