1	69	0.945516
1	79	0.848527
1	101	0.892134
1	110	0.922002
1	120	0.857765
1	135	0.898666
1	139	0.886782
1	140	0.885546
1	141	2.72871
1	142	0.906406
1	168	0.735174
1	170	0.822231
2	40	0.994139
2	46	0.981207
2	72	1.0114
2	77	0.923133
2	84	0.962165
2	85	0.963274
2	88	0.948288
2	119	0.923547
2	128	1.31178
2	159	1.83704
2	161	0.987029
2	173	0.906029
3	5	1.12725
3	8	1.1268
3	12	1.01044
3	17	1.00993
3	25	1.09856
3	26	1.09852
3	37	1.06213
3	42	1.06194
3	119	1.02595
3	149	0.864225
3	152	1.35056
3	165	1.30639
4	47	0.840049
4	49	0.839547
4	55	0.839078
4	60	0.911315
4	62	0.814655
4	118	0.863885
4	143	0.823098
4	165	0.81369
4	176	0.729158
4	177	0.717989
4	178	0.749214
4	180	0.680186
5	3	1.12725
5	8	1.12642
5	12	1.01006
5	17	1.00955
5	25	1.09818
5	26	1.09814
5	37	1.06174
5	42	1.06156
5	104	0.887743
5	119	1.02557
5	141	1.06713
5	149	1.3984
6	66	0.397812
6	114	0.53371
6	121	0.471058
6	159	1.12706
6	165	1.11671
6	171	1.07307
6	172	1.07147
6	175	1.10234
6	176	1.03217
6	177	1.02101
6	178	1.05223
6	180	0.983202
7	20	0.898342
7	29	0.986612
7	31	0.986027
7	34	0.985639
7	44	0.960046
7	47	0.955406
7	49	0.954903
7	55	0.954434
7	60	1.02667
7	143	0.938454
7	150	1.38497
7	170	1.83673
8	3	1.1268
8	5	1.12642
8	12	1.00961
8	17	1.00911
8	25	1.09773
8	26	1.09769
8	37	1.0613
8	42	1.06111
8	119	1.02512
8	143	1.0091
8	158	0.938124
8	169	1.52491
9	37	1.12629
9	42	1.12611
9	76	0.643163
9	87	1.11315
9	110	0.29859
9	119	1.09012
9	142	0.62808
9	175	1.09333
9	176	1.02317
9	177	1.012
9	178	1.04322
9	180	0.974195
10	65	0.95099
10	86	1.61852
10	96	0.979461
10	116	0.941975
10	123	0.974285
10	126	0.960536
10	127	0.954355
10	131	0.95452
10	134	0.983244
10	148	1.48653
10	158	0.951244
10	164	0.927306
11	28	1.0213
11	44	0.7575
11	97	0.87798
11	147	1.00245
11	156	1.05086
11	166	0.992336
11	169	0.966789
11	172	0.949358
11	176	0.910066
11	177	0.898897
11	178	0.930122
11	180	0.861094
12	3	1.01044
12	5	1.01006
12	8	1.00961
12	17	0.892745
12	25	0.981374
12	26	0.98133
12	37	0.944938
12	42	0.94475
12	87	0.931793
12	119	0.908764
12	128	1.4522
12	148	1.6701
13	94	0.946497
13	99	0.923904
13	100	0.925254
13	117	0.981889
13	122	0.972123
13	123	0.97734
13	126	0.963592
13	127	0.95741
13	131	0.957576
13	134	0.9863
13	173	1.50438
13	174	1.64674
14	58	1.90087
14	130	0.837596
14	144	0.905784
14	147	0.927937
14	163	0.863725
14	167	0.896993
14	169	0.89228
14	172	0.874849
14	174	0.877446
14	175	0.905722
14	177	0.824388
14	180	0.786585
15	123	0.88575
15	129	0.754307
15	147	1.00084
15	151	1.00128
15	160	0.974366
15	166	0.99073
15	167	0.969896
15	172	0.947752
15	177	0.897292
15	178	0.928517
15	179	1.01427
15	180	0.859489
16	18	0.918039
16	28	1.31348
16	35	0.985485
16	56	0.961331
16	59	0.946015
16	61	0.939216
16	68	1.00992
16	71	1.01231
16	76	0.992109
16	103	1.68069
16	171	0.900933
16	179	0.965845
17	3	1.00993
17	5	1.00955
17	8	1.00911
17	12	0.892745
17	25	0.980865
17	26	0.980821
17	37	0.944429
17	42	0.944241
17	70	1.0442
17	87	0.931284
17	119	0.908255
17	172	2.08216
18	16	0.918039
18	58	0.929377
18	59	0.934341
18	66	0.995146
18	67	0.995295
18	68	0.998248
18	71	1.00063
18	76	0.980435
18	146	1.48763
18	170	1.76226
18	171	0.889259
18	179	0.954171
19	57	1.46139
19	91	1.7188
19	101	0.980574
19	102	0.96961
19	106	0.980012
19	110	1.01044
19	129	0.954384
19	139	0.975221
19	142	0.994845
19	161	0.996754
19	168	0.823613
19	170	0.91067
20	7	0.898342
20	29	0.986294
20	31	0.985709
20	34	0.985321
20	44	0.959728
20	47	0.955088
20	49	0.954585
20	55	0.954116
20	60	1.02635
20	111	1.06946
20	143	0.938136
20	154	2.07234
21	128	1.02483
21	135	0.87868
21	139	0.959766
21	141	1.00933
21	146	0.963434
21	152	0.943284
21	167	0.959117
21	174	0.93957
21	176	0.897681
21	177	0.886512
21	178	0.917737
21	179	1.00349
21	180	0.848709
22	63	1.02226
22	64	1.02448
22	111	0.846746
22	117	1.05998
22	122	1.05021
22	123	1.05543
22	126	1.04168
22	127	1.0355
22	131	1.03567
22	134	1.06439
22	147	1.72428
22	156	1.12529
22	164	1.00845
23	122	0.610587
23	140	0.553379
23	152	1.05888
23	161	0.366455
23	162	1.05557
23	168	0.97057
23	169	1.07
23	172	1.05257
23	173	1.06271
23	174	1.05517
23	175	1.08344
23	177	1.00211
23	180	0.964304
24	56	1.02788
24	58	1.0076
24	61	1.00576
24	66	1.07337
24	67	1.07351
24	68	1.07647
24	71	1.07885
24	76	1.05865
24	115	2.31689
24	148	0.525421
24	164	1.01515
24	171	0.967479
24	179	1.03239
25	3	1.09856
25	5	1.09818
25	8	1.09773
25	12	0.981374
25	17	0.980865
25	26	1.06945
25	37	1.03306
25	42	1.03287
25	87	1.01991
25	119	0.996883
25	159	1.02807
25	170	1.64227
25	175	1.11475
26	3	1.09852
26	5	1.09814
26	8	1.09769
26	12	0.98133
26	17	0.980821
26	25	1.06945
26	37	1.03301
26	42	1.03283
26	87	1.01987
26	119	0.99684
26	156	0.976898
26	158	1.17161
26	167	1.54371
27	52	1.03909
27	90	1.02104
27	116	1.02207
27	117	1.05893
27	122	1.04917
27	125	1.04111
27	126	1.04064
27	131	1.03462
27	134	1.06334
27	157	1.01757
27	158	1.03134
27	162	1.38443
27	169	1.33177
28	11	1.0213
28	16	1.31348
28	94	0.968198
28	144	0.971829
28	147	0.993982
28	153	0.93197
28	169	0.958326
28	174	0.943492
28	176	0.901602
28	177	0.890433
28	178	0.921659
28	179	1.00741
28	180	0.85263
29	7	0.986612
29	20	0.986294
29	31	1.07398
29	34	1.07359
29	44	1.048
29	47	1.04336
29	49	1.04286
29	55	1.04239
29	60	1.11462
29	143	1.02641
29	145	1.38854
29	149	1.12705
29	158	1.17545
30	116	0.722296
30	126	0.968198
30	146	0.976641
30	150	0.981347
30	166	0.993158
30	167	0.972324
30	170	0.955239
30	172	0.95018
30	174	0.952777
30	176	0.910888
30	177	0.899719
30	178	0.930944
30	180	0.861916
31	7	0.986027
31	20	0.985709
31	29	1.07398
31	34	1.07301
31	44	1.04741
31	47	1.04277
31	49	1.04227
31	55	1.0418
31	60	1.11404
31	118	1.04479
31	143	1.02582
31	145	1.25473
31	146	1.47353
32	36	0.968586
32	57	0.532834
32	72	1.09481
32	73	1.09697
32	77	1.00654
32	82	1.04051
32	84	1.04557
32	85	1.04668
32	88	1.03169
32	130	3.12152
32	161	1.07043
32	162	0.910697
32	173	0.989434
33	82	1.03945
33	84	1.0445
33	88	1.03062
33	91	0.893886
33	95	1.024
33	116	1.02511
33	125	1.04415
33	131	1.03766
33	134	1.06638
33	160	1.42113
33	161	1.06937
33	169	1.41545
33	173	0.988366
34	7	0.985639
34	20	0.985321
34	29	1.07359
34	31	1.07301
34	44	1.04702
34	47	1.04238
34	49	1.04188
34	55	1.04141
34	60	1.11365
34	143	1.02543
34	148	0.819603
34	164	1.71107
34	175	1.21363
35	16	0.985485
35	56	1.0171
35	58	0.996822
35	59	1.00179
35	61	0.994988
35	66	1.06259
35	67	1.06274
35	68	1.06569
35	76	1.04788
35	154	1.28136
35	160	1.3442
35	170	1.45825
35	171	0.956705
35	179	1.02162
36	32	0.968586
36	40	0.956499
36	46	0.943567
36	72	0.973764
36	73	0.975926
36	77	0.885493
36	82	0.919469
36	84	0.924524
36	85	0.925634
36	88	0.910647
36	152	1.98362
36	158	1.54568
36	161	0.949389
36	173	0.868389
37	3	1.06213
37	5	1.06174
37	8	1.0613
37	9	1.12629
37	12	0.944938
37	17	0.944429
37	25	1.03306
37	26	1.03301
37	42	0.996434
37	87	0.983477
37	119	0.960448
37	158	1.31925
37	163	0.752968
37	180	4.69053
38	42	1.17896
38	93	0.942236
38	102	0.997123
38	130	0.895872
38	135	1.01462
38	139	1.00273
38	167	0.955268
38	168	0.851126
38	169	0.950556
38	170	0.938183
38	174	0.935722
38	177	0.882663
38	178	0.913889
38	180	0.84486
39	69	1.08282
39	98	1.04756
39	101	1.02944
39	106	1.02888
39	112	1.05476
39	113	1.27247
39	124	1.02134
39	135	1.03597
39	140	1.02285
39	142	1.04371
39	158	1.20265
39	168	0.872482
39	170	0.959539
39	175	1.38164
40	2	0.994139
40	36	0.956499
40	50	1.03353
40	51	1.02478
40	62	1.21215
40	72	1.08272
40	77	0.99445
40	82	1.02843
40	85	1.03459
40	88	1.0196
40	161	1.05835
40	170	0.91591
40	173	0.977346
40	177	2.03655
41	75	1.04782
41	92	1.05599
41	105	0.894434
41	106	1.01768
41	114	1.04235
41	128	1.03114
41	129	0.992057
41	135	1.02478
41	138	1.28297
41	139	1.01289
41	140	1.01166
41	142	1.03252
41	163	0.932161
41	174	1.7648
42	3	1.06194
42	5	1.06156
42	8	1.06111
42	9	1.12611
42	12	0.94475
42	17	0.944241
42	25	1.03287
42	26	1.03283
42	37	0.996434
42	38	1.17896
42	87	0.983289
42	118	1.14445
42	119	0.96026
42	159	1.23363
43	92	1.07348
43	98	1.05386
43	101	1.03574
43	109	1.00966
43	120	1.00137
43	121	1.03974
43	128	1.04864
43	135	1.04227
43	142	1.05001
43	144	1.30014
43	146	1.50985
43	158	1.07796
43	168	0.87878
43	170	0.965837
44	7	0.960046
44	11	0.7575
44	20	0.959728
44	29	1.048
44	31	1.04741
44	34	1.04702
44	47	1.01679
44	49	1.01629
44	55	1.01582
44	60	1.08806
44	78	1.0179
44	143	0.99984
44	165	1.36318
44	174	1.46867
45	121	2.52453
45	145	0.910713
45	155	0.814344
45	156	0.95494
45	160	0.880052
45	162	0.856437
45	166	0.896417
45	169	0.87087
45	172	0.853439
45	174	0.856036
45	175	0.884312
45	177	0.802978
45	178	0.834204
45	180	0.765175
46	2	0.981207
46	36	0.943567
46	50	1.02059
46	51	1.01185
46	77	0.981519
46	82	1.01549
46	84	1.02055
46	85	1.02166
46	88	1.00667
46	107	0.834642
46	119	0.981933
46	147	1.58633
46	160	1.77452
46	161	1.04541
46	173	0.964415
47	4	0.840049
47	7	0.955406
47	20	0.955088
47	29	1.04336
47	31	1.04277
47	34	1.04238
47	44	1.01679
47	49	1.01165
47	55	1.01118
47	60	1.08342
47	78	1.01326
47	128	0.912168
47	143	0.9952
47	166	1.50949
47	173	1.70201
48	57	1.20578
48	69	1.05535
48	109	0.975881
48	110	1.03183
48	112	1.02728
48	120	0.967596
48	121	1.00597
48	129	0.975777
48	135	1.0085
48	140	0.995377
48	142	1.01624
48	156	1.20326
48	161	1.01815
48	163	0.91588
48	167	1.77007
49	4	0.839547
49	7	0.954903
49	20	0.954585
49	29	1.04286
49	31	1.04227
49	34	1.04188
49	44	1.01629
49	47	1.01165
49	55	1.01068
49	60	1.08291
49	78	1.01275
49	86	1.24798
49	143	0.994697
49	156	1.13631
49	173	1.68793
50	40	1.03353
50	46	1.02059
50	51	0.992851
50	73	1.05295
50	77	0.96252
50	82	0.996496
50	84	1.00155
50	85	1.00266
50	88	0.987675
50	119	0.962934
50	161	1.02642
50	165	0.915612
50	169	1.10863
50	173	0.945416
50	176	2.17052
51	40	1.02478
51	46	1.01185
51	50	0.992851
51	72	1.04205
51	73	1.04421
51	77	0.953776
51	82	0.987752
51	84	0.992808
51	85	0.993917
51	88	0.978931
51	157	1.17962
51	160	1.4995
51	161	1.01767
51	170	1.61355
51	173	0.936672
52	27	1.03909
52	78	0.977202
52	97	1.02429
52	99	0.958614
52	100	0.959963
52	116	0.979741
52	117	1.0166
52	122	1.00683
52	125	0.99878
52	126	0.998301
52	127	0.99212
52	131	0.992286
52	134	1.02101
52	157	1.38178
52	172	1.84095
53	64	0.988998
53	81	1.01401
53	90	0.986597
53	94	0.989102
53	116	0.987636
53	118	1.15524
53	122	1.01473
53	125	1.00668
53	126	1.0062
53	127	1.00002
53	131	1.00018
53	134	1.02891
53	136	1.13222
53	158	0.996905
53	171	1.82867
54	106	0.73448
54	119	0.753674
54	121	0.558059
54	149	1.06391
54	151	1.04736
54	152	1.00014
54	155	0.954735
54	162	0.996828
54	165	1.03907
54	166	1.03681
54	172	0.993829
54	175	1.0247
54	177	0.943368
54	178	0.974594
54	180	0.905565
55	4	0.839078
55	7	0.954434
55	20	0.954116
55	29	1.04239
55	31	1.0418
55	34	1.04141
55	44	1.01582
55	47	1.01118
55	49	1.01068
55	60	1.08245
55	78	1.01229
55	111	0.859408
55	143	0.994228
55	162	1.97211
55	179	1.20918
56	16	0.961331
56	24	1.02788
56	35	1.0171
56	58	0.972669
56	59	0.977633
56	61	0.970834
56	66	1.03844
56	67	1.03859
56	71	1.04393
56	76	1.02373
56	149	1.19609
56	171	0.932551
56	172	0.675321
56	179	0.997463
56	180	4.98469
57	19	1.46139
57	32	0.532834
57	48	1.20578
57	113	1.02113
57	156	1.07386
57	159	1.02796
57	162	0.975357
57	167	0.994503
57	169	0.98979
57	172	0.972359
57	173	0.982501
57	174	0.974956
57	175	1.00323
57	177	0.921898
57	178	0.953123
57	180	0.884095
58	14	1.90087
58	18	0.929377
58	24	1.0076
58	35	0.996822
58	56	0.972669
58	59	0.957353
58	61	0.950554
58	66	1.01816
58	67	1.01831
58	68	1.02126
58	71	1.02365
58	76	1.00345
58	155	1.59092
58	164	0.562942
58	171	0.912271
58	179	0.977183
59	16	0.946015
59	18	0.934341
59	35	1.00179
59	56	0.977633
59	58	0.957353
59	61	0.955519
59	66	1.02312
59	67	1.02327
59	68	1.02622
59	71	1.02861
59	76	1.00841
59	132	1.74094
59	149	1.20292
59	166	1.4157
59	171	0.917236
59	179	0.982148
60	4	0.911315
60	7	1.02667
60	20	1.02635
60	29	1.11462
60	31	1.11404
60	34	1.11365
60	44	1.08806
60	47	1.08342
60	49	1.08291
60	55	1.08245
60	78	1.08452
60	103	0.927248
60	143	1.06647
60	151	1.12079
60	163	1.79247
60	179	0.836973
61	16	0.939216
61	24	1.00576
61	35	0.994988
61	56	0.970834
61	58	0.950554
61	59	0.955519
61	66	1.01632
61	67	1.01647
61	68	1.01943
61	71	1.02181
61	76	1.00161
61	146	1.30027
61	154	1.39801
61	163	1.70039
61	171	0.910437
61	179	0.975349
62	4	0.814655
62	40	1.21215
62	110	1.52346
62	137	0.967883
62	153	0.906233
62	157	0.956235
62	160	0.94177
62	165	0.960398
62	169	0.932588
62	170	0.920216
62	172	0.915157
62	174	0.917755
62	175	0.94603
62	176	0.875865
62	178	0.895922
62	180	0.826893
63	22	1.02226
63	81	0.988236
63	90	0.960821
63	93	1.02165
63	94	0.963326
63	95	0.960754
63	97	1.00641
63	117	0.998719
63	122	0.988952
63	125	0.9809
63	131	0.974405
63	134	1.00313
63	137	1.38243
63	141	0.928794
63	158	0.971129
63	171	1.98503
64	22	1.02448
64	53	0.988998
64	65	0.973101
64	90	0.963048
64	93	1.02387
64	95	0.962981
64	122	0.991179
64	123	0.996396
64	125	0.983126
64	127	0.976466
64	130	3.47848
64	131	0.976632
64	134	1.00536
64	164	0.949418
64	172	0.809967
64	175	0.695159
65	10	0.95099
65	64	0.973101
65	95	0.970634
65	97	1.01629
65	99	0.950613
65	117	1.0086
65	123	1.00405
65	125	0.99078
65	127	0.98412
65	131	0.984285
65	134	1.01301
65	137	1.20676
65	138	1.15023
65	158	0.981009
65	164	0.957071
65	178	2.06656
66	6	0.397812
66	18	0.995146
66	24	1.07337
66	35	1.06259
66	56	1.03844
66	58	1.01816
66	59	1.02312
66	61	1.01632
66	67	1.08408
66	68	1.08703
66	71	1.08942
66	76	1.06922
66	154	1.55006
66	165	1.41421
66	171	0.978041
66	175	1.19943
66	179	1.04295
67	18	0.995295
67	24	1.07351
67	35	1.06274
67	56	1.03859
67	58	1.01831
67	59	1.02327
67	61	1.01647
67	66	1.08408
67	68	1.08718
67	71	1.08956
67	76	1.06937
67	103	1.13826
67	138	1.1889
67	149	1.12307
67	157	1.44406
67	171	0.978189
67	179	1.0431
68	16	1.00992
68	18	0.998248
68	24	1.07647
68	35	1.06569
68	58	1.02126
68	59	1.02622
68	61	1.01943
68	66	1.08703
68	67	1.08718
68	71	1.09252
68	76	1.07232
68	132	1.26168
68	157	1.04465
68	162	1.4115
68	171	0.981143
68	174	1.27132
68	179	1.04605
69	1	0.945516
69	39	1.08282
69	48	1.05535
69	101	1.07226
69	102	1.06129
69	109	1.04617
69	124	1.06415
69	129	1.04607
69	135	1.07879
69	139	1.06691
69	140	1.06567
69	141	0.366431
69	153	1.62247
69	154	1.27572
69	161	1.08844
69	168	0.915298
69	178	1.67986
70	17	1.0442
70	114	0.85013
70	136	1.04361
70	140	0.810188
70	146	0.989449
70	153	0.954064
70	155	0.923893
70	157	1.00407
70	159	1.01859
70	170	0.968047
70	171	0.964588
70	172	0.962988
70	175	0.993861
70	177	0.912527
70	178	0.943752
70	179	1.0295
70	180	0.874724
71	16	1.01231
71	18	1.00063
71	24	1.07885
71	56	1.04393
71	58	1.02365
71	59	1.02861
71	61	1.02181
71	66	1.08942
71	67	1.08956
71	68	1.09252
71	76	1.0747
71	108	0.959785
71	111	0.706696
71	136	1.16007
71	163	2.01196
71	171	0.983529
71	179	1.04844
72	2	1.0114
72	32	1.09481
72	36	0.973764
72	40	1.08272
72	51	1.04205
72	73	1.10215
72	82	1.04569
72	84	1.05075
72	85	1.05186
72	88	1.03687
72	119	1.01213
72	132	1.24942
72	151	0.92013
72	161	1.07561
72	170	1.46631
72	171	1.43637
72	173	0.994612
73	32	1.09697
73	36	0.975926
73	50	1.05295
73	51	1.04421
73	72	1.10215
73	77	1.01388
73	82	1.04785
73	84	1.05291
73	85	1.05402
73	88	1.03903
73	119	1.01429
73	141	0.778656
73	148	0.943283
73	153	2.0347
73	161	1.07777
73	173	0.996773
73	179	1.03483
74	89	0.367442
74	102	0.597567
74	113	1.0766
74	137	1.08056
74	140	0.529165
74	142	0.628233
74	149	1.09791
74	155	0.988736
74	162	1.03083
74	163	1.01671
74	167	1.04997
74	169	1.04526
74	172	1.02783
74	175	1.0587
74	176	0.988539
74	177	0.97737
74	178	1.0086
74	180	0.939567
75	41	1.04782
75	79	1.00485
75	98	1.06657
75	101	1.04846
75	110	1.07832
75	120	1.01409
75	124	1.04035
75	129	1.02227
75	135	1.05499
75	139	1.0431
75	140	1.04187
75	142	1.06273
75	145	1.21678
75	156	0.808974
75	168	0.891495
75	170	0.978552
75	172	1.73545
75	173	1.36059
76	9	0.643163
76	16	0.992109
76	18	0.980435
76	24	1.05865
76	35	1.04788
76	56	1.02373
76	58	1.00345
76	59	1.00841
76	61	1.00161
76	66	1.06922
76	67	1.06937
76	68	1.07232
76	71	1.0747
76	128	0.797598
76	169	1.81733
76	171	0.963329
76	175	1.40953
76	179	1.02824
77	2	0.923133
77	32	1.00654
77	36	0.885493
77	40	0.99445
77	46	0.981519
77	50	0.96252
77	51	0.953776
77	73	1.01388
77	82	0.95742
77	84	0.962476
77	85	0.963585
77	88	0.948599
77	119	0.923859
77	137	1.45563
77	151	1.54198
77	161	0.987341
77	165	1.77543
77	173	0.90634
78	44	1.0179
78	47	1.01326
78	49	1.01275
78	52	0.977202
78	55	1.01229
78	60	1.08452
78	131	0.748062
78	135	0.880941
78	143	0.996306
78	157	0.982736
78	162	0.944656
78	167	0.963802
78	172	0.941658
78	174	0.944256
78	177	0.891197
78	178	0.922423
78	180	0.853394
79	1	0.848527
79	75	1.00485
79	80	0.966108
79	92	1.01301
79	98	0.993388
79	106	0.974708
79	109	0.949185
79	121	0.979272
79	129	0.949081
79	135	0.981801
79	139	0.969918
79	140	0.968681
79	142	0.989541
79	160	1.49173
79	163	0.889184
79	168	0.81831
79	170	0.905367
79	177	2.72642
79	179	0.775772
80	79	0.966108
80	101	1.00972
80	102	0.998751
80	106	1.00915
80	109	0.98363
80	110	1.03958
80	112	1.03503
80	120	0.975346
80	124	1.00161
80	129	0.983526
80	135	1.01625
80	139	1.00436
80	140	1.00313
80	142	1.02399
80	143	1.02748
80	156	0.761785
80	161	1.0259
80	163	0.923629
80	166	1.12088
80	176	2.60518
81	53	1.01401
81	63	0.988236
81	94	0.990567
81	95	0.987995
81	96	1.02659
81	99	0.967974
81	100	0.969324
81	116	0.989101
81	122	1.01619
81	123	1.02141
81	126	1.00766
81	127	1.00148
81	131	1.00165
81	134	1.03037
81	138	1.33087
81	150	1.56818
81	158	0.99837
81	159	1.40575
81	164	0.974432
81	179	1.18994
82	32	1.04051
82	33	1.03945
82	36	0.919469
82	40	1.02843
82	46	1.01549
82	50	0.996496
82	51	0.987752
82	72	1.04569
82	73	1.04785
82	77	0.95742
82	84	0.996452
82	85	0.997562
82	88	0.982575
82	107	0.917931
82	119	0.957835
82	144	1.48752
82	161	1.02132
82	169	1.85213
82	173	0.940317
82	179	1.14185
83	84	0.535618
83	93	0.470518
83	106	0.836041
83	139	0.659958
83	144	1.02167
83	152	0.997048
83	154	1.00944
83	155	0.951642
83	157	1.03181
83	162	0.993735
83	165	1.03598
83	166	1.03371
83	167	1.01288
83	170	0.995796
83	174	0.993334
83	175	1.02161
83	177	0.940276
83	178	0.971501
83	179	1.05725
83	180	0.902473
84	2	0.962165
84	32	1.04557
84	33	1.0445
84	36	0.924524
84	46	1.02055
84	50	1.00155
84	51	0.992808
84	72	1.05075
84	73	1.05291
84	77	0.962476
84	82	0.996452
84	83	0.535618
84	85	1.00262
84	88	0.987631
84	119	0.962891
84	161	1.02637
84	163	1.80169
84	166	1.13405
84	172	1.70144
84	173	0.945372
85	2	0.963274
85	32	1.04668
85	36	0.925634
85	40	1.03459
85	46	1.02166
85	50	1.00266
85	51	0.993917
85	72	1.05186
85	73	1.05402
85	77	0.963585
85	82	0.997562
85	84	1.00262
85	88	0.98874
85	119	0.964
85	152	1.43105
85	157	1.2657
85	161	1.02748
85	165	1.38689
85	173	0.946481
85	174	1.49238
86	10	1.61852
86	49	1.24798
86	106	0.982404
86	112	1.00828
86	114	1.00707
86	121	0.986968
86	134	0.937595
86	139	0.977614
86	140	0.976378
86	142	0.997237
86	160	0.934617
86	165	0.953244
86	168	0.826006
86	169	0.925435
86	170	0.913063
86	172	0.908004
86	175	0.938877
86	176	0.868712
86	177	0.857543
86	178	0.888769
86	180	0.81974
87	9	1.11315
87	12	0.931793
87	17	0.931284
87	25	1.01991
87	26	1.01987
87	37	0.983477
87	42	0.983289
87	108	0.91386
87	114	1.01871
87	119	0.947302
87	120	0.960235
87	124	0.986497
87	129	0.968415
87	135	1.00114
87	139	0.989252
87	140	0.988016
87	142	1.00888
87	144	1.35621
87	152	1.57197
87	170	0.924701
87	171	1.8106
88	2	0.948288
88	32	1.03169
88	33	1.03062
88	36	0.910647
88	40	1.0196
88	46	1.00667
88	50	0.987675
88	51	0.978931
88	72	1.03687
88	73	1.03903
88	77	0.948599
88	82	0.982575
88	84	0.987631
88	85	0.98874
88	105	0.981801
88	119	0.949014
88	136	1.33302
88	161	1.0125
88	166	1.51728
88	173	0.931495
88	174	1.85216
89	74	0.367442
89	92	1.04127
89	98	1.02165
89	102	0.992563
89	106	1.00297
89	109	0.977442
89	114	1.02763
89	120	0.969158
89	121	1.00753
89	128	1.01642
89	135	1.01006
89	137	1.02864
89	139	0.998175
89	140	0.996939
89	142	1.0178
89	155	2.65907
89	161	1.01971
89	163	0.917441
89	168	0.846567
89	170	0.933624
89	173	1.31157
90	27	1.02104
90	53	0.986597
90	63	0.960821
90	64	0.963048
90	94	0.963152
90	96	0.999172
90	97	1.00624
90	99	0.94056
90	100	0.941909
90	116	0.961686
90	122	0.988778
90	123	0.993996
90	125	0.980726
90	126	0.980247
90	127	0.974066
90	131	0.974231
90	134	1.00295
90	146	1.11321
90	164	0.947017
90	169	1.11003
90	178	0.525868
90	180	5.92479
91	19	1.7188
91	33	0.893886
91	100	1.37373
91	115	0.8875
91	141	0.98811
91	146	0.942218
91	150	0.946924
91	155	0.876663
91	156	1.01726
91	157	0.956835
91	159	0.971356
91	162	0.918756
91	166	0.958735
91	167	0.937901
91	169	0.933189
91	172	0.915757
91	174	0.918355
91	175	0.946631
91	176	0.876465
91	177	0.865296
91	178	0.896522
91	180	0.827493
92	41	1.05599
92	43	1.07348
92	79	1.01301
92	89	1.04127
92	96	0.659949
92	102	1.04565
92	108	0.484796
92	109	1.03053
92	110	1.08649
92	121	1.06062
92	124	1.04851
92	129	1.03043
92	135	1.06315
92	139	1.05127
92	140	1.05003
92	142	1.07089
92	147	1.10924
92	163	0.970532
92	168	0.899658
92	170	0.986714
92	177	2.53212
92	178	1.63873
93	38	0.942236
93	63	1.02165
93	64	1.02387
93	83	0.470518
93	95	1.0214
93	97	1.06706
93	99	1.00138
93	100	1.00273
93	116	1.02251
93	117	1.05937
93	122	1.0496
93	123	1.05482
93	125	1.04155
93	126	1.04107
93	127	1.03489
93	131	1.03506
93	134	1.06378
93	148	0.68954
93	149	0.856183
93	158	1.03178
93	164	1.00784
93	176	2.55326
94	13	0.946497
94	28	0.968198
94	53	0.989102
94	63	0.963326
94	81	0.990567
94	90	0.963152
94	95	0.963086
94	97	1.00874
94	100	0.944414
94	104	0.809565
94	116	0.964191
94	117	1.00105
94	123	0.996501
94	125	0.983231
94	126	0.982752
94	127	0.976571
94	131	0.976736
94	134	1.00546
94	158	0.97346
94	164	0.949522
94	172	2.10038
94	175	1.54761
95	33	1.024
95	63	0.960754
95	64	0.962981
95	65	0.970634
95	81	0.987995
95	93	1.0214
95	94	0.963086
95	99	0.940493
95	100	0.941842
95	116	0.961619
95	117	0.998478
95	123	0.993929
95	125	0.980659
95	127	0.973999
95	131	0.974165
95	134	1.00289
95	141	1.0295
95	156	1.21445
95	158	0.970888
95	164	0.94695
95	178	2.34293
95	179	1.28568
96	10	0.979461
96	81	1.02659
96	90	0.999172
96	92	0.659949
96	99	0.979084
96	109	0.859929
96	112	0.664839
96	117	1.03707
96	126	1.01877
96	127	1.01259
96	131	1.01276
96	133	0.964653
96	134	1.04148
96	139	1.049
96	153	0.9444
96	159	1.00892
96	174	0.955922
96	175	0.984198
96	176	0.914033
96	177	0.902864
96	178	0.934089
96	180	0.865061
97	11	0.87798
97	52	1.02429
97	63	1.00641
97	65	1.01629
97	90	1.00624
97	93	1.06706
97	94	1.00874
97	99	0.986148
97	100	0.987498
97	117	1.04413
97	122	1.03437
97	123	1.03958
97	125	1.02631
97	126	1.02584
97	127	1.01965
97	131	1.01982
97	134	1.04854
97	138	1.10733
97	151	1.25022
97	153	1.96626
97	156	0.895176
97	158	1.01654
97	164	0.992606
98	39	1.04756
98	43	1.05386
98	75	1.06657
98	79	0.993388
98	89	1.02165
98	112	1.06231
98	114	1.0611
98	120	1.00263
98	121	1.041
98	129	1.01081
98	132	0.941527
98	135	1.04353
98	139	1.03164
98	140	1.03041
98	142	1.05127
98	155	2.15631
98	161	1.05318
98	163	0.950909
98	164	1.12834
98	168	0.880035
98	170	0.967092
98	176	2.10059
98	179	0.684003
99	13	0.923904
99	52	0.958614
99	65	0.950613
99	81	0.967974
99	90	0.94056
99	93	1.00138
99	95	0.940493
99	96	0.979084
99	97	0.986148
99	100	0.921822
99	104	1.18309
99	108	1.52197
99	116	0.941599
99	117	0.978457
99	122	0.968691
99	123	0.973908
99	125	0.960638
99	126	0.960159
99	131	0.954144
99	134	0.982868
99	143	1.81312
99	158	0.950868
99	164	0.92693
99	179	1.61865
100	13	0.925254
100	52	0.959963
100	81	0.969324
100	90	0.941909
100	91	1.37373
100	93	1.00273
100	94	0.944414
100	95	0.941842
100	97	0.987498
100	99	0.921822
100	116	0.942948
100	117	0.979807
100	122	0.97004
100	123	0.975258
100	125	0.961988
100	126	0.961509
100	127	0.955328
100	128	0.875565
100	131	0.955493
100	134	0.984217
100	157	1.5811
100	158	0.952217
100	163	2.14052
100	164	0.928279
101	1	0.892134
101	19	0.980574
101	39	1.02944
101	43	1.03574
101	69	1.07226
101	75	1.04846
101	80	1.00972
101	102	1.00791
101	112	1.04419
101	113	1.16272
101	118	1.09605
101	120	0.984507
101	124	1.01077
101	129	0.992688
101	135	1.02541
101	139	1.01352
101	140	1.01229
101	142	1.03315
101	147	1.49718
101	152	1.53084
101	154	1.62253
101	161	1.03506
101	163	0.932791
101	168	0.861917
101	170	0.948974
102	19	0.96961
102	38	0.997123
102	69	1.06129
102	74	0.597567
102	80	0.998751
102	89	0.992563
102	92	1.04565
102	101	1.00791
102	110	1.03778
102	112	1.03323
102	114	1.03202
102	120	0.973543
102	121	1.01191
102	124	0.999806
102	129	0.981724
102	139	1.00256
102	140	1.00132
102	142	1.02218
102	151	1.34512
102	161	1.02409
102	166	1.34917
102	167	1.55689
102	168	0.850953
102	170	0.93801
102	174	1.68406
103	16	1.68069
103	60	0.927248
103	67	1.13826
103	131	0.84684
103	132	0.995866
103	138	1.05247
103	146	0.962625
103	147	0.989252
103	149	1.00624
103	151	0.989692
103	152	0.942476
103	155	0.897069
103	157	0.977241
103	162	0.939162
103	164	0.968381
103	165	0.981404
103	169	0.953595
103	172	0.936164
103	173	0.946306
103	174	0.938761
103	175	0.967037
103	176	0.896872
103	177	0.885703
103	178	0.916929
103	180	0.8479
104	5	0.887743
104	94	0.809565
104	99	1.18309
104	106	0.711049
104	115	0.972796
104	119	0.730243
104	130	0.963801
104	136	1.08167
104	137	1.05378
104	141	1.07341
104	146	1.02751
104	153	0.992129
104	155	0.961959
104	160	1.02767
104	165	1.04629
104	167	1.0232
104	168	0.919055
104	172	1.00105
104	173	1.0112
104	174	1.00365
104	175	1.03193
104	176	0.961761
104	177	0.950592
104	178	0.981818
104	180	0.912789
105	41	0.894434
105	88	0.981801
105	107	1.09556
105	124	0.462425
105	135	0.641835
105	142	0.844361
105	147	1.03801
105	149	1.055
105	150	1.01609
105	154	1.00363
105	157	1.026
105	160	1.01154
105	162	0.987923
105	165	1.03016
105	166	1.0279
105	168	0.902926
105	169	1.00236
105	172	0.984924
105	174	0.987522
105	175	1.0158
105	176	0.945632
105	177	0.934463
105	178	0.965689
105	179	1.05144
105	180	0.89666
106	19	0.980012
106	39	1.02888
106	41	1.01768
106	54	0.73448
106	79	0.974708
106	80	1.00915
106	83	0.836041
106	86	0.982404
106	89	1.00297
106	104	0.711049
106	109	0.99223
106	110	1.04818
106	112	1.04363
106	120	0.983945
106	121	1.02232
106	124	1.01021
106	129	0.992126
106	135	1.02485
106	139	1.01296
106	140	1.01173
106	142	1.03259
106	168	0.861355
106	170	0.948412
106	172	2.00186
106	175	1.4491
107	46	0.834642
107	82	0.917931
107	105	1.09556
107	109	0.557535
107	129	0.804784
107	130	0.942331
107	133	0.990912
107	137	1.03231
107	139	0.746608
107	141	1.05194
107	144	1.01052
107	146	1.00604
107	148	1.08688
107	152	0.985895
107	154	0.998289
107	155	0.940489
107	156	1.08109
107	166	1.02256
107	167	1.00173
107	172	0.979583
107	174	0.982181
107	175	1.01046
107	176	0.940292
107	178	0.960348
107	180	0.89132
108	71	0.959785
108	87	0.91386
108	92	0.484796
108	99	1.52197
108	122	0.95343
108	136	1.04763
108	138	1.08332
108	145	1.02428
108	148	1.07431
108	151	1.02054
108	152	0.973321
108	153	0.958085
108	157	1.00809
108	158	1.02316
108	159	1.02261
108	162	0.970008
108	166	1.00999
108	169	0.984441
108	171	0.96861
108	173	0.977152
108	174	0.969607
108	175	0.997883
108	176	0.927718
108	177	0.916549
108	178	0.947774
108	180	0.878746
109	43	1.00966
109	48	0.975881
109	69	1.04617
109	79	0.949185
109	80	0.98363
109	89	0.977442
109	92	1.03053
109	96	0.859929
109	106	0.99223
109	107	0.557535
109	110	1.02266
109	112	1.01811
109	114	1.0169
109	115	2.88311
109	120	0.958422
109	121	0.996794
109	124	0.984685
109	135	0.999323
109	139	0.98744
109	140	0.986203
109	142	1.00706
109	148	0.689907
109	161	1.00897
109	163	0.906706
109	170	0.922889
109	174	1.40421
110	1	0.922002
110	9	0.29859
110	19	1.01044
110	48	1.03183
110	62	1.52346
110	75	1.07832
110	80	1.03958
110	92	1.08649
110	102	1.03778
110	106	1.04818
110	109	1.02266
110	114	1.07285
110	121	1.05275
110	124	1.04064
110	128	1.06164
110	129	1.02256
110	132	1.01032
110	135	1.05528
110	139	1.04339
110	140	1.04216
110	142	1.06302
110	163	0.962659
110	164	1.19714
110	168	0.891785
110	170	0.978841
110	172	1.25247
110	176	2.16938
111	20	1.06946
111	22	0.846746
111	55	0.859408
111	71	0.706696
111	141	1.07979
111	142	0.742201
111	145	1.06471
111	150	1.03861
111	151	1.06097
111	155	0.968345
111	156	1.10894
111	157	1.04852
111	159	1.06304
111	160	1.03405
111	161	0.45621
111	162	1.01044
111	165	1.05268
111	166	1.05042
111	167	1.02958
111	172	1.00744
111	174	1.01004
111	175	1.03831
111	176	0.968148
111	177	0.956979
111	178	0.988205
111	179	1.07395
111	180	0.919176
112	39	1.05476
112	48	1.02728
112	80	1.03503
112	86	1.00828
112	96	0.664839
112	98	1.06231
112	101	1.04419
112	102	1.03323
112	106	1.04363
112	109	1.01811
112	114	1.0683
112	121	1.04819
112	124	1.03608
112	129	1.018
112	135	1.05072
112	137	0.783826
112	138	0.72729
112	139	1.03884
112	140	1.0376
112	142	1.05846
112	161	1.06037
112	163	0.958106
112	164	1.38629
112	168	0.887231
112	169	1.29664
112	170	0.974288
112	177	2.53701
113	39	1.27247
113	57	1.02113
113	74	1.0766
113	101	1.16272
113	120	1.2193
113	130	0.880471
113	133	0.929052
113	138	1.03403
113	150	0.948891
113	152	0.924035
113	154	0.93643
113	155	0.878629
113	156	1.01923
113	160	0.944337
113	161	0.999286
113	162	0.920722
113	166	0.960702
113	167	0.939867
113	172	0.917724
113	173	0.927866
113	174	0.920321
113	175	0.948597
113	176	0.878432
113	177	0.867263
113	178	0.898488
113	179	0.984236
113	180	0.82946
114	6	0.53371
114	41	1.04235
114	70	0.85013
114	86	1.00707
114	87	1.01871
114	89	1.02763
114	98	1.0611
114	102	1.03202
114	109	1.0169
114	110	1.07285
114	112	1.0683
114	118	1.15948
114	121	1.04698
114	124	1.03487
114	128	1.05588
114	129	1.01679
114	135	1.04951
114	139	1.03763
114	140	1.03639
114	142	1.05725
114	150	1.41108
114	158	1.15633
114	161	1.05916
114	163	0.956895
114	168	0.886021
114	169	1.74312
114	170	0.973078
115	24	2.31689
115	91	0.8875
115	104	0.972796
115	109	2.88311
115	136	0.921313
115	144	0.87163
115	145	0.89797
115	146	0.867157
115	151	0.894224
115	152	0.847007
115	153	0.831771
115	157	0.881773
115	158	0.896851
115	159	0.896294
115	164	0.872913
115	165	0.885936
115	166	0.883673
115	167	0.862839
115	169	0.858127
115	170	0.845754
115	172	0.840695
115	174	0.843293
115	175	0.871569
115	176	0.801404
115	177	0.790234
115	180	0.752432
116	10	0.941975
116	27	1.02207
116	30	0.722296
116	33	1.02511
116	52	0.979741
116	53	0.987636
116	81	0.989101
116	90	0.961686
116	93	1.02251
116	94	0.964191
116	95	0.961619
116	99	0.941599
116	100	0.942948
116	117	0.999584
116	122	0.989817
116	123	0.995035
116	125	0.981765
116	126	0.981286
116	127	0.975105
116	131	0.97527
116	132	0.996119
116	134	1.00399
116	136	0.486619
116	138	0.523937
116	158	0.971994
116	164	0.948056
116	168	4.32547
117	13	0.981889
117	22	1.05998
117	27	1.05893
117	52	1.0166
117	63	0.998719
117	65	1.0086
117	93	1.05937
117	94	1.00105
117	95	0.998478
117	96	1.03707
117	97	1.04413
117	99	0.978457
117	100	0.979807
117	116	0.999584
117	122	1.02668
117	123	1.03189
117	125	1.01862
117	126	1.01814
117	127	1.01196
117	131	1.01213
117	134	1.04085
117	143	0.978411
117	150	1.16218
117	153	1.78381
117	162	1.54687
117	164	0.984915
117	166	1.07181
117	167	1.27953
118	4	0.863885
118	31	1.04479
118	42	1.14445
118	53	1.15524
118	101	1.09605
118	114	1.15948
118	136	1.04501
118	137	1.01711
118	143	1.01904
118	144	0.995322
118	147	1.01748
118	153	0.955463
118	154	0.983093
118	155	0.925293
118	156	1.06589
118	157	1.00546
118	159	1.01999
118	164	0.996605
118	165	1.00963
118	168	0.88239
118	169	0.981819
118	170	0.969447
118	174	0.966985
118	175	0.995261
118	176	0.925096
118	177	0.913927
118	178	0.945152
118	180	0.876124
119	2	0.923547
119	3	1.02595
119	5	1.02557
119	8	1.02512
119	9	1.09012
119	12	0.908764
119	17	0.908255
119	25	0.996883
119	26	0.99684
119	37	0.960448
119	42	0.96026
119	46	0.981933
119	50	0.962934
119	54	0.753674
119	72	1.01213
119	73	1.01429
119	77	0.923859
119	82	0.957835
119	84	0.962891
119	85	0.964
119	87	0.947302
119	88	0.949014
119	104	0.730243
119	148	1.07426
119	155	2.9937
119	161	0.987755
119	173	0.906755
119	179	1.16581
120	1	0.857765
120	43	1.00137
120	48	0.967596
120	75	1.01409
120	80	0.975346
120	87	0.960235
120	89	0.969158
120	98	1.00263
120	101	0.984507
120	102	0.973543
120	106	0.983945
120	109	0.958422
120	113	1.2193
120	121	0.988509
120	124	0.9764
120	128	0.997403
120	129	0.958318
120	133	2.03922
120	135	0.991038
120	139	0.979155
120	140	0.977919
120	142	0.998778
120	143	1.22046
120	145	1.36257
120	161	1.00069
120	163	0.898422
120	167	1.52157
120	168	0.827547
120	170	0.914604
121	6	0.471058
121	43	1.03974
121	45	2.52453
121	48	1.00597
121	54	0.558059
121	79	0.979272
121	86	0.986968
121	89	1.00753
121	92	1.06062
121	98	1.041
121	102	1.01191
121	106	1.02232
121	109	0.996794
121	110	1.05275
121	112	1.04819
121	114	1.04698
121	120	0.988509
121	124	1.01477
121	129	0.99669
121	136	1.0738
121	139	1.01753
121	140	1.01629
121	142	1.03715
121	144	1.31586
121	156	0.898966
121	161	1.03906
121	163	0.936793
121	168	0.865919
121	170	0.952976
122	13	0.972123
122	22	1.05021
122	23	0.610587
122	27	1.04917
122	52	1.00683
122	53	1.01473
122	63	0.988952
122	64	0.991179
122	81	1.01619
122	90	0.988778
122	93	1.0496
122	97	1.03437
122	99	0.968691
122	100	0.97004
122	108	0.95343
122	116	0.989817
122	117	1.02668
122	123	1.02213
122	125	1.00886
122	126	1.00838
122	127	1.0022
122	131	1.00236
122	133	2.06334
122	134	1.03109
122	136	1.15372
122	156	0.978884
122	158	0.999086
122	164	0.975148
122	167	1.54569
123	10	0.974285
123	13	0.97734
123	15	0.88575
123	22	1.05543
123	64	0.996396
123	65	1.00405
123	81	1.02141
123	90	0.993996
123	93	1.05482
123	94	0.996501
123	95	0.993929
123	97	1.03958
123	99	0.973908
123	100	0.975258
123	116	0.995035
123	117	1.03189
123	122	1.02213
123	125	1.01407
123	126	1.0136
123	127	1.00741
123	128	0.850695
123	131	1.00758
123	134	1.0363
123	146	1.71552
123	150	1.53839
123	158	1.0043
123	164	0.980366
123	175	1.46263
123	179	1.16015
124	39	1.02134
124	69	1.06415
124	75	1.04035
124	80	1.00161
124	87	0.986497
124	92	1.04851
124	101	1.01077
124	102	0.999806
124	105	0.462425
124	106	1.01021
124	109	0.984685
124	110	1.04064
124	112	1.03608
124	114	1.03487
124	120	0.9764
124	121	1.01477
124	128	1.02367
124	135	1.0173
124	139	1.00542
124	140	1.00418
124	142	1.02504
124	145	1.04661
124	147	1.2378
124	161	1.02695
124	165	1.2273
124	168	0.85381
124	170	0.940867
124	173	1.19042
124	177	2.66068
125	27	1.04111
125	33	1.04415
125	52	0.99878
125	53	1.00668
125	63	0.9809
125	64	0.983126
125	65	0.99078
125	90	0.980726
125	93	1.04155
125	94	0.983231
125	95	0.980659
125	97	1.02631
125	99	0.960638
125	100	0.961988
125	116	0.981765
125	117	1.01862
125	122	1.00886
125	123	1.01407
125	126	1.00033
125	127	0.994145
125	131	0.99431
125	133	1.2553
125	134	1.02303
125	147	0.769837
125	158	0.991034
125	159	0.457878
125	164	0.967096
125	167	0.737654
125	168	4.18452
125	171	1.04213
126	10	0.960536
126	13	0.963592
126	22	1.04168
126	27	1.04064
126	30	0.968198
126	52	0.998301
126	53	1.0062
126	81	1.00766
126	90	0.980247
126	93	1.04107
126	94	0.982752
126	96	1.01877
126	97	1.02584
126	99	0.960159
126	100	0.961509
126	116	0.981286
126	117	1.01814
126	122	1.00838
126	123	1.0136
126	125	1.00033
126	127	0.993666
126	131	0.993831
126	133	1.64214
126	134	1.02255
126	145	0.965492
126	158	0.990555
126	164	0.966617
126	165	1.14618
126	166	0.91678
126	176	2.40108
127	10	0.954355
127	13	0.95741
127	22	1.0355
127	52	0.99212
127	53	1.00002
127	64	0.976466
127	65	0.98412
127	81	1.00148
127	90	0.974066
127	93	1.03489
127	94	0.976571
127	95	0.973999
127	96	1.01259
127	97	1.01965
127	100	0.955328
127	116	0.975105
127	117	1.01196
127	122	1.0022
127	123	1.00741
127	125	0.994145
127	126	0.993666
127	131	0.98765
127	134	1.01637
127	138	0.48848
127	147	0.875323
127	158	0.984374
127	160	1.06351
127	164	0.960436
127	165	0.864818
127	168	4.29001
127	170	1.17756
128	2	1.31178
128	12	1.4522
128	21	1.02483
128	41	1.03114
128	43	1.04864
128	47	0.912168
128	76	0.797598
128	89	1.01642
128	100	0.875565
128	110	1.06164
128	114	1.05588
128	120	0.997403
128	123	0.850695
128	124	1.02367
128	133	0.968139
128	139	1.02642
128	140	1.02518
128	142	1.04604
128	144	0.987745
128	151	1.01034
128	155	0.917715
128	159	1.01241
128	161	1.04795
128	167	0.978954
128	168	0.874812
128	169	0.974241
128	172	0.95681
128	174	0.959407
128	176	0.917518
128	178	0.937575
128	180	0.868546
129	15	0.754307
129	19	0.954384
129	41	0.992057
129	48	0.975777
129	69	1.04607
129	75	1.02227
129	79	0.949081
129	80	0.983526
129	87	0.968415
129	92	1.03043
129	98	1.01081
129	101	0.992688
129	102	0.981724
129	106	0.992126
129	107	0.804784
129	110	1.02256
129	112	1.018
129	114	1.01679
129	120	0.958318
129	121	0.99669
129	135	0.999219
129	139	0.987336
129	140	0.986099
129	142	1.00696
129	145	1.36528
129	159	1.24451
129	161	1.00887
129	163	0.906602
129	164	1.82862
129	168	0.835728
129	170	0.922785
129	178	2.08596
130	14	0.837596
130	32	3.12152
130	38	0.895872
130	64	3.47848
130	104	0.963801
130	107	0.942331
130	113	0.880471
130	133	0.843028
130	144	0.862634
130	145	0.888974
130	146	0.858161
130	149	0.901779
130	151	0.885228
130	152	0.838011
130	153	0.822775
130	154	0.850405
130	155	0.792605
130	157	0.872777
130	159	0.887298
130	160	0.858313
130	164	0.863917
130	165	0.87694
130	167	0.853843
130	168	0.749702
130	169	0.849131
130	172	0.8317
130	173	0.841842
130	174	0.834297
130	175	0.862573
130	176	0.792408
130	177	0.781239
130	178	0.812464
130	180	0.743436
131	10	0.95452
131	13	0.957576
131	22	1.03567
131	27	1.03462
131	33	1.03766
131	52	0.992286
131	53	1.00018
131	63	0.974405
131	64	0.976632
131	65	0.984285
131	78	0.748062
131	81	1.00165
131	90	0.974231
131	93	1.03506
131	94	0.976736
131	95	0.974165
131	96	1.01276
131	97	1.01982
131	99	0.954144
131	100	0.955493
131	103	0.84684
131	116	0.97527
131	117	1.01213
131	122	1.00236
131	123	1.00758
131	125	0.99431
131	126	0.993831
131	127	0.98765
131	134	1.01654
131	158	0.984539
131	159	0.972373
131	162	1.5195
131	164	0.960601
131	167	1.25215
131	175	1.05905
131	177	2.70721
132	59	1.74094
132	68	1.26168
132	72	1.24942
132	98	0.941527
132	103	0.995866
132	110	1.01032
132	116	0.996119
132	137	0.981381
132	138	1.04497
132	141	1.00101
132	144	0.959589
132	145	0.985929
132	146	0.955115
132	147	0.981742
132	148	1.03595
132	149	0.998734
132	150	0.959821
132	151	0.982183
132	152	0.934966
132	153	0.91973
132	154	0.94736
132	156	1.03016
132	157	0.969732
132	159	0.984253
132	166	0.971632
132	167	0.950798
132	169	0.946086
132	170	0.933713
132	172	0.928654
132	174	0.931252
132	175	0.959527
132	176	0.889362
132	177	0.878193
132	178	0.909419
132	179	0.995167
132	180	0.84039
133	96	0.964653
133	107	0.990912
133	113	0.929052
133	120	2.03922
133	122	2.06334
133	125	1.2553
133	126	1.64214
133	128	0.968139
133	130	0.843028
133	136	0.960899
133	143	0.934929
133	144	0.911216
133	147	0.933369
133	149	0.950361
133	150	0.911448
133	151	0.93381
133	152	0.886593
133	153	0.871357
133	154	0.898987
133	159	0.93588
133	160	0.906894
133	162	0.883279
133	166	0.923259
133	167	0.902425
133	168	0.798283
133	169	0.897712
133	170	0.88534
133	171	0.881882
133	174	0.882879
133	175	0.911154
133	176	0.840989
133	177	0.82982
133	178	0.861046
133	179	0.946794
133	180	0.792017
134	10	0.983244
134	13	0.9863
134	22	1.06439
134	27	1.06334
134	33	1.06638
134	52	1.02101
134	53	1.02891
134	63	1.00313
134	64	1.00536
134	65	1.01301
134	81	1.03037
134	86	0.937595
134	90	1.00295
134	93	1.06378
134	94	1.00546
134	95	1.00289
134	96	1.04148
134	97	1.04854
134	99	0.982868
134	100	0.984217
134	116	1.00399
134	117	1.04085
134	122	1.03109
134	123	1.0363
134	125	1.02303
134	126	1.02255
134	127	1.01637
134	131	1.01654
134	151	1.18097
134	158	1.01326
134	159	1.11296
134	164	0.989325
134	166	1.18502
134	167	1.39274
134	170	1.72716
134	171	1.69721
134	179	0.897156
135	1	0.898666
135	21	0.87868
135	38	1.01462
135	39	1.03597
135	41	1.02478
135	43	1.04227
135	48	1.0085
135	69	1.07879
135	75	1.05499
135	78	0.880941
135	79	0.981801
135	80	1.01625
135	87	1.00114
135	89	1.01006
135	92	1.06315
135	98	1.04353
135	101	1.02541
135	105	0.641835
135	106	1.02485
135	109	0.999323
135	110	1.05528
135	112	1.05072
135	114	1.04951
135	120	0.991038
135	124	1.0173
135	129	0.999219
135	139	1.02006
135	140	1.01882
135	142	1.03968
135	157	1.28552
135	158	1.01293
135	160	1.6054
135	161	1.04159
135	163	0.939322
135	168	0.868448
135	170	0.955505
135	173	1.36983
135	178	1.9467
136	53	1.13222
136	70	1.04361
136	71	1.16007
136	88	1.33302
136	104	1.08167
136	108	1.04763
136	115	0.921313
136	116	0.486619
136	118	1.04501
136	121	1.0738
136	122	1.15372
136	133	0.960899
136	141	1.02192
136	144	0.980505
136	146	0.976031
136	147	1.00266
136	148	1.05687
136	150	0.980737
136	152	0.955882
136	153	0.940646
136	156	1.05107
136	157	0.990648
136	159	1.00517
136	161	0.909584
136	162	0.952569
136	163	0.938447
136	165	0.994811
136	166	0.992548
136	167	0.971714
136	169	0.967002
136	172	0.94957
136	174	0.952168
136	175	0.980444
136	176	0.910278
136	177	0.899109
136	178	0.930335
136	179	1.01608
136	180	0.861306
137	62	0.967883
137	63	1.38243
137	65	1.20676
137	74	1.08056
137	77	1.45563
137	89	1.02864
137	104	1.05378
137	107	1.03231
137	112	0.783826
137	118	1.01711
137	132	0.981381
137	139	1.16799
137	144	0.952614
137	145	0.978953
137	146	0.94814
137	148	1.02898
137	149	0.991758
137	154	0.940385
137	155	0.882584
137	156	1.02318
137	157	0.962756
137	158	0.977834
137	160	0.948292
137	162	0.924677
137	163	0.910555
137	165	0.966919
137	167	0.943823
137	168	0.839681
137	169	0.93911
137	172	0.921679
137	174	0.924276
137	175	0.952552
137	176	0.882387
137	177	0.871218
137	178	0.902443
137	179	0.988191
137	180	0.833415
138	41	1.28297
138	65	1.15023
138	67	1.1889
138	81	1.33087
138	97	1.10733
138	103	1.05247
138	108	1.08332
138	112	0.72729
138	113	1.03403
138	116	0.523937
138	127	0.48848
138	132	1.04497
138	141	1.05762
138	145	1.04254
138	146	1.01172
138	148	1.09256
138	149	1.05534
138	152	0.991575
138	154	1.00397
138	155	0.946169
138	158	1.04142
138	159	1.04086
138	160	1.01188
138	162	0.988262
138	163	0.97414
138	165	1.0305
138	166	1.02824
138	167	1.00741
138	168	0.903265
138	169	1.00269
138	171	0.986864
138	172	0.985263
138	173	0.995405
138	174	0.987861
138	175	1.01614
138	176	0.945971
138	177	0.934802
138	178	0.966028
138	180	0.896999
139	1	0.886782
139	19	0.975221
139	21	0.959766
139	38	1.00273
139	41	1.01289
139	69	1.06691
139	75	1.0431
139	79	0.969918
139	80	1.00436
139	83	0.659958
139	86	0.977614
139	87	0.989252
139	89	0.998175
139	92	1.05127
139	96	1.049
139	98	1.03164
139	101	1.01352
139	102	1.00256
139	106	1.01296
139	107	0.746608
139	109	0.98744
139	110	1.04339
139	112	1.03884
139	114	1.03763
139	120	0.979155
139	121	1.01753
139	124	1.00542
139	128	1.02642
139	129	0.987336
139	135	1.02006
139	137	1.16799
139	140	1.00694
139	142	1.0278
139	152	1.53196
139	161	1.0297
139	163	0.927439
139	164	1.77045
139	168	0.856565
139	170	0.943622
139	175	1.27301
140	1	0.885546
140	23	0.553379
140	39	1.02285
140	41	1.01166
140	48	0.995377
140	69	1.06567
140	70	0.810188
140	74	0.529165
140	75	1.04187
140	79	0.968681
140	80	1.00313
140	86	0.976378
140	87	0.988016
140	89	0.996939
140	92	1.05003
140	98	1.03041
140	101	1.01229
140	102	1.00132
140	106	1.01173
140	109	0.986203
140	110	1.04216
140	112	1.0376
140	114	1.03639
140	120	0.977919
140	121	1.01629
140	124	1.00418
140	128	1.02518
140	129	0.986099
140	135	1.01882
140	139	1.00694
140	142	1.02656
140	148	0.901353
140	153	1.99276
140	161	1.02847
140	163	0.926203
140	168	0.855328
140	170	0.942385
140	173	1.47329
140	174	1.61565
140	178	2.05016
141	1	2.72871
141	5	1.06713
141	21	1.00933
141	63	0.928794
141	69	0.366431
141	73	0.778656
141	91	0.98811
141	95	1.0295
141	104	1.07341
141	107	1.05194
141	111	1.07979
141	132	1.00101
141	136	1.02192
141	138	1.05762
141	145	0.99858
141	149	1.01138
141	150	0.972472
141	151	0.994834
141	152	0.947617
141	154	0.960011
141	155	0.902211
141	157	0.982383
141	159	0.996904
141	160	0.967918
141	161	0.549802
141	162	0.944303
141	164	0.973523
141	165	0.986546
141	166	0.984283
141	167	0.963449
141	168	0.859307
141	172	0.941305
141	174	0.943903
141	175	0.972178
141	176	0.902013
141	177	0.890844
141	178	0.92207
141	179	1.00782
141	180	0.853041
142	1	0.906406
142	9	0.62808
142	19	0.994845
142	39	1.04371
142	41	1.03252
142	43	1.05001
142	48	1.01624
142	74	0.628233
142	75	1.06273
142	79	0.989541
142	80	1.02399
142	86	0.997237
142	87	1.00888
142	89	1.0178
142	92	1.07089
142	98	1.05127
142	101	1.03315
142	102	1.02218
142	105	0.844361
142	106	1.03259
142	109	1.00706
142	110	1.06302
142	111	0.742201
142	112	1.05846
142	114	1.05725
142	120	0.998778
142	121	1.03715
142	124	1.02504
142	128	1.04604
142	129	1.00696
142	135	1.03968
142	139	1.0278
142	140	1.02656
142	144	1.43764
142	159	1.30778
142	161	1.04933
142	162	1.8549
142	163	0.947062
142	166	1.37984
142	168	0.876188
142	170	0.963245
142	175	1.39445
143	4	0.823098
143	7	0.938454
143	8	1.0091
143	20	0.938136
143	29	1.02641
143	31	1.02582
143	34	1.02543
143	44	0.99984
143	47	0.9952
143	49	0.994697
143	55	0.994228
143	60	1.06647
143	78	0.996306
143	80	1.02748
143	99	1.81312
143	117	0.978411
143	118	1.01904
143	120	1.22046
143	133	0.934929
143	144	0.954535
143	145	0.980875
143	154	0.942306
143	160	0.950213
143	161	1.00045
143	162	0.926599
143	165	0.968841
143	166	0.966578
143	167	0.945744
143	168	0.841602
143	169	0.941032
143	173	0.933742
143	175	0.954474
143	176	0.884308
143	177	0.873139
143	178	0.904365
143	179	0.990113
143	180	0.835336
144	14	0.905784
144	28	0.971829
144	43	1.30014
144	82	1.48752
144	83	1.02167
144	87	1.35621
144	107	1.01052
144	115	0.87163
144	118	0.995322
144	121	1.31586
144	128	0.987745
144	130	0.862634
144	132	0.959589
144	133	0.911216
144	136	0.980505
144	137	0.952614
144	142	1.43764
144	143	0.954535
144	147	0.952975
144	150	0.931054
144	151	0.953416
144	153	0.890963
144	154	0.918593
144	156	1.00139
144	157	0.940965
144	158	0.956042
144	159	0.955486
144	160	0.9265
144	161	1.15165
144	164	0.932105
144	165	0.945128
144	166	0.942865
144	167	0.922031
144	169	0.917318
144	172	0.899887
144	173	0.910029
144	174	0.902485
144	176	0.860595
144	177	0.849426
144	178	0.880652
144	179	0.9664
144	180	0.811623
145	29	1.38854
145	31	1.25473
145	45	0.910713
145	75	1.21678
145	108	1.02428
145	111	1.06471
145	115	0.89797
145	120	1.36257
145	124	1.04661
145	126	0.965492
145	129	1.36528
145	130	0.888974
145	132	0.985929
145	137	0.978953
145	138	1.04254
145	141	0.99858
145	143	0.980875
145	146	0.952688
145	147	0.979315
145	148	1.03352
145	149	0.996307
145	150	0.957394
145	151	0.979755
145	152	0.932539
145	153	0.917303
145	154	0.944933
145	158	0.982382
145	159	0.981825
145	160	0.95284
145	162	0.929225
145	163	0.915103
145	164	0.958444
145	166	0.969205
145	167	0.948371
145	169	0.943658
145	170	0.931286
145	172	0.926227
145	173	0.936369
145	174	0.928824
145	175	0.9571
145	176	0.886935
145	178	0.906992
145	180	0.837963
146	18	1.48763
146	21	0.963434
146	30	0.976641
146	31	1.47353
146	43	1.50985
146	61	1.30027
146	70	0.989449
146	90	1.11321
146	91	0.942218
146	103	0.962625
146	104	1.02751
146	107	1.00604
146	115	0.867157
146	123	1.71552
146	130	0.858161
146	132	0.955115
146	136	0.976031
146	137	0.94814
146	138	1.01172
146	145	0.952688
146	148	1.00271
146	149	0.965493
146	150	0.92658
146	151	0.948942
146	152	0.901725
146	153	0.886489
146	154	0.914119
146	156	0.996915
146	157	0.936491
146	160	0.922027
146	162	0.898412
146	165	0.940654
146	166	0.938391
146	167	0.917557
146	168	0.813416
146	169	0.912845
146	172	0.895413
146	174	0.898011
146	175	0.926287
146	176	0.856122
146	177	0.844952
146	178	0.876178
146	180	0.80715
147	11	1.00245
147	14	0.927937
147	15	1.00084
147	22	1.72428
147	28	0.993982
147	46	1.58633
147	92	1.10924
147	101	1.49718
147	103	0.989252
147	105	1.03801
147	118	1.01748
147	124	1.2378
147	125	0.769837
147	127	0.875323
147	132	0.981742
147	133	0.933369
147	136	1.00266
147	144	0.952975
147	145	0.979315
147	148	1.02934
147	150	0.953207
147	151	0.975569
147	152	0.928352
147	153	0.913116
147	155	0.882945
147	157	0.963117
147	158	0.978195
147	159	0.977639
147	162	0.925038
147	164	0.954258
147	165	0.967281
147	166	0.965018
147	167	0.944184
147	168	0.840042
147	170	0.927099
147	171	0.923641
147	172	0.92204
147	174	0.924638
147	175	0.952913
147	176	0.882748
147	177	0.871579
147	178	0.902805
147	179	0.988553
147	180	0.833776
148	10	1.48653
148	12	1.6701
148	24	0.525421
148	34	0.819603
148	73	0.943283
148	93	0.68954
148	107	1.08688
148	108	1.07431
148	109	0.689907
148	119	1.07426
148	132	1.03595
148	136	1.05687
148	137	1.02898
148	138	1.09256
148	140	0.901353
148	145	1.03352
148	146	1.00271
148	147	1.02934
148	149	1.04633
148	150	1.00742
148	152	0.982562
148	153	0.967326
148	154	0.994956
148	156	1.07775
148	157	1.01733
148	159	1.03185
148	160	1.00286
148	162	0.979249
148	163	0.965127
148	164	1.00847
148	165	1.02149
148	166	1.01923
148	167	0.998394
148	168	0.894253
148	169	0.993682
148	170	0.981309
148	172	0.97625
148	174	0.978848
148	175	1.00712
148	176	0.936959
148	177	0.925789
148	178	0.957015
148	179	1.04276
148	180	0.887987
149	3	0.864225
149	5	1.3984
149	29	1.12705
149	54	1.06391
149	56	1.19609
149	59	1.20292
149	67	1.12307
149	74	1.09791
149	93	0.856183
149	103	1.00624
149	105	1.055
149	130	0.901779
149	132	0.998734
149	133	0.950361
149	137	0.991758
149	138	1.05534
149	141	1.01138
149	145	0.996307
149	146	0.965493
149	148	1.04633
149	151	0.992561
149	152	0.945344
149	153	0.930108
149	154	0.957738
149	155	0.899937
149	156	1.04053
149	159	0.994631
149	160	0.965645
149	161	0.881072
149	162	0.94203
149	165	0.984273
149	166	0.98201
149	167	0.961176
149	169	0.956463
149	170	0.944091
149	171	0.940633
149	172	0.939032
149	173	0.949174
149	174	0.94163
149	175	0.969905
149	176	0.89974
149	177	0.888571
149	178	0.919797
149	179	1.00554
149	180	0.850768
150	7	1.38497
150	30	0.981347
150	81	1.56818
150	91	0.946924
150	105	1.01609
150	111	1.03861
150	113	0.948891
150	114	1.41108
150	117	1.16218
150	123	1.53839
150	132	0.959821
150	133	0.911448
150	136	0.980737
150	141	0.972472
150	144	0.931054
150	145	0.957394
150	146	0.92658
150	147	0.953207
150	148	1.00742
150	152	0.906431
150	153	0.891195
150	154	0.918825
150	155	0.861025
150	156	1.00162
150	157	0.941197
150	159	0.955718
150	160	0.926732
150	161	1.18422
150	162	0.903118
150	163	0.888996
150	164	0.932337
150	165	0.94536
150	166	0.943097
150	167	0.922263
150	168	0.818121
150	169	0.917551
150	171	0.90172
150	172	0.900119
150	175	0.930993
150	176	0.860827
150	177	0.849658
150	178	0.880884
150	180	0.811855
151	15	1.00128
151	54	1.04736
151	60	1.12079
151	72	0.92013
151	77	1.54198
151	97	1.25022
151	102	1.34512
151	103	0.989692
151	108	1.02054
151	111	1.06097
151	115	0.894224
151	128	1.01034
151	130	0.885228
151	132	0.982183
151	133	0.93381
151	134	1.18097
151	141	0.994834
151	144	0.953416
151	145	0.979755
151	146	0.948942
151	147	0.975569
151	149	0.992561
151	152	0.928792
151	153	0.913557
151	155	0.883386
151	157	0.963558
151	159	0.978079
151	161	1.0898
151	162	0.925479
151	165	0.967721
151	166	0.965459
151	167	0.944625
151	169	0.939912
151	170	0.92754
151	171	0.924081
151	172	0.922481
151	173	0.932623
151	174	0.925078
151	175	0.953354
151	176	0.883189
151	177	0.87202
151	178	0.903245
151	179	0.988994
151	180	0.834217
152	3	1.35056
152	21	0.943284
152	23	1.05888
152	36	1.98362
152	54	1.00014
152	83	0.997048
152	85	1.43105
152	87	1.57197
152	101	1.53084
152	103	0.942476
152	107	0.985895
152	108	0.973321
152	113	0.924035
152	115	0.847007
152	130	0.838011
152	132	0.934966
152	133	0.886593
152	136	0.955882
152	138	0.991575
152	139	1.53196
152	141	0.947617
152	145	0.932539
152	146	0.901725
152	147	0.928352
152	148	0.982562
152	149	0.945344
152	150	0.906431
152	151	0.928792
152	153	0.86634
152	155	0.836169
152	156	0.976766
152	157	0.916341
152	158	0.931419
152	159	0.930863
152	160	0.901877
152	162	0.878262
152	165	0.920505
152	166	0.918242
152	167	0.897408
152	168	0.793266
152	169	0.892695
152	172	0.875264
152	174	0.877861
152	175	0.906137
152	176	0.835972
152	178	0.856029
152	180	0.787
153	28	0.93197
153	62	0.906233
153	69	1.62247
153	70	0.954064
153	73	2.0347
153	96	0.9444
153	97	1.96626
153	104	0.992129
153	108	0.958085
153	115	0.831771
153	117	1.78381
153	118	0.955463
153	130	0.822775
153	132	0.91973
153	133	0.871357
153	136	0.940646
153	140	1.99276
153	144	0.890963
153	145	0.917303
153	146	0.886489
153	147	0.913116
153	148	0.967326
153	149	0.930108
153	150	0.891195
153	151	0.913557
153	152	0.86634
153	154	0.878734
153	155	0.820934
153	156	0.96153
153	157	0.901106
153	159	0.915627
153	160	0.886641
153	162	0.863026
153	164	0.892246
153	165	0.905269
153	166	0.903006
153	167	0.882172
153	169	0.877459
153	172	0.860028
153	173	0.87017
153	174	0.862626
153	175	0.890901
153	176	0.820736
153	177	0.809567
153	178	0.840793
153	179	0.926541
153	180	0.771764
154	20	2.07234
154	35	1.28136
154	61	1.39801
154	66	1.55006
154	69	1.27572
154	83	1.00944
154	101	1.62253
154	105	1.00363
154	107	0.998289
154	113	0.93643
154	118	0.983093
154	130	0.850405
154	132	0.94736
154	133	0.898987
154	137	0.940385
154	138	1.00397
154	141	0.960011
154	143	0.942306
154	144	0.918593
154	145	0.944933
154	146	0.914119
154	148	0.994956
154	149	0.957738
154	150	0.918825
154	153	0.878734
154	155	0.848564
154	156	0.98916
154	157	0.928736
154	160	0.914271
154	162	0.890656
154	165	0.932899
154	166	0.930636
154	167	0.909802
154	168	0.80566
154	169	0.90509
154	170	0.892717
154	171	0.889259
154	172	0.887658
154	173	0.8978
154	174	0.890256
154	175	0.918531
154	176	0.848366
154	177	0.837197
154	178	0.868423
154	179	0.954171
154	180	0.799394
155	45	0.814344
155	54	0.954735
155	58	1.59092
155	70	0.923893
155	74	0.988736
155	83	0.951642
155	89	2.65907
155	91	0.876663
155	98	2.15631
155	103	0.897069
155	104	0.961959
155	107	0.940489
155	111	0.968345
155	113	0.878629
155	118	0.925293
155	119	2.9937
155	128	0.917715
155	130	0.792605
155	137	0.882584
155	138	0.946169
155	141	0.902211
155	147	0.882945
155	149	0.899937
155	150	0.861025
155	151	0.883386
155	152	0.836169
155	153	0.820934
155	154	0.848564
155	156	0.931359
155	158	0.886013
155	159	0.885456
155	160	0.856471
155	164	0.862075
155	165	0.875098
155	166	0.872836
155	167	0.852002
155	168	0.74786
155	169	0.847289
155	171	0.831458
155	172	0.829858
155	174	0.832455
155	175	0.860731
155	176	0.790566
155	177	0.779397
155	178	0.810622
155	179	0.89637
155	180	0.741594
156	11	1.05086
156	22	1.12529
156	26	0.976898
156	45	0.95494
156	48	1.20326
156	49	1.13631
156	57	1.07386
156	75	0.808974
156	80	0.761785
156	91	1.01726
156	95	1.21445
156	97	0.895176
156	107	1.08109
156	111	1.10894
156	113	1.01923
156	118	1.06589
156	121	0.898966
156	122	0.978884
156	132	1.03016
156	136	1.05107
156	137	1.02318
156	144	1.00139
156	146	0.996915
156	148	1.07775
156	149	1.04053
156	150	1.00162
156	152	0.976766
156	153	0.96153
156	154	0.98916
156	155	0.931359
156	157	1.01153
156	159	1.02605
156	160	0.997067
156	162	0.973452
156	164	1.00267
156	166	1.01343
156	167	0.992598
156	168	0.888456
156	169	0.987885
156	170	0.975513
156	171	0.972054
156	172	0.970454
156	173	0.980596
156	174	0.973051
156	175	1.00133
156	176	0.931162
156	177	0.919993
156	178	0.951219
156	179	1.03697
156	180	0.88219
157	27	1.01757
157	51	1.17962
157	52	1.38178
157	62	0.956235
157	67	1.44406
157	68	1.04465
157	70	1.00407
157	78	0.982736
157	83	1.03181
157	85	1.2657
157	91	0.956835
157	100	1.5811
157	103	0.977241
157	105	1.026
157	108	1.00809
157	111	1.04852
157	115	0.881773
157	118	1.00546
157	130	0.872777
157	132	0.969732
157	135	1.28552
157	136	0.990648
157	137	0.962756
157	141	0.982383
157	144	0.940965
157	146	0.936491
157	147	0.963117
157	148	1.01733
157	150	0.941197
157	151	0.963558
157	152	0.916341
157	153	0.901106
157	154	0.928736
157	156	1.01153
157	158	0.966185
157	159	0.965628
157	160	0.936643
157	162	0.913028
157	163	0.898906
157	165	0.95527
157	166	0.953008
157	167	0.932174
157	169	0.927461
157	172	0.91003
157	173	0.920172
157	174	0.912627
157	175	0.940903
157	176	0.870738
157	177	0.859569
157	178	0.890794
157	180	0.821766
158	8	0.938124
158	10	0.951244
158	26	1.17161
158	27	1.03134
158	29	1.17545
158	36	1.54568
158	37	1.31925
158	39	1.20265
158	43	1.07796
158	53	0.996905
158	63	0.971129
158	65	0.981009
158	81	0.99837
158	93	1.03178
158	94	0.97346
158	95	0.970888
158	97	1.01654
158	99	0.950868
158	100	0.952217
158	108	1.02316
158	114	1.15633
158	115	0.896851
158	116	0.971994
158	122	0.999086
158	123	1.0043
158	125	0.991034
158	126	0.990555
158	127	0.984374
158	131	0.984539
158	134	1.01326
158	135	1.01293
158	137	0.977834
158	138	1.04142
158	144	0.956042
158	145	0.982382
158	147	0.978195
158	152	0.931419
158	155	0.886013
158	157	0.966185
158	159	0.980706
158	160	0.951721
158	162	0.928106
158	164	0.957325
158	166	0.968086
158	168	0.84311
158	169	0.942539
158	173	0.93525
158	175	0.955981
158	176	0.885816
158	177	0.874647
158	178	0.905872
158	179	0.99162
158	180	0.836844
159	2	1.83704
159	6	1.12706
159	25	1.02807
159	42	1.23363
159	57	1.02796
159	70	1.01859
159	81	1.40575
159	91	0.971356
159	96	1.00892
159	108	1.02261
159	111	1.06304
159	115	0.896294
159	118	1.01999
159	125	0.457878
159	128	1.01241
159	129	1.24451
159	130	0.887298
159	131	0.972373
159	132	0.984253
159	133	0.93588
159	134	1.11296
159	136	1.00517
159	138	1.04086
159	141	0.996904
159	142	1.30778
159	144	0.955486
159	145	0.981825
159	147	0.977639
159	148	1.03185
159	149	0.994631
159	150	0.955718
159	151	0.978079
159	152	0.930863
159	153	0.915627
159	155	0.885456
159	156	1.02605
159	157	0.965628
159	158	0.980706
159	160	0.951164
159	163	0.913427
159	165	0.969791
159	166	0.967529
159	168	0.842553
159	169	0.941982
159	170	0.92961
159	172	0.924551
159	173	0.934693
159	174	0.927148
159	175	0.955424
159	176	0.885259
159	177	0.87409
159	178	0.905316
159	180	0.836287
160	15	0.974366
160	33	1.42113
160	35	1.3442
160	45	0.880052
160	46	1.77452
160	51	1.4995
160	62	0.94177
160	79	1.49173
160	86	0.934617
160	104	1.02767
160	105	1.01154
160	111	1.03405
160	113	0.944337
160	127	1.06351
160	130	0.858313
160	133	0.906894
160	135	1.6054
160	137	0.948292
160	138	1.01188
160	141	0.967918
160	143	0.950213
160	144	0.9265
160	145	0.95284
160	146	0.922027
160	148	1.00286
160	149	0.965645
160	150	0.926732
160	152	0.901877
160	153	0.886641
160	154	0.914271
160	155	0.856471
160	156	0.997067
160	157	0.936643
160	158	0.951721
160	159	0.951164
160	162	0.898564
160	163	0.884442
160	165	0.940806
160	166	0.938543
160	167	0.917709
160	168	0.813568
160	169	0.912997
160	171	0.897166
160	172	0.895565
160	174	0.898163
160	175	0.926439
160	176	0.856274
160	177	0.845104
160	178	0.87633
160	179	0.962078
160	180	0.807301
161	2	0.987029
161	19	0.996754
161	23	0.366455
161	32	1.07043
161	33	1.06937
161	36	0.949389
161	40	1.05835
161	46	1.04541
161	48	1.01815
161	50	1.02642
161	51	1.01767
161	69	1.08844
161	72	1.07561
161	73	1.07777
161	77	0.987341
161	80	1.0259
161	82	1.02132
161	84	1.02637
161	85	1.02748
161	88	1.0125
161	89	1.01971
161	98	1.05318
161	101	1.03506
161	102	1.02409
161	109	1.00897
161	111	0.45621
161	112	1.06037
161	113	0.999286
161	114	1.05916
161	119	0.987755
161	120	1.00069
161	121	1.03906
161	124	1.02695
161	128	1.04795
161	129	1.00887
161	135	1.04159
161	136	0.909584
161	139	1.0297
161	140	1.02847
161	141	0.549802
161	142	1.04933
161	143	1.00045
161	144	1.15165
161	149	0.881072
161	150	1.18422
161	151	1.0898
161	163	0.948971
161	170	0.965154
161	173	0.970237
161	178	1.86323
162	23	1.05557
162	27	1.38443
162	32	0.910697
162	45	0.856437
162	54	0.996828
162	55	1.97211
162	57	0.975357
162	68	1.4115
162	74	1.03083
162	78	0.944656
162	83	0.993735
162	91	0.918756
162	103	0.939162
162	105	0.987923
162	108	0.970008
162	111	1.01044
162	113	0.920722
162	117	1.54687
162	131	1.5195
162	133	0.883279
162	136	0.952569
162	137	0.924677
162	138	0.988262
162	141	0.944303
162	142	1.8549
162	143	0.926599
162	145	0.929225
162	146	0.898412
162	147	0.925038
162	148	0.979249
162	149	0.94203
162	150	0.903118
162	151	0.925479
162	152	0.878262
162	153	0.863026
162	154	0.890656
162	156	0.973452
162	157	0.913028
162	158	0.928106
162	160	0.898564
162	164	0.904168
162	165	0.917191
162	167	0.894094
162	169	0.889382
162	170	0.87701
162	171	0.873551
162	172	0.871951
162	174	0.874548
162	175	0.902824
162	176	0.832659
162	177	0.82149
162	178	0.852715
162	180	0.783687
163	14	0.863725
163	37	0.752968
163	41	0.932161
163	48	0.91588
163	60	1.79247
163	61	1.70039
163	71	2.01196
163	74	1.01671
163	79	0.889184
163	80	0.923629
163	84	1.80169
163	89	0.917441
163	92	0.970532
163	98	0.950909
163	100	2.14052
163	101	0.932791
163	109	0.906706
163	110	0.962659
163	112	0.958106
163	114	0.956895
163	120	0.898422
163	121	0.936793
163	129	0.906602
163	135	0.939322
163	136	0.938447
163	137	0.910555
163	138	0.97414
163	139	0.927439
163	140	0.926203
163	142	0.947062
163	145	0.915103
163	148	0.965127
163	150	0.888996
163	157	0.898906
163	159	0.913427
163	160	0.884442
163	161	0.948971
163	165	0.903069
163	166	0.900807
163	167	0.879973
163	168	0.775831
163	169	0.87526
163	170	0.862888
163	171	0.859429
163	172	0.857829
163	173	0.867971
163	176	0.818537
163	177	0.807368
163	178	0.838593
163	179	0.924341
163	180	0.769565
164	10	0.927306
164	22	1.00845
164	24	1.01515
164	34	1.71107
164	58	0.562942
164	64	0.949418
164	65	0.957071
164	81	0.974432
164	90	0.947017
164	93	1.00784
164	94	0.949522
164	95	0.94695
164	97	0.992606
164	98	1.12834
164	99	0.92693
164	100	0.928279
164	103	0.968381
164	110	1.19714
164	112	1.38629
164	115	0.872913
164	116	0.948056
164	117	0.984915
164	118	0.996605
164	122	0.975148
164	123	0.980366
164	125	0.967096
164	126	0.966617
164	127	0.960436
164	129	1.82862
164	130	0.863917
164	131	0.960601
164	134	0.989325
164	139	1.77045
164	141	0.973523
164	144	0.932105
164	145	0.958444
164	147	0.954258
164	148	1.00847
164	150	0.932337
164	153	0.892246
164	155	0.862075
164	156	1.00267
164	158	0.957325
164	162	0.904168
164	165	0.94641
164	166	0.944148
164	169	0.918601
164	174	0.903767
164	175	0.932043
164	176	0.861878
164	177	0.850709
164	178	0.881934
164	180	0.812906
165	3	1.30639
165	4	0.81369
165	6	1.11671
165	44	1.36318
165	50	0.915612
165	54	1.03907
165	62	0.960398
165	66	1.41421
165	77	1.77543
165	83	1.03598
165	85	1.38689
165	86	0.953244
165	103	0.981404
165	104	1.04629
165	105	1.03016
165	111	1.05268
165	115	0.885936
165	118	1.00963
165	124	1.2273
165	126	1.14618
165	127	0.864818
165	130	0.87694
165	136	0.994811
165	137	0.966919
165	138	1.0305
165	141	0.986546
165	143	0.968841
165	144	0.945128
165	146	0.940654
165	147	0.967281
165	148	1.02149
165	149	0.984273
165	150	0.94536
165	151	0.967721
165	152	0.920505
165	153	0.905269
165	154	0.932899
165	155	0.875098
165	157	0.95527
165	159	0.969791
165	160	0.940806
165	162	0.917191
165	163	0.903069
165	164	0.94641
165	166	0.957171
165	168	0.832195
165	169	0.931624
165	171	0.915794
165	172	0.914193
165	173	0.924335
165	174	0.91679
165	175	0.945066
165	176	0.874901
165	177	0.863732
165	178	0.894958
165	179	0.980706
165	180	0.825929
166	11	0.992336
166	15	0.99073
166	30	0.993158
166	45	0.896417
166	47	1.50949
166	54	1.03681
166	59	1.4157
166	80	1.12088
166	83	1.03371
166	84	1.13405
166	88	1.51728
166	91	0.958735
166	102	1.34917
166	105	1.0279
166	107	1.02256
166	108	1.00999
166	111	1.05042
166	113	0.960702
166	115	0.883673
166	117	1.07181
166	126	0.91678
166	132	0.971632
166	133	0.923259
166	134	1.18502
166	136	0.992548
166	138	1.02824
166	141	0.984283
166	142	1.37984
166	143	0.966578
166	144	0.942865
166	145	0.969205
166	146	0.938391
166	147	0.965018
166	148	1.01923
166	149	0.98201
166	150	0.943097
166	151	0.965459
166	152	0.918242
166	153	0.903006
166	154	0.930636
166	155	0.872836
166	156	1.01343
166	157	0.953008
166	158	0.968086
166	159	0.967529
166	160	0.938543
166	163	0.900807
166	164	0.944148
166	165	0.957171
166	167	0.934074
166	168	0.829932
166	169	0.929362
166	170	0.916989
166	171	0.913531
166	172	0.91193
166	173	0.922072
166	174	0.914528
166	175	0.942803
166	176	0.872638
166	177	0.861469
166	178	0.892695
166	179	0.978443
166	180	0.823666
167	14	0.896993
167	15	0.969896
167	21	0.959117
167	26	1.54371
167	30	0.972324
167	38	0.955268
167	48	1.77007
167	57	0.994503
167	74	1.04997
167	78	0.963802
167	83	1.01288
167	91	0.937901
167	102	1.55689
167	104	1.0232
167	107	1.00173
167	111	1.02958
167	113	0.939867
167	115	0.862839
167	117	1.27953
167	120	1.52157
167	122	1.54569
167	125	0.737654
167	128	0.978954
167	130	0.853843
167	131	1.25215
167	132	0.950798
167	133	0.902425
167	134	1.39274
167	136	0.971714
167	137	0.943823
167	138	1.00741
167	141	0.963449
167	143	0.945744
167	144	0.922031
167	145	0.948371
167	146	0.917557
167	147	0.944184
167	148	0.998394
167	149	0.961176
167	150	0.922263
167	151	0.944625
167	152	0.897408
167	153	0.882172
167	154	0.909802
167	155	0.852002
167	156	0.992598
167	157	0.932174
167	160	0.917709
167	162	0.894094
167	163	0.879973
167	166	0.934074
167	169	0.908528
167	170	0.896155
167	171	0.892697
167	172	0.891096
167	173	0.901238
167	174	0.893694
167	175	0.921969
167	176	0.851804
167	177	0.840635
167	178	0.871861
167	179	0.957609
167	180	0.802832
168	1	0.735174
168	19	0.823613
168	23	0.97057
168	38	0.851126
168	39	0.872482
168	43	0.87878
168	69	0.915298
168	75	0.891495
168	79	0.81831
168	86	0.826006
168	89	0.846567
168	92	0.899658
168	98	0.880035
168	101	0.861917
168	102	0.850953
168	104	0.919055
168	105	0.902926
168	106	0.861355
168	110	0.891785
168	112	0.887231
168	114	0.886021
168	116	4.32547
168	118	0.88239
168	120	0.827547
168	121	0.865919
168	124	0.85381
168	125	4.18452
168	127	4.29001
168	128	0.874812
168	129	0.835728
168	130	0.749702
168	133	0.798283
168	135	0.868448
168	137	0.839681
168	138	0.903265
168	139	0.856565
168	140	0.855328
168	141	0.859307
168	142	0.876188
168	143	0.841602
168	146	0.813416
168	147	0.840042
168	148	0.894253
168	150	0.818121
168	152	0.793266
168	154	0.80566
168	155	0.74786
168	156	0.888456
168	158	0.84311
168	159	0.842553
168	160	0.813568
168	163	0.775831
168	165	0.832195
168	166	0.829932
168	170	0.792013
168	171	0.788555
168	172	0.786954
168	174	0.789552
168	175	0.817828
168	176	0.747663
168	177	0.736494
168	178	0.767719
168	179	0.853467
168	180	0.698691
169	8	1.52491
169	11	0.966789
169	14	0.89228
169	23	1.07
169	27	1.33177
169	28	0.958326
169	33	1.41545
169	38	0.950556
169	45	0.87087
169	50	1.10863
169	57	0.98979
169	62	0.932588
169	74	1.04526
169	76	1.81733
169	82	1.85213
169	86	0.925435
169	90	1.11003
169	91	0.933189
169	103	0.953595
169	105	1.00236
169	108	0.984441
169	112	1.29664
169	114	1.74312
169	115	0.858127
169	118	0.981819
169	128	0.974241
169	130	0.849131
169	132	0.946086
169	133	0.897712
169	136	0.967002
169	137	0.93911
169	138	1.00269
169	143	0.941032
169	144	0.917318
169	145	0.943658
169	146	0.912845
169	148	0.993682
169	149	0.956463
169	150	0.917551
169	151	0.939912
169	152	0.892695
169	153	0.877459
169	154	0.90509
169	155	0.847289
169	156	0.987885
169	157	0.927461
169	158	0.942539
169	159	0.941982
169	160	0.912997
169	162	0.889382
169	163	0.87526
169	164	0.918601
169	165	0.931624
169	166	0.929362
169	167	0.908528
169	170	0.891443
169	171	0.887984
169	172	0.886384
169	173	0.896526
169	174	0.888981
169	175	0.917257
169	176	0.847092
169	177	0.835923
169	178	0.867148
169	179	0.952896
169	180	0.79812
170	1	0.822231
170	7	1.83673
170	18	1.76226
170	19	0.91067
170	25	1.64227
170	30	0.955239
170	35	1.45825
170	38	0.938183
170	39	0.959539
170	40	0.91591
170	43	0.965837
170	51	1.61355
170	62	0.920216
170	70	0.968047
170	72	1.46631
170	75	0.978552
170	79	0.905367
170	83	0.995796
170	86	0.913063
170	87	0.924701
170	89	0.933624
170	92	0.986714
170	98	0.967092
170	101	0.948974
170	102	0.93801
170	106	0.948412
170	109	0.922889
170	110	0.978841
170	112	0.974288
170	114	0.973078
170	115	0.845754
170	118	0.969447
170	120	0.914604
170	121	0.952976
170	124	0.940867
170	127	1.17756
170	129	0.922785
170	132	0.933713
170	133	0.88534
170	134	1.72716
170	135	0.955505
170	139	0.943622
170	140	0.942385
170	142	0.963245
170	145	0.931286
170	147	0.927099
170	148	0.981309
170	149	0.944091
170	151	0.92754
170	154	0.892717
170	156	0.975513
170	159	0.92961
170	161	0.965154
170	162	0.87701
170	163	0.862888
170	166	0.916989
170	167	0.896155
170	168	0.792013
170	169	0.891443
170	171	0.875612
170	172	0.874011
170	174	0.876609
170	175	0.904885
170	176	0.834719
170	177	0.82355
170	178	0.854776
170	179	0.940524
170	180	0.785747
171	6	1.07307
171	16	0.900933
171	18	0.889259
171	24	0.967479
171	35	0.956705
171	53	1.82867
171	56	0.932551
171	58	0.912271
171	59	0.917236
171	61	0.910437
171	63	1.98503
171	66	0.978041
171	67	0.978189
171	68	0.981143
171	70	0.964588
171	71	0.983529
171	72	1.43637
171	76	0.963329
171	87	1.8106
171	108	0.96861
171	125	1.04213
171	133	0.881882
171	134	1.69721
171	138	0.986864
171	147	0.923641
171	149	0.940633
171	150	0.90172
171	151	0.924081
171	154	0.889259
171	155	0.831458
171	156	0.972054
171	160	0.897166
171	162	0.873551
171	163	0.859429
171	165	0.915794
171	166	0.913531
171	167	0.892697
171	168	0.788555
171	169	0.887984
171	170	0.875612
171	172	0.870553
171	173	0.880695
171	174	0.87315
171	175	0.901426
171	176	0.831261
171	177	0.820092
171	178	0.851318
171	179	0.937066
171	180	0.782289
172	6	1.07147
172	11	0.949358
172	14	0.874849
172	15	0.947752
172	17	2.08216
172	23	1.05257
172	30	0.95018
172	45	0.853439
172	52	1.84095
172	54	0.993829
172	56	0.675321
172	57	0.972359
172	62	0.915157
172	64	0.809967
172	70	0.962988
172	74	1.02783
172	75	1.73545
172	78	0.941658
172	84	1.70144
172	86	0.908004
172	91	0.915757
172	94	2.10038
172	103	0.936164
172	104	1.00105
172	105	0.984924
172	106	2.00186
172	107	0.979583
172	110	1.25247
172	111	1.00744
172	113	0.917724
172	115	0.840695
172	128	0.95681
172	130	0.8317
172	132	0.928654
172	136	0.94957
172	137	0.921679
172	138	0.985263
172	141	0.941305
172	144	0.899887
172	145	0.926227
172	146	0.895413
172	147	0.92204
172	148	0.97625
172	149	0.939032
172	150	0.900119
172	151	0.922481
172	152	0.875264
172	153	0.860028
172	154	0.887658
172	155	0.829858
172	156	0.970454
172	157	0.91003
172	159	0.924551
172	160	0.895565
172	162	0.871951
172	163	0.857829
172	165	0.914193
172	166	0.91193
172	167	0.891096
172	168	0.786954
172	169	0.886384
172	170	0.874011
172	171	0.870553
172	173	0.879094
172	174	0.87155
172	175	0.899825
172	176	0.82966
172	177	0.818491
172	178	0.849717
172	179	0.935465
172	180	0.780688
173	2	0.906029
173	13	1.50438
173	23	1.06271
173	32	0.989434
173	33	0.988366
173	36	0.868389
173	40	0.977346
173	46	0.964415
173	47	1.70201
173	49	1.68793
173	50	0.945416
173	51	0.936672
173	57	0.982501
173	72	0.994612
173	73	0.996773
173	75	1.36059
173	77	0.90634
173	82	0.940317
173	84	0.945372
173	85	0.946481
173	88	0.931495
173	89	1.31157
173	103	0.946306
173	104	1.0112
173	108	0.977152
173	113	0.927866
173	119	0.906755
173	124	1.19042
173	130	0.841842
173	135	1.36983
173	138	0.995405
173	140	1.47329
173	143	0.933742
173	144	0.910029
173	145	0.936369
173	149	0.949174
173	151	0.932623
173	153	0.87017
173	154	0.8978
173	156	0.980596
173	157	0.920172
173	158	0.93525
173	159	0.934693
173	161	0.970237
173	163	0.867971
173	165	0.924335
173	166	0.922072
173	167	0.901238
173	169	0.896526
173	171	0.880695
173	172	0.879094
173	174	0.881692
173	175	0.909968
173	176	0.839802
173	177	0.828633
173	178	0.859859
173	179	0.945607
173	180	0.79083
174	13	1.64674
174	14	0.877446
174	21	0.93957
174	23	1.05517
174	28	0.943492
174	30	0.952777
174	38	0.935722
174	41	1.7648
174	44	1.46867
174	45	0.856036
174	57	0.974956
174	62	0.917755
174	68	1.27132
174	78	0.944256
174	83	0.993334
174	85	1.49238
174	88	1.85216
174	91	0.918355
174	96	0.955922
174	102	1.68406
174	103	0.938761
174	104	1.00365
174	105	0.987522
174	107	0.982181
174	108	0.969607
174	109	1.40421
174	111	1.01004
174	113	0.920321
174	115	0.843293
174	118	0.966985
174	128	0.959407
174	130	0.834297
174	132	0.931252
174	133	0.882879
174	136	0.952168
174	137	0.924276
174	138	0.987861
174	140	1.61565
174	141	0.943903
174	144	0.902485
174	145	0.928824
174	146	0.898011
174	147	0.924638
174	148	0.978848
174	149	0.94163
174	151	0.925078
174	152	0.877861
174	153	0.862626
174	154	0.890256
174	155	0.832455
174	156	0.973051
174	157	0.912627
174	159	0.927148
174	160	0.898163
174	162	0.874548
174	164	0.903767
174	165	0.91679
174	166	0.914528
174	167	0.893694
174	168	0.789552
174	169	0.888981
174	170	0.876609
174	171	0.87315
174	172	0.87155
174	173	0.881692
174	175	0.902423
174	176	0.832258
174	177	0.821089
174	178	0.852314
174	179	0.938062
174	180	0.783286
175	6	1.10234
175	9	1.09333
175	14	0.905722
175	23	1.08344
175	25	1.11475
175	34	1.21363
175	39	1.38164
175	45	0.884312
175	54	1.0247
175	57	1.00323
175	62	0.94603
175	64	0.695159
175	66	1.19943
175	70	0.993861
175	74	1.0587
175	76	1.40953
175	83	1.02161
175	86	0.938877
175	91	0.946631
175	94	1.54761
175	96	0.984198
175	103	0.967037
175	104	1.03193
175	105	1.0158
175	106	1.4491
175	107	1.01046
175	108	0.997883
175	111	1.03831
175	113	0.948597
175	115	0.871569
175	118	0.995261
175	123	1.46263
175	130	0.862573
175	131	1.05905
175	132	0.959527
175	133	0.911154
175	136	0.980444
175	137	0.952552
175	138	1.01614
175	139	1.27301
175	141	0.972178
175	142	1.39445
175	143	0.954474
175	145	0.9571
175	146	0.926287
175	147	0.952913
175	148	1.00712
175	149	0.969905
175	150	0.930993
175	151	0.953354
175	152	0.906137
175	153	0.890901
175	154	0.918531
175	155	0.860731
175	156	1.00133
175	157	0.940903
175	158	0.955981
175	159	0.955424
175	160	0.926439
175	162	0.902824
175	164	0.932043
175	165	0.945066
175	166	0.942803
175	167	0.921969
175	168	0.817828
175	169	0.917257
175	170	0.904885
175	171	0.901426
175	172	0.899825
175	173	0.909968
175	174	0.902423
175	176	0.860534
175	177	0.849365
175	178	0.88059
175	179	0.966338
175	180	0.811562
176	4	0.729158
176	6	1.03217
176	9	1.02317
176	11	0.910066
176	21	0.897681
176	28	0.901602
176	30	0.910888
176	50	2.17052
176	62	0.875865
176	74	0.988539
176	80	2.60518
176	86	0.868712
176	91	0.876465
176	93	2.55326
176	96	0.914033
176	98	2.10059
176	103	0.896872
176	104	0.961761
176	105	0.945632
176	107	0.940292
176	108	0.927718
176	110	2.16938
176	111	0.968148
176	113	0.878432
176	115	0.801404
176	118	0.925096
176	126	2.40108
176	128	0.917518
176	130	0.792408
176	132	0.889362
176	133	0.840989
176	136	0.910278
176	137	0.882387
176	138	0.945971
176	141	0.902013
176	143	0.884308
176	144	0.860595
176	145	0.886935
176	146	0.856122
176	147	0.882748
176	148	0.936959
176	149	0.89974
176	150	0.860827
176	151	0.883189
176	152	0.835972
176	153	0.820736
176	154	0.848366
176	155	0.790566
176	156	0.931162
176	157	0.870738
176	158	0.885816
176	159	0.885259
176	160	0.856274
176	162	0.832659
176	163	0.818537
176	164	0.861878
176	165	0.874901
176	166	0.872638
176	167	0.851804
176	168	0.747663
176	169	0.847092
176	170	0.834719
176	171	0.831261
176	172	0.82966
176	173	0.839802
176	174	0.832258
176	175	0.860534
176	177	0.7792
176	178	0.810425
176	180	0.741397
177	4	0.717989
177	6	1.02101
177	9	1.012
177	11	0.898897
177	14	0.824388
177	15	0.897292
177	21	0.886512
177	23	1.00211
177	28	0.890433
177	30	0.899719
177	38	0.882663
177	40	2.03655
177	45	0.802978
177	54	0.943368
177	57	0.921898
177	70	0.912527
177	74	0.97737
177	78	0.891197
177	79	2.72642
177	83	0.940276
177	86	0.857543
177	91	0.865296
177	92	2.53212
177	96	0.902864
177	103	0.885703
177	104	0.950592
177	105	0.934463
177	108	0.916549
177	111	0.956979
177	112	2.53701
177	113	0.867263
177	115	0.790234
177	118	0.913927
177	124	2.66068
177	130	0.781239
177	131	2.70721
177	132	0.878193
177	133	0.82982
177	136	0.899109
177	137	0.871218
177	138	0.934802
177	141	0.890844
177	143	0.873139
177	144	0.849426
177	146	0.844952
177	147	0.871579
177	148	0.925789
177	149	0.888571
177	150	0.849658
177	151	0.87202
177	153	0.809567
177	154	0.837197
177	155	0.779397
177	156	0.919993
177	157	0.859569
177	158	0.874647
177	159	0.87409
177	160	0.845104
177	162	0.82149
177	163	0.807368
177	164	0.850709
177	165	0.863732
177	166	0.861469
177	167	0.840635
177	168	0.736494
177	169	0.835923
177	170	0.82355
177	171	0.820092
177	172	0.818491
177	173	0.828633
177	174	0.821089
177	175	0.849365
177	176	0.7792
177	178	0.799256
177	179	0.885004
177	180	0.730227
178	4	0.749214
178	6	1.05223
178	9	1.04322
178	11	0.930122
178	15	0.928517
178	21	0.917737
178	28	0.921659
178	30	0.930944
178	38	0.913889
178	45	0.834204
178	54	0.974594
178	57	0.953123
178	62	0.895922
178	65	2.06656
178	69	1.67986
178	70	0.943752
178	74	1.0086
178	78	0.922423
178	83	0.971501
178	86	0.888769
178	90	0.525868
178	91	0.896522
178	92	1.63873
178	95	2.34293
178	96	0.934089
178	103	0.916929
178	104	0.981818
178	105	0.965689
178	107	0.960348
178	108	0.947774
178	111	0.988205
178	113	0.898488
178	118	0.945152
178	128	0.937575
178	129	2.08596
178	130	0.812464
178	132	0.909419
178	133	0.861046
178	135	1.9467
178	136	0.930335
178	137	0.902443
178	138	0.966028
178	140	2.05016
178	141	0.92207
178	143	0.904365
178	144	0.880652
178	145	0.906992
178	146	0.876178
178	147	0.902805
178	148	0.957015
178	149	0.919797
178	150	0.880884
178	151	0.903245
178	152	0.856029
178	153	0.840793
178	154	0.868423
178	155	0.810622
178	156	0.951219
178	157	0.890794
178	158	0.905872
178	159	0.905316
178	160	0.87633
178	161	1.86323
178	162	0.852715
178	163	0.838593
178	164	0.881934
178	165	0.894958
178	166	0.892695
178	167	0.871861
178	168	0.767719
178	169	0.867148
178	170	0.854776
178	171	0.851318
178	172	0.849717
178	173	0.859859
178	174	0.852314
178	175	0.88059
178	176	0.810425
178	177	0.799256
178	179	0.91623
178	180	0.761453
179	15	1.01427
179	16	0.965845
179	18	0.954171
179	21	1.00349
179	24	1.03239
179	28	1.00741
179	35	1.02162
179	55	1.20918
179	56	0.997463
179	58	0.977183
179	59	0.982148
179	60	0.836973
179	61	0.975349
179	66	1.04295
179	67	1.0431
179	68	1.04605
179	70	1.0295
179	71	1.04844
179	73	1.03483
179	76	1.02824
179	79	0.775772
179	81	1.18994
179	82	1.14185
179	83	1.05725
179	95	1.28568
179	98	0.684003
179	99	1.61865
179	105	1.05144
179	111	1.07395
179	113	0.984236
179	119	1.16581
179	123	1.16015
179	132	0.995167
179	133	0.946794
179	134	0.897156
179	136	1.01608
179	137	0.988191
179	141	1.00782
179	143	0.990113
179	144	0.9664
179	147	0.988553
179	148	1.04276
179	149	1.00554
179	151	0.988994
179	153	0.926541
179	154	0.954171
179	155	0.89637
179	156	1.03697
179	158	0.99162
179	160	0.962078
179	163	0.924341
179	165	0.980706
179	166	0.978443
179	167	0.957609
179	168	0.853467
179	169	0.952896
179	170	0.940524
179	171	0.937066
179	172	0.935465
179	173	0.945607
179	174	0.938062
179	175	0.966338
179	177	0.885004
179	178	0.91623
179	180	0.847201
180	4	0.680186
180	6	0.983202
180	9	0.974195
180	11	0.861094
180	14	0.786585
180	15	0.859489
180	21	0.848709
180	23	0.964304
180	28	0.85263
180	30	0.861916
180	37	4.69053
180	38	0.84486
180	45	0.765175
180	54	0.905565
180	56	4.98469
180	57	0.884095
180	62	0.826893
180	70	0.874724
180	74	0.939567
180	78	0.853394
180	83	0.902473
180	86	0.81974
180	90	5.92479
180	91	0.827493
180	96	0.865061
180	103	0.8479
180	104	0.912789
180	105	0.89666
180	107	0.89132
180	108	0.878746
180	111	0.919176
180	113	0.82946
180	115	0.752432
180	118	0.876124
180	128	0.868546
180	130	0.743436
180	132	0.84039
180	133	0.792017
180	136	0.861306
180	137	0.833415
180	138	0.896999
180	141	0.853041
180	143	0.835336
180	144	0.811623
180	145	0.837963
180	146	0.80715
180	147	0.833776
180	148	0.887987
180	149	0.850768
180	150	0.811855
180	151	0.834217
180	152	0.787
180	153	0.771764
180	154	0.799394
180	155	0.741594
180	156	0.88219
180	157	0.821766
180	158	0.836844
180	159	0.836287
180	160	0.807301
180	162	0.783687
180	163	0.769565
180	164	0.812906
180	165	0.825929
180	166	0.823666
180	167	0.802832
180	168	0.698691
180	169	0.79812
180	170	0.785747
180	171	0.782289
180	172	0.780688
180	173	0.79083
180	174	0.783286
180	175	0.811562
180	176	0.741397
180	177	0.730227
180	178	0.761453
180	179	0.847201
