1	5	0.743722
1	7	0.831897
1	9	0.941214
1	11	0.85851
1	19	0.734834
1	25	0.801588
1	31	0.793871
1	32	0.79379
1	150	0.721622
1	158	4.78661
1	172	12.0203
1	175	6.88282
2	3	0.768322
2	4	0.763126
2	15	0.764126
2	28	0.755417
2	30	0.746887
2	43	0.801781
2	126	0.782361
2	131	0.726193
2	150	3.62844
2	173	0.526979
2	178	0.527414
2	180	10.2096
3	2	0.768322
3	4	0.72288
3	15	0.723879
3	27	0.798272
3	28	0.715171
3	30	0.706641
3	43	0.761534
3	131	0.685947
3	149	3.86058
3	156	4.19478
3	173	0.651117
3	178	0.651552
4	2	0.763126
4	3	0.72288
4	15	0.718683
4	27	0.793076
4	28	0.709975
4	30	0.701445
4	43	0.756338
4	126	0.736918
4	129	3.78625
4	136	4.1815
4	173	0.645921
4	178	0.646356
5	1	0.743722
5	7	0.753565
5	9	0.862883
5	11	0.780178
5	19	0.656502
5	25	0.723257
5	31	0.71554
5	32	0.715458
5	86	0.620402
5	150	0.643291
5	154	3.34729
5	157	3.77966
6	10	0.773738
6	34	0.814958
6	40	0.794042
6	42	0.802677
6	45	0.797873
6	50	0.793522
6	125	0.874733
6	127	3.65539
6	131	3.93867
6	139	0.771915
6	145	2.04039
6	157	0.796033
7	1	0.831897
7	5	0.753565
7	9	0.951057
7	19	0.744676
7	25	0.811431
7	31	0.803714
7	32	0.803633
7	122	0.772414
7	127	2.2944
7	150	0.731465
7	160	3.60048
7	179	3.6205
8	78	0.713721
8	84	0.706557
8	85	0.708481
8	89	0.700939
8	94	0.693091
8	95	0.727681
8	98	0.77963
8	99	0.727859
8	100	0.728739
8	103	0.721106
8	140	4.31737
8	149	3.66465
9	1	0.941214
9	5	0.862883
9	7	0.951057
9	19	0.853994
9	25	0.920749
9	31	0.913032
9	32	0.91295
9	130	4.33947
9	132	2.1047
9	150	0.840783
9	156	2.76557
9	176	14.8852
10	6	0.773738
10	13	0.68451
10	18	0.778987
10	40	0.703246
10	42	0.71188
10	45	0.707076
10	50	0.702726
10	125	0.783936
10	130	4.14779
10	139	0.681118
10	155	3.69262
10	157	0.705236
11	1	0.85851
11	5	0.780178
11	19	0.77129
11	25	0.838044
11	31	0.830327
11	32	0.830246
11	86	0.73519
11	108	2.19099
11	122	0.799028
11	135	4.16696
11	150	0.758078
11	157	2.35762
12	17	0.704634
12	21	0.766884
12	24	0.69756
12	33	0.750753
12	41	0.736548
12	54	0.721223
12	122	0.70454
12	138	0.726081
12	139	2.95988
12	150	4.77843
12	157	0.716761
12	166	0.718942
13	10	0.68451
13	23	0.774543
13	34	0.72573
13	42	0.713448
13	45	0.708644
13	50	0.704294
13	61	2.40498
13	115	0.731509
13	125	0.785505
13	139	0.682687
13	157	0.706805
13	161	4.99762
14	16	1.59413
14	22	0.761547
14	35	0.745337
14	49	0.722192
14	125	0.791818
14	130	0.666359
14	137	0.70622
14	138	0.722438
14	139	0.689
14	149	0.698147
14	166	0.715299
14	174	7.09415
15	2	0.764126
15	3	0.723879
15	4	0.718683
15	27	0.794075
15	28	0.710974
15	30	0.702444
15	43	0.757338
15	67	2.59947
15	126	0.737918
15	171	5.18842
15	173	0.646921
15	178	0.647356
16	14	1.59413
16	28	2.49077
16	143	0.773873
16	160	0.733445
16	162	0.716269
16	165	0.719788
16	171	0.737287
16	174	0.706879
16	176	0.678467
16	177	0.712319
16	179	0.71661
16	180	0.694112
17	12	0.704634
17	21	0.765526
17	24	0.696203
17	33	0.749395
17	41	0.735191
17	54	0.719865
17	102	0.707656
17	138	0.724724
17	143	4.14369
17	148	3.80435
17	157	0.715404
17	166	0.717585
18	10	0.778987
18	34	0.820207
18	40	0.799291
18	42	0.807925
18	45	0.803121
18	50	0.798771
18	69	1.22629
18	107	3.67166
18	115	0.825986
18	139	0.777164
18	157	0.801282
18	161	3.89697
19	1	0.734834
19	5	0.656502
19	7	0.744676
19	9	0.853994
19	11	0.77129
19	25	0.714368
19	31	0.706651
19	32	0.70657
19	122	0.675352
19	150	0.634402
19	161	2.35493
19	178	5.80456
20	34	0.831407
20	83	1.37316
20	125	0.899528
20	136	0.821331
20	167	0.819591
20	170	0.79932
20	171	0.820939
20	175	0.797122
20	176	0.762119
20	177	0.795971
20	179	0.800262
20	180	0.777764
21	12	0.766884
21	17	0.765526
21	33	0.811646
21	41	0.797441
21	54	0.782116
21	102	0.769906
21	132	2.10309
21	135	2.14809
21	137	0.770756
21	138	0.786974
21	157	0.777654
21	162	6.22441
21	166	0.779835
22	14	0.761547
22	35	0.80818
22	49	0.785034
22	102	0.768213
22	108	2.30353
22	125	0.854661
22	126	0.790271
22	130	0.729202
22	137	0.769063
22	149	0.760989
22	166	0.778142
22	167	3.11799
22	174	6.13207
23	13	0.774543
23	34	0.814194
23	40	0.793278
23	42	0.801912
23	45	0.797109
23	50	0.792758
23	68	2.06009
23	125	0.873969
23	134	3.54377
23	139	0.771151
23	157	0.795269
23	164	4.27356
24	12	0.69756
24	17	0.696203
24	33	0.742322
24	41	0.728117
24	54	0.712792
24	102	0.700583
24	122	0.696109
24	137	0.701433
24	138	0.71765
24	157	0.70833
24	159	3.58223
24	166	0.710511
24	171	4.62352
25	1	0.801588
25	5	0.723257
25	7	0.811431
25	9	0.920749
25	11	0.838044
25	19	0.714368
25	31	0.773406
25	32	0.773324
25	65	3.3285
25	87	2.77326
25	122	0.742106
25	150	0.701157
25	167	4.21292
26	35	0.811859
26	49	0.788714
26	115	0.804344
26	126	0.793951
26	129	4.14747
26	130	0.732881
26	137	0.772742
26	138	0.78896
26	139	0.755522
26	142	1.9448
26	149	0.764669
26	156	3.82104
26	166	0.781821
27	3	0.798272
27	4	0.793076
27	15	0.794075
27	28	0.785367
27	30	0.776836
27	43	0.83173
27	108	1.98564
27	126	0.81231
27	131	0.756143
27	144	5.55316
27	161	2.86692
27	173	0.721313
27	178	0.721748
28	2	0.755417
28	3	0.715171
28	4	0.709975
28	15	0.710974
28	16	2.49077
28	27	0.785367
28	30	0.693736
28	43	0.748629
28	126	0.729209
28	131	0.673042
28	157	3.99581
28	173	0.638212
28	178	0.638647
29	38	0.774431
29	46	0.775625
29	47	0.774912
29	48	0.774328
29	52	0.750526
29	56	0.81116
29	59	0.744918
29	62	0.805751
29	66	0.790965
29	70	1.93576
29	119	0.761807
29	159	2.50036
29	173	0.680956
29	177	6.39572
30	2	0.746887
30	3	0.706641
30	4	0.701445
30	15	0.702444
30	27	0.776836
30	28	0.693736
30	43	0.740099
30	57	0.688416
30	68	1.5574
30	126	0.720679
30	131	0.664511
30	173	0.629682
30	178	0.630117
30	179	6.77709
31	1	0.793871
31	5	0.71554
31	7	0.803714
31	9	0.913032
31	11	0.830327
31	19	0.706651
31	25	0.773406
31	32	0.765607
31	86	0.670551
31	122	0.734389
31	150	0.69344
31	154	1.30355
31	166	2.13617
31	168	6.31846
32	1	0.79379
32	5	0.715458
32	7	0.803633
32	9	0.91295
32	11	0.830246
32	19	0.70657
32	25	0.773324
32	31	0.765607
32	86	0.67047
32	122	0.734308
32	137	1.83741
32	150	0.693358
32	153	6.32018
32	161	2.31294
33	12	0.750753
33	17	0.749395
33	21	0.811646
33	24	0.742322
33	41	0.78131
33	54	0.765984
33	121	3.28714
33	122	0.749302
33	133	3.72089
33	137	0.754625
33	138	0.770843
33	154	2.56238
33	157	0.761523
33	166	0.763704
34	6	0.814958
34	13	0.72573
34	18	0.820207
34	20	0.831407
34	23	0.814194
34	40	0.744466
34	42	0.7531
34	45	0.748296
34	50	0.743946
34	57	4.20373
34	61	2.72292
34	115	0.77116
34	139	0.722339
34	157	0.746456
35	14	0.745337
35	22	0.80818
35	26	0.811859
35	49	0.768824
35	121	1.49765
35	126	0.774061
35	130	0.712992
35	137	0.752853
35	138	0.76907
35	139	0.735632
35	149	0.744779
35	155	4.7492
35	164	3.60009
35	166	0.761931
36	75	0.761268
36	78	0.759046
36	80	0.751883
36	83	0.752313
36	84	0.751881
36	94	0.738415
36	95	0.773005
36	98	0.824954
36	99	0.773184
36	100	0.774064
36	103	0.76643
36	157	1.49587
36	161	1.97007
36	174	6.84884
37	102	3.71934
37	155	0.672872
37	161	0.677009
37	167	0.668824
37	169	0.669176
37	170	0.648553
37	173	0.6353
37	174	0.639764
37	175	0.646355
37	176	0.611352
37	177	0.645204
37	179	0.649495
37	180	0.626997
38	29	0.774431
38	39	0.765213
38	46	0.762303
38	47	0.761591
38	48	0.761007
38	52	0.737205
38	56	0.797838
38	59	0.731596
38	66	0.777643
38	125	0.82302
38	147	0.687039
38	148	2.87276
38	164	3.64953
38	171	3.86534
38	173	0.667634
39	38	0.765213
39	46	0.766407
39	47	0.765694
39	48	0.76511
39	52	0.741308
39	56	0.801942
39	59	0.735699
39	62	0.796533
39	66	0.781747
39	119	0.752589
39	147	0.691142
39	151	2.03962
39	170	4.26778
39	173	0.671738
39	177	4.64304
40	6	0.794042
40	10	0.703246
40	18	0.799291
40	23	0.793278
40	34	0.744466
40	42	0.732184
40	45	0.72738
40	50	0.72303
40	115	0.750244
40	125	0.804241
40	137	2.06597
40	139	0.701423
40	143	2.66385
40	157	0.72554
40	177	6.17116
41	12	0.736548
41	17	0.735191
41	21	0.797441
41	24	0.728117
41	33	0.78131
41	54	0.75178
41	102	0.739571
41	112	2.51201
41	122	0.735097
41	131	4.06518
41	137	0.740421
41	138	0.756638
41	157	0.747318
41	166	0.749499
41	169	3.82538
42	6	0.802677
42	10	0.71188
42	13	0.713448
42	18	0.807925
42	23	0.801912
42	34	0.7531
42	40	0.732184
42	45	0.736014
42	50	0.731664
42	61	1.6721
42	112	4.21826
42	115	0.758879
42	139	0.710057
42	157	0.734175
42	159	3.99905
43	2	0.801781
43	3	0.761534
43	4	0.756338
43	15	0.757338
43	27	0.83173
43	28	0.748629
43	30	0.740099
43	57	0.74331
43	126	0.775573
43	131	0.719405
43	135	2.56193
43	152	3.05841
43	173	0.684576
43	178	0.685011
43	179	5.13713
44	53	0.802464
44	60	0.764617
44	63	0.800748
44	71	0.749389
44	72	0.800097
44	76	0.798358
44	77	0.796539
44	79	0.747704
44	115	2.34523
44	145	4.34939
44	149	0.750322
44	161	0.730316
44	166	3.30619
44	168	0.704866
45	6	0.797873
45	10	0.707076
45	13	0.708644
45	18	0.803121
45	23	0.797109
45	34	0.748296
45	40	0.72738
45	42	0.736014
45	50	0.72686
45	125	0.808071
45	127	3.21383
45	139	0.705253
45	143	1.96525
45	157	0.729371
45	180	8.0124
46	29	0.775625
46	38	0.762303
46	39	0.766407
46	47	0.762784
46	48	0.7622
46	52	0.738398
46	56	0.799032
46	59	0.73279
46	62	0.793623
46	66	0.778837
46	67	1.4761
46	131	4.79615
46	147	0.688232
46	151	4.3157
46	173	0.668828
47	29	0.774912
47	38	0.761591
47	39	0.765694
47	46	0.762784
47	48	0.761488
47	52	0.737686
47	56	0.79832
47	59	0.732077
47	62	0.792911
47	66	0.778124
47	106	1.96433
47	128	2.58758
47	147	0.68752
47	155	5.68796
47	173	0.668115
48	29	0.774328
48	38	0.761007
48	39	0.76511
48	46	0.7622
48	47	0.761488
48	52	0.737102
48	56	0.797736
48	59	0.731493
48	62	0.792327
48	66	0.77754
48	146	1.66932
48	147	0.686936
48	173	0.667531
48	177	4.83724
48	178	4.6572
49	14	0.722192
49	22	0.785034
49	26	0.788714
49	35	0.768824
49	115	0.761309
49	125	0.815305
49	130	0.689846
49	137	0.729707
49	138	0.745925
49	139	0.712487
49	144	4.2651
49	146	2.0406
49	149	0.721634
49	166	0.738786
49	175	4.48854
50	6	0.793522
50	10	0.702726
50	13	0.704294
50	18	0.798771
50	23	0.792758
50	34	0.743946
50	40	0.72303
50	42	0.731664
50	45	0.72686
50	106	1.96518
50	115	0.749724
50	125	0.803721
50	157	0.72502
50	158	4.79339
50	159	3.71423
51	75	0.805514
51	78	0.803292
51	80	0.796129
51	83	0.796559
51	84	0.796127
51	85	0.798051
51	89	0.79051
51	94	0.782661
51	95	0.817251
51	99	0.81743
51	100	0.81831
51	103	0.810676
51	145	2.44488
51	153	5.38687
51	154	1.83924
51	178	4.82924
52	29	0.750526
52	38	0.737205
52	39	0.741308
52	46	0.738398
52	47	0.737686
52	48	0.737102
52	56	0.773934
52	57	2.59627
52	59	0.707691
52	62	0.768525
52	66	0.753738
52	116	4.12997
52	119	0.724581
52	123	3.82964
52	125	0.799116
52	173	0.643729
53	44	0.802464
53	60	0.764027
53	63	0.800158
53	71	0.748799
53	72	0.799507
53	76	0.797768
53	77	0.795949
53	79	0.747114
53	135	2.2356
53	141	2.01106
53	149	0.749732
53	161	0.729726
53	162	6.31192
53	168	0.704276
54	12	0.721223
54	17	0.719865
54	21	0.782116
54	24	0.712792
54	33	0.765984
54	41	0.75178
54	65	3.8715
54	67	0.761279
54	102	0.724245
54	122	0.719772
54	123	3.01277
54	137	0.725095
54	138	0.741313
54	150	4.31565
54	157	0.731993
54	166	0.734174
55	64	0.697917
55	73	1.24163
55	99	2.20303
55	142	0.788392
55	160	0.694798
55	162	0.677622
55	163	0.674592
55	165	0.681141
55	170	0.67702
55	171	0.69864
55	174	0.668231
55	175	0.674823
55	176	0.63982
55	177	0.673671
55	179	0.677962
55	180	0.655464
56	29	0.81116
56	38	0.797838
56	39	0.801942
56	46	0.799032
56	47	0.79832
56	48	0.797736
56	52	0.773934
56	59	0.768325
56	62	0.829159
56	66	0.814372
56	119	0.785214
56	134	1.65555
56	147	0.723768
56	149	2.08152
56	168	4.57305
56	173	0.704363
56	178	5.27518
57	30	0.688416
57	34	4.20373
57	43	0.74331
57	52	2.59627
57	80	0.716998
57	89	0.711379
57	95	0.73812
57	99	0.738299
57	103	0.731545
57	116	0.694018
57	171	0.667766
57	173	0.632893
57	176	0.608946
57	177	0.642797
57	178	0.633328
57	179	0.647088
57	180	0.62459
58	70	0.71646
58	101	5.0631
58	110	0.650243
58	112	0.664826
58	128	0.724396
58	133	0.70434
58	143	0.669907
58	162	0.612302
58	163	0.609273
58	165	0.615821
58	171	0.63332
58	174	0.602912
58	175	0.609504
58	176	0.5745
58	177	0.608352
58	179	0.612643
58	180	0.590145
59	29	0.744918
59	38	0.731596
59	39	0.735699
59	46	0.73279
59	47	0.732077
59	48	0.731493
59	52	0.707691
59	56	0.768325
59	62	0.762916
59	66	0.74813
59	119	0.718972
59	125	0.793507
59	147	0.657525
59	154	2.53764
59	173	0.638121
59	176	17.5148
59	179	7.35456
60	44	0.764617
60	53	0.764027
60	63	0.76231
60	71	0.710951
60	72	0.761659
60	76	0.759921
60	77	0.758101
60	79	0.709267
60	119	0.73102
60	126	0.741166
60	128	1.56128
60	131	0.684998
60	149	0.711884
60	161	0.691878
60	165	6.14378
60	168	0.666429
60	171	3.72837
61	13	2.40498
61	34	2.72292
61	42	1.6721
61	116	0.759004
61	129	0.773246
61	134	0.790818
61	146	0.784831
61	153	0.719293
61	169	0.731755
61	170	0.711132
61	171	0.732751
61	174	0.702343
61	175	0.708934
61	176	0.673931
61	177	0.707783
61	179	0.712074
61	180	0.689576
62	29	0.805751
62	39	0.796533
62	46	0.793623
62	47	0.792911
62	48	0.792327
62	52	0.768525
62	56	0.829159
62	59	0.762916
62	66	0.808963
62	96	1.30494
62	119	0.779806
62	125	0.854341
62	147	0.718359
62	148	2.22347
62	152	2.91123
62	173	0.698954
62	177	6.07012
63	44	0.800748
63	53	0.800158
63	60	0.76231
63	71	0.747082
63	72	0.79779
63	76	0.796052
63	77	0.794233
63	79	0.745398
63	87	1.92915
63	149	0.748015
63	160	4.03359
63	161	0.728009
63	165	4.69511
63	168	0.70256
64	55	0.697917
64	67	0.714281
64	89	5.25763
64	134	0.701248
64	148	0.669841
64	160	0.639339
64	169	0.642185
64	170	0.621561
64	171	0.643181
64	172	0.601471
64	173	0.608309
64	174	0.612773
64	175	0.619364
64	176	0.584361
64	177	0.618213
64	179	0.622503
64	180	0.600006
65	25	3.3285
65	54	3.8715
65	71	0.6809
65	72	0.731608
65	76	0.729869
65	79	0.679215
65	83	0.704653
65	94	0.690754
65	98	0.777294
65	100	0.726403
65	103	0.718769
65	153	0.641531
65	168	0.636377
65	175	0.631173
65	176	0.59617
65	177	0.630021
65	179	0.634312
65	180	0.611814
66	29	0.790965
66	38	0.777643
66	39	0.781747
66	46	0.778837
66	47	0.778124
66	48	0.77754
66	52	0.753738
66	56	0.814372
66	59	0.74813
66	62	0.808963
66	69	2.08574
66	116	2.67493
66	119	0.765019
66	125	0.839554
66	147	0.703572
66	150	3.67748
66	173	0.684168
66	177	5.88273
67	15	2.59947
67	46	1.4761
67	54	0.761279
67	64	0.714281
67	91	0.803384
67	101	0.774884
67	117	0.794537
67	124	0.782667
67	126	1.26522
67	157	0.756818
67	166	0.758999
67	172	0.673294
67	174	0.684596
67	176	0.656184
67	178	0.680567
67	179	0.694326
67	180	0.671829
68	23	2.06009
68	30	1.5574
68	75	0.625809
68	103	0.182016
68	148	0.811772
68	158	0.789089
68	161	0.791949
68	163	0.761065
68	164	0.793742
68	165	0.767613
68	167	0.783765
68	169	0.784116
68	172	0.743403
68	174	0.754704
68	175	0.761296
68	176	0.726293
68	179	0.764435
68	180	0.741937
69	18	1.22629
69	66	2.08574
69	103	0.181532
69	118	0.919754
69	152	0.804451
69	154	0.863234
69	156	0.803127
69	160	0.780183
69	162	0.763007
69	163	0.759978
69	170	0.762406
69	172	0.742316
69	174	0.753617
69	175	0.760208
69	176	0.725205
69	177	0.759057
69	179	0.763348
69	180	0.74085
70	29	1.93576
70	58	0.71646
70	91	1.24162
70	100	1.41524
70	112	0.758549
70	141	0.772792
70	146	0.779123
70	151	0.748969
70	163	0.702996
70	167	0.725695
70	170	0.705424
70	171	0.727043
70	174	0.696635
70	175	0.703226
70	176	0.668223
70	177	0.702075
70	179	0.706366
70	180	0.683868
71	44	0.749389
71	53	0.748799
71	60	0.710951
71	63	0.747082
71	65	0.6809
71	72	0.746432
71	76	0.744693
71	77	0.742874
71	79	0.694039
71	86	8.4
71	102	0.70388
71	119	0.715792
71	126	0.725938
71	131	0.669771
71	149	0.696656
71	161	0.67665
71	166	2.46494
71	168	0.651201
71	174	4.05251
72	44	0.800097
72	53	0.799507
72	60	0.761659
72	63	0.79779
72	65	0.731608
72	71	0.746432
72	76	0.795401
72	77	0.793582
72	79	0.744747
72	102	0.754588
72	115	1.9472
72	126	0.776646
72	131	0.720479
72	139	3.94883
72	148	4.12597
72	149	0.747364
72	161	0.727359
72	166	2.90816
72	168	0.701909
73	55	1.24163
73	74	0.686154
73	86	0.645487
73	88	0.782844
73	92	0.726428
73	93	0.763539
73	97	0.7054
73	105	0.737734
73	111	0.737665
73	114	0.733554
73	117	0.759265
73	118	0.756468
73	124	0.747395
73	130	0.674787
73	147	5.22265
73	150	0.668375
73	167	4.6195
73	168	0.661119
73	178	0.645294
74	73	0.686154
74	81	0.714093
74	88	0.753438
74	90	0.760629
74	92	0.697022
74	97	0.675994
74	101	0.710205
74	105	0.708327
74	111	0.708259
74	114	0.704148
74	118	0.727061
74	124	0.717989
74	155	3.07022
74	157	1.91777
74	161	0.657163
74	162	3.54769
74	168	0.631713
74	178	1.59036
74	180	7.50268
75	36	0.761268
75	51	0.805514
75	68	0.625809
75	78	0.758917
75	80	0.751754
75	83	0.752184
75	84	0.751752
75	85	0.753676
75	89	0.746135
75	94	0.738286
75	95	0.772876
75	98	0.824826
75	99	0.773055
75	100	0.773935
75	103	0.766301
75	107	3.07069
75	142	2.00993
75	147	0.687054
75	175	6.20569
76	44	0.798358
76	53	0.797768
76	60	0.759921
76	63	0.796052
76	65	0.729869
76	71	0.744693
76	72	0.795401
76	77	0.791843
76	79	0.743008
76	104	2.65743
76	113	5.08768
76	119	0.764762
76	126	0.774908
76	131	0.71874
76	137	2.57239
76	146	3.50965
76	149	0.745626
76	161	0.72562
76	168	0.70017
77	44	0.796539
77	53	0.795949
77	60	0.758101
77	63	0.794233
77	71	0.742874
77	72	0.793582
77	76	0.791843
77	79	0.741189
77	102	0.75103
77	119	0.762943
77	126	0.773088
77	128	2.67788
77	131	0.716921
77	133	2.96046
77	141	3.81912
77	143	4.19172
77	149	0.743806
77	161	0.723801
77	168	0.698351
78	8	0.713721
78	36	0.759046
78	51	0.803292
78	75	0.758917
78	80	0.749531
78	83	0.749962
78	84	0.74953
78	85	0.751453
78	89	0.743912
78	94	0.736063
78	95	0.770654
78	98	0.822603
78	99	0.770832
78	100	0.771712
78	103	0.764078
78	145	2.51731
78	167	3.31358
78	168	4.19637
78	178	4.8985
79	44	0.747704
79	53	0.747114
79	60	0.709267
79	63	0.745398
79	65	0.679215
79	71	0.694039
79	72	0.744747
79	76	0.743008
79	77	0.741189
79	102	0.702195
79	104	3.69435
79	119	0.714108
79	126	0.724254
79	131	0.668086
79	137	3.60931
79	149	0.694972
79	161	0.674966
79	168	0.649516
79	171	4.86043
80	36	0.751883
80	51	0.796129
80	57	0.716998
80	75	0.751754
80	78	0.749531
80	83	0.742799
80	84	0.742367
80	85	0.744291
80	89	0.736749
80	94	0.728901
80	95	0.763491
80	98	0.81544
80	99	0.763669
80	100	0.764549
80	103	0.756916
80	133	2.04042
80	147	0.677668
80	152	3.6201
80	158	3.96279
80	169	4.41622
81	74	0.714093
81	87	3.69759
81	88	0.810783
81	90	0.817974
81	91	0.796051
81	92	0.754367
81	97	0.733339
81	101	0.767551
81	113	5.31232
81	114	0.761493
81	117	0.787204
81	118	0.784407
81	120	3.35936
81	121	1.7299
81	124	0.775335
81	138	0.758805
81	150	0.696315
81	161	0.714508
81	168	0.689058
81	178	0.673234
82	93	0.796427
82	97	0.738288
82	101	0.7725
82	104	3.24822
82	105	0.770622
82	106	1.62396
82	111	0.770553
82	114	0.766442
82	117	0.792153
82	118	0.789356
82	119	0.758599
82	124	0.780283
82	130	0.707675
82	138	0.763754
82	142	2.35262
82	150	0.701263
82	161	0.719457
82	168	0.694007
82	170	6.8931
82	178	0.678183
83	20	1.37316
83	36	0.752313
83	51	0.796559
83	65	0.704653
83	75	0.752184
83	78	0.749962
83	80	0.742799
83	84	0.742797
83	85	0.744721
83	89	0.73718
83	94	0.729331
83	95	0.763921
83	98	0.81587
83	99	0.7641
83	100	0.76498
83	103	0.757346
83	147	0.678099
83	168	3.21595
83	173	6.67028
83	175	3.37814
84	8	0.706557
84	36	0.751881
84	51	0.796127
84	75	0.751752
84	78	0.74953
84	80	0.742367
84	83	0.742797
84	85	0.744289
84	89	0.736748
84	94	0.728899
84	95	0.763489
84	98	0.815438
84	99	0.763668
84	100	0.764548
84	103	0.756914
84	132	2.12326
84	145	2.11665
84	147	0.677666
84	179	2.81919
84	180	8.27529
85	8	0.708481
85	51	0.798051
85	75	0.753676
85	78	0.751453
85	80	0.744291
85	83	0.744721
85	84	0.744289
85	89	0.738671
85	94	0.730823
85	95	0.765413
85	96	3.00246
85	98	0.817362
85	99	0.765591
85	100	0.766471
85	103	0.758838
85	115	2.84482
85	122	0.724651
85	147	0.67959
85	154	2.97316
85	166	3.80578
86	5	0.620402
86	11	0.73519
86	31	0.670551
86	32	0.67047
86	71	8.4
86	73	0.645487
86	90	0.719962
86	114	0.663481
86	117	0.689192
86	127	0.652297
86	131	0.609616
86	140	0.630239
86	150	0.598302
86	156	0.628761
86	171	0.609659
86	172	0.567949
86	175	0.585842
86	177	0.58469
86	178	0.575221
86	179	0.588981
86	180	0.566483
87	25	2.77326
87	63	1.92915
87	81	3.69759
87	104	0.740131
87	116	0.732335
87	143	0.742669
87	144	0.697956
87	152	0.726508
87	158	0.710059
87	159	0.737156
87	160	0.70224
87	161	0.712919
87	163	0.682035
87	169	0.705087
87	172	0.664373
87	174	0.675674
87	175	0.682266
87	176	0.647263
87	177	0.681114
87	179	0.685405
87	180	0.662907
88	73	0.782844
88	74	0.753438
88	81	0.810783
88	91	0.835396
88	92	0.793712
88	93	0.830823
88	97	0.772684
88	101	0.806896
88	105	0.805018
88	111	0.804949
88	114	0.800838
88	115	2.39714
88	117	0.826549
88	118	0.823752
88	130	0.742071
88	139	2.03073
88	156	3.01501
88	163	5.91226
88	168	0.728403
88	169	3.69174
88	178	0.712579
89	8	0.700939
89	51	0.79051
89	57	0.711379
89	64	5.25763
89	75	0.746135
89	78	0.743912
89	80	0.736749
89	83	0.73718
89	84	0.736748
89	85	0.738671
89	94	0.723281
89	95	0.757872
89	98	0.809821
89	99	0.75805
89	100	0.75893
89	103	0.751296
89	122	0.71711
89	123	1.66184
89	147	0.672049
89	156	2.13047
89	179	4.08981
90	74	0.760629
90	81	0.817974
90	86	0.719962
90	93	0.838014
90	97	0.779875
90	101	0.814086
90	105	0.812209
90	111	0.81214
90	114	0.808029
90	117	0.83374
90	118	0.830942
90	124	0.82187
90	142	1.4615
90	147	3.53322
90	150	0.74285
90	158	1.87884
90	161	0.761044
90	162	5.11598
90	163	4.55279
90	168	0.735594
90	178	0.719769
91	67	0.803384
91	70	1.24162
91	81	0.796051
91	88	0.835396
91	92	0.77898
91	96	1.94668
91	97	0.757952
91	101	0.792164
91	105	0.790286
91	111	0.790217
91	114	0.786106
91	117	0.811817
91	118	0.80902
91	124	0.799948
91	138	0.783418
91	139	2.79716
91	150	0.720927
91	160	5.72076
91	161	0.739121
91	164	3.75106
91	168	0.713671
91	178	0.697847
92	73	0.726428
92	74	0.697022
92	81	0.754367
92	88	0.793712
92	91	0.77898
92	93	0.774407
92	97	0.716268
92	101	0.750479
92	105	0.748601
92	107	3.25765
92	111	0.748533
92	114	0.744422
92	118	0.767335
92	120	3.56977
92	124	0.758263
92	138	0.741733
92	146	3.94471
92	150	0.679243
92	156	4.07313
92	161	0.697436
92	168	0.671987
92	178	0.656162
93	73	0.763539
93	82	0.796427
93	88	0.830823
93	90	0.838014
93	92	0.774407
93	97	0.753379
93	101	0.787591
93	105	0.785713
93	111	0.785644
93	114	0.781534
93	117	0.807244
93	118	0.804447
93	119	0.77369
93	124	0.795375
93	130	0.722766
93	135	2.08742
93	143	2.23548
93	149	2.36908
93	166	1.95921
93	168	0.709099
93	173	8.31494
93	178	0.693274
94	8	0.693091
94	36	0.738415
94	51	0.782661
94	65	0.690754
94	75	0.738286
94	78	0.736063
94	80	0.728901
94	83	0.729331
94	84	0.728899
94	85	0.730823
94	89	0.723281
94	95	0.750023
94	98	0.801972
94	99	0.750201
94	100	0.751081
94	103	0.743448
94	122	0.709261
94	129	2.86398
94	145	2.13138
94	147	0.6642
94	170	3.12693
94	172	7.91966
95	8	0.727681
95	36	0.773005
95	51	0.817251
95	57	0.73812
95	75	0.772876
95	78	0.770654
95	80	0.763491
95	83	0.763921
95	84	0.763489
95	85	0.765413
95	89	0.757872
95	94	0.750023
95	98	0.836563
95	99	0.784792
95	100	0.785672
95	103	0.778038
95	116	3.5951
95	121	1.63057
95	122	0.743851
95	128	1.78174
95	147	0.698791
95	152	3.644
95	175	6.08291
96	62	1.30494
96	85	3.00246
96	91	1.94668
96	111	1.61942
96	128	0.824633
96	140	0.754137
96	141	0.779306
96	152	0.753983
96	156	0.75266
96	163	0.70951
96	164	0.742187
96	165	0.716058
96	167	0.73221
96	170	0.711938
96	171	0.733558
96	172	0.691848
96	173	0.698685
96	174	0.703149
96	175	0.709741
96	176	0.674738
96	177	0.708589
96	179	0.71288
96	180	0.690382
97	73	0.7054
97	74	0.675994
97	81	0.733339
97	82	0.738288
97	88	0.772684
97	90	0.779875
97	91	0.757952
97	92	0.716268
97	93	0.753379
97	101	0.729452
97	105	0.727574
97	111	0.727505
97	114	0.723394
97	117	0.749105
97	118	0.746308
97	124	0.737235
97	138	0.720706
97	142	2.26214
97	160	4.63
97	161	0.676409
97	165	5.29153
97	169	3.36742
97	178	0.635135
98	8	0.77963
98	36	0.824954
98	65	0.777294
98	75	0.824826
98	78	0.822603
98	80	0.81544
98	83	0.81587
98	84	0.815438
98	85	0.817362
98	89	0.809821
98	94	0.801972
98	95	0.836563
98	99	0.836741
98	100	0.837621
98	103	0.829987
98	122	0.7958
98	130	4.31274
98	146	2.61041
98	147	0.75074
98	149	2.40463
98	164	2.70845
98	166	1.92721
98	168	4.89616
99	8	0.727859
99	36	0.773184
99	51	0.81743
99	55	2.20303
99	57	0.738299
99	75	0.773055
99	78	0.770832
99	80	0.763669
99	83	0.7641
99	84	0.763668
99	85	0.765591
99	89	0.75805
99	94	0.750201
99	95	0.784792
99	98	0.836741
99	100	0.78585
99	103	0.778216
99	112	3.66972
99	122	0.74403
99	136	5.02806
99	147	0.698969
99	154	1.44879
99	157	1.88116
100	8	0.728739
100	36	0.774064
100	51	0.81831
100	65	0.726403
100	70	1.41524
100	75	0.773935
100	78	0.771712
100	80	0.764549
100	83	0.76498
100	84	0.764548
100	85	0.766471
100	89	0.75893
100	94	0.751081
100	95	0.785672
100	98	0.837621
100	99	0.78585
100	103	0.779096
100	108	1.36323
100	122	0.74491
100	141	3.11466
100	147	0.699849
100	158	4.17837
100	169	4.6318
101	58	5.0631
101	67	0.774884
101	74	0.710205
101	81	0.767551
101	82	0.7725
101	88	0.806896
101	90	0.814086
101	91	0.792164
101	92	0.750479
101	93	0.787591
101	97	0.729452
101	105	0.761785
101	106	1.92347
101	109	4.83273
101	111	0.761717
101	114	0.757606
101	117	0.783317
101	118	0.780519
101	124	0.771447
101	130	0.698838
101	146	2.22531
101	149	2.01953
101	161	0.71062
101	178	0.669346
102	17	0.707656
102	21	0.769906
102	22	0.768213
102	24	0.700583
102	37	3.71934
102	41	0.739571
102	54	0.724245
102	71	0.70388
102	72	0.754588
102	77	0.75103
102	79	0.702195
102	109	5.16727
102	125	0.798484
102	126	0.734094
102	138	0.729104
102	139	0.695666
102	140	3.00679
102	141	1.84787
102	149	0.704812
102	157	0.719783
102	161	0.684807
102	166	0.721965
102	168	0.659357
103	8	0.721106
103	36	0.76643
103	51	0.810676
103	57	0.731545
103	65	0.718769
103	68	0.182016
103	69	0.181532
103	75	0.766301
103	78	0.764078
103	80	0.756916
103	83	0.757346
103	84	0.756914
103	85	0.758838
103	89	0.751296
103	94	0.743448
103	95	0.778038
103	98	0.829987
103	99	0.778216
103	100	0.779096
103	122	0.737276
103	134	2.6822
103	147	0.692215
103	175	5.7619
103	179	5.40171
104	76	2.65743
104	79	3.69435
104	82	3.24822
104	87	0.740131
104	106	0.794122
104	129	0.718447
104	137	0.712869
104	145	0.738895
104	151	0.699879
104	154	0.757161
104	158	0.681929
104	162	0.656934
104	163	0.653905
104	164	0.686582
104	167	0.676605
104	169	0.676957
104	171	0.677953
104	172	0.636243
104	174	0.647544
104	175	0.654136
104	176	0.619133
104	177	0.652984
104	179	0.657275
104	180	0.634777
105	73	0.737734
105	74	0.708327
105	82	0.770622
105	88	0.805018
105	90	0.812209
105	91	0.790286
105	92	0.748601
105	93	0.785713
105	97	0.727574
105	101	0.761785
105	111	0.759839
105	114	0.755728
105	117	0.781439
105	118	0.778641
105	119	0.747884
105	124	0.769569
105	133	1.58659
105	144	5.38174
105	147	5.16334
105	150	0.690549
105	152	3.16627
105	159	2.4298
105	161	0.708742
105	168	0.683293
105	178	0.667468
106	47	1.96433
106	50	1.96518
106	82	1.62396
106	101	1.92347
106	104	0.794122
106	126	1.06384
106	135	0.822674
106	144	0.751946
106	158	0.764049
106	159	0.791146
106	160	0.756231
106	162	0.739055
106	163	0.736025
106	164	0.768702
106	169	0.759077
106	170	0.738453
106	171	0.760073
106	172	0.718363
106	174	0.729664
106	175	0.736256
106	176	0.701253
106	177	0.735104
106	178	0.725636
106	179	0.739395
106	180	0.716897
107	18	3.67166
107	75	3.07069
107	92	3.25765
107	109	0.684747
107	113	0.690291
107	116	0.712609
107	127	0.728994
107	129	0.726851
107	148	0.713016
107	153	0.672898
107	155	0.689056
107	158	0.690332
107	162	0.665338
107	164	0.694985
107	166	0.730351
107	167	0.685008
107	170	0.664737
107	171	0.686356
107	172	0.644647
107	174	0.655948
107	175	0.662539
107	176	0.627536
107	177	0.661388
107	179	0.665679
107	180	0.643181
108	11	2.19099
108	22	2.30353
108	27	1.98564
108	100	1.36323
108	114	0.672758
108	132	0.823455
108	133	0.823706
108	136	0.753078
108	156	0.771788
108	158	0.756662
108	159	0.783759
108	161	0.759523
108	162	0.731668
108	164	0.761315
108	167	0.751338
108	169	0.75169
108	170	0.731067
108	171	0.752686
108	172	0.710976
108	174	0.722278
108	175	0.728869
108	176	0.693866
108	177	0.727718
108	179	0.732009
108	180	0.709511
109	101	4.83273
109	102	5.16727
109	107	0.684747
109	110	0.659217
109	129	0.682789
109	134	0.700361
109	135	0.704895
109	142	0.732046
109	146	0.694374
109	147	0.626826
109	151	0.66422
109	153	0.628835
109	154	0.721503
109	156	0.661396
109	159	0.673367
109	167	0.640946
109	170	0.620675
109	171	0.642294
109	172	0.600584
109	174	0.611886
109	175	0.618477
109	176	0.583474
109	177	0.617326
109	179	0.621617
109	180	0.599119
110	58	0.650243
110	109	0.659217
110	119	3.67006
110	122	3.48655
110	129	0.701321
110	140	0.681406
110	144	0.6527
110	145	0.721769
110	153	0.647368
110	156	0.679929
110	160	0.656984
110	163	0.636779
110	164	0.669456
110	165	0.643327
110	167	0.659479
110	169	0.659831
110	171	0.660827
110	172	0.619117
110	174	0.630418
110	175	0.63701
110	176	0.602007
110	177	0.635858
110	178	0.626389
110	179	0.640149
110	180	0.617651
111	73	0.737665
111	74	0.708259
111	82	0.770553
111	88	0.804949
111	90	0.81214
111	91	0.790217
111	92	0.748533
111	93	0.785644
111	96	1.61942
111	97	0.727505
111	101	0.761717
111	105	0.759839
111	114	0.755659
111	117	0.78137
111	118	0.778573
111	119	0.747816
111	124	0.7695
111	139	3.46341
111	141	3.60729
111	142	2.57146
111	150	0.69048
111	161	0.708674
111	164	4.41731
111	168	0.683224
111	178	0.6674
112	41	2.51201
112	42	4.21826
112	58	0.664826
112	70	0.758549
112	99	3.66972
112	120	0.711048
112	121	0.768192
112	136	0.6758
112	142	0.765161
112	144	0.667282
112	145	0.736351
112	150	0.664052
112	159	0.706482
112	160	0.671567
112	163	0.651361
112	165	0.65791
112	169	0.674413
112	170	0.653789
112	171	0.675409
112	172	0.633699
112	174	0.645
112	175	0.651592
112	176	0.616589
112	177	0.65044
112	179	0.654731
112	180	0.632234
113	76	5.08768
113	81	5.31232
113	107	0.690291
113	130	0.642893
113	132	0.718607
113	133	0.718857
113	142	0.73759
113	148	0.674498
113	153	0.634379
113	156	0.66694
113	160	0.643996
113	164	0.656467
113	165	0.630339
113	166	0.691833
113	167	0.64649
113	169	0.646842
113	170	0.626219
113	171	0.647838
113	172	0.606128
113	173	0.612966
113	174	0.61743
113	175	0.624021
113	176	0.589018
113	177	0.62287
113	179	0.62716
113	180	0.604663
114	73	0.733554
114	74	0.704148
114	81	0.761493
114	82	0.766442
114	86	0.663481
114	88	0.800838
114	90	0.808029
114	91	0.786106
114	92	0.744422
114	93	0.781534
114	97	0.723394
114	101	0.757606
114	105	0.755728
114	108	0.672758
114	111	0.755659
114	117	0.777259
114	118	0.774462
114	124	0.76539
114	134	2.50442
114	140	3.5831
114	150	0.68637
114	151	3.70066
114	161	0.704563
114	163	6.16184
114	168	0.679113
114	178	0.663289
115	13	0.731509
115	18	0.825986
115	26	0.804344
115	34	0.77116
115	40	0.750244
115	42	0.758879
115	44	2.34523
115	49	0.761309
115	50	0.749724
115	72	1.9472
115	85	2.84482
115	88	2.39714
115	124	0.924969
115	126	0.766546
115	137	0.745337
115	138	0.761555
115	139	0.728117
115	140	0.731001
115	157	0.752235
115	166	0.754416
115	167	0.709073
115	171	0.710421
115	172	0.668712
115	176	0.651601
115	177	0.685453
115	179	0.689744
115	180	0.667246
116	52	4.12997
116	57	0.694018
116	61	0.759004
116	66	2.67493
116	87	0.732335
116	95	3.5951
116	107	0.712609
116	121	0.76294
116	129	0.710651
116	144	0.66203
116	151	0.692082
116	154	0.749365
116	159	0.70123
116	160	0.666314
116	162	0.649138
116	163	0.646109
116	164	0.678785
116	170	0.648537
116	171	0.670156
116	172	0.628447
116	174	0.639748
116	175	0.64634
116	176	0.611336
116	177	0.645188
116	179	0.649479
116	180	0.626981
117	67	0.794537
117	73	0.759265
117	81	0.787204
117	82	0.792153
117	86	0.689192
117	88	0.826549
117	90	0.83374
117	91	0.811817
117	93	0.807244
117	97	0.749105
117	101	0.783317
117	105	0.781439
117	111	0.78137
117	114	0.777259
117	118	0.800173
117	124	0.7911
117	130	0.718492
117	138	0.774571
117	147	3.2808
117	150	0.71208
117	154	1.98796
117	161	0.730274
117	166	1.49234
117	170	4.06735
117	171	1.58854
117	172	8.86008
117	178	0.689
118	69	0.919754
118	73	0.756468
118	74	0.727061
118	81	0.784407
118	82	0.789356
118	88	0.823752
118	90	0.830942
118	91	0.80902
118	92	0.767335
118	93	0.804447
118	97	0.746308
118	101	0.780519
118	105	0.778641
118	111	0.778573
118	114	0.774462
118	117	0.800173
118	119	0.766618
118	124	0.788303
118	128	2.19894
118	137	3.11491
118	138	0.771773
118	148	3.37345
118	157	1.75539
118	161	0.727476
118	168	0.702027
118	170	6.84484
118	178	0.686202
119	29	0.761807
119	39	0.752589
119	52	0.724581
119	56	0.785214
119	59	0.718972
119	60	0.73102
119	62	0.779806
119	66	0.765019
119	71	0.715792
119	76	0.764762
119	77	0.762943
119	79	0.714108
119	82	0.758599
119	93	0.77369
119	105	0.747884
119	110	3.67006
119	111	0.747816
119	118	0.766618
119	120	3.47087
119	124	0.757546
119	128	1.99258
119	134	3.21406
119	140	4.29274
119	161	0.696719
119	168	0.67127
119	173	0.65501
119	178	0.655445
120	81	3.35936
120	92	3.56977
120	112	0.711048
120	119	3.47087
120	123	0.733629
120	141	0.725292
120	146	0.731623
120	148	0.706203
120	152	0.699968
120	155	0.682242
120	156	0.698645
120	159	0.710616
120	162	0.658525
120	163	0.655495
120	165	0.662043
120	167	0.678195
120	169	0.678547
120	170	0.657923
120	171	0.679543
120	172	0.637833
120	174	0.649134
120	175	0.655726
120	176	0.620723
120	177	0.654574
120	179	0.658865
120	180	0.636367
121	33	3.28714
121	35	1.49765
121	81	1.7299
121	95	1.63057
121	112	0.768192
121	116	0.76294
121	138	1.051
121	143	0.773273
121	146	0.788767
121	152	0.757113
121	153	0.723229
121	154	0.815896
121	156	0.755789
121	159	0.767761
121	162	0.715669
121	163	0.71264
121	167	0.735339
121	169	0.735691
121	170	0.715068
121	171	0.736687
121	172	0.694977
121	174	0.706279
121	175	0.71287
121	176	0.677867
121	177	0.711719
121	179	0.71601
121	180	0.693512
122	7	0.772414
122	11	0.799028
122	12	0.70454
122	19	0.675352
122	24	0.696109
122	25	0.742106
122	31	0.734389
122	32	0.734308
122	33	0.749302
122	41	0.735097
122	54	0.719772
122	85	0.724651
122	89	0.71711
122	94	0.709261
122	95	0.743851
122	98	0.7958
122	99	0.74403
122	100	0.74491
122	103	0.737276
122	110	3.48655
122	133	2.09165
122	137	0.708413
122	150	0.66214
122	157	0.71531
122	161	3.20055
122	166	0.717491
122	169	4.46745
122	171	3.97614
123	52	3.82964
123	54	3.01277
123	89	1.66184
123	120	0.733629
123	125	1.20724
123	134	0.756057
123	136	0.698382
123	145	0.758932
123	148	0.72465
123	152	0.718416
123	153	0.684532
123	156	0.717093
123	158	0.701967
123	159	0.729064
123	163	0.673943
123	164	0.706619
123	165	0.680491
123	167	0.696643
123	168	0.679378
123	169	0.696994
123	170	0.676371
123	171	0.69799
123	172	0.656281
123	174	0.667582
123	175	0.674173
123	176	0.63917
123	177	0.673022
123	179	0.677313
123	180	0.654815
124	67	0.782667
124	73	0.747395
124	74	0.717989
124	81	0.775335
124	82	0.780283
124	90	0.82187
124	91	0.799948
124	92	0.758263
124	93	0.795375
124	97	0.737235
124	101	0.771447
124	105	0.769569
124	111	0.7695
124	114	0.76539
124	115	0.924969
124	117	0.7911
124	118	0.788303
124	119	0.757546
124	127	3.23637
124	130	0.706622
124	132	1.94226
124	138	0.762701
124	150	0.700211
124	151	3.03921
124	161	0.718404
124	167	3.87766
124	168	0.692955
124	173	8.21479
124	178	0.67713
125	6	0.874733
125	10	0.783936
125	13	0.785505
125	14	0.791818
125	20	0.899528
125	22	0.854661
125	23	0.873969
125	38	0.82302
125	40	0.804241
125	45	0.808071
125	49	0.815305
125	50	0.803721
125	52	0.799116
125	59	0.793507
125	62	0.854341
125	66	0.839554
125	102	0.798484
125	123	1.20724
125	129	2.0023
125	138	0.815551
125	139	0.782113
125	147	0.74895
125	149	0.79126
125	153	5.09295
125	157	0.806231
125	159	2.24638
125	160	3.61518
125	163	4.57311
125	166	0.808412
125	173	0.729545
125	178	4.53532
126	2	0.782361
126	4	0.736918
126	15	0.737918
126	22	0.790271
126	26	0.793951
126	27	0.81231
126	28	0.729209
126	30	0.720679
126	35	0.774061
126	43	0.775573
126	60	0.741166
126	67	1.26522
126	71	0.725938
126	72	0.776646
126	76	0.774908
126	77	0.773088
126	79	0.724254
126	102	0.734094
126	106	1.06384
126	115	0.766546
126	136	4.39044
126	137	0.734944
126	149	0.726871
126	151	4.10482
126	157	2.41672
126	161	0.706865
126	165	6.26959
126	166	0.744023
126	168	0.681416
126	173	0.665156
126	178	0.665591
127	6	3.65539
127	7	2.2944
127	45	3.21383
127	86	0.652297
127	107	0.728994
127	124	3.23637
127	128	0.777617
127	132	0.757311
127	144	0.678415
127	145	0.747484
127	146	0.738622
127	147	0.671074
127	153	0.673083
127	155	0.689241
127	156	0.705644
127	157	0.728356
127	160	0.6827
127	161	0.693379
127	163	0.662494
127	164	0.695171
127	165	0.669043
127	167	0.685194
127	169	0.685546
127	171	0.686542
127	172	0.644832
127	174	0.656133
127	175	0.662725
127	176	0.627722
127	177	0.661573
127	179	0.665864
127	180	0.643366
128	47	2.58758
128	58	0.724396
128	60	1.56128
128	77	2.67788
128	95	1.78174
128	96	0.824633
128	118	2.19894
128	119	1.99258
128	127	0.777617
128	143	0.771565
128	148	0.761639
128	151	0.756905
128	152	0.755404
128	153	0.72152
128	154	0.814188
128	155	0.737678
128	156	0.754081
128	159	0.766052
128	160	0.731137
128	162	0.713961
128	163	0.710931
128	164	0.743608
128	165	0.71748
128	169	0.733983
128	170	0.713359
128	171	0.734979
128	174	0.70457
128	175	0.711162
128	176	0.676159
128	177	0.71001
128	179	0.714301
128	180	0.691803
129	4	3.78625
129	26	4.14747
129	61	0.773246
129	94	2.86398
129	104	0.718447
129	107	0.726851
129	109	0.682789
129	110	0.701321
129	116	0.710651
129	125	2.0023
129	132	0.755167
129	133	0.755418
129	152	0.704824
129	153	0.67094
129	155	0.687098
129	156	0.7035
129	158	0.688374
129	162	0.66338
129	163	0.660351
129	165	0.666899
129	167	0.68305
129	169	0.683402
129	170	0.662779
129	171	0.684398
129	172	0.642689
129	174	0.65399
129	175	0.660581
129	176	0.625578
129	177	0.65943
129	178	0.649961
129	179	0.663721
129	180	0.641223
130	9	4.33947
130	10	4.14779
130	14	0.666359
130	22	0.729202
130	26	0.732881
130	35	0.712992
130	49	0.689846
130	73	0.674787
130	82	0.707675
130	88	0.742071
130	93	0.722766
130	98	4.31274
130	101	0.698838
130	113	0.642893
130	117	0.718492
130	124	0.706622
130	138	0.690092
130	139	0.656655
130	144	0.630832
130	156	0.658061
130	163	0.614911
130	164	0.647588
130	166	0.682954
130	168	0.620346
130	172	0.597249
130	174	0.60855
130	175	0.615142
130	176	0.580139
130	177	0.61399
130	178	0.604521
130	179	0.618281
130	180	0.595783
131	2	0.726193
131	3	0.685947
131	6	3.93867
131	27	0.756143
131	28	0.673042
131	30	0.664511
131	41	4.06518
131	43	0.719405
131	46	4.79615
131	60	0.684998
131	71	0.669771
131	72	0.720479
131	76	0.71874
131	77	0.716921
131	79	0.668086
131	86	0.609616
131	135	0.706462
131	139	0.661556
131	148	0.67052
131	154	0.723069
131	161	0.650697
131	164	0.65249
131	165	0.626361
131	168	0.625248
131	172	0.602151
131	173	0.608988
131	175	0.620044
131	176	0.585041
131	177	0.618892
131	178	0.609423
131	179	0.623183
131	180	0.600685
132	9	2.1047
132	21	2.10309
132	84	2.12326
132	108	0.823455
132	113	0.718607
132	124	1.94226
132	127	0.757311
132	129	0.755167
132	138	2.52295
132	142	0.804424
132	144	0.706546
132	151	0.736599
132	152	0.735098
132	155	0.717372
132	156	0.733775
132	160	0.71083
132	162	0.693655
132	165	0.697173
132	166	0.758667
132	167	0.713325
132	170	0.693053
132	171	0.714673
132	172	0.672963
132	173	0.6798
132	174	0.684264
132	175	0.690856
132	176	0.655853
132	177	0.689704
132	178	0.680235
132	179	0.693995
132	180	0.671497
133	33	3.72089
133	58	0.70434
133	77	2.96046
133	80	2.04042
133	105	1.58659
133	108	0.823706
133	113	0.718857
133	122	2.09165
133	129	0.755418
133	135	0.777524
133	142	0.804675
133	155	0.717623
133	156	0.734025
133	158	0.718899
133	159	0.745996
133	160	0.711081
133	162	0.693905
133	163	0.690875
133	164	0.723552
133	165	0.697424
133	167	0.713575
133	169	0.713927
133	170	0.693304
133	172	0.673213
133	173	0.680051
133	174	0.684515
133	175	0.691106
133	176	0.656103
133	177	0.689955
133	179	0.694246
133	180	0.671748
134	23	3.54377
134	56	1.65555
134	61	0.790818
134	64	0.701248
134	103	2.6822
134	109	0.700361
134	114	2.50442
134	119	3.21406
134	123	0.756057
134	136	0.702362
134	143	0.738557
134	144	0.693844
134	145	0.762913
134	146	0.75405
134	148	0.72863
134	154	0.781179
134	158	0.705947
134	159	0.733044
134	160	0.698128
134	163	0.677923
134	165	0.684471
134	167	0.700623
134	169	0.700974
134	170	0.680351
134	171	0.70197
134	172	0.660261
134	173	0.667098
134	174	0.671562
134	175	0.678154
134	176	0.64315
134	177	0.677002
134	178	0.667533
134	179	0.681293
134	180	0.658795
135	11	4.16696
135	21	2.14809
135	43	2.56193
135	53	2.2356
135	93	2.08742
135	106	0.822674
135	109	0.704895
135	131	0.706462
135	133	0.777524
135	140	0.727084
135	141	0.752254
135	143	0.743091
135	144	0.698378
135	145	0.767447
135	152	0.72693
135	155	0.709204
135	158	0.710481
135	160	0.702663
135	162	0.685487
135	163	0.682457
135	164	0.715134
135	165	0.689005
135	169	0.705509
135	170	0.684885
135	171	0.706505
135	172	0.664795
135	174	0.676096
135	175	0.682688
135	176	0.647685
135	177	0.681536
135	178	0.672067
135	179	0.685827
135	180	0.663329
136	4	4.1815
136	20	0.821331
136	99	5.02806
136	108	0.753078
136	112	0.6758
136	123	0.698382
136	126	4.39044
136	134	0.702362
136	143	0.680881
136	145	0.705237
136	146	0.696375
136	147	0.628827
136	151	0.666221
136	152	0.664721
136	154	0.723504
136	156	0.663397
136	158	0.648271
136	159	0.675368
136	160	0.640453
136	162	0.623277
136	164	0.652924
136	165	0.626796
136	167	0.642947
136	169	0.643299
136	170	0.622676
136	171	0.644295
136	172	0.602585
136	173	0.609423
136	174	0.613887
136	175	0.620478
136	176	0.585475
136	177	0.619327
136	179	0.623618
136	180	0.60112
137	14	0.70622
137	21	0.770756
137	22	0.769063
137	24	0.701433
137	26	0.772742
137	32	1.83741
137	33	0.754625
137	35	0.752853
137	40	2.06597
137	41	0.740421
137	49	0.729707
137	54	0.725095
137	76	2.57239
137	79	3.60931
137	104	0.712869
137	115	0.745337
137	118	3.11491
137	122	0.708413
137	126	0.734944
137	138	0.729954
137	149	0.705662
137	151	0.700746
137	153	0.665361
137	157	0.720633
137	163	0.654772
137	166	0.722815
137	171	0.67882
137	174	0.648411
137	175	0.655003
137	176	0.62
137	177	0.653851
137	179	0.658142
137	180	0.635644
138	12	0.726081
138	14	0.722438
138	17	0.724724
138	21	0.786974
138	24	0.71765
138	26	0.78896
138	33	0.770843
138	35	0.76907
138	41	0.756638
138	49	0.745925
138	54	0.741313
138	81	0.758805
138	82	0.763754
138	91	0.783418
138	92	0.741733
138	97	0.720706
138	102	0.729104
138	115	0.761555
138	117	0.774571
138	118	0.771773
138	121	1.051
138	124	0.762701
138	125	0.815551
138	130	0.690092
138	132	2.52295
138	137	0.729954
138	142	2.59755
138	149	0.72188
138	157	0.736851
138	159	2.32796
138	166	0.739032
138	167	4.45835
138	168	0.676425
138	171	3.36925
138	174	7.47243
138	178	0.6606
139	6	0.771915
139	10	0.681118
139	12	2.95988
139	13	0.682687
139	14	0.689
139	18	0.777164
139	23	0.771151
139	26	0.755522
139	34	0.722339
139	35	0.735632
139	40	0.701423
139	42	0.710057
139	45	0.705253
139	49	0.712487
139	72	3.94883
139	88	2.03073
139	91	2.79716
139	102	0.695666
139	111	3.46341
139	115	0.728117
139	125	0.782113
139	130	0.656655
139	131	0.661556
139	140	0.682179
139	144	0.653473
139	149	0.688442
139	154	0.740808
139	157	0.703413
139	162	0.640582
139	166	0.705594
139	170	0.63998
139	172	0.61989
139	174	0.631191
139	175	0.637783
139	176	0.60278
139	177	0.636631
139	179	0.640922
139	180	0.618424
140	8	4.31737
140	86	0.630239
140	96	0.754137
140	102	3.00679
140	110	0.681406
140	114	3.5831
140	115	0.731001
140	119	4.29274
140	135	0.727084
140	139	0.682179
140	142	0.754235
140	143	0.70107
140	145	0.725426
140	146	0.716563
140	149	0.691326
140	150	0.653127
140	151	0.68641
140	152	0.684909
140	153	0.651025
140	158	0.66846
140	159	0.695557
140	160	0.660641
140	162	0.643465
140	163	0.640436
140	164	0.673112
140	165	0.646984
140	167	0.663136
140	169	0.663487
140	170	0.642864
140	171	0.664483
140	172	0.622774
140	174	0.634075
140	175	0.640667
140	176	0.605663
140	177	0.639515
140	178	0.630046
140	179	0.643806
140	180	0.621308
141	53	2.01106
141	70	0.772792
141	77	3.81912
141	96	0.779306
141	100	3.11466
141	102	1.84787
141	111	3.60729
141	120	0.725292
141	135	0.752254
141	142	0.779404
141	146	0.741733
141	147	0.674185
141	148	0.716312
141	149	0.716495
141	151	0.711579
141	153	0.676194
141	155	0.692352
141	158	0.693629
141	159	0.720726
141	160	0.68581
141	161	0.696489
141	162	0.668634
141	163	0.665605
141	164	0.698282
141	165	0.672153
141	167	0.688305
141	169	0.688657
141	170	0.668033
141	171	0.689653
141	172	0.647943
141	174	0.659244
141	175	0.665836
141	176	0.630833
141	177	0.664684
141	179	0.668975
141	180	0.646477
142	26	1.9448
142	55	0.788392
142	75	2.00993
142	82	2.35262
142	90	1.4615
142	97	2.26214
142	109	0.732046
142	111	2.57146
142	112	0.765161
142	113	0.73759
142	132	0.804424
142	133	0.804675
142	138	2.59755
142	140	0.754235
142	141	0.779404
142	144	0.725529
142	148	0.760315
142	151	0.755582
142	152	0.754081
142	153	0.720197
142	155	0.736355
142	159	0.764729
142	160	0.729813
142	162	0.712637
142	163	0.709608
142	164	0.742285
142	167	0.732308
142	169	0.73266
142	170	0.712036
142	171	0.733656
142	172	0.691946
142	174	0.703247
142	175	0.709839
142	176	0.674836
142	177	0.708687
142	178	0.699218
142	179	0.712978
142	180	0.69048
143	16	0.773873
143	17	4.14369
143	40	2.66385
143	45	1.96525
143	58	0.669907
143	77	4.19172
143	87	0.742669
143	93	2.23548
143	121	0.773273
143	128	0.771565
143	134	0.738557
143	135	0.743091
143	136	0.680881
143	140	0.70107
143	144	0.672363
143	145	0.741432
143	148	0.70715
143	151	0.702416
143	154	0.759699
143	156	0.699592
143	158	0.684466
143	159	0.711563
143	160	0.676648
143	162	0.659472
143	163	0.656442
143	165	0.662991
143	168	0.661877
143	169	0.679494
143	170	0.65887
143	171	0.68049
143	172	0.63878
143	174	0.650081
143	175	0.656673
143	176	0.62167
143	177	0.655521
143	178	0.646052
143	179	0.659812
143	180	0.637314
144	27	5.55316
144	49	4.2651
144	87	0.697956
144	105	5.38174
144	106	0.751946
144	110	0.6527
144	112	0.667282
144	116	0.66203
144	127	0.678415
144	130	0.630832
144	132	0.706546
144	134	0.693844
144	135	0.698378
144	139	0.653473
144	142	0.725529
144	143	0.672363
144	145	0.696719
144	148	0.662437
144	151	0.657703
144	153	0.622318
144	154	0.714986
144	156	0.654879
144	158	0.639753
144	159	0.66685
144	160	0.631935
144	162	0.614759
144	167	0.634429
144	169	0.634781
144	170	0.614157
144	171	0.635777
144	172	0.594067
144	174	0.605369
144	175	0.61196
144	176	0.576957
144	177	0.610809
144	178	0.60134
144	179	0.615099
144	180	0.592602
145	6	2.04039
145	44	4.34939
145	51	2.44488
145	78	2.51731
145	84	2.11665
145	94	2.13138
145	104	0.738895
145	110	0.721769
145	112	0.736351
145	123	0.758932
145	127	0.747484
145	134	0.762913
145	135	0.767447
145	136	0.705237
145	140	0.725426
145	143	0.741432
145	144	0.696719
145	148	0.731506
145	151	0.726772
145	153	0.691387
145	155	0.707545
145	156	0.723948
145	158	0.708822
145	159	0.735919
145	160	0.701004
145	162	0.683828
145	163	0.680798
145	165	0.687347
145	167	0.703498
145	169	0.70385
145	170	0.683226
145	171	0.704846
145	172	0.663136
145	174	0.674437
145	175	0.681029
145	176	0.646026
145	177	0.679877
145	179	0.684168
145	180	0.66167
146	48	1.66932
146	49	2.0406
146	61	0.784831
146	70	0.779123
146	76	3.50965
146	92	3.94471
146	98	2.61041
146	101	2.22531
146	109	0.694374
146	120	0.731623
146	121	0.788767
146	127	0.738622
146	134	0.75405
146	136	0.696375
146	140	0.716563
146	141	0.741733
146	148	0.722644
146	152	0.716409
146	154	0.775193
146	155	0.698683
146	156	0.715086
146	157	0.737797
146	158	0.69996
146	160	0.692142
146	162	0.674966
146	163	0.671936
146	164	0.704613
146	165	0.678484
146	167	0.694636
146	168	0.677371
146	169	0.694988
146	171	0.695984
146	172	0.654274
146	174	0.665575
146	175	0.672167
146	176	0.637164
146	177	0.671015
146	178	0.661546
146	179	0.675306
146	180	0.652808
147	38	0.687039
147	39	0.691142
147	46	0.688232
147	47	0.68752
147	48	0.686936
147	56	0.723768
147	59	0.657525
147	62	0.718359
147	66	0.703572
147	73	5.22265
147	75	0.687054
147	80	0.677668
147	83	0.678099
147	84	0.677666
147	85	0.67959
147	89	0.672049
147	90	3.53322
147	94	0.6642
147	95	0.698791
147	98	0.75074
147	99	0.698969
147	100	0.699849
147	103	0.692215
147	105	5.16334
147	109	0.626826
147	117	3.2808
147	125	0.74895
147	127	0.671074
147	136	0.628827
147	141	0.674185
147	158	0.632412
147	166	0.672431
147	169	0.62744
147	170	0.606816
147	171	0.628436
147	172	0.586726
147	173	0.593563
147	174	0.598027
147	175	0.604619
147	176	0.569616
147	177	0.603467
147	179	0.607758
147	180	0.58526
148	17	3.80435
148	38	2.87276
148	62	2.22347
148	64	0.669841
148	68	0.811772
148	72	4.12597
148	107	0.713016
148	113	0.674498
148	118	3.37345
148	120	0.706203
148	123	0.72465
148	128	0.761639
148	131	0.67052
148	134	0.72863
148	141	0.716312
148	142	0.760315
148	143	0.70715
148	144	0.662437
148	145	0.731506
148	146	0.722644
148	151	0.69249
148	152	0.690989
148	153	0.657105
148	158	0.67454
148	159	0.701637
148	160	0.666721
148	162	0.649545
148	163	0.646516
148	164	0.679193
148	165	0.653064
148	167	0.669216
148	168	0.651951
148	170	0.648944
148	171	0.670564
148	172	0.628854
148	174	0.640155
148	175	0.646747
148	176	0.611744
148	177	0.645595
148	179	0.649886
148	180	0.627388
149	3	3.86058
149	8	3.66465
149	14	0.698147
149	22	0.760989
149	26	0.764669
149	35	0.744779
149	44	0.750322
149	49	0.721634
149	53	0.749732
149	56	2.08152
149	60	0.711884
149	63	0.748015
149	71	0.696656
149	72	0.747364
149	76	0.745626
149	77	0.743806
149	79	0.694972
149	93	2.36908
149	98	2.40463
149	101	2.01953
149	102	0.704812
149	125	0.79126
149	126	0.726871
149	137	0.705662
149	138	0.72188
149	139	0.688442
149	140	0.691326
149	141	0.716495
149	151	0.692672
149	155	0.673446
149	156	0.689848
149	161	0.677583
149	166	0.714741
149	168	0.652134
149	172	0.629037
149	174	0.640338
149	175	0.646929
149	176	0.611926
149	177	0.645778
149	179	0.650069
149	180	0.627571
150	1	0.721622
150	2	3.62844
150	5	0.643291
150	7	0.731465
150	9	0.840783
150	11	0.758078
150	12	4.77843
150	19	0.634402
150	25	0.701157
150	31	0.69344
150	32	0.693358
150	54	4.31565
150	66	3.67748
150	73	0.668375
150	81	0.696315
150	82	0.701263
150	86	0.598302
150	90	0.74285
150	91	0.720927
150	92	0.679243
150	105	0.690549
150	111	0.69048
150	112	0.664052
150	114	0.68637
150	117	0.71208
150	122	0.66214
150	124	0.700211
150	140	0.653127
150	155	0.635247
150	158	0.636523
150	163	0.6085
150	169	0.631551
150	171	0.632547
150	172	0.590837
150	173	0.597675
150	174	0.602139
150	176	0.573727
150	177	0.607579
150	178	0.59811
150	179	0.61187
150	180	0.589372
151	39	2.03962
151	46	4.3157
151	70	0.748969
151	104	0.699879
151	109	0.66422
151	114	3.70066
151	116	0.692082
151	124	3.03921
151	126	4.10482
151	128	0.756905
151	132	0.736599
151	136	0.666221
151	137	0.700746
151	140	0.68641
151	141	0.711579
151	142	0.755582
151	143	0.702416
151	144	0.657703
151	145	0.726772
151	148	0.69249
151	149	0.692672
151	152	0.686255
151	154	0.745039
151	155	0.668529
151	158	0.669806
151	159	0.696903
151	160	0.661988
151	161	0.672667
151	164	0.674459
151	165	0.648331
151	166	0.709825
151	169	0.664834
151	170	0.64421
151	171	0.66583
151	172	0.62412
151	173	0.630957
151	174	0.635421
151	175	0.642013
151	176	0.60701
151	177	0.640861
151	178	0.631392
151	179	0.645152
151	180	0.622654
152	43	3.05841
152	62	2.91123
152	69	0.804451
152	80	3.6201
152	87	0.726508
152	95	3.644
152	96	0.753983
152	105	3.16627
152	120	0.699968
152	121	0.757113
152	123	0.718416
152	128	0.755404
152	129	0.704824
152	132	0.735098
152	135	0.72693
152	136	0.664721
152	140	0.684909
152	142	0.754081
152	146	0.716409
152	148	0.690989
152	151	0.686255
152	153	0.650871
152	155	0.667029
152	156	0.683431
152	158	0.668305
152	159	0.695402
152	162	0.643311
152	164	0.672958
152	165	0.64683
152	167	0.662981
152	169	0.663333
152	170	0.64271
152	171	0.664329
152	172	0.622619
152	173	0.629457
152	174	0.633921
152	175	0.640512
152	176	0.605509
152	177	0.639361
152	179	0.643652
152	180	0.621154
153	32	6.32018
153	51	5.38687
153	61	0.719293
153	65	0.641531
153	107	0.672898
153	109	0.628835
153	110	0.647368
153	113	0.634379
153	121	0.723229
153	123	0.684532
153	125	5.09295
153	127	0.673083
153	128	0.72152
153	129	0.67094
153	137	0.665361
153	140	0.651025
153	141	0.676194
153	142	0.720197
153	144	0.622318
153	145	0.691387
153	148	0.657105
153	152	0.650871
153	154	0.709654
153	155	0.633145
153	156	0.649547
153	158	0.634421
153	159	0.661518
153	160	0.626603
153	162	0.609427
153	163	0.606397
153	164	0.639074
153	167	0.629097
153	169	0.629449
153	171	0.630445
153	172	0.588735
153	174	0.600037
153	175	0.606628
153	176	0.571625
153	177	0.605477
153	178	0.596008
153	179	0.609767
153	180	0.58727
154	5	3.34729
154	31	1.30355
154	33	2.56238
154	51	1.83924
154	59	2.53764
154	69	0.863234
154	85	2.97316
154	99	1.44879
154	104	0.757161
154	109	0.721503
154	116	0.749365
154	117	1.98796
154	121	0.815896
154	128	0.814188
154	131	0.723069
154	134	0.781179
154	136	0.723504
154	139	0.740808
154	143	0.759699
154	144	0.714986
154	146	0.775193
154	151	0.745039
154	153	0.709654
154	155	0.725812
154	156	0.742215
154	158	0.727089
154	159	0.754186
154	160	0.71927
154	162	0.702094
154	163	0.699065
154	164	0.731742
154	165	0.705613
154	167	0.721765
154	168	0.7045
154	169	0.722117
154	170	0.701493
154	171	0.723113
154	172	0.681403
154	173	0.68824
154	175	0.699296
154	176	0.664293
154	177	0.698144
154	178	0.688675
154	179	0.702435
154	180	0.679937
155	10	3.69262
155	35	4.7492
155	37	0.672872
155	47	5.68796
155	74	3.07022
155	107	0.689056
155	120	0.682242
155	127	0.689241
155	128	0.737678
155	129	0.687098
155	132	0.717372
155	133	0.717623
155	135	0.709204
155	141	0.692352
155	142	0.736355
155	145	0.707545
155	146	0.698683
155	149	0.673446
155	150	0.635247
155	151	0.668529
155	152	0.667029
155	153	0.633145
155	154	0.725812
155	156	0.665705
155	158	0.650579
155	159	0.677677
155	160	0.642761
155	162	0.625585
155	164	0.655232
155	165	0.629104
155	167	0.645255
155	168	0.627991
155	169	0.645607
155	170	0.624984
155	171	0.646603
155	172	0.604894
155	173	0.611731
155	174	0.616195
155	175	0.622786
155	176	0.587783
155	177	0.621635
155	179	0.625926
155	180	0.603428
156	3	4.19478
156	9	2.76557
156	26	3.82104
156	69	0.803127
156	86	0.628761
156	88	3.01501
156	89	2.13047
156	92	4.07313
156	96	0.75266
156	108	0.771788
156	109	0.661396
156	110	0.679929
156	113	0.66694
156	120	0.698645
156	121	0.755789
156	123	0.717093
156	127	0.705644
156	128	0.754081
156	129	0.7035
156	130	0.658061
156	132	0.733775
156	133	0.734025
156	136	0.663397
156	143	0.699592
156	144	0.654879
156	145	0.723948
156	146	0.715086
156	149	0.689848
156	152	0.683431
156	153	0.649547
156	154	0.742215
156	155	0.665705
156	158	0.666982
156	159	0.694079
156	160	0.659164
156	161	0.669843
156	162	0.641988
156	164	0.671635
156	165	0.645507
156	167	0.661658
156	169	0.66201
156	171	0.663006
156	172	0.621296
156	174	0.632597
156	175	0.639189
156	176	0.604186
156	177	0.638037
156	178	0.628568
156	179	0.642328
156	180	0.61983
157	5	3.77966
157	6	0.796033
157	10	0.705236
157	11	2.35762
157	12	0.716761
157	13	0.706805
157	17	0.715404
157	18	0.801282
157	21	0.777654
157	23	0.795269
157	24	0.70833
157	28	3.99581
157	33	0.761523
157	34	0.746456
157	36	1.49587
157	40	0.72554
157	41	0.747318
157	42	0.734175
157	45	0.729371
157	50	0.72502
157	54	0.731993
157	67	0.756818
157	74	1.91777
157	99	1.88116
157	102	0.719783
157	115	0.752235
157	118	1.75539
157	122	0.71531
157	125	0.806231
157	126	2.41672
157	127	0.728356
157	137	0.720633
157	138	0.736851
157	139	0.703413
157	146	0.737797
157	158	0.689693
157	164	0.694346
157	165	0.668218
157	166	0.729712
157	167	0.684369
157	170	0.664098
157	171	0.685717
157	172	0.644008
157	174	0.655309
157	175	0.6619
157	176	0.626897
157	177	0.660749
157	179	0.66504
157	180	0.642542
158	1	4.78661
158	50	4.79339
158	68	0.789089
158	80	3.96279
158	87	0.710059
158	90	1.87884
158	100	4.17837
158	104	0.681929
158	106	0.764049
158	107	0.690332
158	108	0.756662
158	123	0.701967
158	129	0.688374
158	133	0.718899
158	134	0.705947
158	135	0.710481
158	136	0.648271
158	140	0.66846
158	141	0.693629
158	143	0.684466
158	144	0.639753
158	145	0.708822
158	146	0.69996
158	147	0.632412
158	148	0.67454
158	150	0.636523
158	151	0.669806
158	152	0.668305
158	153	0.634421
158	154	0.727089
158	155	0.650579
158	156	0.666982
158	157	0.689693
158	159	0.678953
158	164	0.656509
158	165	0.630381
158	167	0.646532
158	168	0.629267
158	169	0.646884
158	170	0.62626
158	171	0.64788
158	172	0.60617
158	174	0.617471
158	175	0.624063
158	176	0.58906
158	177	0.622911
158	178	0.613442
158	179	0.627202
158	180	0.604704
159	24	3.58223
159	29	2.50036
159	42	3.99905
159	50	3.71423
159	87	0.737156
159	105	2.4298
159	106	0.791146
159	108	0.783759
159	109	0.673367
159	112	0.706482
159	116	0.70123
159	120	0.710616
159	121	0.767761
159	123	0.729064
159	125	2.24638
159	128	0.766052
159	133	0.745996
159	134	0.733044
159	136	0.675368
159	138	2.32796
159	140	0.695557
159	141	0.720726
159	142	0.764729
159	143	0.711563
159	144	0.66685
159	145	0.735919
159	148	0.701637
159	151	0.696903
159	152	0.695402
159	153	0.661518
159	154	0.754186
159	155	0.677677
159	156	0.694079
159	158	0.678953
159	160	0.671135
159	162	0.653959
159	164	0.683606
159	165	0.657478
159	166	0.718972
159	168	0.656364
159	169	0.673981
159	170	0.653357
159	171	0.674977
159	172	0.633267
159	173	0.640105
159	174	0.644569
159	175	0.65116
159	176	0.616157
159	177	0.650009
159	178	0.64054
159	179	0.654299
159	180	0.631802
160	7	3.60048
160	16	0.733445
160	55	0.694798
160	63	4.03359
160	64	0.639339
160	69	0.780183
160	87	0.70224
160	91	5.72076
160	97	4.63
160	106	0.756231
160	110	0.656984
160	112	0.671567
160	113	0.643996
160	116	0.666314
160	125	3.61518
160	127	0.6827
160	128	0.731137
160	132	0.71083
160	133	0.711081
160	134	0.698128
160	135	0.702663
160	136	0.640453
160	140	0.660641
160	141	0.68581
160	142	0.729813
160	143	0.676648
160	144	0.631935
160	145	0.701004
160	146	0.692142
160	148	0.666721
160	151	0.661988
160	153	0.626603
160	154	0.71927
160	155	0.642761
160	156	0.659164
160	159	0.671135
160	161	0.646898
160	162	0.619043
160	163	0.616014
160	164	0.648691
160	165	0.622562
160	167	0.638714
160	169	0.639066
160	170	0.618442
160	171	0.640062
160	172	0.598352
160	173	0.605189
160	174	0.609653
160	175	0.616245
160	176	0.581242
160	177	0.615093
160	178	0.605624
160	179	0.619384
160	180	0.596886
161	13	4.99762
161	18	3.89697
161	19	2.35493
161	27	2.86692
161	32	2.31294
161	36	1.97007
161	37	0.677009
161	44	0.730316
161	53	0.729726
161	60	0.691878
161	63	0.728009
161	68	0.791949
161	71	0.67665
161	72	0.727359
161	74	0.657163
161	76	0.72562
161	77	0.723801
161	79	0.674966
161	81	0.714508
161	82	0.719457
161	87	0.712919
161	90	0.761044
161	91	0.739121
161	92	0.697436
161	97	0.676409
161	101	0.71062
161	102	0.684807
161	105	0.708742
161	108	0.759523
161	111	0.708674
161	114	0.704563
161	117	0.730274
161	118	0.727476
161	119	0.696719
161	122	3.20055
161	124	0.718404
161	126	0.706865
161	127	0.693379
161	131	0.650697
161	141	0.696489
161	149	0.677583
161	151	0.672667
161	156	0.669843
161	160	0.646898
161	165	0.633241
161	168	0.632128
161	170	0.629121
161	171	0.650741
161	174	0.620332
161	175	0.626924
161	177	0.625772
161	178	0.616303
161	179	0.630063
161	180	0.607565
162	16	0.716269
162	21	6.22441
162	53	6.31192
162	55	0.677622
162	58	0.612302
162	69	0.763007
162	74	3.54769
162	90	5.11598
162	104	0.656934
162	106	0.739055
162	107	0.665338
162	108	0.731668
162	116	0.649138
162	120	0.658525
162	121	0.715669
162	128	0.713961
162	129	0.66338
162	132	0.693655
162	133	0.693905
162	135	0.685487
162	136	0.623277
162	139	0.640582
162	140	0.643465
162	141	0.668634
162	142	0.712637
162	143	0.659472
162	144	0.614759
162	145	0.683828
162	146	0.674966
162	148	0.649545
162	152	0.643311
162	153	0.609427
162	154	0.702094
162	155	0.625585
162	156	0.641988
162	159	0.653959
162	160	0.619043
162	163	0.598838
162	164	0.631515
162	165	0.605386
162	166	0.666881
162	167	0.621538
162	169	0.62189
162	170	0.601266
162	171	0.622886
162	172	0.581176
162	174	0.592477
162	175	0.599069
162	176	0.564066
162	177	0.597917
162	178	0.588448
162	179	0.602208
162	180	0.57971
163	55	0.674592
163	58	0.609273
163	68	0.761065
163	69	0.759978
163	70	0.702996
163	87	0.682035
163	88	5.91226
163	90	4.55279
163	96	0.70951
163	104	0.653905
163	106	0.736025
163	110	0.636779
163	112	0.651361
163	114	6.16184
163	116	0.646109
163	120	0.655495
163	121	0.71264
163	123	0.673943
163	125	4.57311
163	127	0.662494
163	128	0.710931
163	129	0.660351
163	130	0.614911
163	133	0.690875
163	134	0.677923
163	135	0.682457
163	137	0.654772
163	140	0.640436
163	141	0.665605
163	142	0.709608
163	143	0.656442
163	145	0.680798
163	146	0.671936
163	148	0.646516
163	150	0.6085
163	153	0.606397
163	154	0.699065
163	160	0.616014
163	162	0.598838
163	164	0.628485
163	165	0.602357
163	167	0.618508
163	169	0.61886
163	170	0.598237
163	171	0.619856
163	172	0.578146
163	173	0.584984
163	174	0.589448
163	175	0.596039
163	176	0.561036
163	177	0.594888
163	179	0.599178
163	180	0.576681
164	23	4.27356
164	35	3.60009
164	38	3.64953
164	68	0.793742
164	91	3.75106
164	96	0.742187
164	98	2.70845
164	104	0.686582
164	106	0.768702
164	107	0.694985
164	108	0.761315
164	110	0.669456
164	111	4.41731
164	113	0.656467
164	116	0.678785
164	123	0.706619
164	127	0.695171
164	128	0.743608
164	130	0.647588
164	131	0.65249
164	133	0.723552
164	135	0.715134
164	136	0.652924
164	140	0.673112
164	141	0.698282
164	142	0.742285
164	146	0.704613
164	148	0.679193
164	151	0.674459
164	152	0.672958
164	153	0.639074
164	154	0.731742
164	155	0.655232
164	156	0.671635
164	157	0.694346
164	158	0.656509
164	159	0.683606
164	160	0.648691
164	162	0.631515
164	163	0.628485
164	165	0.635033
164	166	0.696528
164	167	0.651185
164	168	0.63392
164	169	0.651537
164	170	0.630913
164	171	0.652533
164	172	0.610823
164	173	0.61766
164	174	0.622124
164	175	0.628716
164	176	0.593713
164	177	0.627564
164	178	0.618095
164	179	0.631855
164	180	0.609357
165	16	0.719788
165	55	0.681141
165	58	0.615821
165	60	6.14378
165	63	4.69511
165	68	0.767613
165	96	0.716058
165	97	5.29153
165	110	0.643327
165	112	0.65791
165	113	0.630339
165	120	0.662043
165	123	0.680491
165	126	6.26959
165	127	0.669043
165	128	0.71748
165	129	0.666899
165	131	0.626361
165	132	0.697173
165	133	0.697424
165	134	0.684471
165	135	0.689005
165	136	0.626796
165	140	0.646984
165	141	0.672153
165	143	0.662991
165	145	0.687347
165	146	0.678484
165	148	0.653064
165	151	0.648331
165	152	0.64683
165	154	0.705613
165	155	0.629104
165	156	0.645507
165	157	0.668218
165	158	0.630381
165	159	0.657478
165	160	0.622562
165	161	0.633241
165	162	0.605386
165	163	0.602357
165	164	0.635033
165	167	0.625057
165	168	0.607792
165	169	0.625408
165	170	0.604785
165	171	0.626404
165	172	0.584695
165	173	0.591532
165	174	0.595996
165	175	0.602588
165	176	0.567584
165	177	0.601436
165	178	0.591967
165	179	0.605727
165	180	0.583229
166	12	0.718942
166	14	0.715299
166	17	0.717585
166	21	0.779835
166	22	0.778142
166	24	0.710511
166	26	0.781821
166	31	2.13617
166	33	0.763704
166	35	0.761931
166	41	0.749499
166	44	3.30619
166	49	0.738786
166	54	0.734174
166	67	0.758999
166	71	2.46494
166	72	2.90816
166	85	3.80578
166	93	1.95921
166	98	1.92721
166	102	0.721965
166	107	0.730351
166	113	0.691833
166	115	0.754416
166	117	1.49234
166	122	0.717491
166	125	0.808412
166	126	0.744023
166	130	0.682954
166	132	0.758667
166	137	0.722815
166	138	0.739032
166	139	0.705594
166	147	0.672431
166	149	0.714741
166	151	0.709825
166	157	0.729712
166	159	0.718972
166	162	0.666881
166	164	0.696528
166	167	0.686551
166	171	0.687899
166	172	0.646189
166	174	0.65749
166	175	0.664082
166	176	0.629079
166	177	0.66293
166	178	0.653461
166	179	0.667221
166	180	0.644723
167	20	0.819591
167	22	3.11799
167	25	4.21292
167	37	0.668824
167	68	0.783765
167	70	0.725695
167	73	4.6195
167	78	3.31358
167	96	0.73221
167	104	0.676605
167	107	0.685008
167	108	0.751338
167	109	0.640946
167	110	0.659479
167	113	0.64649
167	115	0.709073
167	120	0.678195
167	121	0.735339
167	123	0.696643
167	124	3.87766
167	127	0.685194
167	129	0.68305
167	132	0.713325
167	133	0.713575
167	134	0.700623
167	136	0.642947
167	138	4.45835
167	140	0.663136
167	141	0.688305
167	142	0.732308
167	144	0.634429
167	145	0.703498
167	146	0.694636
167	148	0.669216
167	152	0.662981
167	153	0.629097
167	154	0.721765
167	155	0.645255
167	156	0.661658
167	157	0.684369
167	158	0.646532
167	160	0.638714
167	162	0.621538
167	163	0.618508
167	164	0.651185
167	165	0.625057
167	166	0.686551
167	169	0.64156
167	170	0.620936
167	171	0.642556
167	172	0.600846
167	173	0.607683
167	174	0.612147
167	175	0.618739
167	176	0.583736
167	177	0.617587
167	178	0.608118
167	179	0.621878
167	180	0.59938
168	31	6.31846
168	44	0.704866
168	53	0.704276
168	56	4.57305
168	60	0.666429
168	63	0.70256
168	65	0.636377
168	71	0.651201
168	72	0.701909
168	73	0.661119
168	74	0.631713
168	76	0.70017
168	77	0.698351
168	78	4.19637
168	79	0.649516
168	81	0.689058
168	82	0.694007
168	83	3.21595
168	88	0.728403
168	90	0.735594
168	91	0.713671
168	92	0.671987
168	93	0.709099
168	98	4.89616
168	102	0.659357
168	105	0.683293
168	111	0.683224
168	114	0.679113
168	118	0.702027
168	119	0.67127
168	123	0.679378
168	124	0.692955
168	126	0.681416
168	130	0.620346
168	131	0.625248
168	138	0.676425
168	143	0.661877
168	146	0.677371
168	148	0.651951
168	149	0.652134
168	154	0.7045
168	155	0.627991
168	158	0.629267
168	159	0.656364
168	161	0.632128
168	164	0.63392
168	165	0.607792
168	169	0.624295
168	171	0.625291
168	172	0.583581
168	173	0.590419
168	174	0.594883
168	175	0.601474
168	176	0.566471
168	177	0.600323
168	178	0.590854
168	179	0.604613
168	180	0.582116
169	37	0.669176
169	41	3.82538
169	61	0.731755
169	64	0.642185
169	68	0.784116
169	80	4.41622
169	87	0.705087
169	88	3.69174
169	97	3.36742
169	100	4.6318
169	104	0.676957
169	106	0.759077
169	108	0.75169
169	110	0.659831
169	112	0.674413
169	113	0.646842
169	120	0.678547
169	121	0.735691
169	122	4.46745
169	123	0.696994
169	127	0.685546
169	128	0.733983
169	129	0.683402
169	133	0.713927
169	134	0.700974
169	135	0.705509
169	136	0.643299
169	140	0.663487
169	141	0.688657
169	142	0.73266
169	143	0.679494
169	144	0.634781
169	145	0.70385
169	146	0.694988
169	147	0.62744
169	150	0.631551
169	151	0.664834
169	152	0.663333
169	153	0.629449
169	154	0.722117
169	155	0.645607
169	156	0.66201
169	158	0.646884
169	159	0.673981
169	160	0.639066
169	162	0.62189
169	163	0.61886
169	164	0.651537
169	165	0.625408
169	167	0.64156
169	168	0.624295
169	170	0.621288
169	171	0.642908
169	172	0.601198
169	174	0.612499
169	175	0.619091
169	176	0.584088
169	177	0.617939
169	178	0.60847
169	179	0.62223
169	180	0.599732
170	20	0.79932
170	37	0.648553
170	39	4.26778
170	55	0.67702
170	61	0.711132
170	64	0.621561
170	69	0.762406
170	70	0.705424
170	82	6.8931
170	94	3.12693
170	96	0.711938
170	106	0.738453
170	107	0.664737
170	108	0.731067
170	109	0.620675
170	112	0.653789
170	113	0.626219
170	116	0.648537
170	117	4.06735
170	118	6.84484
170	120	0.657923
170	121	0.715068
170	123	0.676371
170	128	0.713359
170	129	0.662779
170	132	0.693053
170	133	0.693304
170	134	0.680351
170	135	0.684885
170	136	0.622676
170	139	0.63998
170	140	0.642864
170	141	0.668033
170	142	0.712036
170	143	0.65887
170	144	0.614157
170	145	0.683226
170	147	0.606816
170	148	0.648944
170	151	0.64421
170	152	0.64271
170	154	0.701493
170	155	0.624984
170	157	0.664098
170	158	0.62626
170	159	0.653357
170	160	0.618442
170	161	0.629121
170	162	0.601266
170	163	0.598237
170	164	0.630913
170	165	0.604785
170	167	0.620936
170	169	0.621288
170	171	0.622284
170	172	0.580574
170	173	0.587412
170	174	0.591876
170	175	0.598467
170	176	0.563464
170	177	0.597316
170	179	0.601607
170	180	0.579109
171	15	5.18842
171	16	0.737287
171	20	0.820939
171	24	4.62352
171	38	3.86534
171	55	0.69864
171	57	0.667766
171	58	0.63332
171	60	3.72837
171	61	0.732751
171	64	0.643181
171	70	0.727043
171	79	4.86043
171	86	0.609659
171	96	0.733558
171	104	0.677953
171	106	0.760073
171	107	0.686356
171	108	0.752686
171	109	0.642294
171	110	0.660827
171	112	0.675409
171	113	0.647838
171	115	0.710421
171	116	0.670156
171	117	1.58854
171	120	0.679543
171	121	0.736687
171	122	3.97614
171	123	0.69799
171	127	0.686542
171	128	0.734979
171	129	0.684398
171	132	0.714673
171	134	0.70197
171	135	0.706505
171	136	0.644295
171	137	0.67882
171	138	3.36925
171	140	0.664483
171	141	0.689653
171	142	0.733656
171	143	0.68049
171	144	0.635777
171	145	0.704846
171	146	0.695984
171	147	0.628436
171	148	0.670564
171	150	0.632547
171	151	0.66583
171	152	0.664329
171	153	0.630445
171	154	0.723113
171	155	0.646603
171	156	0.663006
171	157	0.685717
171	158	0.64788
171	159	0.674977
171	160	0.640062
171	161	0.650741
171	162	0.622886
171	163	0.619856
171	164	0.652533
171	165	0.626404
171	166	0.687899
171	167	0.642556
171	168	0.625291
171	169	0.642908
171	170	0.622284
171	172	0.602194
171	173	0.609031
171	174	0.613495
171	175	0.620087
171	176	0.585084
171	177	0.618935
171	178	0.609466
171	179	0.623226
171	180	0.600728
172	1	12.0203
172	64	0.601471
172	67	0.673294
172	68	0.743403
172	69	0.742316
172	86	0.567949
172	87	0.664373
172	94	7.91966
172	96	0.691848
172	104	0.636243
172	106	0.718363
172	107	0.644647
172	108	0.710976
172	109	0.600584
172	110	0.619117
172	112	0.633699
172	113	0.606128
172	115	0.668712
172	116	0.628447
172	117	8.86008
172	120	0.637833
172	121	0.694977
172	123	0.656281
172	127	0.644832
172	129	0.642689
172	130	0.597249
172	131	0.602151
172	132	0.672963
172	133	0.673213
172	134	0.660261
172	135	0.664795
172	136	0.602585
172	139	0.61989
172	140	0.622774
172	141	0.647943
172	142	0.691946
172	143	0.63878
172	144	0.594067
172	145	0.663136
172	146	0.654274
172	147	0.586726
172	148	0.628854
172	149	0.629037
172	150	0.590837
172	151	0.62412
172	152	0.622619
172	153	0.588735
172	154	0.681403
172	155	0.604894
172	156	0.621296
172	157	0.644008
172	158	0.60617
172	159	0.633267
172	160	0.598352
172	162	0.581176
172	163	0.578146
172	164	0.610823
172	165	0.584695
172	166	0.646189
172	167	0.600846
172	168	0.583581
172	169	0.601198
172	170	0.580574
172	171	0.602194
172	173	0.567322
172	174	0.571786
172	175	0.578377
172	176	0.543374
172	177	0.577226
172	178	0.567757
172	179	0.581516
172	180	0.559019
173	2	0.526979
173	3	0.651117
173	4	0.645921
173	15	0.646921
173	27	0.721313
173	28	0.638212
173	29	0.680956
173	30	0.629682
173	37	0.6353
173	38	0.667634
173	39	0.671738
173	43	0.684576
173	46	0.668828
173	47	0.668115
173	48	0.667531
173	52	0.643729
173	56	0.704363
173	57	0.632893
173	59	0.638121
173	62	0.698954
173	64	0.608309
173	66	0.684168
173	83	6.67028
173	93	8.31494
173	96	0.698685
173	113	0.612966
173	119	0.65501
173	124	8.21479
173	125	0.729545
173	126	0.665156
173	131	0.608988
173	132	0.6798
173	133	0.680051
173	134	0.667098
173	136	0.609423
173	147	0.593563
173	150	0.597675
173	151	0.630957
173	152	0.629457
173	154	0.68824
173	155	0.611731
173	159	0.640105
173	160	0.605189
173	163	0.584984
173	164	0.61766
173	165	0.591532
173	167	0.607683
173	168	0.590419
173	170	0.587412
173	171	0.609031
173	172	0.567322
173	174	0.578623
173	175	0.585214
173	176	0.550211
173	177	0.584063
173	178	0.574594
173	179	0.588354
173	180	0.565856
174	14	7.09415
174	16	0.706879
174	22	6.13207
174	36	6.84884
174	37	0.639764
174	55	0.668231
174	58	0.602912
174	61	0.702343
174	64	0.612773
174	67	0.684596
174	68	0.754704
174	69	0.753617
174	70	0.696635
174	71	4.05251
174	87	0.675674
174	96	0.703149
174	104	0.647544
174	106	0.729664
174	107	0.655948
174	108	0.722278
174	109	0.611886
174	110	0.630418
174	112	0.645
174	113	0.61743
174	116	0.639748
174	120	0.649134
174	121	0.706279
174	123	0.667582
174	127	0.656133
174	128	0.70457
174	129	0.65399
174	130	0.60855
174	132	0.684264
174	133	0.684515
174	134	0.671562
174	135	0.676096
174	136	0.613887
174	137	0.648411
174	138	7.47243
174	139	0.631191
174	140	0.634075
174	141	0.659244
174	142	0.703247
174	143	0.650081
174	144	0.605369
174	145	0.674437
174	146	0.665575
174	147	0.598027
174	148	0.640155
174	149	0.640338
174	150	0.602139
174	151	0.635421
174	152	0.633921
174	153	0.600037
174	155	0.616195
174	156	0.632597
174	157	0.655309
174	158	0.617471
174	159	0.644569
174	160	0.609653
174	161	0.620332
174	162	0.592477
174	163	0.589448
174	164	0.622124
174	165	0.595996
174	166	0.65749
174	167	0.612147
174	168	0.594883
174	169	0.612499
174	170	0.591876
174	171	0.613495
174	172	0.571786
174	173	0.578623
174	175	0.589678
174	176	0.554675
174	177	0.588527
174	178	0.579058
174	179	0.592818
174	180	0.57032
175	1	6.88282
175	20	0.797122
175	37	0.646355
175	49	4.48854
175	55	0.674823
175	58	0.609504
175	61	0.708934
175	64	0.619364
175	65	0.631173
175	68	0.761296
175	69	0.760208
175	70	0.703226
175	75	6.20569
175	83	3.37814
175	86	0.585842
175	87	0.682266
175	95	6.08291
175	96	0.709741
175	103	5.7619
175	104	0.654136
175	106	0.736256
175	107	0.662539
175	108	0.728869
175	109	0.618477
175	110	0.63701
175	112	0.651592
175	113	0.624021
175	116	0.64634
175	120	0.655726
175	121	0.71287
175	123	0.674173
175	127	0.662725
175	128	0.711162
175	129	0.660581
175	130	0.615142
175	131	0.620044
175	132	0.690856
175	133	0.691106
175	134	0.678154
175	135	0.682688
175	136	0.620478
175	137	0.655003
175	139	0.637783
175	140	0.640667
175	141	0.665836
175	142	0.709839
175	143	0.656673
175	144	0.61196
175	145	0.681029
175	146	0.672167
175	147	0.604619
175	148	0.646747
175	149	0.646929
175	151	0.642013
175	152	0.640512
175	153	0.606628
175	154	0.699296
175	155	0.622786
175	156	0.639189
175	157	0.6619
175	158	0.624063
175	159	0.65116
175	160	0.616245
175	161	0.626924
175	162	0.599069
175	163	0.596039
175	164	0.628716
175	165	0.602588
175	166	0.664082
175	167	0.618739
175	168	0.601474
175	169	0.619091
175	170	0.598467
175	171	0.620087
175	172	0.578377
175	173	0.585214
175	174	0.589678
175	176	0.561267
175	177	0.595118
175	178	0.585649
175	179	0.599409
175	180	0.576911
176	9	14.8852
176	16	0.678467
176	20	0.762119
176	37	0.611352
176	55	0.63982
176	57	0.608946
176	58	0.5745
176	59	17.5148
176	61	0.673931
176	64	0.584361
176	65	0.59617
176	67	0.656184
176	68	0.726293
176	69	0.725205
176	70	0.668223
176	87	0.647263
176	96	0.674738
176	104	0.619133
176	106	0.701253
176	107	0.627536
176	108	0.693866
176	109	0.583474
176	110	0.602007
176	112	0.616589
176	113	0.589018
176	115	0.651601
176	116	0.611336
176	120	0.620723
176	121	0.677867
176	123	0.63917
176	127	0.627722
176	128	0.676159
176	129	0.625578
176	130	0.580139
176	131	0.585041
176	132	0.655853
176	133	0.656103
176	134	0.64315
176	135	0.647685
176	136	0.585475
176	137	0.62
176	139	0.60278
176	140	0.605663
176	141	0.630833
176	142	0.674836
176	143	0.62167
176	144	0.576957
176	145	0.646026
176	146	0.637164
176	147	0.569616
176	148	0.611744
176	149	0.611926
176	150	0.573727
176	151	0.60701
176	152	0.605509
176	153	0.571625
176	154	0.664293
176	155	0.587783
176	156	0.604186
176	157	0.626897
176	158	0.58906
176	159	0.616157
176	160	0.581242
176	162	0.564066
176	163	0.561036
176	164	0.593713
176	165	0.567584
176	166	0.629079
176	167	0.583736
176	168	0.566471
176	169	0.584088
176	170	0.563464
176	171	0.585084
176	172	0.543374
176	173	0.550211
176	174	0.554675
176	175	0.561267
176	177	0.560115
176	178	0.550646
176	179	0.564406
176	180	0.541908
177	16	0.712319
177	20	0.795971
177	29	6.39572
177	37	0.645204
177	39	4.64304
177	40	6.17116
177	48	4.83724
177	55	0.673671
177	57	0.642797
177	58	0.608352
177	61	0.707783
177	62	6.07012
177	64	0.618213
177	65	0.630021
177	66	5.88273
177	69	0.759057
177	70	0.702075
177	86	0.58469
177	87	0.681114
177	96	0.708589
177	104	0.652984
177	106	0.735104
177	107	0.661388
177	108	0.727718
177	109	0.617326
177	110	0.635858
177	112	0.65044
177	113	0.62287
177	115	0.685453
177	116	0.645188
177	120	0.654574
177	121	0.711719
177	123	0.673022
177	127	0.661573
177	128	0.71001
177	129	0.65943
177	130	0.61399
177	131	0.618892
177	132	0.689704
177	133	0.689955
177	134	0.677002
177	135	0.681536
177	136	0.619327
177	137	0.653851
177	139	0.636631
177	140	0.639515
177	141	0.664684
177	142	0.708687
177	143	0.655521
177	144	0.610809
177	145	0.679877
177	146	0.671015
177	147	0.603467
177	148	0.645595
177	149	0.645778
177	150	0.607579
177	151	0.640861
177	152	0.639361
177	153	0.605477
177	154	0.698144
177	155	0.621635
177	156	0.638037
177	157	0.660749
177	158	0.622911
177	159	0.650009
177	160	0.615093
177	161	0.625772
177	162	0.597917
177	163	0.594888
177	164	0.627564
177	165	0.601436
177	166	0.66293
177	167	0.617587
177	168	0.600323
177	169	0.617939
177	170	0.597316
177	171	0.618935
177	172	0.577226
177	173	0.584063
177	174	0.588527
177	175	0.595118
177	176	0.560115
177	178	0.584498
177	179	0.598258
177	180	0.57576
178	2	0.527414
178	3	0.651552
178	4	0.646356
178	15	0.647356
178	19	5.80456
178	27	0.721748
178	28	0.638647
178	30	0.630117
178	43	0.685011
178	48	4.6572
178	51	4.82924
178	56	5.27518
178	57	0.633328
178	67	0.680567
178	73	0.645294
178	74	1.59036
178	78	4.8985
178	81	0.673234
178	82	0.678183
178	86	0.575221
178	88	0.712579
178	90	0.719769
178	91	0.697847
178	92	0.656162
178	93	0.693274
178	97	0.635135
178	101	0.669346
178	105	0.667468
178	106	0.725636
178	110	0.626389
178	111	0.6674
178	114	0.663289
178	117	0.689
178	118	0.686202
178	119	0.655445
178	124	0.67713
178	125	4.53532
178	126	0.665591
178	129	0.649961
178	130	0.604521
178	131	0.609423
178	132	0.680235
178	134	0.667533
178	135	0.672067
178	138	0.6606
178	140	0.630046
178	142	0.699218
178	143	0.646052
178	144	0.60134
178	146	0.661546
178	150	0.59811
178	151	0.631392
178	153	0.596008
178	154	0.688675
178	156	0.628568
178	158	0.613442
178	159	0.64054
178	160	0.605624
178	161	0.616303
178	162	0.588448
178	164	0.618095
178	165	0.591967
178	166	0.653461
178	167	0.608118
178	168	0.590854
178	169	0.60847
178	171	0.609466
178	172	0.567757
178	173	0.574594
178	174	0.579058
178	175	0.585649
178	176	0.550646
178	177	0.584498
178	179	0.588789
178	180	0.566291
179	7	3.6205
179	16	0.71661
179	20	0.800262
179	30	6.77709
179	37	0.649495
179	43	5.13713
179	55	0.677962
179	57	0.647088
179	58	0.612643
179	59	7.35456
179	61	0.712074
179	64	0.622503
179	65	0.634312
179	67	0.694326
179	68	0.764435
179	69	0.763348
179	70	0.706366
179	84	2.81919
179	86	0.588981
179	87	0.685405
179	89	4.08981
179	96	0.71288
179	103	5.40171
179	104	0.657275
179	106	0.739395
179	107	0.665679
179	108	0.732009
179	109	0.621617
179	110	0.640149
179	112	0.654731
179	113	0.62716
179	115	0.689744
179	116	0.649479
179	120	0.658865
179	121	0.71601
179	123	0.677313
179	127	0.665864
179	128	0.714301
179	129	0.663721
179	130	0.618281
179	131	0.623183
179	132	0.693995
179	133	0.694246
179	134	0.681293
179	135	0.685827
179	136	0.623618
179	137	0.658142
179	139	0.640922
179	140	0.643806
179	141	0.668975
179	142	0.712978
179	143	0.659812
179	144	0.615099
179	145	0.684168
179	146	0.675306
179	147	0.607758
179	148	0.649886
179	149	0.650069
179	150	0.61187
179	151	0.645152
179	152	0.643652
179	153	0.609767
179	154	0.702435
179	155	0.625926
179	156	0.642328
179	157	0.66504
179	158	0.627202
179	159	0.654299
179	160	0.619384
179	161	0.630063
179	162	0.602208
179	163	0.599178
179	164	0.631855
179	165	0.605727
179	166	0.667221
179	167	0.621878
179	168	0.604613
179	169	0.62223
179	170	0.601607
179	171	0.623226
179	172	0.581516
179	173	0.588354
179	174	0.592818
179	175	0.599409
179	176	0.564406
179	177	0.598258
179	178	0.588789
179	180	0.580051
180	2	10.2096
180	16	0.694112
180	20	0.777764
180	37	0.626997
180	45	8.0124
180	55	0.655464
180	57	0.62459
180	58	0.590145
180	61	0.689576
180	64	0.600006
180	65	0.611814
180	67	0.671829
180	68	0.741937
180	69	0.74085
180	70	0.683868
180	74	7.50268
180	84	8.27529
180	86	0.566483
180	87	0.662907
180	96	0.690382
180	104	0.634777
180	106	0.716897
180	107	0.643181
180	108	0.709511
180	109	0.599119
180	110	0.617651
180	112	0.632234
180	113	0.604663
180	115	0.667246
180	116	0.626981
180	120	0.636367
180	121	0.693512
180	123	0.654815
180	127	0.643366
180	128	0.691803
180	129	0.641223
180	130	0.595783
180	131	0.600685
180	132	0.671497
180	133	0.671748
180	134	0.658795
180	135	0.663329
180	136	0.60112
180	137	0.635644
180	139	0.618424
180	140	0.621308
180	141	0.646477
180	142	0.69048
180	143	0.637314
180	144	0.592602
180	145	0.66167
180	146	0.652808
180	147	0.58526
180	148	0.627388
180	149	0.627571
180	150	0.589372
180	151	0.622654
180	152	0.621154
180	153	0.58727
180	154	0.679937
180	155	0.603428
180	156	0.61983
180	157	0.642542
180	158	0.604704
180	159	0.631802
180	160	0.596886
180	161	0.607565
180	162	0.57971
180	163	0.576681
180	164	0.609357
180	165	0.583229
180	166	0.644723
180	167	0.59938
180	168	0.582116
180	169	0.599732
180	170	0.579109
180	171	0.600728
180	172	0.559019
180	173	0.565856
180	174	0.57032
180	175	0.576911
180	176	0.541908
180	177	0.57576
180	178	0.566291
180	179	0.580051
