1	12	0.846312
1	24	0.743628
1	46	0.629235
1	81	1.16521
1	99	0.64736
1	125	1.15981
1	130	0.736268
1	165	1.17274
1	166	1.18033
1	167	1.21882
1	172	1.22884
1	175	1.27425
2	116	0.800826
2	155	1.21369
2	157	1.17534
2	160	1.21223
2	164	1.20604
2	165	1.17967
2	166	1.18727
2	167	1.22575
2	176	0.70236
2	177	0.741902
2	178	0.633411
2	180	0.729106
3	124	1.25037
3	126	1.1447
3	130	1.16192
3	132	1.1748
3	158	1.17948
3	159	0.744852
3	161	0.694048
3	163	0.719842
3	171	0.723028
3	172	1.22166
3	173	0.725985
3	175	1.26707
4	23	0.900557
4	36	1.11094
4	70	0.927976
4	113	1.03282
4	121	1.05141
4	123	0.87911
4	141	1.05769
4	151	1.0208
4	160	1.0475
4	169	1.03492
4	174	0.897005
4	180	1.04393
5	10	0.6842
5	108	1.20663
5	124	1.24585
5	126	1.14017
5	130	1.1574
5	132	1.17027
5	153	0.778256
5	155	0.731851
5	172	1.21714
5	173	0.70084
5	175	1.26255
5	177	0.707685
6	26	1.16329
6	101	1.17468
6	112	0.753686
6	133	1.18874
6	147	1.21498
6	151	1.18927
6	154	0.69965
6	156	0.715779
6	161	1.25664
6	173	0.715892
6	177	0.722737
6	180	1.2124
7	11	0.669445
7	117	0.682029
7	118	0.733118
7	125	0.773163
7	158	0.734657
7	162	1.18886
7	163	1.20746
7	168	1.18714
7	171	1.20733
7	174	1.19237
7	177	1.20514
7	179	1.2117
8	76	0.861329
8	119	1.10734
8	152	1.02517
8	153	1.04294
8	157	1.0242
8	160	1.06109
8	165	1.02853
8	166	1.03612
8	167	1.07461
8	171	0.923506
8	176	0.893767
8	179	0.928372
9	16	1.09517
9	43	1.11242
9	101	1.00102
9	110	0.964329
9	129	0.954336
9	136	1.02802
9	140	0.870192
9	142	1.04357
9	146	0.888363
9	161	1.08298
9	170	0.890572
9	176	1.0725
10	5	0.6842
10	39	0.806363
10	45	0.686667
10	148	1.21566
10	155	0.702722
10	159	1.19487
10	167	0.714122
10	170	1.1884
10	173	1.20335
10	174	1.18854
10	177	1.20131
10	179	1.20787
11	7	0.669445
11	35	0.829589
11	109	0.742665
11	124	1.25037
11	126	1.1447
11	130	1.16192
11	132	1.1748
11	158	1.17948
11	172	1.22166
11	174	0.695878
11	175	1.26707
11	176	0.665176
12	1	0.846312
12	96	0.916087
12	128	1.0545
12	148	1.06429
12	149	0.966657
12	162	1.03365
12	170	1.03702
12	171	1.05212
12	173	1.05198
12	175	0.866881
12	177	1.04994
12	179	1.0565
13	71	1.21771
13	72	0.735979
13	87	0.786009
13	151	1.18408
13	153	1.19263
13	162	0.711908
13	163	0.681088
13	165	1.17822
13	166	1.18581
13	172	1.23433
13	179	0.689139
13	180	1.20721
14	90	0.917015
14	123	0.883757
14	149	1.03078
14	152	1.02455
14	157	1.02358
14	164	1.05428
14	165	1.02791
14	166	1.0355
14	167	1.07399
14	173	0.903645
14	175	1.12942
14	180	0.897694
15	28	0.6256
15	54	1.18145
15	58	1.19212
15	93	1.13512
15	111	1.22332
15	116	0.797394
15	136	1.20266
15	142	1.2182
15	145	0.717875
15	174	0.72963
15	176	1.24713
15	177	0.73847
16	9	1.09517
16	24	1.17739
16	72	1.24197
16	101	1.19998
16	110	1.16329
16	129	0.775027
16	147	1.24028
16	148	0.686857
16	150	0.715183
16	161	1.28194
16	169	0.716392
16	177	0.711162
17	113	1.04455
17	131	1.05991
17	133	1.032
17	141	1.06943
17	151	1.03254
17	152	0.987464
17	160	1.05923
17	169	1.04666
17	174	0.901954
17	177	0.910794
17	178	0.802302
17	180	1.05567
18	57	1.19028
18	58	1.11834
18	61	0.844359
18	93	1.06134
18	95	1.13387
18	111	1.14953
18	113	0.788351
18	136	1.12887
18	140	0.739313
18	142	1.14442
18	143	0.748861
18	168	0.778144
18	176	1.17335
19	115	0.733444
19	130	1.10717
19	132	1.12005
19	133	0.835933
19	140	0.767927
19	152	1.10744
19	165	1.11081
19	166	1.1184
19	167	1.15689
19	170	0.788307
19	172	1.16691
19	174	0.779366
19	175	1.21232
20	63	0.699504
20	132	1.16823
20	138	0.756394
20	150	0.732081
20	155	1.193
20	160	1.19154
20	166	1.16658
20	167	1.20506
20	170	0.728161
20	172	1.21509
20	175	1.2605
20	176	0.688518
21	52	1.12925
21	95	1.14149
21	110	1.0728
21	111	1.15716
21	114	1.12979
21	128	0.786237
21	136	1.1365
21	142	1.15204
21	150	0.78057
21	163	0.763562
21	168	0.795102
21	169	0.78178
21	176	1.18097
22	75	1.15518
22	76	0.692839
22	80	0.892368
22	96	1.13839
22	133	1.11816
22	141	1.15559
22	147	0.825216
22	148	0.740514
22	151	1.1187
22	158	1.12676
22	160	1.14539
22	171	0.755016
22	180	1.14183
23	4	0.900557
23	65	0.818224
23	69	0.784377
23	129	1.10267
23	134	1.12839
23	135	1.12126
23	155	1.14571
23	165	1.1117
23	166	1.11929
23	167	1.15778
23	168	0.715306
23	175	1.21321
23	180	0.683958
24	1	0.743628
24	16	1.17739
24	43	1.19464
24	47	1.18423
24	72	1.12522
24	101	1.08324
24	110	1.04655
24	147	1.12353
24	150	0.797035
24	159	0.805036
24	161	1.1652
24	163	0.780027
24	180	0.780219
25	33	0.808177
25	53	1.08491
25	56	0.788326
25	61	1.03384
25	62	1.17015
25	63	1.17708
25	85	1.07336
25	88	1.15865
25	102	1.17226
25	164	0.777602
25	178	1.22975
25	179	0.770761
25	180	0.762902
26	6	1.16329
26	43	1.20585
26	47	1.19543
26	69	0.872959
26	70	1.07211
26	101	1.09444
26	104	0.75009
26	110	1.05775
26	147	1.13474
26	161	1.1764
26	169	0.790566
26	172	0.814358
26	178	0.676845
27	66	1.19609
27	83	1.10617
27	107	1.13975
27	111	1.13746
27	114	1.1101
27	136	1.1168
27	142	1.13235
27	145	0.765496
27	146	0.783983
27	169	0.791321
27	176	1.16128
27	177	0.786091
27	179	0.781154
28	15	0.6256
28	78	0.607231
28	130	0.672786
28	146	1.29021
28	147	0.649569
28	156	1.28864
28	165	0.666107
28	166	0.672881
28	173	1.29859
28	174	1.28378
28	176	1.33913
28	177	1.29655
28	179	1.30311
29	94	0.76222
29	115	1.1841
29	133	0.787104
29	136	0.769291
29	140	1.14651
29	142	0.768024
29	158	0.807266
29	159	1.12293
29	168	1.11138
29	171	1.13156
29	177	1.12938
29	179	1.13593
29	180	1.1382
30	49	1.05727
30	50	1.14406
30	66	0.744312
30	94	1.13849
30	97	0.783234
30	126	1.1027
30	130	1.11993
30	132	1.1328
30	159	0.79921
30	164	0.789092
30	170	0.78729
30	172	1.17967
30	175	1.22507
31	39	1.0169
31	42	1.20327
31	74	1.03773
31	85	1.10143
31	88	1.18671
31	102	1.20032
31	103	0.744158
31	105	1.09582
31	145	0.781848
31	163	0.789456
31	173	0.795598
31	178	1.25782
31	179	0.797506
32	99	0.799756
32	117	1.17709
32	149	1.11438
32	155	1.14553
32	157	1.10718
32	165	1.11151
32	166	1.1191
32	167	1.15759
32	168	0.823603
32	171	0.795248
32	172	1.16762
32	178	0.696559
32	180	0.792254
33	25	0.808177
33	47	1.18924
33	78	0.752579
33	98	0.788853
33	101	1.08824
33	102	0.720349
33	139	1.16393
33	147	1.12854
33	157	0.823922
33	161	1.1702
33	169	1.11696
33	173	1.11918
33	179	1.1237
34	68	1.08271
34	71	1.15666
34	90	1.1835
34	127	1.13969
34	137	0.767721
34	151	1.12303
34	154	0.785159
34	158	1.13109
34	167	0.843812
34	169	1.13715
34	177	0.808245
34	178	0.699754
34	180	1.14616
35	11	0.829589
35	53	0.826977
35	73	1.11623
35	111	0.83329
35	139	1.12814
35	142	0.85556
35	155	0.851078
35	164	1.08755
35	168	1.06335
35	171	1.08353
35	173	1.08339
35	174	1.06857
35	177	1.08135
35	179	1.0879
36	4	1.11094
36	82	0.622161
36	97	1.23204
36	122	1.24997
36	127	1.24182
36	131	1.25253
36	138	0.714232
36	151	1.22515
36	162	0.703731
36	166	0.769608
36	169	1.23928
36	172	0.714921
36	174	0.677059
36	180	1.24828
37	42	1.14086
37	53	1.05056
37	61	0.999489
37	63	1.14274
37	74	0.975325
37	88	1.1243
37	102	1.13791
37	105	1.03341
37	119	0.806438
37	126	0.897405
37	130	0.901595
37	139	0.757942
37	162	0.835813
37	178	1.19541
38	115	0.816273
38	136	0.900949
38	149	1.0711
38	152	1.06487
38	153	1.08264
38	155	1.10225
38	157	1.0639
38	160	1.10079
38	166	1.07582
38	167	1.11431
38	172	1.12433
38	178	0.762544
38	179	0.866098
38	180	0.858239
39	10	0.806363
39	31	1.0169
39	41	1.13129
39	59	1.03911
39	62	1.12614
39	63	1.13307
39	85	1.02935
39	88	1.11464
39	105	1.02375
39	120	0.947213
39	144	0.827406
39	164	0.831751
39	176	0.790306
39	178	1.18575
40	92	0.684335
40	138	0.744475
40	140	0.695863
40	148	0.691837
40	149	1.21571
40	152	1.20948
40	153	1.22725
40	155	1.24686
40	157	1.20851
40	165	1.21284
40	166	1.22043
40	167	1.25892
40	176	0.6766
40	177	0.716142
41	39	1.13129
41	53	1.22736
41	61	1.17629
41	74	1.15212
41	85	1.21582
41	92	0.67145
41	102	1.31471
41	104	0.668011
41	105	1.21021
41	112	0.734206
41	155	0.727423
41	169	0.708487
41	178	1.37221
41	179	0.69832
42	31	1.20327
42	37	1.14086
42	47	0.703914
42	53	1.22727
42	61	1.1762
42	62	1.31252
42	74	1.15204
42	85	1.21573
42	128	0.710862
42	138	0.729509
42	164	0.703079
42	176	0.661633
42	178	1.37212
42	179	0.696238
43	9	1.11242
43	24	1.19464
43	26	1.20585
43	47	1.31823
43	60	0.605515
43	70	1.1949
43	101	1.21723
43	103	0.680859
43	140	0.718865
43	146	0.737036
43	147	1.25753
43	161	1.29919
43	170	0.739245
43	171	0.729342
44	47	0.637088
44	81	0.724938
44	100	0.765846
44	132	0.6909
44	134	0.70173
44	140	1.23396
44	145	1.2396
44	167	0.669915
44	170	1.20391
44	173	1.21886
44	174	1.20405
44	176	1.25941
44	177	1.21683
44	179	1.22338
45	10	0.686667
45	55	1.2059
45	94	1.2182
45	123	0.683418
45	126	1.18241
45	130	1.19963
45	132	1.21251
45	144	0.707711
45	145	0.689557
45	158	1.21719
45	164	0.712056
45	168	0.728704
45	172	1.25937
45	175	1.30478
46	1	0.629235
46	114	0.739501
46	143	0.667891
46	147	0.739019
46	148	1.23957
46	157	0.768024
46	162	1.20893
46	163	1.22753
46	170	1.2123
46	171	1.2274
46	173	1.22726
46	175	0.649805
46	177	1.22522
46	179	1.23178
47	24	1.18423
47	26	1.19543
47	33	1.18924
47	42	0.703914
47	43	1.31823
47	44	0.637088
47	69	0.792403
47	101	1.20682
47	110	1.17014
47	146	0.702672
47	147	1.24712
47	161	1.28878
47	176	0.665238
47	177	0.70478
48	69	0.778892
48	75	1.22785
48	84	1.2995
48	96	1.21106
48	121	1.22197
48	141	1.22826
48	151	1.19137
48	153	0.76184
48	162	0.709101
48	169	1.20549
48	174	0.682429
48	177	0.691269
48	178	0.582778
48	180	1.2145
49	30	1.05727
49	108	1.1026
49	124	1.14182
49	126	1.03614
49	130	1.05337
49	131	0.847702
49	132	1.06625
49	148	0.797648
49	149	0.89291
49	158	1.07093
49	168	0.840505
49	172	1.11311
49	175	1.15852
49	177	0.821952
50	30	1.14406
50	56	0.764556
50	67	1.10829
50	79	0.777207
50	124	1.22861
50	126	1.12293
50	130	1.14016
50	132	1.15303
50	139	0.691889
50	154	0.728841
50	158	1.15772
50	160	0.792955
50	172	1.1999
50	175	1.24531
50	179	0.746991
51	73	0.724164
51	94	1.14808
51	108	1.17875
51	118	0.819068
51	124	1.21797
51	126	1.11229
51	130	1.12952
51	132	1.14239
51	158	1.14708
51	161	0.713936
51	169	0.757948
51	172	1.18926
51	174	0.743879
51	175	1.23467
51	179	0.747781
52	21	1.12925
52	58	1.14206
52	66	1.23188
52	95	1.15758
52	107	1.17554
52	114	1.14589
52	136	1.15259
52	137	0.753552
52	139	0.734038
52	140	0.773798
52	142	1.16814
52	170	0.794178
52	175	0.76526
52	176	1.19707
52	178	0.685586
53	25	1.08491
53	35	0.826977
53	37	1.05056
53	41	1.22736
53	42	1.22727
53	62	1.22221
53	74	1.06173
53	102	1.22432
53	105	1.11982
53	135	0.763401
53	162	0.719938
53	164	0.704009
53	166	0.785815
53	170	0.702207
53	178	1.28182
54	15	1.18145
54	60	1.27749
54	82	0.679892
54	83	1.128
54	95	1.14363
54	107	1.16159
54	114	1.13193
54	136	1.13863
54	142	1.15418
54	156	0.736671
54	160	0.784656
54	165	0.820565
54	169	0.74886
54	176	1.18311
54	180	0.730833
55	45	1.2059
55	89	0.821862
55	99	0.70996
55	108	1.17152
55	116	0.774178
55	124	1.21074
55	126	1.10507
55	130	1.12229
55	132	1.13517
55	158	1.13985
55	162	0.733086
55	165	0.792189
55	172	1.18203
55	175	1.22744
55	176	0.675712
56	25	0.788326
56	50	0.764556
56	61	0.799436
56	84	0.66196
56	97	0.710715
56	132	0.77122
56	157	1.14811
56	165	1.15245
56	166	1.16004
56	167	1.19852
56	168	1.15461
56	173	1.17465
56	174	1.15984
56	177	1.17261
56	179	1.17917
57	18	1.19028
57	60	1.36011
57	93	1.15372
57	104	0.663887
57	110	1.15756
57	114	1.21455
57	136	1.22125
57	138	0.727467
57	142	1.2368
57	158	0.767022
57	161	0.660351
57	164	0.701037
57	176	1.26573
57	180	0.686337
58	15	1.19212
58	18	1.11834
58	52	1.14206
58	66	1.2286
58	83	1.13867
58	99	0.749975
58	107	1.17226
58	136	1.14931
58	142	1.16485
58	145	0.734675
58	164	0.757173
58	168	0.773822
58	171	0.745467
58	173	0.748424
58	176	1.19378
59	39	1.03911
59	62	1.22043
59	63	1.22736
59	74	1.05995
59	85	1.12364
59	88	1.20893
59	102	1.22253
59	105	1.11803
59	125	0.84888
59	144	0.740045
59	150	0.746506
59	161	0.703703
59	163	0.729498
59	178	1.28003
59	179	0.737549
60	43	0.605515
60	54	1.27749
60	57	1.36011
60	99	1.2878
60	118	0.634761
60	120	0.685777
60	142	1.31425
60	147	0.628809
60	149	0.63937
60	153	0.638983
60	157	0.657813
60	176	1.34318
60	177	1.30059
60	179	1.30715
60	180	1.30942
61	18	0.844359
61	25	1.03384
61	37	0.999489
61	41	1.17629
61	42	1.1762
61	56	0.799436
61	62	1.17114
61	74	1.01066
61	88	1.15964
61	102	1.17325
61	105	1.06875
61	122	0.821078
61	159	0.79883
61	161	0.748026
61	169	0.792038
61	178	1.23074
62	25	1.17015
62	39	1.12614
62	42	1.31252
62	53	1.22221
62	59	1.22043
62	61	1.17114
62	63	1.31439
62	88	1.29596
62	137	0.634686
62	162	0.693043
62	165	0.752147
62	166	0.75892
62	173	0.668366
62	176	0.63567
62	178	1.36706
62	180	0.662415
63	20	0.699504
63	25	1.17708
63	37	1.14274
63	39	1.13307
63	59	1.22736
63	62	1.31439
63	88	1.30289
63	102	1.3165
63	105	1.21199
63	145	0.652891
63	150	0.677506
63	159	0.685507
63	166	0.757195
63	170	0.673587
63	178	1.37399
63	180	0.660689
64	69	1.0711
64	78	0.770674
64	113	0.781374
64	129	0.81648
64	138	1.10992
64	149	0.823573
64	150	1.10797
64	153	0.823186
64	154	1.12857
64	155	0.77678
64	168	1.09382
64	171	1.114
64	173	1.11386
64	174	1.09904
64	178	1.24334
64	179	1.11837
65	23	0.818224
65	96	1.12121
65	98	1.11557
65	122	1.12634
65	127	1.11818
65	131	1.12889
65	139	0.763472
65	141	1.13841
65	151	1.10152
65	156	0.816553
65	158	1.10958
65	163	0.810523
65	169	1.11564
65	174	0.814671
65	176	0.783969
65	180	1.12465
66	27	1.19609
66	30	0.744312
66	52	1.23188
66	58	1.2286
66	86	0.748265
66	95	1.24413
66	107	1.26209
66	111	1.25979
66	117	0.674424
66	136	1.23913
66	142	1.25468
66	150	0.663185
66	164	0.661068
66	173	0.652319
66	176	1.28361
66	177	0.659164
67	50	1.10829
67	82	0.731124
67	94	1.10272
67	108	1.13338
67	110	0.90645
67	124	1.1726
67	126	1.06693
67	130	1.08415
67	132	1.09703
67	144	0.792421
67	158	1.10171
67	169	0.800092
67	172	1.14389
67	174	0.786023
67	175	1.1893
67	179	0.789925
68	34	1.08271
68	84	1.20283
68	92	0.781357
68	94	0.836007
68	113	1.10671
68	127	1.11136
68	131	1.12207
68	141	1.13159
68	151	1.0947
68	160	1.12139
68	164	0.815068
68	169	1.10882
68	170	0.813265
68	175	0.784347
68	176	0.773623
68	180	1.11783
69	23	0.784377
69	26	0.872959
69	47	0.792403
69	48	0.778892
69	64	1.0711
69	78	0.807723
69	139	1.1697
69	168	1.10491
69	170	1.10999
69	171	1.12509
69	173	1.12495
69	174	1.11014
69	175	0.760847
69	177	1.12291
69	179	1.12947
69	180	1.13174
70	4	0.927976
70	26	1.07211
70	43	1.1949
70	93	0.856674
70	101	1.08349
70	121	0.746316
70	147	1.12379
70	157	0.813575
70	161	1.16546
70	163	1.11471
70	171	1.11458
70	172	0.753195
70	174	1.09962
70	175	0.695356
70	177	1.11239
70	179	1.11895
71	13	1.21771
71	34	1.15666
71	84	1.27678
71	94	0.743576
71	97	1.17553
71	112	0.751682
71	127	1.18531
71	133	1.16811
71	151	1.16865
71	158	1.17671
71	164	0.722637
71	167	0.756299
71	168	0.739285
71	169	1.18277
71	171	0.710931
71	176	0.681191
71	180	1.19178
72	13	0.735979
72	16	1.24197
72	24	1.12522
72	83	1.16419
72	101	1.14781
72	103	0.685659
72	107	1.19777
72	111	1.19548
72	142	1.19037
72	146	0.741837
72	147	1.18811
72	161	1.22977
72	164	0.745848
72	171	0.734142
72	174	0.735105
72	176	1.2193
72	180	0.731148
73	35	1.11623
73	51	0.724164
73	117	0.688747
73	125	0.779881
73	143	0.662757
73	147	0.733885
73	149	0.744445
73	150	1.19466
73	159	1.19206
73	166	0.757196
73	168	1.18051
73	170	1.18559
73	173	1.20055
73	174	1.18573
73	176	1.24109
73	177	1.19851
73	179	1.20506
74	31	1.03773
74	37	0.975325
74	41	1.15212
74	42	1.15204
74	53	1.06173
74	59	1.05995
74	61	1.01066
74	85	1.05019
74	102	1.14909
74	105	1.04458
74	150	0.867867
74	154	0.84076
74	161	0.825064
74	169	0.869077
74	174	0.855007
74	178	1.20658
74	180	0.85105
75	22	1.15518
75	48	1.22785
75	82	0.680913
75	98	1.18555
75	111	0.751029
75	121	1.20211
75	128	0.754338
75	133	1.17097
75	141	1.20839
75	143	0.73392
75	146	0.742543
75	151	1.1715
75	160	1.1982
75	169	1.18562
75	174	0.735811
75	176	0.705109
75	180	1.19463
76	8	0.861329
76	22	0.692839
76	100	0.761558
76	123	1.16752
76	126	0.709485
76	152	0.706732
76	153	0.700632
76	154	1.21126
76	156	1.18659
76	162	1.17822
76	163	1.19682
76	164	1.20071
76	170	1.18159
76	172	0.659083
76	174	1.18173
76	177	1.19451
76	179	1.20106
77	99	0.867652
77	111	0.879324
77	125	1.04991
77	134	1.07953
77	135	1.0724
77	137	0.832421
77	139	0.812906
77	148	0.848641
77	149	1.06571
77	152	1.05947
77	153	1.07725
77	164	1.0892
77	165	1.06284
77	166	1.07043
77	167	1.10892
77	173	0.8661
77	175	1.16435
78	28	0.607231
78	33	0.752579
78	64	0.770674
78	69	0.807723
78	84	1.26312
78	90	1.21546
78	113	1.167
78	121	1.18559
78	122	1.1798
78	131	1.18236
78	139	0.660061
78	141	1.19188
78	151	1.15499
78	153	0.790671
78	160	1.18168
78	173	0.713255
78	180	1.17812
79	50	0.777207
79	92	0.695512
79	109	1.20451
79	135	1.17432
79	149	1.16763
79	152	1.16139
79	153	1.17917
79	155	1.19877
79	165	1.16476
79	166	1.17235
79	167	1.21084
79	168	0.745872
79	169	0.73255
79	171	0.717517
79	174	0.71848
79	175	1.26627
79	179	0.722383
80	22	0.892368
80	113	0.85835
80	115	1.12729
80	122	0.863861
80	136	0.859504
80	140	1.0897
80	143	0.81886
80	156	1.06465
80	159	1.06612
80	163	1.07488
80	168	1.05456
80	173	1.0746
80	175	0.800773
80	176	1.11514
80	177	1.07256
80	179	1.07912
80	180	1.08139
81	1	1.16521
81	44	0.724938
81	103	0.734346
81	106	0.787625
81	119	1.19457
81	134	1.13245
81	136	0.822544
81	140	0.772352
81	149	1.11863
81	153	1.13017
81	155	1.14977
81	157	1.11143
81	160	1.14832
81	161	0.753848
81	165	1.11576
81	167	1.16184
81	168	0.811183
81	172	1.17186
82	36	0.622161
82	54	0.679892
82	67	0.731124
82	75	0.680913
82	89	0.744912
82	122	0.672574
82	135	1.25279
82	143	1.30416
82	149	1.24609
82	152	1.23986
82	153	1.25763
82	155	1.27724
82	157	1.23889
82	165	1.24322
82	166	1.25082
82	167	1.2893
82	170	0.638404
82	179	0.633367
83	27	1.10617
83	54	1.128
83	58	1.13867
83	72	1.16419
83	93	1.08167
83	95	1.1542
83	106	1.17696
83	114	1.1425
83	120	0.871596
83	136	1.14921
83	142	1.16475
83	146	0.752123
83	164	0.756135
83	172	0.783253
83	174	0.745391
83	176	1.19368
83	177	0.754231
83	180	0.741435
84	48	1.2995
84	56	0.66196
84	68	1.20283
84	71	1.27678
84	78	1.26312
84	87	0.741266
84	113	1.25517
84	131	1.27052
84	133	1.24261
84	141	1.28004
84	147	0.709729
84	151	1.24315
84	153	0.719903
84	159	0.661354
84	161	0.61055
84	164	0.651236
84	177	0.649332
84	180	1.26628
85	25	1.07336
85	31	1.10143
85	39	1.02935
85	41	1.21582
85	42	1.21573
85	59	1.12364
85	74	1.05019
85	88	1.19917
85	95	0.799268
85	102	1.21278
85	105	1.10827
85	154	0.745689
85	161	0.729993
85	165	0.845711
85	170	0.768877
85	174	0.759936
85	178	1.27027
85	180	0.755979
86	66	0.748265
86	134	1.13768
86	141	0.811533
86	147	1.15255
86	149	1.12386
86	152	1.11762
86	153	1.1354
86	157	1.11666
86	159	0.803163
86	163	0.778154
86	165	1.12099
86	166	1.12858
86	167	1.16707
86	170	0.791243
86	172	1.17709
86	175	1.2225
86	177	0.791141
86	178	0.68265
87	13	0.786009
87	84	0.741266
87	112	1.09029
87	124	0.779911
87	126	0.873398
87	137	1.11434
87	145	1.11904
87	150	1.09241
87	151	0.848307
87	160	0.835001
87	163	1.09858
87	167	0.829541
87	168	1.07826
87	171	1.09844
87	173	1.0983
87	174	1.08349
87	177	1.09626
87	178	1.22778
87	179	1.10282
88	25	1.15865
88	31	1.18671
88	37	1.1243
88	39	1.11464
88	59	1.20893
88	61	1.15964
88	62	1.29596
88	63	1.30289
88	85	1.19917
88	105	1.19356
88	106	0.687596
88	138	0.720935
88	146	0.690494
88	160	0.733628
88	163	0.679614
88	166	0.776311
88	167	0.728168
88	178	1.35556
88	179	0.687665
89	55	0.821862
89	82	0.744912
89	96	0.829038
89	97	0.804695
89	99	1.07932
89	139	1.13891
89	140	1.10925
89	141	0.829041
89	150	1.08827
89	154	1.10887
89	156	1.0842
89	163	1.09443
89	165	0.885585
89	173	1.09415
89	174	1.07934
89	175	0.779832
89	178	1.22364
89	179	1.09867
89	180	1.10094
90	14	0.917015
90	34	1.1835
90	78	1.21546
90	91	0.789286
90	98	1.20954
90	103	0.65028
90	121	1.2261
90	122	1.22031
90	131	1.22286
90	133	1.19496
90	150	0.712586
90	151	1.19549
90	158	1.20355
90	161	0.669783
90	169	1.20961
90	176	0.669024
90	178	0.600074
90	179	0.703629
90	180	1.21862
91	90	0.789286
91	94	0.805604
91	117	0.798022
91	133	0.830488
91	143	0.772031
91	145	1.11961
91	146	1.09049
91	148	1.11118
91	157	0.872163
91	159	1.09038
91	160	0.823788
91	163	1.09914
91	168	1.07883
91	170	1.08391
91	171	1.09901
91	173	1.09887
91	177	1.09683
91	178	1.22835
91	179	1.10339
92	40	0.684335
92	41	0.67145
92	68	0.781357
92	79	0.695512
92	99	1.20302
92	101	0.756777
92	123	1.18882
92	127	0.722002
92	149	0.741192
92	162	1.19953
92	163	1.21813
92	168	1.19781
92	169	1.21563
92	171	1.21799
92	173	1.21785
92	174	1.20304
92	175	0.641417
92	177	1.21581
92	179	1.22237
93	15	1.13512
93	18	1.06134
93	57	1.15372
93	70	0.856674
93	83	1.08167
93	95	1.0973
93	97	0.830588
93	106	1.12007
93	107	1.11526
93	111	1.11297
93	114	1.0856
93	131	0.860292
93	136	1.09231
93	139	0.774503
93	142	1.10785
93	156	0.827584
93	173	0.827697
93	176	1.13678
93	178	0.726051
94	29	0.76222
94	30	1.13849
94	45	1.2182
94	51	1.14808
94	67	1.10272
94	68	0.836007
94	71	0.743576
94	91	0.805604
94	108	1.18382
94	124	1.22304
94	126	1.11737
94	130	1.13459
94	132	1.14747
94	156	0.717925
94	158	1.15215
94	169	0.730114
94	172	1.19433
94	175	1.23974
94	176	0.685342
94	177	0.724884
95	18	1.13387
95	21	1.14149
95	52	1.15758
95	54	1.14363
95	66	1.24413
95	83	1.1542
95	85	0.799268
95	93	1.0973
95	107	1.18779
95	108	0.761108
95	111	1.1855
95	123	0.7058
95	128	0.742221
95	130	0.816148
95	136	1.16483
95	142	1.18038
95	156	0.725576
95	164	0.734438
95	176	1.20931
95	180	0.719738
96	12	0.916087
96	22	1.13839
96	48	1.21106
96	65	1.12121
96	89	0.829038
96	97	1.16159
96	121	1.18531
96	122	1.17952
96	127	1.17137
96	131	1.18208
96	133	1.15417
96	151	1.15471
96	153	0.793001
96	154	0.699343
96	158	1.16277
96	168	0.740982
96	175	0.693612
96	178	0.613938
96	179	0.717493
96	180	1.17784
97	30	0.783234
97	36	1.23204
97	56	0.710715
97	71	1.17553
97	89	0.804695
97	93	0.830588
97	96	1.16159
97	121	1.1725
97	122	1.16672
97	127	1.15856
97	128	0.707774
97	133	1.14136
97	141	1.17879
97	151	1.1419
97	156	0.691128
97	158	1.14996
97	166	0.781796
97	169	1.15602
97	179	0.69315
97	180	1.16503
98	33	0.788853
98	65	1.11557
98	75	1.18555
98	90	1.20954
98	102	0.742203
98	113	1.16108
98	122	1.17388
98	127	1.16573
98	133	1.14853
98	135	0.817669
98	141	1.18596
98	148	0.732069
98	151	1.14907
98	158	1.15713
98	159	0.768395
98	160	1.17576
98	164	0.758278
98	173	0.749528
98	178	0.647882
98	180	1.1722
99	1	0.64736
99	32	0.799756
99	55	0.70996
99	58	0.749975
99	60	1.2878
99	77	0.867652
99	89	1.07932
99	92	1.20302
99	144	1.13178
99	156	1.14292
99	159	1.14438
99	162	1.13454
99	165	0.773682
99	166	0.780456
99	168	1.13283
99	173	1.15287
99	175	0.66793
99	177	1.15083
99	178	1.28235
99	179	1.15738
100	44	0.765846
100	76	0.761558
100	109	1.14703
100	117	1.17286
100	120	1.07934
100	123	0.806804
100	125	1.09435
100	134	1.12397
100	135	1.11684
100	137	0.793013
100	140	0.813259
100	143	1.16821
100	145	0.812943
100	146	0.83143
100	149	1.11015
100	157	1.10295
100	165	1.10728
100	166	1.11487
100	167	1.15336
100	175	1.20879
100	178	0.725047
101	6	1.17468
101	9	1.00102
101	16	1.19998
101	24	1.08324
101	26	1.09444
101	33	1.08824
101	43	1.21723
101	47	1.20682
101	70	1.08349
101	72	1.14781
101	92	0.756777
101	110	1.06914
101	144	0.786144
101	147	1.14612
101	154	0.765498
101	158	0.856473
101	161	1.18779
101	162	0.806417
101	171	0.778782
101	173	0.781739
101	180	0.775788
102	25	1.17226
102	31	1.20032
102	33	0.720349
102	37	1.13791
102	41	1.31471
102	53	1.22432
102	59	1.22253
102	61	1.17325
102	63	1.3165
102	74	1.14909
102	85	1.21278
102	98	0.742203
102	105	1.20717
102	106	0.682864
102	159	0.699892
102	167	0.723436
102	169	0.6931
102	177	0.68787
102	178	1.36917
102	179	0.682933
102	180	0.675074
103	31	0.744158
103	43	0.680859
103	72	0.685659
103	81	0.734346
103	90	0.65028
103	133	0.691483
103	134	0.711138
103	148	1.23963
103	150	1.22143
103	158	0.711645
103	160	0.684783
103	162	1.20899
103	163	1.22759
103	164	1.23148
103	170	1.21236
103	171	1.22746
103	173	1.22732
103	174	1.21251
103	177	1.22528
103	179	1.23184
103	180	1.23411
104	26	0.75009
104	41	0.668011
104	57	0.663887
104	116	1.17984
104	117	0.682055
104	135	0.72809
104	143	0.656064
104	144	1.2151
104	147	0.727192
104	150	1.23031
104	151	0.721127
104	156	1.22624
104	162	1.21787
104	163	1.23647
104	164	1.24035
104	170	1.22124
104	171	1.23634
104	172	0.695817
104	174	1.22138
104	177	1.23415
104	179	1.24071
105	31	1.09582
105	37	1.03341
105	39	1.02375
105	41	1.21021
105	53	1.11982
105	59	1.11803
105	61	1.06875
105	63	1.21199
105	74	1.04458
105	85	1.10827
105	88	1.19356
105	102	1.20717
105	139	0.74431
105	156	0.797391
105	164	0.806254
105	169	0.80958
105	171	0.794547
105	174	0.79551
105	176	0.764808
105	178	1.26466
105	179	0.799413
106	81	0.787625
106	83	1.17696
106	88	0.687596
106	93	1.12007
106	102	0.682864
106	114	1.18089
106	119	0.685491
106	136	1.1876
106	142	1.20315
106	151	0.751367
106	152	0.773706
106	158	0.764924
106	162	1.17321
106	164	1.19569
106	167	0.732601
106	170	1.17657
106	172	0.726057
106	173	1.19153
106	174	1.17672
106	176	1.23207
106	177	1.18949
106	179	1.19605
107	27	1.13975
107	52	1.17554
107	54	1.16159
107	58	1.17226
107	66	1.26209
107	72	1.19777
107	93	1.11526
107	95	1.18779
107	111	1.20346
107	114	1.17609
107	115	0.688569
107	119	0.731788
107	136	1.18279
107	138	0.771665
107	142	1.19834
107	148	0.719027
107	155	0.767497
107	156	0.736373
107	161	0.704549
107	164	0.745235
107	170	0.743433
107	176	1.22727
108	5	1.20663
108	49	1.1026
108	51	1.17875
108	55	1.17152
108	67	1.13338
108	94	1.18382
108	95	0.761108
108	124	1.2537
108	126	1.14803
108	130	1.16525
108	132	1.17813
108	137	0.69009
108	145	0.71002
108	153	0.801186
108	158	1.18281
108	162	0.748447
108	169	0.735845
108	172	1.22499
108	173	0.72377
108	174	0.721776
108	175	1.2704
108	180	0.717819
109	11	0.742665
109	79	1.20451
109	100	1.14703
109	115	0.685226
109	129	1.15402
109	132	0.796539
109	135	1.17261
109	138	0.768322
109	139	0.679949
109	143	1.22398
109	147	1.19461
109	152	1.15968
109	153	1.17746
109	157	1.15871
109	163	0.727001
109	165	1.16305
109	166	1.17064
109	167	1.20913
109	170	0.74009
109	171	0.730186
109	175	1.26456
109	177	0.739988
110	9	0.964329
110	16	1.16329
110	21	1.0728
110	24	1.04655
110	26	1.05775
110	47	1.17014
110	57	1.15756
110	67	0.90645
110	101	1.06914
110	114	1.08944
110	117	0.828889
110	123	0.786896
110	127	0.865397
110	136	1.09615
110	142	1.11169
110	143	0.802899
110	147	1.10944
110	154	0.790542
110	161	1.1511
110	173	0.806784
110	176	1.14062
110	177	0.813629
111	15	1.22332
111	18	1.14953
111	21	1.15716
111	27	1.13746
111	35	0.83329
111	66	1.25979
111	72	1.19548
111	75	0.751029
111	77	0.879324
111	93	1.11297
111	95	1.1855
111	107	1.20346
111	114	1.1738
111	136	1.1805
111	142	1.19605
111	148	0.684114
111	154	0.685332
111	159	0.720441
111	167	0.743985
111	176	1.22498
111	177	0.708419
111	178	0.599928
112	6	0.753686
112	41	0.734206
112	71	0.751682
112	87	1.09029
112	113	0.761749
112	116	1.10334
112	126	0.812414
112	131	0.75874
112	146	1.15131
112	148	1.172
112	149	0.803948
112	150	1.1538
112	152	0.80966
112	156	1.14974
112	162	1.14137
112	163	1.15997
112	170	1.14473
112	174	1.14488
112	175	0.704173
112	176	1.20023
112	177	1.15765
112	179	1.16421
112	180	1.16648
113	4	1.03282
113	17	1.04455
113	18	0.788351
113	64	0.781374
113	68	1.10671
113	78	1.167
113	80	0.85835
113	84	1.25517
113	98	1.16108
113	112	0.761749
113	121	1.17764
113	122	1.17185
113	128	0.740487
113	131	1.17441
113	133	1.1465
113	141	1.18393
113	151	1.14703
113	154	0.707713
113	164	0.732704
113	165	0.807735
113	169	1.16116
113	179	0.725863
113	180	1.17016
114	21	1.12979
114	27	1.1101
114	46	0.739501
114	52	1.14589
114	54	1.13193
114	57	1.21455
114	83	1.1425
114	93	1.0856
114	106	1.18089
114	107	1.17609
114	110	1.08944
114	111	1.1738
114	134	0.830301
114	136	1.15314
114	142	1.16868
114	153	0.833491
114	155	0.787086
114	156	0.755961
114	168	0.781472
114	170	0.763021
114	176	1.19761
114	178	0.654429
114	179	0.757983
115	19	0.733444
115	29	1.1841
115	38	0.816273
115	80	1.12729
115	107	0.688569
115	109	0.685226
115	116	1.16404
115	118	0.713628
115	123	1.19136
115	129	0.711144
115	133	0.695006
115	146	1.21201
115	147	0.707676
115	150	1.2145
115	153	0.71785
115	162	1.20206
115	163	1.22066
115	165	0.724214
115	168	1.20035
115	170	1.20543
115	171	1.22053
115	174	1.20558
115	179	1.22491
115	180	1.22718
116	2	0.800826
116	15	0.797394
116	55	0.774178
116	104	1.17984
116	112	1.10334
116	115	1.16404
116	127	0.812733
116	128	1.11388
116	131	0.786715
116	134	0.828347
116	136	0.790879
116	144	1.09026
116	145	1.13209
116	151	0.815297
116	154	1.12606
116	155	0.785131
116	159	1.10287
116	168	1.09131
116	170	1.0964
116	171	1.11149
116	173	1.11135
116	176	1.15189
116	177	1.10931
116	179	1.11587
117	7	0.682029
117	32	1.17709
117	66	0.674424
117	73	0.688747
117	91	0.798022
117	100	1.17286
117	104	0.682055
117	110	0.828889
117	119	1.26768
117	120	1.16093
117	129	1.17985
117	135	1.19843
117	147	1.22044
117	149	1.19174
117	153	1.20328
117	155	1.22289
117	157	1.18454
117	159	0.729323
117	165	1.18887
117	166	1.19646
117	167	1.23495
117	171	0.707499
117	173	0.710456
117	180	0.704505
118	7	0.733118
118	51	0.819068
118	60	0.634761
118	115	0.713628
118	120	1.11488
118	134	1.15951
118	135	1.15239
118	143	1.20375
118	147	1.17439
118	149	1.14569
118	151	0.822723
118	152	1.13946
118	155	1.17684
118	157	1.13849
118	159	0.780412
118	164	1.16919
118	165	1.14282
118	166	1.15042
118	167	1.1889
118	171	0.758589
118	172	1.19893
118	174	0.759551
118	175	1.24434
118	176	0.728849
118	180	0.755595
119	8	1.10734
119	37	0.806438
119	81	1.19457
119	106	0.685491
119	107	0.731788
119	117	1.26768
119	129	1.19308
119	134	1.2188
119	135	1.21167
119	138	0.718831
119	143	1.26304
119	150	0.694518
119	151	0.744829
119	152	1.19874
119	153	1.21652
119	155	1.23612
119	157	1.19777
119	158	0.758386
119	160	1.23467
119	161	0.651715
119	165	1.20211
119	166	1.2097
119	167	1.24819
119	176	0.650956
119	179	0.68556
119	180	0.677701
120	39	0.947213
120	60	0.685777
120	83	0.871596
120	100	1.07934
120	117	1.16093
120	118	1.11488
120	125	1.08242
120	129	1.08633
120	135	1.10491
120	143	1.15628
120	144	0.816966
120	147	1.12692
120	149	1.09822
120	150	0.823427
120	152	1.09199
120	153	1.10976
120	155	1.12937
120	157	1.09102
120	160	1.12791
120	163	0.806419
120	165	1.09535
120	166	1.10294
120	167	1.14143
120	170	0.819508
120	171	0.809605
120	177	0.819407
120	178	0.710915
121	4	1.05141
121	48	1.22197
121	70	0.746316
121	75	1.20211
121	78	1.18559
121	90	1.2261
121	96	1.18531
121	97	1.1725
121	113	1.17764
121	127	1.18229
121	130	0.807797
121	131	1.193
121	132	0.780734
121	133	1.16509
121	137	0.683659
121	138	0.752517
121	140	0.703905
121	141	1.20251
121	145	0.703589
121	155	0.748349
121	158	1.17368
121	160	1.19232
121	162	0.742016
121	169	1.17974
121	174	0.715344
121	177	0.724183
121	180	1.18875
122	36	1.24997
122	61	0.821078
122	65	1.12634
122	78	1.1798
122	80	0.863861
122	82	0.672574
122	90	1.22031
122	96	1.17952
122	97	1.16672
122	98	1.17388
122	113	1.17185
122	127	1.1765
122	128	0.745998
122	131	1.18721
122	139	0.676272
122	141	1.19673
122	147	0.796709
122	151	1.15983
122	158	1.1679
122	160	1.18653
122	169	1.17396
122	171	0.726509
122	175	0.707494
122	177	0.736311
122	178	0.62782
122	179	0.731374
122	180	1.18296
123	4	0.87911
123	14	0.883757
123	45	0.683418
123	76	1.16752
123	92	1.18882
123	95	0.7058
123	100	0.806804
123	110	0.786896
123	115	1.19136
123	127	0.727075
123	138	1.13473
123	146	1.1303
123	150	1.13279
123	154	1.15339
123	155	0.699473
123	159	1.13019
123	165	0.752243
123	166	0.759017
123	167	0.710874
123	168	1.11863
123	170	1.12372
123	171	1.13882
123	173	1.13867
123	174	1.12386
123	176	1.17922
123	177	1.13664
123	178	1.26815
123	179	1.14319
124	3	1.25037
124	5	1.24585
124	11	1.25037
124	49	1.14182
124	50	1.22861
124	51	1.21797
124	55	1.21074
124	67	1.1726
124	87	0.779911
124	94	1.22304
124	108	1.2537
124	126	1.18725
124	129	0.751843
124	130	1.20447
124	132	1.21735
124	135	0.749272
124	140	0.667698
124	143	0.677247
124	148	0.663672
124	158	1.22203
124	164	0.689881
124	166	0.771686
124	168	0.706529
124	169	0.693207
124	172	1.26421
124	175	1.30962
124	178	0.579486
124	180	0.675181
125	1	1.15981
125	7	0.773163
125	59	0.84888
125	73	0.779881
125	77	1.04991
125	100	1.09435
125	120	1.08242
125	134	1.12705
125	135	1.11993
125	137	0.76791
125	143	1.17129
125	149	1.11323
125	152	1.107
125	153	1.12477
125	155	1.14438
125	157	1.10603
125	159	0.820457
125	162	0.826267
125	164	1.13673
125	165	1.11036
125	166	1.11796
125	167	1.15644
125	168	0.826988
125	172	1.16647
125	175	1.21188
125	176	0.768894
125	178	0.699944
125	179	0.803498
125	180	0.795639
126	3	1.1447
126	5	1.14017
126	11	1.1447
126	30	1.1027
126	37	0.897405
126	45	1.18241
126	49	1.03614
126	50	1.12293
126	51	1.11229
126	55	1.10507
126	67	1.06693
126	76	0.709485
126	87	0.873398
126	94	1.11737
126	108	1.14803
126	112	0.812414
126	124	1.18725
126	130	1.0988
126	132	1.11168
126	138	0.809798
126	148	0.75716
126	154	0.758378
126	158	1.11636
126	163	0.768477
126	168	0.800017
126	170	0.781566
126	172	1.15854
126	175	1.20395
126	176	0.741923
127	34	1.13969
127	36	1.24182
127	65	1.11818
127	68	1.11136
127	71	1.18531
127	92	0.722002
127	96	1.17137
127	97	1.15856
127	98	1.16573
127	110	0.865397
127	116	0.812733
127	121	1.18229
127	122	1.1765
127	123	0.727075
127	131	1.17905
127	133	1.15115
127	135	0.815104
127	141	1.18857
127	148	0.729504
127	151	1.15168
127	154	0.730722
127	156	0.746851
127	158	1.15974
127	160	1.17838
127	168	0.772361
127	169	1.1658
127	175	0.724992
127	176	0.714267
127	178	0.645318
127	180	1.17481
128	12	1.0545
128	21	0.786237
128	42	0.710862
128	75	0.754338
128	95	0.742221
128	97	0.707774
128	113	0.740487
128	116	1.11388
128	122	0.745998
128	130	0.795342
128	133	0.759455
128	135	0.773023
128	139	1.21498
128	141	0.732119
128	146	1.16185
128	148	1.18254
128	150	1.16434
128	156	1.16028
128	159	1.16174
128	162	1.1519
128	163	1.1705
128	167	0.747294
128	168	1.15019
128	169	1.16801
128	173	1.17023
128	174	1.15541
128	177	1.16819
128	178	1.29971
128	179	1.17474
128	180	1.17701
129	9	0.954336
129	16	0.775027
129	23	1.10267
129	64	0.81648
129	109	1.15402
129	115	0.711144
129	117	1.17985
129	119	1.19308
129	120	1.08633
129	124	0.751843
129	135	1.12383
129	143	1.1752
129	148	0.741602
129	149	1.11714
129	152	1.1109
129	153	1.12868
129	155	1.14828
129	156	0.758948
129	157	1.10993
129	160	1.14683
129	162	0.783739
129	164	1.14063
129	165	1.11427
129	166	1.12186
129	167	1.16035
129	169	0.771137
129	170	0.766008
129	172	1.17037
129	175	1.21578
129	176	0.726365
129	180	0.75311
130	1	0.736268
130	3	1.16192
130	5	1.1574
130	11	1.16192
130	19	1.10717
130	28	0.672786
130	30	1.11993
130	37	0.901595
130	45	1.19963
130	49	1.05337
130	50	1.14016
130	51	1.12952
130	55	1.12229
130	67	1.08415
130	94	1.13459
130	95	0.816148
130	108	1.16525
130	121	0.807797
130	124	1.20447
130	126	1.0988
130	128	0.795342
130	132	1.1289
130	145	0.76506
130	158	1.13358
130	160	0.826682
130	161	0.746873
130	164	0.787559
130	172	1.17576
130	175	1.22117
130	178	0.677164
130	180	0.772859
131	17	1.05991
131	36	1.25253
131	49	0.847702
131	65	1.12889
131	68	1.12207
131	78	1.18236
131	84	1.27052
131	90	1.22286
131	93	0.860292
131	96	1.18208
131	112	0.75874
131	113	1.17441
131	116	0.786715
131	121	1.193
131	122	1.18721
131	127	1.17905
131	133	1.16186
131	139	0.667751
131	141	1.19928
131	142	0.756438
131	144	0.72535
131	145	0.707196
131	151	1.16239
131	156	0.720832
131	158	1.17045
131	160	1.18909
131	163	0.714803
131	169	1.17651
131	174	0.718951
131	177	0.727791
131	178	0.619299
131	180	1.18552
132	3	1.1748
132	5	1.17027
132	11	1.1748
132	19	1.12005
132	20	1.16823
132	30	1.1328
132	44	0.6909
132	45	1.21251
132	49	1.06625
132	50	1.15303
132	51	1.14239
132	55	1.13517
132	56	0.77122
132	67	1.09703
132	94	1.14747
132	108	1.17813
132	109	0.796539
132	121	0.780734
132	124	1.21735
132	126	1.11168
132	130	1.1289
132	140	0.738313
132	142	0.787239
132	148	0.734287
132	158	1.14646
132	160	0.799619
132	163	0.745604
132	164	0.760496
132	165	0.835527
132	172	1.18864
132	175	1.23405
132	176	0.71905
132	180	0.745796
133	6	1.18874
133	17	1.032
133	19	0.835933
133	22	1.11816
133	29	0.787104
133	71	1.16811
133	75	1.17097
133	84	1.24261
133	90	1.19496
133	91	0.830488
133	96	1.15417
133	97	1.14136
133	98	1.14853
133	103	0.691483
133	113	1.1465
133	115	0.695006
133	121	1.16509
133	127	1.15115
133	128	0.759455
133	131	1.16186
133	141	1.17137
133	146	0.74766
133	151	1.13448
133	157	0.839169
133	158	1.14254
133	160	1.16118
133	161	0.710986
133	163	0.73678
133	164	0.751672
133	169	1.1486
133	171	0.739966
133	172	0.77879
133	180	1.15761
134	23	1.12839
134	44	0.70173
134	77	1.07953
134	81	1.13245
134	86	1.13768
134	100	1.12397
134	103	0.711138
134	114	0.830301
134	116	0.828347
134	118	1.15951
134	119	1.2188
134	125	1.12705
134	141	0.789814
134	144	0.766982
134	147	1.17155
134	149	1.14285
134	150	0.773443
134	152	1.13662
134	153	1.15439
134	155	1.174
134	156	0.762464
134	157	1.13565
134	161	0.73064
134	163	0.756435
134	164	1.16635
134	165	1.13998
134	166	1.14758
134	167	1.18606
134	170	0.769524
134	172	1.19609
134	174	0.760583
134	175	1.2415
134	176	0.729881
135	23	1.12126
135	53	0.763401
135	77	1.0724
135	79	1.17432
135	82	1.25279
135	98	0.817669
135	100	1.11684
135	104	0.72809
135	109	1.17261
135	117	1.19843
135	118	1.15239
135	119	1.21167
135	120	1.10491
135	124	0.749272
135	125	1.11993
135	127	0.815104
135	128	0.773023
135	129	1.12383
135	143	1.19379
135	152	1.12949
135	153	1.14727
135	155	1.16687
135	158	0.831225
135	162	0.781168
135	163	0.750349
135	165	1.13286
135	166	1.14045
135	167	1.17894
135	169	0.768566
135	172	1.18896
135	176	0.723795
135	178	0.654845
135	180	0.75054
136	9	1.02802
136	15	1.20266
136	18	1.12887
136	21	1.1365
136	27	1.1168
136	29	0.769291
136	38	0.900949
136	52	1.15259
136	54	1.13863
136	57	1.22125
136	58	1.14931
136	66	1.23913
136	80	0.859504
136	81	0.822544
136	83	1.14921
136	93	1.09231
136	95	1.16483
136	106	1.1876
136	107	1.18279
136	110	1.09615
136	111	1.1805
136	114	1.15314
136	116	0.790879
136	139	0.671915
136	142	1.17539
136	164	0.733858
136	169	0.737185
136	170	0.732056
136	171	0.722152
136	173	0.725109
136	176	1.20432
136	179	0.727018
136	180	0.719158
137	34	0.767721
137	52	0.753552
137	62	0.634686
137	77	0.832421
137	87	1.11434
137	100	0.793013
137	108	0.69009
137	121	0.683659
137	125	0.76791
137	139	1.22849
137	140	1.19884
137	141	0.681907
137	145	1.20448
137	146	1.17536
137	147	0.721913
137	149	0.732474
137	150	1.17785
137	154	1.19845
137	159	1.17525
137	161	1.23476
137	162	1.16541
137	163	1.18402
137	166	0.745225
137	167	0.697082
137	168	1.1637
137	170	1.16878
137	171	1.18388
137	172	0.690538
137	173	1.18374
137	174	1.16893
137	177	1.1817
137	178	1.31322
137	179	1.18826
137	180	1.19053
138	20	0.756394
138	36	0.714232
138	40	0.744475
138	42	0.729509
138	57	0.727467
138	64	1.10992
138	88	0.720935
138	107	0.771665
138	109	0.768322
138	119	0.718831
138	121	0.752517
138	123	1.13473
138	126	0.809798
138	139	1.20851
138	143	0.719644
138	144	1.14267
138	145	1.1845
138	146	1.15538
138	147	0.790772
138	154	1.17848
138	156	1.15381
138	159	1.15528
138	160	0.771401
138	162	1.14544
138	163	1.16404
138	168	1.14372
138	170	1.14881
138	171	1.16391
138	173	1.16376
138	174	1.14895
138	176	1.20431
138	177	1.16172
138	178	1.29324
138	179	1.16828
138	180	1.17055
139	33	1.16393
139	35	1.12814
139	37	0.757942
139	50	0.691889
139	52	0.734038
139	65	0.763472
139	69	1.1697
139	77	0.812906
139	78	0.660061
139	89	1.13891
139	93	0.774503
139	105	0.74431
139	109	0.679949
139	122	0.676272
139	128	1.21498
139	131	0.667751
139	136	0.671915
139	137	1.22849
139	138	1.20851
139	144	1.19136
139	148	1.22476
139	152	0.718672
139	154	1.22717
139	156	1.2025
139	157	0.731404
139	158	0.70989
139	159	1.20397
139	161	1.26348
139	162	1.19413
139	168	1.19241
139	170	1.1975
139	171	1.2126
139	173	1.21245
139	174	1.19764
139	177	1.21041
139	179	1.21697
140	9	0.870192
140	18	0.739313
140	19	0.767927
140	29	1.14651
140	40	0.695863
140	43	0.718865
140	44	1.23396
140	52	0.773798
140	80	1.0897
140	81	0.772352
140	89	1.10925
140	100	0.813259
140	121	0.703905
140	124	0.667698
140	132	0.738313
140	137	1.19884
140	144	1.16171
140	148	1.19511
140	150	1.17691
140	153	0.752333
140	155	0.705928
140	159	1.17432
140	160	0.722789
140	161	1.23382
140	162	1.16448
140	163	1.18308
140	164	1.18696
140	168	1.16276
140	170	1.16784
140	171	1.18294
140	173	1.1828
140	174	1.16799
140	175	0.652945
140	176	1.22334
140	177	1.18076
140	179	1.18732
140	180	1.18959
141	4	1.05769
141	17	1.06943
141	22	1.15559
141	48	1.22826
141	65	1.13841
141	68	1.13159
141	75	1.20839
141	78	1.19188
141	84	1.28004
141	86	0.811533
141	89	0.829041
141	97	1.17879
141	98	1.18596
141	113	1.18393
141	121	1.20251
141	122	1.19673
141	127	1.18857
141	128	0.732119
141	131	1.19928
141	133	1.17137
141	134	0.789814
141	137	0.681907
141	143	0.711702
141	146	0.720324
141	151	1.17191
141	154	0.699345
141	156	0.715474
141	158	1.17997
141	160	1.19861
141	162	0.740264
141	163	0.709445
141	165	0.799367
141	168	0.740984
141	169	1.18603
141	171	0.71263
141	173	0.715587
141	180	1.19504
142	9	1.04357
142	15	1.2182
142	18	1.14442
142	21	1.15204
142	27	1.13235
142	29	0.768024
142	35	0.85556
142	52	1.16814
142	54	1.15418
142	57	1.2368
142	58	1.16485
142	60	1.31425
142	66	1.25468
142	72	1.19037
142	83	1.16475
142	93	1.10785
142	95	1.18038
142	106	1.20315
142	107	1.19834
142	110	1.11169
142	111	1.19605
142	114	1.16868
142	131	0.756438
142	132	0.787239
142	136	1.17539
142	148	0.706383
142	149	0.801646
142	154	0.707601
142	162	0.74852
142	163	0.717701
142	167	0.766254
142	173	0.723843
142	175	0.701871
142	176	1.21986
142	178	0.622197
142	179	0.725751
142	180	0.717892
143	18	0.748861
143	46	0.667891
143	73	0.662757
143	75	0.73392
143	80	0.81886
143	82	1.30416
143	91	0.772031
143	100	1.16821
143	104	0.656064
143	109	1.22398
143	110	0.802899
143	118	1.20375
143	119	1.26304
143	120	1.15628
143	124	0.677247
143	125	1.17129
143	129	1.1752
143	135	1.19379
143	138	0.719644
143	141	0.711702
143	147	1.21579
143	149	1.18709
143	152	1.18086
143	153	1.19864
143	155	1.21824
143	157	1.17989
143	160	1.21678
143	162	0.709143
143	164	1.21059
143	165	1.18422
143	166	1.19182
143	167	1.2303
143	169	0.696541
143	170	0.691412
143	172	1.24033
143	175	1.28574
143	176	0.651769
143	179	0.686374
144	39	0.827406
144	45	0.707711
144	59	0.740045
144	67	0.792421
144	99	1.13178
144	101	0.786144
144	104	1.2151
144	116	1.09026
144	120	0.816966
144	131	0.72535
144	134	0.766982
144	138	1.14267
144	139	1.19136
144	140	1.16171
144	145	1.16735
144	150	1.14073
144	151	0.753932
144	152	0.77627
144	154	1.16133
144	157	0.789002
144	158	0.767489
144	159	1.13813
144	160	0.740627
144	161	1.19764
144	162	1.12829
144	163	1.14689
144	168	1.12657
144	169	1.14439
144	170	1.13166
144	171	1.14676
144	172	0.728622
144	173	1.14661
144	174	1.1318
144	175	0.670783
144	176	1.18716
144	177	1.14458
144	178	1.27609
144	179	1.15113
145	15	0.717875
145	27	0.765496
145	31	0.781848
145	44	1.2396
145	45	0.689557
145	58	0.734675
145	63	0.652891
145	87	1.11904
145	91	1.11961
145	100	0.812943
145	108	0.71002
145	116	1.13209
145	121	0.703589
145	130	0.76506
145	131	0.707196
145	137	1.20448
145	138	1.1845
145	144	1.16735
145	149	0.752404
145	154	1.20315
145	156	1.17849
145	158	0.749335
145	160	0.722473
145	162	1.17012
145	163	1.18872
145	164	1.1926
145	167	0.717012
145	168	1.1684
145	169	1.18622
145	170	1.17349
145	171	1.18858
145	172	0.710468
145	173	1.18844
145	174	1.17363
145	176	1.22899
145	177	1.1864
145	178	1.31792
145	179	1.19296
145	180	1.19523
146	9	0.888363
146	27	0.783983
146	28	1.29021
146	43	0.737036
146	47	0.702672
146	72	0.741837
146	75	0.742543
146	83	0.752123
146	88	0.690494
146	91	1.09049
146	100	0.83143
146	112	1.15131
146	115	1.21201
146	123	1.1303
146	128	1.16185
146	133	0.74766
146	137	1.17536
146	138	1.15538
146	141	0.720324
146	148	1.17163
146	150	1.15344
146	154	1.17404
146	155	0.724099
146	156	1.14937
146	157	0.789335
146	160	0.74096
146	162	1.141
146	164	1.16349
146	168	1.13929
146	169	1.1571
146	170	1.14437
146	171	1.15947
146	172	0.728955
146	173	1.15932
146	174	1.14451
146	175	0.671116
146	177	1.15729
146	178	1.28881
146	179	1.16384
146	180	1.16611
147	6	1.21498
147	16	1.24028
147	22	0.825216
147	24	1.12353
147	26	1.13474
147	28	0.649569
147	33	1.12854
147	43	1.25753
147	46	0.739019
147	47	1.24712
147	60	0.628809
147	70	1.12379
147	72	1.18811
147	73	0.733885
147	84	0.709729
147	86	1.15255
147	101	1.14612
147	104	0.727192
147	109	1.19461
147	110	1.10944
147	115	0.707676
147	117	1.22044
147	118	1.17439
147	120	1.12692
147	122	0.796709
147	134	1.17155
147	137	0.721913
147	138	0.790772
147	143	1.21579
147	150	0.766459
147	152	1.15149
147	157	1.15052
147	159	0.77446
147	161	1.22808
147	164	1.18122
147	165	1.15486
147	166	1.16245
147	167	1.20094
147	169	0.767669
147	170	0.76254
147	179	0.757502
147	180	0.749642
148	10	1.21566
148	12	1.06429
148	16	0.686857
148	22	0.740514
148	40	0.691837
148	46	1.23957
148	49	0.797648
148	77	0.848641
148	91	1.11118
148	98	0.732069
148	103	1.23963
148	107	0.719027
148	111	0.684114
148	112	1.172
148	124	0.663672
148	126	0.75716
148	127	0.729504
148	128	1.18254
148	129	0.741602
148	132	0.734287
148	139	1.22476
148	140	1.19511
148	142	0.706383
148	146	1.17163
148	150	1.17413
148	152	0.754407
148	153	0.748307
148	154	1.19473
148	156	1.17006
148	158	0.745625
148	159	1.17153
148	161	1.23103
148	162	1.16169
148	163	1.18029
148	167	0.713303
148	168	1.15997
148	169	1.17779
148	170	1.16506
148	171	1.18016
148	173	1.18001
148	174	1.1652
148	177	1.17797
148	178	1.30949
148	179	1.18453
149	12	0.966657
149	14	1.03078
149	32	1.11438
149	38	1.0711
149	40	1.21571
149	49	0.89291
149	60	0.63937
149	64	0.823573
149	73	0.744445
149	77	1.06571
149	79	1.16763
149	81	1.11863
149	82	1.24609
149	86	1.12386
149	92	0.741192
149	100	1.11015
149	112	0.803948
149	117	1.19174
149	118	1.14569
149	120	1.09822
149	125	1.11323
149	129	1.11714
149	134	1.14285
149	137	0.732474
149	142	0.801646
149	143	1.18709
149	145	0.752404
149	152	1.1228
149	153	1.14057
149	155	1.16018
149	157	1.12183
149	159	0.78502
149	164	1.15253
149	165	1.12616
149	166	1.13376
149	167	1.17224
149	168	0.791551
149	170	0.7731
149	171	0.763197
149	172	1.18227
149	173	0.766154
149	175	1.22768
149	178	0.664508
149	179	0.768062
150	16	0.715183
150	20	0.732081
150	21	0.78057
150	24	0.797035
150	59	0.746506
150	63	0.677506
150	64	1.10797
150	66	0.663185
150	73	1.19466
150	74	0.867867
150	87	1.09241
150	89	1.08827
150	90	0.712586
150	103	1.22143
150	104	1.23031
150	112	1.1538
150	115	1.2145
150	119	0.694518
150	120	0.823427
150	123	1.13279
150	128	1.16434
150	134	0.773443
150	137	1.17785
150	140	1.17691
150	144	1.14073
150	146	1.15344
150	147	0.766459
150	148	1.17413
150	151	0.760394
150	153	0.776633
150	154	1.17653
150	155	0.730228
150	156	1.15187
150	163	1.16209
150	167	0.741628
150	168	1.14178
150	170	1.14686
150	171	1.16196
150	172	0.735084
150	174	1.147
150	176	1.20236
150	177	1.15978
150	178	1.2913
150	179	1.16633
150	180	1.1686
151	4	1.0208
151	6	1.18927
151	13	1.18408
151	17	1.03254
151	22	1.1187
151	34	1.12303
151	36	1.22515
151	48	1.19137
151	65	1.10152
151	68	1.0947
151	71	1.16865
151	75	1.1715
151	78	1.15499
151	84	1.24315
151	87	0.848307
151	90	1.19549
151	96	1.15471
151	97	1.1419
151	98	1.14907
151	104	0.721127
151	106	0.751367
151	113	1.14703
151	116	0.815297
151	118	0.822723
151	119	0.744829
151	122	1.15983
151	127	1.15168
151	131	1.16239
151	133	1.13448
151	141	1.17191
151	144	0.753932
151	150	0.760394
151	152	0.833044
151	154	0.733286
151	158	1.14308
151	160	1.16171
151	166	0.840082
151	168	0.774926
151	169	1.14914
151	170	0.756474
151	173	0.749528
151	174	0.747534
151	177	0.756373
151	178	0.647882
151	179	0.751436
151	180	1.15815
152	8	1.02517
152	14	1.02455
152	17	0.987464
152	19	1.10744
152	38	1.06487
152	40	1.20948
152	76	0.706732
152	77	1.05947
152	79	1.16139
152	82	1.23986
152	86	1.11762
152	106	0.773706
152	109	1.15968
152	112	0.80966
152	118	1.13946
152	119	1.19874
152	120	1.09199
152	125	1.107
152	129	1.1109
152	134	1.13662
152	135	1.12949
152	139	0.718672
152	143	1.18086
152	144	0.77627
152	147	1.15149
152	148	0.754407
152	149	1.1228
152	151	0.833044
152	153	1.13434
152	155	1.15394
152	156	0.771753
152	157	1.1156
152	161	0.739929
152	162	0.796544
152	163	0.765724
152	164	1.14629
152	165	1.11993
152	166	1.12752
152	167	1.16601
152	168	0.797264
152	169	0.783941
152	170	0.778812
152	172	1.17603
152	173	0.771866
152	174	0.769872
152	175	1.22144
152	177	0.778711
153	5	0.778256
153	8	1.04294
153	13	1.19263
153	38	1.08264
153	40	1.22725
153	48	0.76184
153	60	0.638983
153	64	0.823186
153	76	0.700632
153	77	1.07725
153	78	0.790671
153	79	1.17917
153	81	1.13017
153	82	1.25763
153	84	0.719903
153	86	1.1354
153	96	0.793001
153	108	0.801186
153	109	1.17746
153	114	0.833491
153	115	0.71785
153	117	1.20328
153	119	1.21652
153	120	1.10976
153	125	1.12477
153	129	1.12868
153	134	1.15439
153	135	1.14727
153	140	0.752333
153	143	1.19864
153	148	0.748307
153	149	1.14057
153	150	0.776633
153	152	1.13434
153	154	0.749525
153	155	1.17172
153	156	0.765654
153	157	1.13337
153	160	1.17026
153	164	1.16407
153	165	1.1377
153	166	1.1453
153	167	1.18378
153	171	0.76281
153	172	1.19381
153	175	1.23922
153	176	0.73307
153	180	0.759816
154	6	0.69965
154	34	0.785159
154	50	0.728841
154	64	1.12857
154	74	0.84076
154	76	1.21126
154	85	0.745689
154	89	1.10887
154	96	0.699343
154	101	0.765498
154	110	0.790542
154	111	0.685332
154	113	0.707713
154	116	1.12606
154	123	1.15339
154	126	0.758378
154	127	0.730722
154	137	1.19845
154	138	1.17848
154	139	1.22717
154	141	0.699345
154	142	0.707601
154	144	1.16133
154	145	1.20315
154	146	1.17404
154	148	1.19473
154	150	1.17653
154	151	0.733286
154	153	0.749525
154	156	1.17247
154	158	0.746843
154	159	1.17393
154	161	1.23344
154	162	1.16409
154	163	1.18269
154	164	1.18658
154	166	0.762663
154	168	1.16238
154	169	1.1802
154	170	1.16746
154	171	1.18256
154	172	0.707976
154	173	1.18242
154	174	1.1676
154	175	0.650137
154	176	1.22296
154	177	1.18038
154	178	1.3119
154	179	1.18693
155	2	1.21369
155	5	0.731851
155	10	0.702722
155	20	1.193
155	23	1.14571
155	32	1.14553
155	35	0.851078
155	38	1.10225
155	40	1.24686
155	41	0.727423
155	64	0.77678
155	79	1.19877
155	81	1.14977
155	82	1.27724
155	107	0.767497
155	114	0.787086
155	116	0.785131
155	117	1.22289
155	118	1.17684
155	119	1.23612
155	120	1.12937
155	121	0.748349
155	123	0.699473
155	125	1.14438
155	129	1.14828
155	134	1.174
155	135	1.16687
155	140	0.705928
155	143	1.21824
155	146	0.724099
155	149	1.16018
155	150	0.730228
155	152	1.15394
155	153	1.17172
155	157	1.15298
155	160	1.18987
155	164	1.18367
155	165	1.15731
155	166	1.1649
155	167	1.20339
155	168	0.744759
155	169	0.731437
155	172	1.21341
155	174	0.717367
155	175	1.25882
155	177	0.726207
155	178	0.617716
155	179	0.72127
155	180	0.713411
156	6	0.715779
156	28	1.28864
156	54	0.736671
156	65	0.816553
156	76	1.18659
156	80	1.06465
156	89	1.0842
156	93	0.827584
156	94	0.717925
156	95	0.725576
156	97	0.691128
156	99	1.14292
156	104	1.22624
156	105	0.797391
156	107	0.736373
156	112	1.14974
156	114	0.755961
156	127	0.746851
156	128	1.16028
156	129	0.758948
156	131	0.720832
156	134	0.762464
156	138	1.15381
156	139	1.2025
156	141	0.715474
156	145	1.17849
156	146	1.14937
156	148	1.17006
156	150	1.15187
156	152	0.771753
156	153	0.765654
156	154	1.17247
156	159	1.14927
156	161	1.20877
156	162	1.13943
156	163	1.15803
156	166	0.778792
156	167	0.730649
156	168	1.13771
156	169	1.15553
156	170	1.1428
156	171	1.1579
156	172	0.724104
156	173	1.15775
156	174	1.14294
156	176	1.1983
156	177	1.15571
156	178	1.28723
156	179	1.16227
156	180	1.16454
157	2	1.17534
157	8	1.0242
157	14	1.02358
157	32	1.10718
157	33	0.823922
157	38	1.0639
157	40	1.20851
157	46	0.768024
157	56	1.14811
157	60	0.657813
157	70	0.813575
157	81	1.11143
157	82	1.23889
157	86	1.11666
157	91	0.872163
157	100	1.10295
157	109	1.15871
157	117	1.18454
157	118	1.13849
157	119	1.19777
157	120	1.09102
157	125	1.10603
157	129	1.10993
157	133	0.839169
157	134	1.13565
157	139	0.731404
157	143	1.17989
157	144	0.789002
157	146	0.789335
157	147	1.15052
157	149	1.12183
157	152	1.1156
157	153	1.13337
157	155	1.15298
157	159	0.803464
157	160	1.15152
157	162	0.809275
157	163	0.778455
157	164	1.14533
157	165	1.11896
157	166	1.12655
157	167	1.16504
157	171	0.781641
157	172	1.17506
157	173	0.784597
157	174	0.782603
157	175	1.22047
157	176	0.751901
157	177	0.791443
157	178	0.682951
157	179	0.786506
157	180	0.778647
158	3	1.17948
158	7	0.734657
158	11	1.17948
158	22	1.12676
158	29	0.807266
158	34	1.13109
158	45	1.21719
158	49	1.07093
158	50	1.15772
158	51	1.14708
158	55	1.13985
158	57	0.767022
158	65	1.10958
158	67	1.10171
158	71	1.17671
158	90	1.20355
158	94	1.15215
158	96	1.16277
158	97	1.14996
158	98	1.15713
158	101	0.856473
158	103	0.711645
158	106	0.764924
158	108	1.18281
158	119	0.758386
158	121	1.17368
158	122	1.1679
158	124	1.22203
158	126	1.11636
158	127	1.15974
158	130	1.13358
158	131	1.17045
158	132	1.14646
158	133	1.14254
158	135	0.831225
158	139	0.70989
158	141	1.17997
158	144	0.767489
158	145	0.749335
158	148	0.745625
158	151	1.14308
158	154	0.746843
158	159	0.781951
158	161	0.731148
158	164	0.771834
158	171	0.760128
158	172	1.19332
158	173	0.763084
158	174	0.76109
158	175	1.23873
158	176	0.730388
158	178	0.661438
158	180	1.16621
159	3	0.744852
159	10	1.19487
159	24	0.805036
159	29	1.12293
159	30	0.79921
159	61	0.79883
159	63	0.685507
159	73	1.19206
159	80	1.06612
159	84	0.661354
159	86	0.803163
159	91	1.09038
159	98	0.768395
159	99	1.14438
159	102	0.699892
159	111	0.720441
159	116	1.10287
159	117	0.729323
159	118	0.780412
159	123	1.13019
159	125	0.820457
159	128	1.16174
159	137	1.17525
159	138	1.15528
159	139	1.20397
159	140	1.17432
159	144	1.13813
159	147	0.77446
159	148	1.17153
159	149	0.78502
159	154	1.17393
159	156	1.14927
159	157	0.803464
159	158	0.781951
159	160	0.755089
159	161	1.21024
159	162	1.14089
159	163	1.15949
159	164	1.16338
159	167	0.749629
159	168	1.13918
159	169	1.157
159	170	1.14426
159	171	1.15936
159	172	0.743084
159	173	1.15922
159	174	1.1444
159	175	0.685245
159	176	1.19976
159	177	1.15718
159	178	1.2887
159	179	1.16373
159	180	1.166
160	2	1.21223
160	4	1.0475
160	8	1.06109
160	17	1.05923
160	20	1.19154
160	22	1.14539
160	38	1.10079
160	50	0.792955
160	54	0.784656
160	68	1.12139
160	75	1.1982
160	78	1.18168
160	81	1.14832
160	87	0.835001
160	88	0.733628
160	91	0.823788
160	98	1.17576
160	103	0.684783
160	119	1.23467
160	120	1.12791
160	121	1.19232
160	122	1.18653
160	127	1.17838
160	129	1.14683
160	130	0.826682
160	131	1.18909
160	132	0.799619
160	133	1.16118
160	138	0.771401
160	140	0.722789
160	141	1.19861
160	143	1.21678
160	144	0.740627
160	145	0.722473
160	146	0.74096
160	151	1.16171
160	153	1.17026
160	155	1.18987
160	157	1.15152
160	159	0.755089
160	161	0.704286
160	163	0.73008
160	165	1.15585
160	166	1.16344
160	167	1.20193
160	168	0.76162
160	169	1.17584
160	171	0.733266
160	172	1.21196
160	173	0.736222
160	174	0.734228
160	175	1.25736
160	177	0.743068
160	178	0.634576
160	180	1.18484
161	3	0.694048
161	6	1.25664
161	9	1.08298
161	16	1.28194
161	24	1.1652
161	26	1.1764
161	33	1.1702
161	43	1.29919
161	47	1.28878
161	51	0.713936
161	57	0.660351
161	59	0.703703
161	61	0.748026
161	70	1.16546
161	72	1.22977
161	74	0.825064
161	81	0.753848
161	84	0.61055
161	85	0.729993
161	90	0.669783
161	101	1.18779
161	107	0.704549
161	110	1.1511
161	119	0.651715
161	130	0.746873
161	133	0.710986
161	134	0.73064
161	137	1.23476
161	139	1.26348
161	140	1.23382
161	144	1.19764
161	147	1.22808
161	148	1.23103
161	152	0.739929
161	154	1.23344
161	156	1.20877
161	158	0.731148
161	159	1.21024
161	160	0.704286
161	162	1.2004
161	163	1.219
161	165	0.740194
161	167	0.698825
161	168	1.19868
161	170	1.20377
161	171	1.21887
161	172	0.692281
161	173	1.21872
161	174	1.20391
161	175	0.634441
161	177	1.21669
161	179	1.22324
162	7	1.18886
162	12	1.03365
162	13	0.711908
162	36	0.703731
162	37	0.835813
162	46	1.20893
162	48	0.709101
162	53	0.719938
162	55	0.733086
162	62	0.693043
162	76	1.17822
162	92	1.19953
162	99	1.13454
162	101	0.806417
162	103	1.20899
162	104	1.21787
162	106	1.17321
162	108	0.748447
162	112	1.14137
162	115	1.20206
162	121	0.742016
162	125	0.826267
162	128	1.1519
162	129	0.783739
162	135	0.781168
162	137	1.16541
162	138	1.14544
162	139	1.19413
162	140	1.16448
162	141	0.740264
162	142	0.74852
162	143	0.709143
162	144	1.12829
162	145	1.17012
162	146	1.141
162	148	1.16169
162	152	0.796544
162	154	1.16409
162	156	1.13943
162	157	0.809275
162	159	1.14089
162	161	1.2004
162	163	1.14965
162	164	1.15354
162	165	0.796809
162	166	0.803582
162	167	0.755439
162	168	1.12934
162	169	1.14716
162	170	1.13442
162	171	1.14952
162	172	0.748895
162	174	1.13456
162	175	0.691056
162	176	1.18992
162	177	1.14734
162	179	1.15389
162	180	1.15616
163	3	0.719842
163	7	1.20746
163	13	0.681088
163	21	0.763562
163	24	0.780027
163	31	0.789456
163	46	1.22753
163	59	0.729498
163	65	0.810523
163	70	1.11471
163	76	1.19682
163	80	1.07488
163	86	0.778154
163	87	1.09858
163	88	0.679614
163	89	1.09443
163	91	1.09914
163	92	1.21813
163	103	1.22759
163	104	1.23647
163	109	0.727001
163	112	1.15997
163	115	1.22066
163	120	0.806419
163	126	0.768477
163	128	1.1705
163	131	0.714803
163	132	0.745604
163	133	0.73678
163	134	0.756435
163	135	0.750349
163	137	1.18402
163	138	1.16404
163	140	1.18308
163	141	0.709445
163	142	0.717701
163	144	1.14689
163	145	1.18872
163	148	1.18029
163	150	1.16209
163	152	0.765724
163	154	1.18269
163	156	1.15803
163	157	0.778455
163	159	1.15949
163	160	0.73008
163	161	1.219
163	162	1.14965
163	166	0.772763
163	167	0.72462
163	168	1.14794
163	169	1.16576
163	170	1.15302
163	171	1.16812
163	173	1.16798
163	174	1.15316
163	175	0.660236
163	176	1.20852
163	177	1.16594
163	178	1.29746
163	179	1.17249
163	180	1.17476
164	2	1.20604
164	14	1.05428
164	25	0.777602
164	30	0.789092
164	35	1.08755
164	39	0.831751
164	42	0.703079
164	45	0.712056
164	53	0.704009
164	57	0.701037
164	58	0.757173
164	66	0.661068
164	68	0.815068
164	71	0.722637
164	72	0.745848
164	76	1.20071
164	77	1.0892
164	83	0.756135
164	84	0.651236
164	95	0.734438
164	98	0.758278
164	103	1.23148
164	104	1.24035
164	105	0.806254
164	106	1.19569
164	107	0.745235
164	113	0.732704
164	118	1.16919
164	124	0.689881
164	125	1.13673
164	129	1.14063
164	130	0.787559
164	132	0.760496
164	133	0.751672
164	134	1.16635
164	136	0.733858
164	140	1.18696
164	143	1.21059
164	145	1.1926
164	146	1.16349
164	147	1.18122
164	149	1.15253
164	152	1.14629
164	153	1.16407
164	154	1.18658
164	155	1.18367
164	157	1.14533
164	158	0.771834
164	159	1.16338
164	162	1.15354
164	165	1.14966
164	166	1.15725
164	167	1.19574
164	168	1.15182
164	170	1.15691
164	171	1.17201
164	174	1.15705
164	175	1.25117
164	176	1.21241
164	177	1.16982
164	178	1.30134
164	179	1.17638
165	1	1.17274
165	2	1.17967
165	8	1.02853
165	13	1.17822
165	14	1.02791
165	19	1.11081
165	23	1.1117
165	28	0.666107
165	32	1.11151
165	40	1.21284
165	54	0.820565
165	55	0.792189
165	56	1.15245
165	62	0.752147
165	77	1.06284
165	79	1.16476
165	81	1.11576
165	82	1.24322
165	85	0.845711
165	86	1.12099
165	89	0.885585
165	99	0.773682
165	100	1.10728
165	109	1.16305
165	113	0.807735
165	115	0.724214
165	117	1.18887
165	118	1.14282
165	119	1.20211
165	120	1.09535
165	123	0.752243
165	125	1.11036
165	129	1.11427
165	132	0.835527
165	134	1.13998
165	135	1.13286
165	141	0.799367
165	143	1.18422
165	147	1.15486
165	149	1.12616
165	152	1.11993
165	153	1.1377
165	155	1.15731
165	157	1.11896
165	160	1.15585
165	161	0.740194
165	162	0.796809
165	164	1.14966
165	166	1.13089
165	167	1.16937
165	168	0.797529
165	169	0.784206
165	171	0.769174
165	172	1.1794
165	173	0.772131
165	174	0.770137
165	175	1.22481
165	176	0.739435
165	177	0.778976
165	178	0.670485
165	179	0.77404
165	180	0.76618
166	1	1.18033
166	2	1.18727
166	8	1.03612
166	13	1.18581
166	14	1.0355
166	19	1.1184
166	20	1.16658
166	23	1.11929
166	28	0.672881
166	32	1.1191
166	36	0.769608
166	38	1.07582
166	40	1.22043
166	53	0.785815
166	56	1.16004
166	62	0.75892
166	63	0.757195
166	73	0.757196
166	77	1.07043
166	79	1.17235
166	82	1.25082
166	86	1.12858
166	88	0.776311
166	97	0.781796
166	99	0.780456
166	100	1.11487
166	109	1.17064
166	117	1.19646
166	118	1.15042
166	119	1.2097
166	120	1.10294
166	123	0.759017
166	124	0.771686
166	125	1.11796
166	129	1.12186
166	134	1.14758
166	135	1.14045
166	137	0.745225
166	143	1.19182
166	147	1.16245
166	149	1.13376
166	151	0.840082
166	152	1.12752
166	153	1.1453
166	154	0.762663
166	155	1.1649
166	156	0.778792
166	157	1.12655
166	160	1.16344
166	162	0.803582
166	163	0.772763
166	164	1.15725
166	165	1.13089
166	167	1.17696
166	168	0.804303
166	169	0.79098
166	172	1.18699
166	173	0.778905
166	175	1.2324
166	176	0.746209
166	177	0.78575
166	178	0.677259
166	179	0.780813
166	180	0.772954
167	1	1.21882
167	2	1.22575
167	8	1.07461
167	10	0.714122
167	14	1.07399
167	19	1.15689
167	20	1.20506
167	23	1.15778
167	32	1.15759
167	34	0.843812
167	38	1.11431
167	40	1.25892
167	44	0.669915
167	56	1.19852
167	71	0.756299
167	77	1.10892
167	79	1.21084
167	81	1.16184
167	82	1.2893
167	86	1.16707
167	87	0.829541
167	88	0.728168
167	100	1.15336
167	102	0.723436
167	106	0.732601
167	109	1.20913
167	111	0.743985
167	117	1.23495
167	118	1.1889
167	119	1.24819
167	120	1.14143
167	123	0.710874
167	125	1.15644
167	128	0.747294
167	129	1.16035
167	134	1.18606
167	135	1.17894
167	137	0.697082
167	142	0.766254
167	143	1.2303
167	145	0.717012
167	147	1.20094
167	148	0.713303
167	149	1.17224
167	150	0.741628
167	152	1.16601
167	153	1.18378
167	155	1.20339
167	156	0.730649
167	157	1.16504
167	159	0.749629
167	160	1.20193
167	161	0.698825
167	162	0.755439
167	163	0.72462
167	164	1.19574
167	165	1.16937
167	166	1.17696
167	168	0.75616
167	171	0.727805
167	172	1.22548
167	173	0.730762
167	175	1.27089
167	177	0.737607
167	178	0.629116
167	179	0.73267
168	7	1.18714
168	18	0.778144
168	21	0.795102
168	23	0.715306
168	29	1.11138
168	32	0.823603
168	35	1.06335
168	45	0.728704
168	49	0.840505
168	56	1.15461
168	58	0.773822
168	64	1.09382
168	69	1.10491
168	71	0.739285
168	73	1.18051
168	79	0.745872
168	80	1.05456
168	81	0.811183
168	87	1.07826
168	91	1.07883
168	92	1.19781
168	96	0.740982
168	99	1.13283
168	114	0.781472
168	115	1.20035
168	116	1.09131
168	123	1.11863
168	124	0.706529
168	125	0.826988
168	126	0.800017
168	127	0.772361
168	128	1.15019
168	137	1.1637
168	138	1.14372
168	139	1.19241
168	140	1.16276
168	141	0.740984
168	144	1.12657
168	145	1.1684
168	146	1.13929
168	148	1.15997
168	149	0.791551
168	150	1.14178
168	151	0.774926
168	152	0.797264
168	154	1.16238
168	155	0.744759
168	156	1.13771
168	159	1.13918
168	160	0.76162
168	161	1.19868
168	162	1.12934
168	163	1.14794
168	164	1.15182
168	165	0.797529
168	166	0.804303
168	167	0.75616
168	169	1.14544
168	170	1.13271
168	171	1.14781
168	172	0.749615
168	173	1.14766
168	174	1.13285
168	177	1.14562
168	178	1.27714
168	179	1.15218
168	180	1.15445
169	4	1.03492
169	16	0.716392
169	17	1.04666
169	21	0.78178
169	26	0.790566
169	27	0.791321
169	33	1.11696
169	34	1.13715
169	36	1.23928
169	41	0.708487
169	48	1.20549
169	51	0.757948
169	54	0.74886
169	61	0.792038
169	65	1.11564
169	67	0.800092
169	68	1.10882
169	71	1.18277
169	74	0.869077
169	75	1.18562
169	79	0.73255
169	90	1.20961
169	92	1.21563
169	94	0.730114
169	97	1.15602
169	102	0.6931
169	105	0.80958
169	108	0.735845
169	113	1.16116
169	121	1.17974
169	122	1.17396
169	124	0.693207
169	127	1.1658
169	128	1.16801
169	129	0.771137
169	131	1.17651
169	133	1.1486
169	135	0.768566
169	136	0.737185
169	141	1.18603
169	143	0.696541
169	144	1.14439
169	145	1.18622
169	146	1.1571
169	147	0.767669
169	148	1.17779
169	151	1.14914
169	152	0.783941
169	154	1.1802
169	155	0.731437
169	156	1.15553
169	159	1.157
169	160	1.17584
169	162	1.14716
169	163	1.16576
169	165	0.784206
169	166	0.79098
169	168	1.14544
169	170	1.15053
169	171	1.16563
169	172	0.736293
169	173	1.16548
169	174	1.15067
169	175	0.678454
169	176	1.20603
169	177	1.16344
169	179	1.17
169	180	1.17227
170	9	0.890572
170	10	1.1884
170	12	1.03702
170	19	0.788307
170	20	0.728161
170	30	0.78729
170	43	0.739245
170	44	1.20391
170	46	1.2123
170	52	0.794178
170	53	0.702207
170	63	0.673587
170	68	0.813265
170	69	1.10999
170	73	1.18559
170	76	1.18159
170	82	0.638404
170	85	0.768877
170	86	0.791243
170	91	1.08391
170	103	1.21236
170	104	1.22124
170	106	1.17657
170	107	0.743433
170	109	0.74009
170	112	1.14473
170	114	0.763021
170	115	1.20543
170	116	1.0964
170	120	0.819508
170	123	1.12372
170	126	0.781566
170	129	0.766008
170	134	0.769524
170	136	0.732056
170	137	1.16878
170	138	1.14881
170	139	1.1975
170	140	1.16784
170	143	0.691412
170	144	1.13166
170	145	1.17349
170	146	1.14437
170	147	0.76254
170	148	1.16506
170	149	0.7731
170	150	1.14686
170	151	0.756474
170	152	0.778812
170	154	1.16746
170	156	1.1428
170	159	1.14426
170	161	1.20377
170	162	1.13442
170	163	1.15302
170	164	1.15691
170	168	1.13271
170	169	1.15053
170	171	1.15289
170	172	0.731164
170	173	1.15275
170	174	1.13793
170	175	0.673325
170	176	1.19329
170	177	1.15071
170	178	1.28223
170	179	1.15726
170	180	1.15953
171	3	0.723028
171	7	1.20733
171	8	0.923506
171	12	1.05212
171	22	0.755016
171	29	1.13156
171	32	0.795248
171	35	1.08353
171	43	0.729342
171	46	1.2274
171	58	0.745467
171	64	1.114
171	69	1.12509
171	70	1.11458
171	71	0.710931
171	72	0.734142
171	79	0.717517
171	87	1.09844
171	91	1.09901
171	92	1.21799
171	101	0.778782
171	103	1.22746
171	104	1.23634
171	105	0.794547
171	109	0.730186
171	115	1.22053
171	116	1.11149
171	117	0.707499
171	118	0.758589
171	120	0.809605
171	122	0.726509
171	123	1.13882
171	133	0.739966
171	136	0.722152
171	137	1.18388
171	138	1.16391
171	139	1.2126
171	140	1.18294
171	141	0.71263
171	144	1.14676
171	145	1.18858
171	146	1.15947
171	148	1.18016
171	149	0.763197
171	150	1.16196
171	153	0.76281
171	154	1.18256
171	156	1.1579
171	157	0.781641
171	158	0.760128
171	159	1.15936
171	160	0.733266
171	161	1.21887
171	162	1.14952
171	163	1.16812
171	164	1.17201
171	165	0.769174
171	167	0.727805
171	168	1.14781
171	169	1.16563
171	170	1.15289
171	172	0.721261
171	173	1.16785
171	174	1.15303
171	175	0.663422
171	176	1.20839
171	177	1.16581
171	178	1.29733
171	179	1.17236
171	180	1.17463
172	1	1.22884
172	3	1.22166
172	5	1.21714
172	11	1.22166
172	13	1.23433
172	19	1.16691
172	20	1.21509
172	26	0.814358
172	30	1.17967
172	32	1.16762
172	36	0.714921
172	38	1.12433
172	45	1.25937
172	49	1.11311
172	50	1.1999
172	51	1.18926
172	55	1.18203
172	67	1.14389
172	70	0.753195
172	76	0.659083
172	81	1.17186
172	83	0.783253
172	86	1.17709
172	94	1.19433
172	104	0.695817
172	106	0.726057
172	108	1.22499
172	118	1.19893
172	124	1.26421
172	125	1.16647
172	126	1.15854
172	129	1.17037
172	130	1.17576
172	132	1.18864
172	133	0.77879
172	134	1.19609
172	135	1.18896
172	137	0.690538
172	143	1.24033
172	144	0.728622
172	145	0.710468
172	146	0.728955
172	149	1.18227
172	150	0.735084
172	152	1.17603
172	153	1.19381
172	154	0.707976
172	155	1.21341
172	156	0.724104
172	157	1.17506
172	158	1.19332
172	159	0.743084
172	160	1.21196
172	161	0.692281
172	162	0.748895
172	165	1.1794
172	166	1.18699
172	167	1.22548
172	168	0.749615
172	169	0.736293
172	170	0.731164
172	171	0.721261
172	173	0.724217
172	174	0.722223
172	175	1.28091
172	176	0.691521
172	177	0.731063
172	178	0.622572
172	179	0.726126
172	180	0.718267
173	3	0.725985
173	5	0.70084
173	6	0.715892
173	10	1.20335
173	12	1.05198
173	14	0.903645
173	28	1.29859
173	31	0.795598
173	33	1.11918
173	35	1.08339
173	44	1.21886
173	46	1.22726
173	56	1.17465
173	58	0.748424
173	62	0.668366
173	64	1.11386
173	66	0.652319
173	69	1.12495
173	73	1.20055
173	77	0.8661
173	78	0.713255
173	80	1.0746
173	87	1.0983
173	89	1.09415
173	91	1.09887
173	92	1.21785
173	93	0.827697
173	98	0.749528
173	99	1.15287
173	101	0.781739
173	103	1.22732
173	106	1.19153
173	108	0.72377
173	110	0.806784
173	116	1.11135
173	117	0.710456
173	123	1.13867
173	128	1.17023
173	136	0.725109
173	137	1.18374
173	138	1.16376
173	139	1.21245
173	140	1.1828
173	141	0.715587
173	142	0.723843
173	144	1.14661
173	145	1.18844
173	146	1.15932
173	148	1.18001
173	149	0.766154
173	151	0.749528
173	152	0.771866
173	154	1.18242
173	156	1.15775
173	157	0.784597
173	158	0.763084
173	159	1.15922
173	160	0.736222
173	161	1.21872
173	163	1.16798
173	165	0.772131
173	166	0.778905
173	167	0.730762
173	168	1.14766
173	169	1.16548
173	170	1.15275
173	171	1.16785
173	172	0.724217
173	174	1.15289
173	175	0.666378
173	176	1.20825
173	177	1.16566
173	178	1.29718
173	179	1.17222
173	180	1.17449
174	4	0.897005
174	7	1.19237
174	10	1.18854
174	11	0.695878
174	15	0.72963
174	17	0.901954
174	19	0.779366
174	28	1.28378
174	35	1.06857
174	36	0.677059
174	44	1.20405
174	48	0.682429
174	51	0.743879
174	56	1.15984
174	64	1.09904
174	65	0.814671
174	67	0.786023
174	69	1.11014
174	70	1.09962
174	72	0.735105
174	73	1.18573
174	74	0.855007
174	75	0.735811
174	76	1.18173
174	79	0.71848
174	83	0.745391
174	85	0.759936
174	87	1.08349
174	89	1.07934
174	92	1.20304
174	103	1.21251
174	104	1.22138
174	105	0.79551
174	106	1.17672
174	108	0.721776
174	112	1.14488
174	115	1.20558
174	118	0.759551
174	121	0.715344
174	123	1.12386
174	128	1.15541
174	131	0.718951
174	134	0.760583
174	137	1.16893
174	138	1.14895
174	139	1.19764
174	140	1.16799
174	144	1.1318
174	145	1.17363
174	146	1.14451
174	148	1.1652
174	150	1.147
174	151	0.747534
174	152	0.769872
174	154	1.1676
174	155	0.717367
174	156	1.14294
174	157	0.782603
174	158	0.76109
174	159	1.1444
174	160	0.734228
174	161	1.20391
174	162	1.13456
174	163	1.15316
174	164	1.15705
174	165	0.770137
174	168	1.13285
174	169	1.15067
174	170	1.13793
174	171	1.15303
174	172	0.722223
174	173	1.15289
174	175	0.664384
174	176	1.19343
174	177	1.15085
174	178	1.28237
174	179	1.15741
174	180	1.15968
175	1	1.27425
175	3	1.26707
175	5	1.26255
175	11	1.26707
175	12	0.866881
175	14	1.12942
175	19	1.21232
175	20	1.2605
175	23	1.21321
175	30	1.22507
175	45	1.30478
175	46	0.649805
175	49	1.15852
175	50	1.24531
175	51	1.23467
175	52	0.76526
175	55	1.22744
175	67	1.1893
175	68	0.784347
175	69	0.760847
175	70	0.695356
175	77	1.16435
175	79	1.26627
175	80	0.800773
175	86	1.2225
175	89	0.779832
175	92	0.641417
175	94	1.23974
175	96	0.693612
175	99	0.66793
175	100	1.20879
175	108	1.2704
175	109	1.26456
175	112	0.704173
175	118	1.24434
175	122	0.707494
175	124	1.30962
175	125	1.21188
175	126	1.20395
175	127	0.724992
175	129	1.21578
175	130	1.22117
175	132	1.23405
175	134	1.2415
175	140	0.652945
175	142	0.701871
175	143	1.28574
175	144	0.670783
175	146	0.671116
175	149	1.22768
175	152	1.22144
175	153	1.23922
175	154	0.650137
175	155	1.25882
175	157	1.22047
175	158	1.23873
175	159	0.685245
175	160	1.25736
175	161	0.634441
175	162	0.691056
175	163	0.660236
175	164	1.25117
175	165	1.22481
175	166	1.2324
175	167	1.27089
175	169	0.678454
175	170	0.673325
175	171	0.663422
175	172	1.28091
175	173	0.666378
175	174	0.664384
175	176	0.633682
175	177	0.673224
175	178	0.564732
175	179	0.668287
175	180	0.660428
176	2	0.70236
176	8	0.893767
176	9	1.0725
176	11	0.665176
176	15	1.24713
176	18	1.17335
176	20	0.688518
176	21	1.18097
176	27	1.16128
176	28	1.33913
176	39	0.790306
176	40	0.6766
176	42	0.661633
176	44	1.25941
176	47	0.665238
176	52	1.19707
176	54	1.18311
176	55	0.675712
176	57	1.26573
176	58	1.19378
176	60	1.34318
176	62	0.63567
176	65	0.783969
176	66	1.28361
176	68	0.773623
176	71	0.681191
176	72	1.2193
176	73	1.24109
176	75	0.705109
176	80	1.11514
176	83	1.19368
176	90	0.669024
176	93	1.13678
176	94	0.685342
176	95	1.20931
176	105	0.764808
176	106	1.23207
176	107	1.22727
176	110	1.14062
176	111	1.22498
176	112	1.20023
176	114	1.19761
176	116	1.15189
176	118	0.728849
176	119	0.650956
176	123	1.17922
176	125	0.768894
176	126	0.741923
176	127	0.714267
176	129	0.726365
176	132	0.71905
176	134	0.729881
176	135	0.723795
176	136	1.20432
176	138	1.20431
176	140	1.22334
176	142	1.21986
176	143	0.651769
176	144	1.18716
176	145	1.22899
176	150	1.20236
176	153	0.73307
176	154	1.22296
176	156	1.1983
176	157	0.751901
176	158	0.730388
176	159	1.19976
176	162	1.18992
176	163	1.20852
176	164	1.21241
176	165	0.739435
176	166	0.746209
176	169	1.20603
176	170	1.19329
176	171	1.20839
176	172	0.691521
176	173	1.20825
176	174	1.19343
176	175	0.633682
176	177	1.20621
176	179	1.21276
177	2	0.741902
177	5	0.707685
177	6	0.722737
177	7	1.20514
177	10	1.20131
177	12	1.04994
177	15	0.73847
177	16	0.711162
177	17	0.910794
177	27	0.786091
177	28	1.29655
177	29	1.12938
177	34	0.808245
177	35	1.08135
177	40	0.716142
177	44	1.21683
177	46	1.22522
177	47	0.70478
177	48	0.691269
177	49	0.821952
177	56	1.17261
177	60	1.30059
177	66	0.659164
177	69	1.12291
177	70	1.11239
177	73	1.19851
177	76	1.19451
177	80	1.07256
177	83	0.754231
177	84	0.649332
177	86	0.791141
177	87	1.09626
177	91	1.09683
177	92	1.21581
177	94	0.724884
177	99	1.15083
177	102	0.68787
177	103	1.22528
177	104	1.23415
177	106	1.18949
177	109	0.739988
177	110	0.813629
177	111	0.708419
177	112	1.15765
177	116	1.10931
177	120	0.819407
177	121	0.724183
177	122	0.736311
177	123	1.13664
177	128	1.16819
177	131	0.727791
177	137	1.1817
177	138	1.16172
177	139	1.21041
177	140	1.18076
177	144	1.14458
177	145	1.1864
177	146	1.15729
177	148	1.17797
177	150	1.15978
177	151	0.756373
177	152	0.778711
177	154	1.18038
177	155	0.726207
177	156	1.15571
177	157	0.791443
177	159	1.15718
177	160	0.743068
177	161	1.21669
177	162	1.14734
177	163	1.16594
177	164	1.16982
177	165	0.778976
177	166	0.78575
177	167	0.737607
177	168	1.14562
177	169	1.16344
177	170	1.15071
177	171	1.16581
177	172	0.731063
177	173	1.16566
177	174	1.15085
177	175	0.673224
177	176	1.20621
177	178	1.29514
177	179	1.17018
177	180	1.17245
178	2	0.633411
178	17	0.802302
178	25	1.22975
178	26	0.676845
178	31	1.25782
178	32	0.696559
178	34	0.699754
178	37	1.19541
178	38	0.762544
178	39	1.18575
178	41	1.37221
178	42	1.37212
178	48	0.582778
178	52	0.685586
178	53	1.28182
178	59	1.28003
178	61	1.23074
178	62	1.36706
178	63	1.37399
178	64	1.24334
178	74	1.20658
178	85	1.27027
178	86	0.68265
178	87	1.22778
178	88	1.35556
178	89	1.22364
178	90	0.600074
178	91	1.22835
178	93	0.726051
178	96	0.613938
178	98	0.647882
178	99	1.28235
178	100	0.725047
178	102	1.36917
178	105	1.26466
178	111	0.599928
178	114	0.654429
178	120	0.710915
178	122	0.62782
178	123	1.26815
178	124	0.579486
178	125	0.699944
178	127	0.645318
178	128	1.29971
178	130	0.677164
178	131	0.619299
178	135	0.654845
178	137	1.31322
178	138	1.29324
178	142	0.622197
178	144	1.27609
178	145	1.31792
178	146	1.28881
178	148	1.30949
178	149	0.664508
178	150	1.2913
178	151	0.647882
178	154	1.3119
178	155	0.617716
178	156	1.28723
178	157	0.682951
178	158	0.661438
178	159	1.2887
178	160	0.634576
178	163	1.29746
178	164	1.30134
178	165	0.670485
178	166	0.677259
178	167	0.629116
178	168	1.27714
178	170	1.28223
178	171	1.29733
178	172	0.622572
178	173	1.29718
178	174	1.28237
178	175	0.564732
178	177	1.29514
178	179	1.3017
178	180	1.30397
179	7	1.2117
179	8	0.928372
179	10	1.20787
179	12	1.0565
179	13	0.689139
179	25	0.770761
179	27	0.781154
179	28	1.30311
179	29	1.13593
179	31	0.797506
179	33	1.1237
179	35	1.0879
179	38	0.866098
179	41	0.69832
179	42	0.696238
179	44	1.22338
179	46	1.23178
179	50	0.746991
179	51	0.747781
179	56	1.17917
179	59	0.737549
179	60	1.30715
179	64	1.11837
179	67	0.789925
179	69	1.12947
179	70	1.11895
179	73	1.20506
179	76	1.20106
179	79	0.722383
179	80	1.07912
179	82	0.633367
179	87	1.10282
179	88	0.687665
179	89	1.09867
179	90	0.703629
179	91	1.10339
179	92	1.22237
179	96	0.717493
179	97	0.69315
179	99	1.15738
179	102	0.682933
179	103	1.23184
179	104	1.24071
179	105	0.799413
179	106	1.19605
179	112	1.16421
179	113	0.725863
179	114	0.757983
179	115	1.22491
179	116	1.11587
179	119	0.68556
179	122	0.731374
179	123	1.14319
179	125	0.803498
179	128	1.17474
179	136	0.727018
179	137	1.18826
179	138	1.16828
179	139	1.21697
179	140	1.18732
179	142	0.725751
179	143	0.686374
179	144	1.15113
179	145	1.19296
179	146	1.16384
179	147	0.757502
179	148	1.18453
179	149	0.768062
179	150	1.16633
179	151	0.751436
179	154	1.18693
179	155	0.72127
179	156	1.16227
179	157	0.786506
179	159	1.16373
179	161	1.22324
179	162	1.15389
179	163	1.17249
179	164	1.17638
179	165	0.77404
179	166	0.780813
179	167	0.73267
179	168	1.15218
179	169	1.17
179	170	1.15726
179	171	1.17236
179	172	0.726126
179	173	1.17222
179	174	1.15741
179	175	0.668287
179	176	1.21276
179	177	1.17018
179	178	1.3017
179	180	1.17901
180	2	0.729106
180	4	1.04393
180	6	1.2124
180	13	1.20721
180	14	0.897694
180	17	1.05567
180	22	1.14183
180	23	0.683958
180	24	0.780219
180	25	0.762902
180	29	1.1382
180	32	0.792254
180	34	1.14616
180	36	1.24828
180	38	0.858239
180	48	1.2145
180	54	0.730833
180	57	0.686337
180	60	1.30942
180	62	0.662415
180	63	0.660689
180	65	1.12465
180	68	1.11783
180	69	1.13174
180	71	1.19178
180	72	0.731148
180	74	0.85105
180	75	1.19463
180	78	1.17812
180	80	1.08139
180	83	0.741435
180	84	1.26628
180	85	0.755979
180	89	1.10094
180	90	1.21862
180	95	0.719738
180	96	1.17784
180	97	1.16503
180	98	1.1722
180	101	0.775788
180	102	0.675074
180	103	1.23411
180	108	0.717819
180	112	1.16648
180	113	1.17016
180	115	1.22718
180	117	0.704505
180	118	0.755595
180	119	0.677701
180	121	1.18875
180	122	1.18296
180	124	0.675181
180	125	0.795639
180	127	1.17481
180	128	1.17701
180	129	0.75311
180	130	0.772859
180	131	1.18552
180	132	0.745796
180	133	1.15761
180	135	0.75054
180	136	0.719158
180	137	1.19053
180	138	1.17055
180	140	1.18959
180	141	1.19504
180	142	0.717892
180	145	1.19523
180	146	1.16611
180	147	0.749642
180	150	1.1686
180	151	1.15815
180	153	0.759816
180	155	0.713411
180	156	1.16454
180	157	0.778647
180	158	1.16621
180	159	1.166
180	160	1.18484
180	162	1.15616
180	163	1.17476
180	165	0.76618
180	166	0.772954
180	168	1.15445
180	169	1.17227
180	170	1.15953
180	171	1.17463
180	172	0.718267
180	173	1.17449
180	174	1.15968
180	175	0.660428
180	177	1.17245
180	178	1.30397
180	179	1.17901
