1	53	1.05674
1	85	1.0597
1	92	1.04716
1	111	1.08693
1	134	1.06601
1	140	1.08119
1	160	0.971641
1	163	1.07024
1	167	0.839899
1	171	1.05912
1	173	1.07291
1	177	0.906716
2	10	1.36873
2	21	0.920783
2	23	0.930884
2	28	1.02963
2	33	0.906697
2	39	0.909972
2	41	1.24389
2	47	0.987197
2	57	0.965661
2	61	0.965661
2	69	0.954276
2	70	1.02924
3	8	1.09244
3	16	1.09244
3	24	1.06298
3	40	1.06298
3	63	1.0065
3	67	1.07317
3	95	0.954822
3	121	0.980022
3	135	0.77937
3	157	1.05328
3	164	1.05493
3	180	1.10127
4	60	0.962112
4	74	0.927526
4	82	0.975475
4	89	0.963402
4	106	0.946885
4	109	0.933796
4	113	0.993763
4	115	0.999156
4	120	0.981782
4	148	1.19127
4	170	1.42006
4	179	0.916104
5	56	0.636171
5	100	0.898426
5	124	1.53947
5	166	0.964159
5	167	0.976809
5	168	0.958692
5	169	0.976004
5	170	0.962929
5	172	0.970124
5	175	0.925136
5	178	0.947443
5	180	1.02028
6	107	0.869181
6	130	0.387717
6	145	0.818441
6	158	1.07405
6	168	1.05604
6	169	1.07335
6	172	1.06747
6	174	1.08541
6	175	1.02248
6	177	1.05877
6	178	1.04479
6	180	1.11763
7	46	1.09148
7	148	0.984264
7	158	0.975803
7	161	1.09543
7	166	0.963257
7	167	0.975907
7	172	0.969222
7	174	0.987154
7	175	0.924234
7	177	0.96052
7	178	0.946541
7	179	0.913098
8	3	1.09244
8	16	1.09244
8	24	1.06298
8	25	0.679936
8	40	1.06298
8	63	1.0065
8	67	1.07317
8	81	0.842949
8	142	1.20321
8	157	1.05328
8	164	1.05493
8	180	1.10127
9	146	1.15182
9	148	0.982836
9	151	0.917525
9	154	1.03587
9	158	0.974374
9	166	0.961828
9	167	0.974478
9	168	0.956361
9	170	0.960599
9	172	0.967794
9	177	0.959092
9	178	0.945113
10	2	1.36873
10	78	0.923095
10	152	0.956811
10	158	0.974113
10	168	0.9561
10	169	0.973413
10	170	0.960338
10	172	0.967533
10	174	0.985465
10	175	0.922544
10	177	0.958831
10	178	0.944852
11	14	0.961502
11	55	1.00372
11	58	1.02912
11	65	0.841384
11	78	0.95567
11	90	0.998753
11	96	0.938329
11	98	0.988329
11	143	0.93983
11	157	0.943361
11	165	1.03467
11	176	1.58168
12	59	1.00895
12	95	0.915925
12	118	1.043
12	119	1.043
12	122	1.03568
12	123	1.02086
12	124	1.07234
12	130	1.05338
12	155	0.916871
12	164	1.04478
12	176	0.986878
12	178	1.08782
12	180	1.09113
13	38	1.02921
13	90	1.00259
13	96	0.942169
13	98	0.992169
13	112	0.857321
13	116	1.34973
13	147	0.937882
13	171	0.938717
13	172	0.945045
13	173	0.95251
13	175	0.900056
13	177	0.936343
13	180	0.995198
14	11	0.961502
14	55	1.09261
14	58	1.11801
14	65	0.930273
14	78	1.04456
14	90	1.08764
14	96	1.02722
14	98	1.07722
14	112	1.23796
14	141	0.771728
14	143	1.02872
14	157	1.03225
14	176	0.91656
15	59	1.01001
15	88	1.03523
15	118	1.04406
15	119	1.04406
15	122	1.03674
15	123	1.02192
15	124	1.07341
15	130	1.05444
15	138	0.913096
15	167	0.905323
15	176	0.98794
15	178	1.10068
15	180	1.09219
16	3	1.09244
16	8	1.09244
16	24	1.06298
16	40	1.06298
16	41	0.711443
16	63	1.0065
16	67	1.07317
16	135	0.827351
16	157	1.05328
16	164	1.05493
16	178	1.1747
16	180	1.10127
17	97	0.82544
17	117	0.725801
17	153	1.04812
17	159	1.066
17	164	0.72739
17	166	1.03625
17	167	1.0489
17	169	1.04809
17	172	1.04221
17	174	1.06015
17	175	0.997226
17	177	1.03351
17	178	1.01953
18	56	1.03877
18	84	1.05182
18	103	1.73911
18	105	1.03098
18	106	1.03269
18	109	1.01961
18	113	1.07957
18	116	1.01855
18	120	1.06759
18	136	1.05851
18	160	0.401689
18	175	0.790284
18	179	1.00191
19	55	1.07451
19	79	0.970743
19	95	0.936635
19	113	0.970923
19	125	0.936711
19	144	0.943388
19	146	0.969894
19	157	1.30726
19	171	0.94306
19	173	0.956853
19	175	0.9044
19	177	0.940686
19	178	0.926707
20	43	1.31318
20	91	0.935315
20	102	0.991024
20	110	0.902316
20	117	0.96293
20	145	0.937941
20	146	0.969153
20	154	0.966904
20	161	0.941435
20	171	0.942319
20	173	0.956112
20	176	0.894551
20	180	1.49802
21	2	0.920783
21	23	0.902804
21	28	1.00155
21	39	0.881892
21	47	0.959117
21	57	0.93758
21	61	0.93758
21	69	0.926196
21	70	1.00116
21	77	0.979624
21	136	0.951717
21	148	1.06383
21	176	1.75008
22	119	0.836128
22	124	0.651855
22	134	0.790393
22	148	1.06227
22	165	1.04292
22	166	1.04127
22	168	1.0358
22	170	1.04004
22	172	1.04723
22	174	1.06516
22	175	1.00224
22	177	1.03853
22	178	1.02455
23	2	0.930884
23	21	0.902804
23	28	1.01165
23	33	0.888718
23	39	0.891992
23	47	0.969218
23	57	0.947681
23	61	0.947681
23	69	0.936296
23	70	1.01126
23	136	0.961818
23	165	1.40002
23	177	1.41374
24	3	1.06298
24	8	1.06298
24	16	1.06298
24	40	1.03353
24	44	1.20857
24	63	0.977047
24	67	1.04371
24	129	1.03566
24	157	1.02382
24	164	1.02547
24	176	0.906526
24	179	0.812368
24	180	1.07181
25	8	0.679936
25	43	1.05026
25	80	0.997214
25	92	1.05386
25	148	1.07085
25	152	1.04508
25	157	0.651844
25	168	1.04437
25	169	1.06168
25	170	1.04861
25	176	1.00171
25	177	1.0471
25	178	1.03312
26	80	1.1407
26	88	1.04387
26	118	1.0527
26	119	1.0527
26	122	1.04538
26	123	1.03056
26	124	1.08204
26	130	1.06308
26	158	0.854458
26	160	0.924819
26	162	0.932262
26	176	0.996579
26	180	1.10083
27	64	0.92216
27	92	0.930212
27	132	0.96251
27	140	0.964235
27	146	0.969003
27	147	0.941335
27	154	0.966754
27	163	0.953287
27	168	1.36312
27	171	0.942169
27	173	0.955962
27	177	1.44871
27	179	0.892373
28	2	1.02963
28	21	1.00155
28	23	1.01165
28	39	0.990739
28	47	1.06796
28	54	0.646856
28	57	1.04643
28	61	1.04643
28	69	1.03504
28	70	1.11
28	100	1.17241
28	136	1.06056
28	176	1.10661
29	73	1.07297
29	93	1.02328
29	97	1.02156
29	123	0.00839618
29	127	1.06761
29	147	1.03512
29	153	1.39089
29	154	1.06054
29	163	1.04707
29	171	1.03595
29	173	1.04975
29	174	1.43736
29	179	0.986157
30	93	2.29256
30	133	0.790311
30	156	0.90678
30	160	0.894351
30	166	0.878319
30	169	0.890165
30	170	0.87709
30	172	0.884285
30	174	0.902217
30	175	0.839296
30	177	0.875583
30	178	0.861604
31	51	2.69488
31	103	0.801347
31	133	0.779432
31	153	0.879312
31	155	0.904839
31	158	0.879987
31	160	0.883472
31	166	0.867441
31	167	0.880091
31	170	0.866211
31	172	0.873406
31	174	0.891338
31	175	0.828418
31	177	0.864705
32	71	1.06187
32	91	1.01567
32	107	0.988238
32	126	1.00876
32	127	1.05433
32	140	1.04474
32	142	1.2144
32	146	1.04951
32	154	1.04726
32	155	0.849434
32	161	1.02179
32	162	0.910586
32	171	1.02267
32	173	1.03646
33	2	0.906697
33	23	0.888718
33	47	0.945031
33	69	0.91211
33	122	0.931866
33	127	0.962491
33	130	0.949569
33	146	0.95767
33	168	1.39884
33	171	0.930836
33	173	0.944629
33	176	0.883068
33	178	1.61297
33	180	0.987317
34	46	1.01103
34	85	1.0157
34	94	0.996874
34	134	1.02202
34	136	1.02192
34	140	1.03719
34	145	1.01075
34	152	0.990929
34	158	1.06879
34	161	1.01424
34	163	1.02624
34	165	1.0605
34	171	1.01512
34	173	1.02892
35	50	1.27272
35	87	1.31517
35	139	0.923597
35	148	0.954367
35	160	0.949391
35	165	0.93501
35	166	0.93336
35	167	0.94601
35	169	0.945205
35	170	0.93213
35	172	0.939325
35	175	0.894337
35	177	0.930623
35	178	0.916644
36	68	1.9475
36	74	0.99274
36	82	1.04069
36	84	1.03122
36	89	1.02862
36	105	1.01038
36	106	1.0121
36	109	0.99901
36	113	1.05898
36	116	0.997952
36	120	1.047
36	156	0.33609
36	176	0.849364
36	179	0.981318
37	110	1.38171
37	116	1.2005
37	149	0.958345
37	150	0.935798
37	153	0.941446
37	158	0.942121
37	165	0.931225
37	166	0.929575
37	167	0.942225
37	172	0.935541
37	174	0.953473
37	175	0.890552
37	177	0.926839
37	178	0.912859
38	13	1.02921
38	59	0.987814
38	88	1.01303
38	118	1.02186
38	119	1.02186
38	122	1.01454
38	123	0.999721
38	124	1.05121
38	125	0.821448
38	130	1.03224
38	157	1.02199
38	176	0.96574
38	179	1.16794
38	180	1.06999
39	2	0.909972
39	21	0.881892
39	23	0.891992
39	28	0.990739
39	47	0.948306
39	52	0.944305
39	57	0.926769
39	61	0.926769
39	69	0.915384
39	70	0.990346
39	87	0.932619
39	108	1.51492
39	136	0.940906
39	179	1.50706
40	3	1.06298
40	8	1.06298
40	16	1.06298
40	24	1.03353
40	63	0.977047
40	67	1.04371
40	68	1.4525
40	103	1.22341
40	108	0.268064
40	129	1.03566
40	157	1.02382
40	164	1.02547
40	180	1.07181
41	2	1.24389
41	16	0.711443
41	50	0.98517
41	57	0.937034
41	123	0.978217
41	130	1.01074
41	159	1.02212
41	163	1.00312
41	169	1.00421
41	171	0.992004
41	173	1.0058
41	174	1.01626
41	176	0.944236
41	177	0.989631
41	180	1.04849
42	88	1.00159
42	114	1.17266
42	118	1.01043
42	119	1.01043
42	122	1.0031
42	123	0.988283
42	124	1.03977
42	125	1.20874
42	130	1.0208
42	153	0.930093
42	157	1.01055
42	162	0.889985
42	164	1.01221
42	176	0.954302
42	180	1.05855
43	20	1.31318
43	25	1.05026
43	101	0.645446
43	128	0.93685
43	156	1.02675
43	159	1.02804
43	165	0.999937
43	166	0.998287
43	170	0.997057
43	171	0.831237
43	172	1.00425
43	174	1.02218
43	175	0.959264
43	177	0.99555
43	178	0.981571
44	24	1.20857
44	133	0.839238
44	153	0.939118
44	156	0.955707
44	158	0.939793
44	163	1.68444
44	165	0.928897
44	166	0.927247
44	168	0.92178
44	169	0.939092
44	170	0.926017
44	172	0.933212
44	174	0.951144
44	175	0.888224
44	178	0.910531
45	49	0.833379
45	83	0.991455
45	114	0.985192
45	151	0.959172
45	152	0.998719
45	159	1.03323
45	166	1.00348
45	167	1.01613
45	169	1.01532
45	172	1.00944
45	173	0.860489
45	174	1.02737
45	175	0.964452
45	177	1.00074
45	178	0.98676
46	7	1.09148
46	34	1.01103
46	132	1.01339
46	134	0.999941
46	144	0.993377
46	146	1.01988
46	147	0.992215
46	154	1.01763
46	158	1.08984
46	163	1.00417
46	164	1.00319
46	166	1.02936
46	171	0.993049
46	173	1.00684
46	176	0.945281
47	2	0.987197
47	21	0.959117
47	23	0.969218
47	28	1.06796
47	33	0.945031
47	39	0.948306
47	53	1.00896
47	57	1.00399
47	61	1.00399
47	69	0.99261
47	70	1.06757
47	77	1.04604
47	133	1.95187
47	165	0.640905
47	170	0.730453
48	84	0.936992
48	99	1.02937
48	110	1.01482
48	124	0.722722
48	149	1.01634
48	150	0.993797
48	152	0.982818
48	158	1.00012
48	159	1.01733
48	160	1.00361
48	165	0.989224
48	167	1.00022
48	174	1.01147
48	177	0.984838
48	178	0.970859
49	45	0.833379
49	88	1.00159
49	118	1.01043
49	119	1.01043
49	122	1.0031
49	123	0.988283
49	124	1.03977
49	130	1.0208
49	157	1.01055
49	162	0.889985
49	164	1.01221
49	174	0.899148
49	176	0.954302
49	179	1.47782
49	180	1.05855
50	35	1.27272
50	41	0.98517
50	75	1.03091
50	85	0.990885
50	94	0.972057
50	127	1.02196
50	132	1.01065
50	145	0.985929
50	146	1.01714
50	147	0.989472
50	163	1.00142
50	165	0.995168
50	166	0.942974
50	171	0.990307
50	173	1.0041
51	31	2.69488
51	83	0.995518
51	102	1.04419
51	110	0.955483
51	117	1.0161
51	137	0.106733
51	146	1.02232
51	147	0.994652
51	154	1.02007
51	161	0.994603
51	163	1.0066
51	171	0.995487
51	172	0.408076
51	173	1.00928
51	179	0.94569
52	39	0.944305
52	57	0.999994
52	61	0.999994
52	67	0.709206
52	70	1.06357
52	94	1.08698
52	109	0.975231
52	115	1.04059
52	138	1.00831
52	143	1.01229
52	168	1.00223
52	173	0.883704
52	177	1.00496
52	178	0.990982
52	179	0.957539
53	1	1.05674
53	47	1.00896
53	57	0.987424
53	61	0.987424
53	69	0.97604
53	98	0.799889
53	109	0.931743
53	115	0.941188
53	140	1.01683
53	167	1.00778
53	169	1.00697
53	171	0.994766
53	173	1.00856
53	175	0.956105
53	177	0.992392
54	28	0.646856
54	97	1.20582
54	127	1.13191
54	142	0.943379
54	152	0.987416
54	155	1.02957
54	158	1.00472
54	165	0.993823
54	166	0.992173
54	168	0.986706
54	169	1.00402
54	172	0.998138
54	175	0.95315
54	177	0.989436
54	178	0.975457
54	179	0.942014
55	11	1.00372
55	14	1.09261
55	19	1.07451
55	58	1.16023
55	65	0.97249
55	78	1.08678
55	90	1.12986
55	96	1.06943
55	98	1.11943
55	108	1.04171
55	112	1.47451
55	133	0.978337
55	143	1.07094
55	155	0.57741
55	157	1.07447
55	180	0.397584
56	5	0.636171
56	18	1.03877
56	74	0.945829
56	79	1.01189
56	82	0.993778
56	84	0.984311
56	89	0.981705
56	103	1.43748
56	105	0.963473
56	106	0.965188
56	113	1.01207
56	115	1.01746
56	116	0.951041
56	120	1.00009
56	162	1.35214
56	179	0.934407
57	2	0.965661
57	21	0.93758
57	23	0.947681
57	28	1.04643
57	39	0.926769
57	41	0.937034
57	47	1.00399
57	52	0.999994
57	53	0.987424
57	61	0.982458
57	69	0.971073
57	70	1.04603
57	76	1.36742
57	87	0.988308
57	104	1.11164
57	136	0.996595
58	11	1.02912
58	14	1.11801
58	55	1.16023
58	65	0.997895
58	68	0.991402
58	78	1.11218
58	90	1.15526
58	96	1.09484
58	98	1.14484
58	138	0.534833
58	143	1.09634
58	157	1.09987
58	175	1.0474
58	176	1.12717
58	178	0.722416
59	12	1.00895
59	15	1.01001
59	38	0.987814
59	86	1.2749
59	88	0.970965
59	118	0.979803
59	119	0.979803
59	122	0.972477
59	123	0.957659
59	124	1.00914
59	130	0.99018
59	164	0.981584
59	169	1.08907
59	172	1.15246
59	176	0.923678
59	180	1.02793
60	4	0.962112
60	63	0.955066
60	67	1.02173
60	85	0.990108
60	89	0.990854
60	97	0.940785
60	109	0.961248
60	118	0.948434
60	164	1.00349
60	168	0.988248
60	170	0.992486
60	172	0.999681
60	175	0.954692
60	178	0.976999
60	179	0.943556
60	180	1.04983
61	2	0.965661
61	21	0.93758
61	23	0.947681
61	28	1.04643
61	39	0.926769
61	47	1.00399
61	52	0.999994
61	53	0.987424
61	57	0.982458
61	69	0.971073
61	70	1.04603
61	87	0.988308
61	100	1.59626
61	136	0.996595
61	160	1.06208
61	174	0.857624
62	64	1.05567
62	94	1.05743
62	107	1.04124
62	110	1.03567
62	121	0.948053
62	145	1.0713
62	154	1.10026
62	158	0.960771
62	159	0.751316
62	161	1.07479
62	163	1.08679
62	164	1.08581
62	171	1.07568
62	173	1.08947
62	177	0.966207
62	179	1.02588
63	3	1.0065
63	8	1.0065
63	16	1.0065
63	24	0.977047
63	40	0.977047
63	60	0.955066
63	67	0.987235
63	73	0.995875
63	87	0.957363
63	108	1.29784
63	125	0.943498
63	129	0.979185
63	157	0.967339
63	164	0.968992
63	179	1.28998
63	180	1.01534
64	27	0.92216
64	62	1.05567
64	92	0.965174
64	97	0.962734
64	101	1.02491
64	117	0.997743
64	127	1.00879
64	144	0.97746
64	154	1.00172
64	155	1.19501
64	163	0.988249
64	165	1.2237
64	171	0.977132
64	173	0.990925
64	174	1.09789
64	179	0.927336
65	11	0.841384
65	14	0.930273
65	55	0.97249
65	58	0.997895
65	66	0.809412
65	72	1.68046
65	77	0.93835
65	78	0.924442
65	90	0.967524
65	96	0.9071
65	98	0.9571
65	103	0.837917
65	108	0.879375
65	133	0.816002
65	138	1.93485
65	143	0.908601
65	157	0.912132
66	65	0.809412
66	78	0.923697
66	79	1.61812
66	96	0.906356
66	98	0.956356
66	111	0.930714
66	120	1.56567
66	127	0.934559
66	151	0.858964
66	154	0.927489
66	160	0.919298
66	168	0.8978
66	170	0.902037
66	171	0.902904
66	173	0.916697
66	174	0.927164
66	178	0.886551
67	3	1.07317
67	8	1.07317
67	16	1.07317
67	24	1.04371
67	40	1.04371
67	52	0.709206
67	60	1.02173
67	63	0.987235
67	73	1.06254
67	87	1.02403
67	129	1.04585
67	138	0.832251
67	142	1.21385
67	157	1.03401
67	164	1.03566
67	170	0.967123
67	180	1.082
68	36	1.9475
68	40	1.4525
68	58	0.991402
68	90	0.961031
68	96	0.900607
68	98	0.950607
68	126	0.883242
68	127	0.92881
68	128	0.836081
68	144	0.897483
68	153	0.909389
68	165	0.899168
68	171	0.897155
68	173	0.910948
68	175	0.858494
68	177	0.894781
68	178	0.880802
69	2	0.954276
69	21	0.926196
69	23	0.936296
69	28	1.03504
69	33	0.91211
69	39	0.915384
69	47	0.99261
69	53	0.97604
69	57	0.971073
69	61	0.971073
69	70	1.03465
69	77	1.01312
69	81	1.128
69	87	0.976923
69	129	0.974314
69	136	0.98521
69	175	1.61923
70	2	1.02924
70	21	1.00116
70	23	1.01126
70	28	1.11
70	39	0.990346
70	47	1.06757
70	52	1.06357
70	57	1.04603
70	61	1.04603
70	69	1.03465
70	77	1.08808
70	87	1.05188
70	129	0.626087
70	136	1.06017
70	176	1.35077
70	179	1.25662
70	180	0.595247
71	32	1.06187
71	111	1.09895
71	137	0.992498
71	141	0.940213
71	150	0.99485
71	151	0.944324
71	157	1.02259
71	162	0.876179
71	165	0.990277
71	166	0.988627
71	168	0.98316
71	169	1.00047
71	170	0.987398
71	172	0.994593
71	175	0.949604
71	177	0.985891
71	178	0.971912
72	65	1.68046
72	80	0.929572
72	95	0.975409
72	137	0.986068
72	142	0.933403
72	155	1.01959
72	161	0.785794
72	164	0.720798
72	165	0.983847
72	168	0.97673
72	170	0.980967
72	172	0.988162
72	174	1.00609
72	175	0.943174
72	177	0.97946
72	178	0.965481
72	179	0.932038
73	29	1.07297
73	63	0.995875
73	67	1.06254
73	75	1.07476
73	123	1.02037
73	124	1.07186
73	130	1.05289
73	149	0.933327
73	150	0.938426
73	152	0.93929
73	158	1.01715
73	163	1.04528
73	164	1.0443
73	171	1.03416
73	173	1.04795
73	176	0.986392
73	180	1.09064
74	4	0.927526
74	36	0.99274
74	56	0.945829
74	77	0.993468
74	79	0.986449
74	82	0.968341
74	89	0.956268
74	105	0.938036
74	106	0.939751
74	113	0.986629
74	115	0.992022
74	116	0.925604
74	120	0.974648
74	143	0.963719
74	156	0.893238
74	162	2.19023
74	169	0.8421
74	179	0.90897
75	50	1.03091
75	73	1.07476
75	80	1.20734
75	83	1.03777
75	94	1.01949
75	99	0.676052
75	126	1.02383
75	134	1.04463
75	146	1.06457
75	151	1.20405
75	154	1.06233
75	162	0.925656
75	163	1.04886
75	171	1.03774
75	173	1.05153
75	176	0.989973
75	177	0.926537
75	179	0.987945
76	57	1.36742
76	97	1.22795
76	112	0.877877
76	130	0.786002
76	151	0.915333
76	155	0.997034
76	158	0.972182
76	159	0.98939
76	165	0.961286
76	166	0.959636
76	167	0.972286
76	168	0.954169
76	170	0.958406
76	172	0.965601
76	174	0.983533
76	175	0.920613
76	177	0.956899
76	180	1.01575
77	21	0.979624
77	47	1.04604
77	65	0.93835
77	69	1.01312
77	70	1.08808
77	74	0.993468
77	78	1.05264
77	84	1.03195
77	90	1.09572
77	96	1.03529
77	98	1.08529
77	113	1.05971
77	116	0.99868
77	152	1.02101
77	153	0.9183
77	174	0.964769
77	177	1.1043
77	179	0.982046
78	10	0.923095
78	11	0.95567
78	14	1.04456
78	55	1.08678
78	58	1.11218
78	65	0.924442
78	66	0.923697
78	77	1.05264
78	90	1.08181
78	96	1.02139
78	98	1.07139
78	103	0.952203
78	108	0.993661
78	133	0.930288
78	138	1.07392
78	139	1.08219
78	143	1.02289
78	149	1.04371
78	157	1.02642
79	19	0.970743
79	56	1.01189
79	66	1.61812
79	74	0.986449
79	81	1.02848
79	82	1.0344
79	84	1.02493
79	89	1.02233
79	105	1.00409
79	106	1.00581
79	109	0.99272
79	113	1.05269
79	115	1.05808
79	116	0.991662
79	120	1.04071
79	156	0.926763
79	165	0.893024
79	179	0.975028
79	180	0.68451
80	25	0.997214
80	26	1.1407
80	72	0.929572
80	75	1.20734
80	114	0.926958
80	153	0.957112
80	155	0.982639
80	158	0.957787
80	165	0.946891
80	166	0.945241
80	167	0.957891
80	169	0.957087
80	170	0.944012
80	172	0.951207
80	173	1.3466
80	174	0.969139
80	175	0.906218
80	177	0.942505
80	178	0.928526
81	8	0.842949
81	69	1.128
81	79	1.02848
81	84	1.00091
81	88	0.99755
81	97	0.986401
81	105	0.980069
81	109	0.968695
81	116	0.967637
81	117	1.02141
81	150	1.00738
81	152	0.996405
81	156	1.02962
81	157	0.814857
81	163	1.01192
81	165	1.00281
81	171	1.0008
81	173	1.01459
81	177	0.998425
81	178	0.984446
82	4	0.975475
82	36	1.04069
82	56	0.993778
82	74	0.968341
82	79	1.0344
82	84	1.00682
82	89	1.00422
82	105	0.985985
82	106	0.9877
82	109	0.974611
82	113	1.03458
82	114	1.12885
82	115	1.03997
82	116	0.973553
82	120	1.0226
82	125	1.00037
82	152	0.98899
82	172	1.10456
82	178	1.20082
82	179	0.956919
83	45	0.991455
83	51	0.995518
83	75	1.03777
83	93	0.984497
83	97	0.982774
83	111	1.02498
83	126	0.983259
83	132	1.01751
83	134	1.00406
83	140	1.01924
83	144	0.9975
83	145	0.992794
83	161	0.996288
83	163	1.00829
83	166	1.13085
83	167	1.12994
83	171	0.997172
83	173	1.01097
83	174	1.05723
83	179	0.947376
84	18	1.05182
84	36	1.03122
84	48	0.936992
84	56	0.984311
84	77	1.03195
84	79	1.02493
84	81	1.00091
84	82	1.00682
84	89	0.99475
84	105	0.976518
84	106	0.978233
84	109	0.965144
84	115	1.0305
84	116	0.964086
84	120	1.01313
84	138	0.998226
84	155	1.11029
84	169	1.12158
84	177	1.1527
84	179	0.947452
85	1	1.0597
85	34	1.0157
85	50	0.990885
85	60	0.990108
85	93	0.985044
85	102	1.04642
85	110	0.957716
85	132	1.01806
85	144	0.998047
85	145	0.993342
85	154	1.0223
85	159	0.966709
85	160	1.24653
85	161	0.996835
85	163	1.00884
85	167	1.11478
85	171	0.997719
85	173	1.01151
85	176	0.949951
85	179	0.947923
86	59	1.2749
86	113	0.920872
86	137	0.949631
86	149	0.974529
86	150	0.951982
86	158	0.958306
86	159	0.975514
86	160	0.961791
86	166	0.94576
86	168	0.940293
86	170	0.94453
86	171	1.39303
86	172	0.951725
86	174	0.969657
86	175	0.906736
86	177	0.943023
86	178	0.929044
86	179	0.8956
86	180	1.00188
87	35	1.31517
87	39	0.932619
87	57	0.988308
87	61	0.988308
87	63	0.957363
87	67	1.02403
87	69	0.976923
87	70	1.05188
87	99	0.80085
87	136	1.00244
87	144	0.995977
87	154	1.02023
87	156	1.07135
87	157	1.00413
87	161	0.994766
87	164	1.00579
87	170	1.12716
87	171	0.995649
87	173	1.00944
87	180	1.05213
88	15	1.03523
88	26	1.04387
88	38	1.01303
88	42	1.00159
88	49	1.00159
88	59	0.970965
88	81	0.99755
88	118	1.00501
88	119	1.00501
88	122	0.997689
88	123	0.982871
88	124	1.03436
88	129	0.843865
88	130	1.01539
88	162	0.884574
88	164	1.0068
88	169	1.00414
88	176	0.948891
88	179	1.47439
88	180	1.05314
89	4	0.963402
89	36	1.02862
89	56	0.981705
89	60	0.990854
89	74	0.956268
89	79	1.02233
89	82	1.00422
89	84	0.99475
89	105	0.973913
89	106	0.975627
89	109	0.962539
89	115	1.0279
89	116	0.96148
89	120	1.01052
89	133	1.66056
89	136	1.00144
89	143	0.999595
89	162	1.68032
89	172	0.395586
89	176	0.896604
89	179	0.944846
90	11	0.998753
90	13	1.00259
90	14	1.08764
90	55	1.12986
90	58	1.15526
90	65	0.967524
90	68	0.961031
90	77	1.09572
90	78	1.08181
90	96	1.06447
90	98	1.11447
90	103	0.995286
90	108	1.03674
90	121	0.740265
90	133	0.973371
90	143	1.06597
90	157	1.0695
90	168	0.672831
90	170	0.834248
90	176	1.29171
90	179	1.19755
91	20	0.935315
91	32	1.01567
91	97	0.975739
91	101	1.03792
91	102	1.03884
91	103	0.924406
91	117	1.01075
91	127	1.02179
91	132	1.01048
91	133	0.902491
91	140	1.0122
91	144	0.990465
91	149	1.10254
91	150	1.10764
91	161	0.989253
91	164	1.00027
91	171	0.990137
91	172	1.22407
91	173	1.00393
91	177	1.1918
91	179	0.94034
92	1	1.04716
92	25	1.05386
92	27	0.930212
92	64	0.965174
92	104	1.09447
92	107	0.95075
92	110	0.94518
92	111	1.01299
92	117	1.00579
92	132	1.00552
92	135	1.03577
92	144	0.985511
92	145	0.980806
92	146	1.01202
92	147	0.984349
92	154	1.00977
92	161	0.9843
92	163	0.996301
92	170	1.33041
92	171	0.985183
92	173	0.998976
93	29	1.02328
93	30	2.29256
93	83	0.984497
93	85	0.985044
93	97	0.970068
93	126	0.970553
93	131	0.584436
93	140	1.00653
93	144	0.984794
93	145	0.980088
93	146	1.0113
93	147	0.983631
93	154	1.00905
93	156	0.793971
93	161	0.983582
93	163	0.995583
93	164	0.994604
93	170	0.84978
93	171	0.984466
93	173	0.998259
93	179	0.934669
94	34	0.996874
94	50	0.972057
94	52	1.08698
94	62	1.05743
94	75	1.01949
94	102	1.0276
94	104	1.10896
94	108	0.954618
94	117	0.999502
94	126	0.964978
94	127	1.01055
94	133	0.891245
94	134	0.985783
94	145	0.974514
94	146	1.00573
94	147	0.978057
94	159	1.05417
94	163	0.990009
94	171	0.978891
94	173	0.992684
94	177	1.26907
95	3	0.954822
95	12	0.915925
95	19	0.936635
95	72	0.975409
95	99	1.03287
95	136	1.06281
95	151	0.946776
95	152	0.986322
95	155	1.02848
95	161	1.05587
95	165	0.992728
95	166	0.991079
95	167	1.00373
95	168	0.985612
95	169	1.00292
95	170	0.989849
95	172	0.997044
95	175	0.952055
95	176	0.942948
95	177	0.988342
95	180	1.0472
96	11	0.938329
96	13	0.942169
96	14	1.02722
96	55	1.06943
96	58	1.09484
96	65	0.9071
96	66	0.906356
96	68	0.900607
96	77	1.03529
96	78	1.02139
96	90	1.06447
96	98	1.05405
96	103	0.934862
96	108	0.97632
96	125	1.34876
96	133	0.912947
96	139	1.20533
96	143	1.00555
96	157	1.00908
96	159	1.04122
96	180	1.03388
97	17	0.82544
97	29	1.02156
97	54	1.20582
97	60	0.940785
97	64	0.962734
97	76	1.22795
97	81	0.986401
97	83	0.982774
97	91	0.975739
97	93	0.970068
97	126	0.96883
97	127	1.0144
97	132	1.00308
97	134	0.989635
97	140	1.00481
97	144	0.983071
97	147	0.981908
97	161	0.981859
97	163	0.99386
97	171	0.982743
97	173	0.996536
98	11	0.988329
98	13	0.992169
98	14	1.07722
98	53	0.799889
98	55	1.11943
98	58	1.14484
98	65	0.9571
98	66	0.956356
98	68	0.950607
98	77	1.08529
98	78	1.07139
98	90	1.11447
98	96	1.05405
98	103	0.984862
98	108	1.02632
98	125	0.877554
98	133	0.962947
98	143	1.05555
98	149	0.69565
98	157	1.05908
98	175	1.23843
98	179	1.22404
99	48	1.02937
99	75	0.676052
99	87	0.80085
99	95	1.03287
99	100	0.973929
99	115	0.675721
99	123	1.14693
99	146	0.805834
99	155	1.07706
99	156	1.06812
99	165	1.04131
99	166	1.03966
99	167	1.05231
99	168	1.03419
99	169	1.05151
99	170	1.03843
99	172	1.04563
99	174	1.06356
99	175	1.00064
99	176	0.991531
99	177	1.03693
99	178	1.02295
100	5	0.898426
100	28	1.17241
100	61	1.59626
100	99	0.973929
100	102	1.5246
100	128	0.870697
100	131	0.941897
100	139	0.922371
100	141	0.88372
100	142	0.88334
100	153	0.944005
100	156	0.960594
100	160	0.948165
100	165	0.933784
100	166	0.932134
100	169	0.943979
100	170	0.930904
100	172	0.938099
100	174	0.956031
100	175	0.89311
100	177	0.929397
100	178	0.915418
101	43	0.645446
101	64	1.02491
101	91	1.03792
101	110	1.00492
101	132	1.06526
101	137	1.08429
101	140	1.06699
101	144	1.04525
101	145	1.04055
101	146	1.07176
101	147	1.04409
101	154	1.06951
101	161	1.04404
101	162	0.932838
101	163	1.05604
101	167	0.985701
101	169	1.0214
101	171	1.04492
101	172	1.08479
101	173	1.05872
101	176	0.997155
101	179	0.995127
102	20	0.991024
102	51	1.04419
102	85	1.04642
102	91	1.03884
102	94	1.0276
102	100	1.5246
102	107	1.01141
102	117	1.06646
102	134	1.05274
102	140	1.06791
102	145	1.04147
102	146	1.07268
102	155	0.883095
102	161	1.04496
102	162	0.933761
102	163	1.05696
102	171	1.04585
102	173	1.05964
102	174	0.78597
102	176	0.998078
102	177	0.925503
102	180	0.703269
103	18	1.73911
103	31	0.801347
103	40	1.22341
103	56	1.43748
103	65	0.837917
103	78	0.952203
103	90	0.995286
103	91	0.924406
103	96	0.934862
103	98	0.984862
103	141	0.883359
103	145	0.927032
103	147	0.930575
103	157	0.939894
103	161	0.930526
103	169	0.943618
103	171	0.93141
103	172	0.937738
103	173	0.945203
103	174	0.95567
103	177	0.929036
103	178	0.915057
104	57	1.11164
104	92	1.09447
104	94	1.10896
104	137	0.98049
104	141	0.928205
104	144	0.979337
104	151	0.932316
104	152	0.971863
104	153	0.98849
104	156	1.00508
104	159	1.00637
104	160	0.992651
104	165	0.978269
104	166	0.976619
104	168	0.971152
104	169	0.988465
104	170	0.97539
104	174	1.00052
104	175	0.937596
104	177	0.973883
104	178	0.959903
104	180	1.03274
105	18	1.03098
105	36	1.01038
105	56	0.963473
105	74	0.938036
105	79	1.00409
105	81	0.980069
105	82	0.985985
105	84	0.976518
105	89	0.973913
105	106	0.957395
105	109	0.944307
105	113	1.00427
105	115	1.00967
105	116	0.943248
105	120	0.992293
105	138	0.977389
105	143	0.981363
105	166	1.03613
105	168	1.01645
105	172	1.13431
105	176	1.63533
105	179	0.926614
106	4	0.946885
106	18	1.03269
106	36	1.0121
106	56	0.965188
106	74	0.939751
106	79	1.00581
106	82	0.9877
106	84	0.978233
106	89	0.975627
106	105	0.957395
106	109	0.946021
106	115	1.01138
106	120	0.994008
106	125	0.971776
106	136	0.984921
106	138	0.979104
106	143	0.983078
106	148	0.673571
106	151	1.10405
106	162	2.14354
106	170	0.902361
106	179	0.928329
107	6	0.869181
107	32	0.988238
107	62	1.04124
107	92	0.95075
107	102	1.01141
107	108	0.938434
107	127	0.994362
107	129	0.983037
107	132	0.983048
107	136	0.969503
107	140	0.984773
107	145	0.95833
107	147	0.961873
107	151	1.44931
107	154	0.987292
107	156	1.19181
107	161	0.961824
107	163	0.973825
107	164	0.972845
107	171	0.962708
107	172	1.20407
107	173	0.976501
108	39	1.51492
108	40	0.268064
108	55	1.04171
108	63	1.29784
108	65	0.879375
108	78	0.993661
108	90	1.03674
108	94	0.954618
108	96	0.97632
108	98	1.02632
108	107	0.938434
108	113	1.21315
108	131	0.982994
108	134	0.97976
108	149	1.002
108	151	0.928927
108	163	0.983985
108	166	0.97323
108	167	0.98588
108	171	0.972868
108	173	0.986661
108	178	0.956515
109	4	0.933796
109	18	1.01961
109	36	0.99901
109	52	0.975231
109	53	0.931743
109	60	0.961248
109	79	0.99272
109	81	0.968695
109	82	0.974611
109	84	0.965144
109	89	0.962539
109	105	0.944307
109	106	0.946021
109	113	0.992899
109	115	0.998292
109	116	0.931874
109	120	0.980919
109	136	0.971832
109	138	0.966015
109	155	0.874352
109	162	2.23377
109	169	0.885642
109	179	0.91524
110	20	0.902316
110	37	1.38171
110	48	1.01482
110	51	0.955483
110	62	1.03567
110	85	0.957716
110	92	0.94518
110	101	1.00492
110	111	0.984947
110	117	0.977748
110	132	0.977478
110	136	0.963933
110	145	0.95276
110	146	0.983971
110	147	0.956303
110	154	0.981722
110	156	1.25054
110	161	0.956254
110	163	0.968255
110	164	0.967275
110	166	1.16461
110	171	0.957137
110	173	0.97093
111	1	1.08693
111	66	0.930714
111	71	1.09895
111	83	1.02498
111	92	1.01299
111	110	0.984947
111	117	1.04556
111	126	1.01104
111	140	1.04702
111	141	1.31738
111	144	1.02528
111	145	1.02057
111	146	1.05178
111	147	1.02412
111	150	0.844762
111	158	0.923483
111	161	1.02407
111	163	1.03607
111	164	1.03509
111	168	0.843332
111	171	1.02495
111	173	1.03874
111	179	0.975154
112	13	0.857321
112	14	1.23796
112	55	1.47451
112	76	0.877877
112	115	1.7809
112	121	0.934175
112	148	0.937115
112	149	0.944877
112	150	0.92233
112	151	0.871805
112	155	0.953506
112	156	0.944568
112	159	0.945862
112	160	0.932139
112	167	0.928758
112	168	0.91064
112	170	0.914878
112	172	0.922073
112	174	0.940005
112	175	0.877084
112	177	0.913371
112	178	0.899392
112	180	0.972226
113	4	0.993763
113	18	1.07957
113	19	0.970923
113	36	1.05898
113	56	1.01207
113	74	0.986629
113	77	1.05971
113	79	1.05269
113	82	1.03458
113	86	0.920872
113	105	1.00427
113	108	1.21315
113	109	0.992899
113	115	1.05826
113	116	0.991841
113	120	1.04089
113	128	1.12192
113	136	1.0318
113	138	1.02598
113	143	1.02996
113	148	0.613194
113	151	1.04367
113	179	0.975207
114	42	1.17266
114	45	0.985192
114	80	0.926958
114	82	1.12885
114	135	0.996464
114	138	0.980198
114	142	0.930789
114	145	1.17762
114	149	1.00835
114	151	0.93528
114	160	0.995614
114	162	0.867135
114	163	0.905672
114	165	0.981233
114	166	0.979583
114	168	0.974116
114	169	0.991429
114	170	0.978353
114	172	0.985548
114	174	1.00348
114	175	0.94056
114	177	0.976847
114	178	0.962867
115	4	0.999156
115	52	1.04059
115	53	0.941188
115	56	1.01746
115	74	0.992022
115	79	1.05808
115	82	1.03997
115	84	1.0305
115	89	1.0279
115	99	0.675721
115	105	1.00967
115	106	1.01138
115	109	0.998292
115	112	1.7809
115	113	1.05826
115	116	0.997234
115	120	1.04628
115	125	1.02405
115	136	1.03719
115	138	1.03137
115	159	0.711314
115	179	0.9806
115	180	0.703972
116	13	1.34973
116	18	1.01855
116	36	0.997952
116	37	1.2005
116	56	0.951041
116	74	0.925604
116	77	0.99868
116	79	0.991662
116	81	0.967637
116	82	0.973553
116	84	0.964086
116	89	0.96148
116	105	0.943248
116	109	0.931874
116	113	0.991841
116	115	0.997234
116	120	0.979861
116	125	0.957629
116	138	0.964957
116	141	1.43778
116	143	0.968931
116	179	0.914182
116	180	0.82708
117	17	0.725801
117	20	0.96293
117	51	1.0161
117	64	0.997743
117	81	1.02141
117	91	1.01075
117	92	1.00579
117	94	0.999502
117	102	1.06646
117	110	0.977748
117	111	1.04556
117	133	0.930106
117	138	1.01873
117	140	1.03982
117	154	1.04234
117	161	1.01687
117	163	1.02887
117	168	0.947051
117	169	1.00152
117	171	1.01775
117	172	1.06492
117	173	1.03154
117	175	1.48616
117	176	0.969984
118	12	1.043
118	15	1.04406
118	26	1.0527
118	38	1.02186
118	42	1.01043
118	49	1.01043
118	59	0.979803
118	60	0.948434
118	88	1.00501
118	119	1.01385
118	122	1.00653
118	123	0.991709
118	124	1.04319
118	129	0.948533
118	130	1.02423
118	137	1.1717
118	143	1.01045
118	152	1.05663
118	155	1.09752
118	157	1.01398
118	162	0.893411
118	164	1.01563
118	176	0.957729
118	180	1.06198
119	12	1.043
119	15	1.04406
119	22	0.836128
119	26	1.0527
119	38	1.02186
119	42	1.01043
119	49	1.01043
119	59	0.979803
119	88	1.00501
119	118	1.01385
119	122	1.00653
119	123	0.991709
119	124	1.04319
119	129	0.931306
119	130	1.02423
119	143	1.01045
119	157	1.01398
119	159	0.907808
119	162	0.893411
119	164	1.01563
119	174	0.983166
119	176	0.957729
119	179	1.56183
119	180	1.06198
120	4	0.981782
120	18	1.06759
120	36	1.047
120	56	1.00009
120	66	1.56567
120	74	0.974648
120	79	1.04071
120	82	1.0226
120	84	1.01313
120	89	1.01052
120	105	0.992293
120	106	0.994008
120	109	0.980919
120	113	1.04089
120	115	1.04628
120	116	0.979861
120	125	1.00667
120	136	1.01982
120	143	1.01798
120	167	0.787477
120	176	1.38759
120	177	0.854294
120	179	0.963226
120	180	0.63206
121	3	0.980022
121	62	0.948053
121	90	0.740265
121	112	0.934175
121	137	1.0198
121	140	1.08565
121	141	0.96752
121	149	1.0447
121	151	0.971631
121	157	0.834412
121	158	1.02848
121	159	1.04569
121	165	1.01758
121	167	1.02858
121	168	1.01047
121	169	1.02778
121	170	1.0147
121	172	1.0219
121	174	1.03983
121	175	0.97691
121	177	1.0132
121	178	0.999218
121	179	0.965774
121	180	1.07205
122	12	1.03568
122	15	1.03674
122	26	1.04538
122	33	0.931866
122	38	1.01454
122	42	1.0031
122	49	1.0031
122	59	0.972477
122	88	0.997689
122	118	1.00653
122	119	1.00653
122	123	0.984383
122	124	1.03587
122	130	1.0169
122	138	0.911051
122	143	1.00312
122	152	0.886801
122	157	1.00666
122	162	0.886086
122	164	1.00831
122	166	0.904181
122	175	1.42361
122	176	0.950403
122	179	1.40923
122	180	1.05465
123	12	1.02086
123	15	1.02192
123	26	1.03056
123	29	0.00839618
123	38	0.999721
123	41	0.978217
123	42	0.988283
123	49	0.988283
123	59	0.957659
123	73	1.02037
123	88	0.982871
123	99	1.14693
123	118	0.991709
123	119	0.991709
123	122	0.984383
123	124	1.02105
123	130	1.00209
123	143	0.988306
123	151	1.67493
123	157	0.991837
123	162	0.871268
123	164	0.993491
123	166	1.3315
123	172	1.42969
123	176	0.935585
123	180	1.03983
124	5	1.53947
124	12	1.07234
124	15	1.07341
124	22	0.651855
124	26	1.08204
124	38	1.05121
124	42	1.03977
124	48	0.722722
124	49	1.03977
124	59	1.00914
124	73	1.07186
124	88	1.03436
124	118	1.04319
124	119	1.04319
124	122	1.03587
124	123	1.02105
124	130	1.05357
124	143	1.03979
124	155	0.896019
124	157	1.04332
124	162	0.922753
124	164	1.04498
124	169	0.907308
124	174	0.798893
124	176	0.98707
124	180	1.09132
125	19	0.936711
125	38	0.821448
125	42	1.20874
125	63	0.943498
125	82	1.00037
125	96	1.34876
125	98	0.877554
125	106	0.971776
125	115	1.02405
125	116	0.957629
125	120	1.00667
125	126	0.976879
125	134	0.997684
125	145	0.986414
125	150	0.997377
125	156	1.01961
125	163	1.00191
125	164	1.00093
125	166	0.991154
125	167	1.0038
125	168	0.985687
125	170	0.989924
125	171	0.990791
125	173	1.00458
125	174	1.01505
125	179	0.940995
126	32	1.00876
126	68	0.883242
126	75	1.02383
126	83	0.983259
126	93	0.970553
126	94	0.964978
126	97	0.96883
126	111	1.01104
126	125	0.976879
126	131	1.02543
126	132	1.00357
126	134	0.99012
126	140	1.00529
126	144	0.983556
126	146	1.01006
126	147	0.982393
126	154	1.00781
126	161	0.982344
126	163	0.994345
126	168	1.12936
126	169	1.18383
126	171	0.983228
126	172	1.24722
126	173	0.997021
126	176	0.93546
126	178	1.34349
126	179	0.933431
127	29	1.06761
127	32	1.05433
127	33	0.962491
127	50	1.02196
127	54	1.13191
127	64	1.00879
127	66	0.934559
127	68	0.92881
127	91	1.02179
127	94	1.01055
127	97	1.0144
127	107	0.994362
127	134	1.03569
127	137	1.09014
127	140	1.05086
127	144	1.02912
127	145	1.02442
127	146	1.05563
127	148	0.905404
127	154	1.05338
127	160	1.12329
127	163	1.03991
127	164	1.03893
127	165	1.04465
127	171	1.0288
127	173	1.04259
127	176	0.981028
127	180	0.836132
128	43	0.93685
128	68	0.836081
128	100	0.870697
128	113	1.12192
128	136	1.46193
128	137	0.9403
128	142	0.887636
128	144	1.49521
128	148	0.957437
128	149	0.965199
128	152	0.931673
128	153	0.948301
128	155	0.973828
128	156	0.96489
128	158	0.948975
128	160	0.952461
128	163	1.20487
128	165	0.938079
128	167	0.94908
128	168	0.930962
128	170	0.9352
128	172	0.942395
128	174	0.960327
128	175	0.897406
128	177	0.933693
128	178	0.919714
128	179	0.88627
128	180	0.992548
129	24	1.03566
129	40	1.03566
129	63	0.979185
129	67	1.04585
129	69	0.974314
129	70	0.626087
129	88	0.843865
129	107	0.983037
129	118	0.948533
129	119	0.931306
129	134	1.02436
129	140	1.03954
129	142	0.96904
129	143	1.17631
129	145	1.01309
129	147	1.01664
129	152	1.01308
129	157	1.02595
129	164	1.02761
129	165	1.01948
129	168	1.01237
129	171	1.01747
129	173	1.03126
129	174	1.04173
129	175	0.97881
129	177	1.0151
129	178	1.00112
129	180	1.07395
130	6	0.387717
130	12	1.05338
130	15	1.05444
130	26	1.06308
130	33	0.949569
130	38	1.03224
130	41	1.01074
130	42	1.0208
130	49	1.0208
130	59	0.99018
130	73	1.05289
130	76	0.786002
130	88	1.01539
130	118	1.02423
130	119	1.02423
130	122	1.0169
130	123	1.00209
130	124	1.05357
130	133	1.98757
130	143	1.02083
130	149	0.601071
130	157	1.02436
130	162	0.903789
130	164	1.02601
130	175	1.14385
130	176	0.968106
130	179	1.12946
130	180	1.07236
131	93	0.584436
131	100	0.941897
131	108	0.982994
131	126	1.02543
131	135	1.02451
131	139	0.997867
131	146	0.866804
131	147	0.974608
131	148	1.02864
131	149	1.0364
131	150	1.01385
131	151	0.963327
131	152	1.00287
131	155	1.04503
131	156	1.03609
131	159	1.03738
131	160	1.02366
131	166	1.00763
131	167	1.02028
131	168	1.00216
131	169	1.01948
131	170	1.0064
131	171	1.04879
131	172	1.01359
131	173	0.876277
131	174	1.03153
131	175	0.968606
131	177	1.00489
131	178	0.990914
132	27	0.96251
132	46	1.01339
132	50	1.01065
132	83	1.01751
132	85	1.01806
132	91	1.01048
132	92	1.00552
132	97	1.00308
132	101	1.06526
132	107	0.983048
132	110	0.977478
132	126	1.00357
132	139	1.09111
132	140	1.03955
132	144	1.01781
132	146	1.04431
132	147	1.01665
132	153	0.955894
132	154	1.04207
132	160	1.20682
132	161	1.0166
132	162	0.905396
132	163	1.0286
132	166	1.07598
132	171	1.01748
132	172	1.17417
132	173	1.03127
132	176	0.969713
132	180	0.919662
133	30	0.790311
133	31	0.779432
133	44	0.839238
133	47	1.95187
133	55	0.978337
133	65	0.816002
133	78	0.930288
133	89	1.66056
133	90	0.973371
133	91	0.902491
133	94	0.891245
133	96	0.912947
133	98	0.962947
133	117	0.930106
133	130	1.98757
133	147	0.90866
133	157	0.917979
133	158	0.922404
133	162	0.797409
133	165	0.911507
133	167	0.922508
133	170	0.908628
133	171	0.909495
133	173	0.923288
133	174	0.933755
133	175	0.870834
133	177	0.907121
133	179	0.859698
134	1	1.06601
134	22	0.790393
134	34	1.02202
134	46	0.999941
134	75	1.04463
134	83	1.00406
134	94	0.985783
134	97	0.989635
134	102	1.05274
134	108	0.97976
134	125	0.997684
134	126	0.99012
134	127	1.03569
134	129	1.02436
134	138	1.00501
134	142	1.39952
134	144	1.00436
134	146	1.03087
134	147	1.0032
134	154	1.02862
134	160	1.14189
134	161	1.00315
134	171	1.00403
134	173	1.01783
134	174	0.937431
134	176	0.956265
134	178	1.2055
134	179	0.954236
134	180	0.85473
135	3	0.77937
135	16	0.827351
135	92	1.03577
135	114	0.996464
135	131	1.02451
135	137	1.01862
135	140	0.884997
135	141	0.966334
135	142	0.965954
135	143	1.1489
135	148	1.03576
135	150	1.02097
135	152	1.00999
135	153	1.02662
135	156	1.04321
135	158	1.02729
135	160	1.03078
135	162	0.9023
135	164	0.815423
135	166	1.01475
135	168	1.00928
135	169	1.02659
135	172	1.02071
135	174	1.03865
135	175	0.975724
135	177	1.01201
135	178	0.998032
135	179	0.964589
135	180	1.07087
136	18	1.05851
136	21	0.951717
136	23	0.961818
136	28	1.06056
136	34	1.02192
136	39	0.940906
136	57	0.996595
136	61	0.996595
136	69	0.98521
136	70	1.06017
136	87	1.00244
136	89	1.00144
136	95	1.06281
136	106	0.984921
136	107	0.969503
136	109	0.971832
136	110	0.963933
136	113	1.0318
136	115	1.03719
136	120	1.01982
136	128	1.46193
136	144	1.00426
136	153	0.920163
136	159	0.891273
136	161	1.00305
136	171	1.00394
136	173	1.01773
136	174	0.966632
136	177	1.10616
136	179	0.95414
137	51	0.106733
137	71	0.992498
137	72	0.986068
137	86	0.949631
137	101	1.08429
137	104	0.98049
137	118	1.1717
137	121	1.0198
137	127	1.09014
137	128	0.9403
137	135	1.01862
137	141	0.953323
137	150	1.00796
137	153	1.01361
137	155	1.03914
137	156	1.0302
137	158	1.01428
137	159	1.03149
137	160	1.01777
137	164	1.066
137	167	1.01439
137	168	0.99627
137	169	1.01358
137	170	1.00051
137	171	1.27008
137	172	1.0077
137	174	1.02563
137	175	0.962714
137	177	0.999001
137	178	0.985021
138	15	0.913096
138	52	1.00831
138	58	0.534833
138	65	1.93485
138	67	0.832251
138	78	1.07392
138	84	0.998226
138	105	0.977389
138	106	0.979104
138	109	0.966015
138	113	1.02598
138	114	0.980198
138	115	1.03137
138	116	0.964957
138	117	1.01873
138	122	0.911051
138	134	1.00501
138	144	0.998447
138	149	1.02725
138	159	1.02824
138	161	0.997235
138	162	0.886034
138	163	1.00924
138	168	0.993015
138	169	1.01033
138	171	0.998119
138	172	1.00445
138	173	1.01191
138	176	0.950351
138	178	0.981766
138	179	0.948323
139	35	0.923597
139	78	1.08219
139	96	1.20533
139	100	0.922371
139	131	0.997867
139	132	1.09111
139	141	0.939689
139	148	1.00911
139	149	1.01687
139	150	0.994326
139	152	0.983347
139	153	0.999975
139	154	0.889591
139	155	1.0255
139	156	1.01656
139	158	1.00065
139	159	1.01786
139	160	1.00413
139	163	0.798322
139	166	0.988103
139	167	1.00075
139	168	0.982636
139	169	0.999949
139	170	0.986874
139	172	0.994069
139	173	1.01501
139	174	1.012
139	175	0.94908
139	176	0.939973
139	177	0.985367
139	178	0.971388
139	179	0.937944
140	1	1.08119
140	27	0.964235
140	32	1.04474
140	34	1.03719
140	53	1.01683
140	83	1.01924
140	91	1.0122
140	93	1.00653
140	97	1.00481
140	101	1.06699
140	102	1.06791
140	107	0.984773
140	111	1.04702
140	117	1.03982
140	121	1.08565
140	126	1.00529
140	127	1.05086
140	129	1.03954
140	132	1.03955
140	135	0.884997
140	144	1.01953
140	148	0.950841
140	153	0.917801
140	154	1.04379
140	161	1.01832
140	162	0.907121
140	163	1.03032
140	167	1.03699
140	169	1.07268
140	171	1.01921
140	173	1.033
140	174	0.964269
141	14	0.771728
141	71	0.940213
141	100	0.88372
141	103	0.883359
141	104	0.928205
141	111	1.31738
141	116	1.43778
141	121	0.96752
141	135	0.966334
141	137	0.953323
141	139	0.939689
141	148	0.97046
141	149	0.978222
141	151	0.905149
141	152	0.944696
141	155	0.98685
141	156	0.977913
141	158	0.961998
141	160	0.965484
141	163	1.23756
141	164	1.42269
141	165	0.951102
141	166	0.949452
141	168	0.943985
141	169	0.961298
141	170	0.948223
141	172	0.955418
141	174	0.97335
141	175	0.910429
141	176	0.901321
141	177	0.946716
141	180	1.00557
142	8	1.20321
142	32	1.2144
142	54	0.943379
142	67	1.21385
142	72	0.933403
142	100	0.88334
142	114	0.930789
142	128	0.887636
142	129	0.96904
142	134	1.39952
142	135	0.965954
142	148	0.97008
142	149	0.977842
142	150	0.955295
142	153	0.960943
142	154	1.26293
142	155	0.986471
142	156	0.977533
142	158	0.961618
142	160	0.965104
142	165	0.950722
142	166	0.949072
142	167	0.961723
142	168	0.943605
142	169	0.960918
142	170	0.947843
142	172	0.955038
142	174	0.97297
142	175	0.910049
142	176	0.900942
142	177	0.946336
142	178	0.932357
143	11	0.93983
143	14	1.02872
143	52	1.01229
143	55	1.07094
143	58	1.09634
143	65	0.908601
143	74	0.963719
143	78	1.02289
143	89	0.999595
143	90	1.06597
143	96	1.00555
143	98	1.05555
143	105	0.981363
143	106	0.983078
143	113	1.02996
143	116	0.968931
143	118	1.01045
143	119	1.01045
143	120	1.01798
143	122	1.00312
143	123	0.988306
143	124	1.03979
143	129	1.17631
143	130	1.02083
143	135	1.1489
143	148	1.21475
143	153	1.18171
143	157	1.01058
143	167	1.30089
143	168	1.28212
143	171	0.00545522
143	176	0.954325
143	179	0.952297
143	180	1.05857
144	19	0.943388
144	46	0.993377
144	64	0.97746
144	68	0.897483
144	83	0.9975
144	85	0.998047
144	87	0.995977
144	91	0.990465
144	92	0.985511
144	93	0.984794
144	97	0.983071
144	101	1.04525
144	104	0.979337
144	111	1.02528
144	126	0.983556
144	127	1.02912
144	128	1.49521
144	132	1.01781
144	134	1.00436
144	136	1.00426
144	138	0.998447
144	140	1.01953
144	145	0.993091
144	146	1.0243
144	147	0.996634
144	152	1.05615
144	158	1.13401
144	161	0.996585
144	163	1.00859
144	166	1.07353
144	167	1.07263
144	171	0.997469
144	173	1.01126
144	176	0.949701
144	179	0.947672
144	180	0.917208
145	6	0.818441
145	20	0.937941
145	34	1.01075
145	50	0.985929
145	62	1.0713
145	83	0.992794
145	85	0.993342
145	92	0.980806
145	93	0.980088
145	94	0.974514
145	101	1.04055
145	102	1.04147
145	103	0.927032
145	107	0.95833
145	110	0.95276
145	111	1.02057
145	114	1.17762
145	125	0.986414
145	127	1.02442
145	129	1.01309
145	144	0.993091
145	146	1.0196
145	147	0.991929
145	149	1.03179
145	154	1.01735
145	159	0.906159
145	161	0.991879
145	163	1.00388
145	164	1.0029
145	165	1.10733
145	171	0.992763
145	173	1.00656
145	175	1.57457
145	176	0.944995
145	177	1.12105
145	179	0.942967
146	9	1.15182
146	19	0.969894
146	20	0.969153
146	27	0.969003
146	32	1.04951
146	33	0.95767
146	46	1.01988
146	50	1.01714
146	51	1.02232
146	75	1.06457
146	92	1.01202
146	93	1.0113
146	94	1.00573
146	99	0.805834
146	101	1.07176
146	102	1.07268
146	110	0.983971
146	111	1.05178
146	126	1.01006
146	127	1.05563
146	131	0.866804
146	132	1.04431
146	134	1.03087
146	144	1.0243
146	145	1.0196
146	147	1.02314
146	150	0.972161
146	154	1.04856
146	159	0.841427
146	160	1.12124
146	161	1.02309
146	164	1.03411
146	165	1.0426
146	170	1.13215
146	171	1.02397
146	173	1.03777
146	176	0.976206
147	13	0.937882
147	27	0.941335
147	29	1.03512
147	46	0.992215
147	50	0.989472
147	51	0.994652
147	92	0.984349
147	93	0.983631
147	94	0.978057
147	97	0.981908
147	101	1.04409
147	103	0.930575
147	107	0.961873
147	110	0.956303
147	111	1.02412
147	126	0.982393
147	129	1.01664
147	131	0.974608
147	132	1.01665
147	133	0.90866
147	134	1.0032
147	144	0.996634
147	145	0.991929
147	146	1.02314
147	149	1.07487
147	154	1.02089
147	161	0.995422
147	163	1.00742
147	170	1.23995
147	171	0.996306
147	173	1.0101
147	174	1.02459
147	175	1.61764
147	176	0.948538
147	177	1.16412
147	179	0.94651
147	180	0.941889
148	4	1.19127
148	7	0.984264
148	9	0.982836
148	21	1.06383
148	22	1.06227
148	25	1.07085
148	35	0.954367
148	106	0.673571
148	112	0.937115
148	113	0.613194
148	127	0.905404
148	128	0.957437
148	131	1.02864
148	135	1.03576
148	139	1.00911
148	140	0.950841
148	141	0.97046
148	142	0.97008
148	143	1.21475
148	149	1.04764
148	150	1.0251
148	152	1.01412
148	153	1.03074
148	155	1.05627
148	160	1.03491
148	164	0.881267
148	165	1.02052
148	166	1.01887
148	167	1.03152
148	168	1.01341
148	169	1.03072
148	170	1.01764
148	172	1.02484
148	174	1.04277
148	175	0.97985
148	176	0.970743
148	178	1.00216
148	180	1.07499
149	37	0.958345
149	48	1.01634
149	73	0.933327
149	78	1.04371
149	86	0.974529
149	91	1.10254
149	98	0.69565
149	108	1.002
149	112	0.944877
149	114	1.00835
149	121	1.0447
149	128	0.965199
149	130	0.601071
149	131	1.0364
149	138	1.02725
149	139	1.01687
149	141	0.978222
149	142	0.977842
149	145	1.03179
149	147	1.07487
149	148	1.04764
149	150	1.03286
149	152	1.02188
149	153	1.03851
149	156	1.0551
149	160	1.04267
149	161	1.00997
149	162	0.914188
149	165	1.02829
149	166	1.02664
149	167	1.03929
149	168	1.02117
149	169	1.03848
149	170	1.02541
149	172	1.0326
149	174	1.05053
149	177	1.0239
149	178	1.00992
150	37	0.935798
150	48	0.993797
150	71	0.99485
150	73	0.938426
150	81	1.00738
150	86	0.951982
150	91	1.10764
150	111	0.844762
150	112	0.92233
150	125	0.997377
150	131	1.01385
150	135	1.02097
150	137	1.00796
150	139	0.994326
150	142	0.955295
150	146	0.972161
150	148	1.0251
150	149	1.03286
150	151	0.959786
150	153	1.01596
150	155	1.04149
150	156	1.03255
150	158	1.01663
150	159	1.03384
150	161	1.01507
150	163	0.764945
150	164	0.950071
150	165	1.00574
150	167	1.01674
150	168	0.998622
150	169	1.01593
150	170	1.00286
150	172	1.01005
150	173	0.981635
150	174	1.02799
150	175	0.965066
150	177	1.00135
150	178	0.987373
150	179	0.95393
150	180	1.06021
151	9	0.917525
151	45	0.959172
151	66	0.858964
151	71	0.944324
151	75	1.20405
151	76	0.915333
151	95	0.946776
151	104	0.932316
151	106	1.10405
151	107	1.44931
151	108	0.928927
151	112	0.871805
151	113	1.04367
151	114	0.93528
151	121	0.971631
151	123	1.67493
151	131	0.963327
151	141	0.905149
151	150	0.959786
151	152	0.948807
151	153	0.965434
151	154	1.21789
151	155	0.990961
151	156	0.982024
151	158	0.966109
151	159	0.983318
151	160	0.969595
151	165	0.955213
151	166	0.953563
151	167	0.966213
151	168	0.948096
151	169	0.965409
151	170	0.952334
151	172	0.959529
151	174	0.977461
151	175	0.91454
151	177	0.950827
151	178	0.936848
151	179	0.903404
152	10	0.956811
152	25	1.04508
152	34	0.990929
152	45	0.998719
152	48	0.982818
152	54	0.987416
152	73	0.93929
152	77	1.02101
152	81	0.996405
152	82	0.98899
152	95	0.986322
152	104	0.971863
152	118	1.05663
152	122	0.886801
152	128	0.931673
152	129	1.01308
152	131	1.00287
152	135	1.00999
152	139	0.983347
152	141	0.944696
152	144	1.05615
152	148	1.01412
152	149	1.02188
152	151	0.948807
152	153	1.00498
152	155	1.03051
152	156	1.02157
152	159	1.02286
152	160	1.00914
152	165	0.994759
152	166	0.99311
152	167	1.00576
152	168	0.987643
152	169	1.00496
152	170	0.99188
152	171	1.15502
152	172	0.999075
152	174	1.01701
152	175	0.954086
152	177	0.990373
152	178	0.976394
153	17	1.04812
153	29	1.39089
153	31	0.879312
153	37	0.941446
153	42	0.930093
153	44	0.939118
153	68	0.909389
153	77	0.9183
153	80	0.957112
153	100	0.944005
153	104	0.98849
153	128	0.948301
153	132	0.955894
153	135	1.02662
153	136	0.920163
153	137	1.01361
153	139	0.999975
153	140	0.917801
153	142	0.960943
153	143	1.18171
153	148	1.03074
153	149	1.03851
153	150	1.01596
153	151	0.965434
153	152	1.00498
153	155	1.04714
153	158	1.02228
153	159	1.03949
153	160	1.02577
153	165	1.01139
153	166	1.00974
153	167	1.02239
153	169	1.02158
153	170	1.00851
153	172	1.0157
153	173	0.87979
153	174	1.03363
153	175	0.970714
153	177	1.007
153	178	0.993022
153	179	0.959578
154	9	1.03587
154	20	0.966904
154	27	0.966754
154	29	1.06054
154	32	1.04726
154	46	1.01763
154	51	1.02007
154	62	1.10026
154	64	1.00172
154	66	0.927489
154	75	1.06233
154	85	1.0223
154	87	1.02023
154	92	1.00977
154	93	1.00905
154	101	1.06951
154	107	0.987292
154	110	0.981722
154	117	1.04234
154	126	1.00781
154	127	1.05338
154	132	1.04207
154	134	1.02862
154	139	0.889591
154	140	1.04379
154	142	1.26293
154	145	1.01735
154	146	1.04856
154	147	1.02089
154	151	1.21789
154	161	1.02084
154	162	0.90964
154	163	1.03284
154	164	1.03186
154	168	0.854784
154	169	0.909253
154	171	1.02173
154	172	0.972648
154	173	1.03552
154	178	1.06891
154	179	0.971929
154	180	0.718138
155	12	0.916871
155	31	0.904839
155	32	0.849434
155	54	1.02957
155	55	0.57741
155	64	1.19501
155	72	1.01959
155	76	0.997034
155	80	0.982639
155	84	1.11029
155	95	1.02848
155	99	1.07706
155	102	0.883095
155	109	0.874352
155	112	0.953506
155	118	1.09752
155	124	0.896019
155	128	0.973828
155	131	1.04503
155	137	1.03914
155	139	1.0255
155	141	0.98685
155	142	0.986471
155	148	1.05627
155	150	1.04149
155	151	0.990961
155	152	1.03051
155	153	1.04714
155	156	1.06372
155	158	1.04781
155	159	1.06502
155	162	0.922816
155	165	1.03691
155	166	1.03526
155	167	1.04791
155	168	1.0298
155	172	1.04123
155	174	1.05916
155	175	0.996241
155	176	0.987133
155	177	1.03253
155	178	1.01855
156	30	0.90678
156	36	0.33609
156	43	1.02675
156	44	0.955707
156	74	0.893238
156	79	0.926763
156	81	1.02962
156	87	1.07135
156	93	0.793971
156	99	1.06812
156	100	0.960594
156	104	1.00508
156	107	1.19181
156	110	1.25054
156	112	0.944568
156	125	1.01961
156	128	0.96489
156	131	1.03609
156	135	1.04321
156	137	1.0302
156	139	1.01656
156	141	0.977913
156	142	0.977533
156	149	1.0551
156	150	1.03255
156	151	0.982024
156	152	1.02157
156	155	1.06372
156	159	1.05608
156	160	1.04236
156	163	0.869122
156	164	1.05425
156	165	1.02798
156	167	1.03898
156	168	1.02086
156	169	1.03817
156	172	1.03229
156	174	1.05022
156	175	0.987303
156	176	0.978196
156	177	1.02359
156	178	1.00961
156	179	0.976167
157	3	1.05328
157	8	1.05328
157	11	0.943361
157	14	1.03225
157	16	1.05328
157	19	1.30726
157	24	1.02382
157	25	0.651844
157	38	1.02199
157	40	1.02382
157	42	1.01055
157	49	1.01055
157	55	1.07447
157	58	1.09987
157	63	0.967339
157	65	0.912132
157	67	1.03401
157	71	1.02259
157	78	1.02642
157	81	0.814857
157	87	1.00413
157	90	1.0695
157	96	1.00908
157	98	1.05908
157	103	0.939894
157	118	1.01398
157	119	1.01398
157	121	0.834412
157	122	1.00666
157	123	0.991837
157	124	1.04332
157	129	1.02595
157	130	1.02436
157	133	0.917979
157	143	1.01058
157	162	0.89354
157	164	1.01576
157	169	0.821447
157	175	1.30609
157	176	0.957857
157	178	0.981105
157	179	1.2917
157	180	1.06211
158	6	1.07405
158	7	0.975803
158	9	0.974374
158	10	0.974113
158	26	0.854458
158	31	0.879987
158	34	1.06879
158	37	0.942121
158	44	0.939793
158	46	1.08984
158	48	1.00012
158	54	1.00472
158	62	0.960771
158	73	1.01715
158	76	0.972182
158	80	0.957787
158	86	0.958306
158	111	0.923483
158	121	1.02848
158	128	0.948975
158	133	0.922404
158	135	1.02729
158	137	1.01428
158	139	1.00065
158	141	0.961998
158	142	0.961618
158	144	1.13401
158	150	1.01663
158	151	0.966109
158	153	1.02228
158	155	1.04781
158	159	1.04017
158	160	1.02644
158	161	1.09379
158	163	0.843666
158	165	1.01206
158	167	1.02306
158	168	1.00495
158	169	1.02226
158	170	1.00918
158	172	1.01638
158	174	1.03431
158	175	0.971389
158	177	1.00768
158	178	0.993697
158	180	1.06653
159	17	1.066
159	41	1.02212
159	43	1.02804
159	45	1.03323
159	48	1.01733
159	62	0.751316
159	76	0.98939
159	85	0.966709
159	86	0.975514
159	94	1.05417
159	96	1.04122
159	104	1.00637
159	112	0.945862
159	115	0.711314
159	119	0.907808
159	121	1.04569
159	131	1.03738
159	136	0.891273
159	137	1.03149
159	138	1.02824
159	139	1.01786
159	145	0.906159
159	146	0.841427
159	150	1.03384
159	151	0.983318
159	152	1.02286
159	153	1.03949
159	155	1.06502
159	156	1.05608
159	158	1.04017
159	160	1.04365
159	162	0.915173
159	165	1.02927
159	166	1.02762
159	167	1.04027
159	168	1.02215
159	169	1.03947
159	170	1.02639
159	171	1.02342
159	172	1.03359
159	174	1.05152
159	175	0.988598
159	177	1.02488
159	178	1.01091
159	179	0.977462
159	180	1.08374
160	1	0.971641
160	18	0.401689
160	26	0.924819
160	30	0.894351
160	31	0.883472
160	35	0.949391
160	48	1.00361
160	61	1.06208
160	66	0.919298
160	85	1.24653
160	86	0.961791
160	100	0.948165
160	104	0.992651
160	112	0.932139
160	114	0.995614
160	127	1.12329
160	128	0.952461
160	131	1.02366
160	132	1.20682
160	134	1.14189
160	135	1.03078
160	137	1.01777
160	139	1.00413
160	141	0.965484
160	142	0.965104
160	146	1.12124
160	148	1.03491
160	149	1.04267
160	151	0.969595
160	152	1.00914
160	153	1.02577
160	156	1.04236
160	158	1.02644
160	159	1.04365
160	165	1.01555
160	167	1.02655
160	168	1.00843
160	169	1.02574
160	170	1.01267
160	172	1.01986
160	174	1.0378
160	175	0.974874
160	176	0.965767
160	177	1.01116
160	178	0.997182
160	180	1.07002
161	7	1.09543
161	20	0.941435
161	32	1.02179
161	34	1.01424
161	51	0.994603
161	62	1.07479
161	72	0.785794
161	83	0.996288
161	85	0.996835
161	87	0.994766
161	91	0.989253
161	92	0.9843
161	93	0.983582
161	95	1.05587
161	97	0.981859
161	101	1.04404
161	102	1.04496
161	103	0.930526
161	107	0.961824
161	110	0.956254
161	111	1.02407
161	117	1.01687
161	126	0.982344
161	132	1.0166
161	134	1.00315
161	136	1.00305
161	138	0.997235
161	140	1.01832
161	144	0.996585
161	145	0.991879
161	146	1.02309
161	147	0.995422
161	149	1.00997
161	150	1.01507
161	154	1.02084
161	158	1.09379
161	162	0.884172
161	163	1.00737
161	164	1.00639
161	166	1.03331
161	171	0.996257
161	173	1.01005
161	175	1.55274
161	176	0.948489
161	179	0.946461
161	180	0.876991
162	26	0.932262
162	32	0.910586
162	42	0.889985
162	49	0.889985
162	56	1.35214
162	71	0.876179
162	74	2.19023
162	75	0.925656
162	88	0.884574
162	89	1.68032
162	101	0.932838
162	102	0.933761
162	106	2.14354
162	109	2.23377
162	114	0.867135
162	118	0.893411
162	119	0.893411
162	122	0.886086
162	123	0.871268
162	124	0.922753
162	130	0.903789
162	132	0.905396
162	133	0.797409
162	135	0.9023
162	138	0.886034
162	140	0.907121
162	149	0.914188
162	154	0.90964
162	155	0.922816
162	157	0.89354
162	159	0.915173
162	161	0.884172
162	163	0.896173
162	164	0.895193
162	166	0.885418
162	167	0.898068
162	168	0.879951
162	169	0.897264
162	171	0.885055
162	172	0.891384
162	173	0.898849
162	174	0.909316
162	175	0.846395
162	176	0.837287
162	177	0.882682
162	178	0.868702
162	179	0.835259
162	180	0.941537
163	1	1.07024
163	27	0.953287
163	29	1.04707
163	34	1.02624
163	41	1.00312
163	44	1.68444
163	46	1.00417
163	50	1.00142
163	51	1.0066
163	62	1.08679
163	64	0.988249
163	73	1.04528
163	75	1.04886
163	81	1.01192
163	83	1.00829
163	85	1.00884
163	92	0.996301
163	93	0.995583
163	94	0.990009
163	97	0.99386
163	101	1.05604
163	102	1.05696
163	107	0.973825
163	108	0.983985
163	110	0.968255
163	111	1.03607
163	114	0.905672
163	117	1.02887
163	125	1.00191
163	126	0.994345
163	127	1.03991
163	128	1.20487
163	132	1.0286
163	138	1.00924
163	139	0.798322
163	140	1.03032
163	141	1.23756
163	144	1.00859
163	145	1.00388
163	147	1.00742
163	150	0.764945
163	154	1.03284
163	156	0.869122
163	158	0.843666
163	161	1.00737
163	162	0.896173
163	167	0.782286
163	171	1.00826
163	173	1.02205
163	176	0.96049
163	177	0.849102
163	178	0.977642
163	179	0.958462
164	3	1.05493
164	8	1.05493
164	12	1.04478
164	16	1.05493
164	17	0.72739
164	24	1.02547
164	40	1.02547
164	42	1.01221
164	46	1.00319
164	49	1.01221
164	59	0.981584
164	60	1.00349
164	62	1.08581
164	63	0.968992
164	67	1.03566
164	72	0.720798
164	73	1.0443
164	87	1.00579
164	88	1.0068
164	91	1.00027
164	93	0.994604
164	107	0.972845
164	110	0.967275
164	111	1.03509
164	118	1.01563
164	119	1.01563
164	122	1.00831
164	123	0.993491
164	124	1.04498
164	125	1.00093
164	127	1.03893
164	129	1.02761
164	130	1.02601
164	135	0.815423
164	137	1.066
164	141	1.42269
164	145	1.0029
164	146	1.03411
164	148	0.881267
164	150	0.950071
164	154	1.03186
164	156	1.05425
164	157	1.01576
164	161	1.00639
164	162	0.895193
164	167	0.967412
164	168	0.94864
164	171	1.00728
164	173	1.02107
164	176	0.95951
164	178	1.16277
164	180	1.06376
165	11	1.03467
165	22	1.04292
165	23	1.40002
165	34	1.0605
165	35	0.93501
165	37	0.931225
165	43	0.999937
165	44	0.928897
165	47	0.640905
165	48	0.989224
165	50	0.995168
165	54	0.993823
165	64	1.2237
165	68	0.899168
165	71	0.990277
165	72	0.983847
165	76	0.961286
165	79	0.893024
165	80	0.946891
165	81	1.00281
165	95	0.992728
165	99	1.04131
165	100	0.933784
165	104	0.978269
165	114	0.981233
165	121	1.01758
165	127	1.04465
165	128	0.938079
165	129	1.01948
165	133	0.911507
165	141	0.951102
165	142	0.950722
165	145	1.10733
165	146	1.0426
165	148	1.02052
165	149	1.02829
165	150	1.00574
165	151	0.955213
165	152	0.994759
165	153	1.01139
165	155	1.03691
165	156	1.02798
165	158	1.01206
165	159	1.02927
165	160	1.01555
165	167	1.01217
165	168	0.994049
165	169	1.01136
165	170	0.998286
165	172	1.00548
165	173	1.05207
165	174	1.02341
165	175	0.960493
165	176	0.951385
165	177	0.99678
165	178	0.9828
165	179	0.949357
165	180	1.05563
166	5	0.964159
166	7	0.963257
166	9	0.961828
166	17	1.03625
166	22	1.04127
166	30	0.878319
166	31	0.867441
166	35	0.93336
166	37	0.929575
166	43	0.998287
166	44	0.927247
166	45	1.00348
166	46	1.02936
166	50	0.942974
166	54	0.992173
166	71	0.988627
166	76	0.959636
166	80	0.945241
166	83	1.13085
166	86	0.94576
166	95	0.991079
166	99	1.03966
166	100	0.932134
166	104	0.976619
166	105	1.03613
166	108	0.97323
166	110	1.16461
166	114	0.979583
166	122	0.904181
166	123	1.3315
166	125	0.991154
166	131	1.00763
166	132	1.07598
166	135	1.01475
166	139	0.988103
166	141	0.949452
166	142	0.949072
166	144	1.07353
166	148	1.01887
166	149	1.02664
166	151	0.953563
166	152	0.99311
166	153	1.00974
166	155	1.03526
166	159	1.02762
166	161	1.03331
166	162	0.885418
166	167	1.01052
166	168	0.992399
166	169	1.00971
166	170	0.996637
166	171	1.1724
166	172	1.00383
166	174	1.02176
166	175	0.958843
166	176	0.949735
166	177	0.99513
166	178	0.98115
166	179	0.947707
166	180	1.05398
167	1	0.839899
167	5	0.976809
167	7	0.975907
167	9	0.974478
167	15	0.905323
167	17	1.0489
167	31	0.880091
167	35	0.94601
167	37	0.942225
167	45	1.01613
167	48	1.00022
167	53	1.00778
167	76	0.972286
167	80	0.957891
167	83	1.12994
167	85	1.11478
167	95	1.00373
167	99	1.05231
167	101	0.985701
167	108	0.98588
167	112	0.928758
167	120	0.787477
167	121	1.02858
167	125	1.0038
167	128	0.94908
167	131	1.02028
167	133	0.922508
167	137	1.01439
167	139	1.00075
167	140	1.03699
167	142	0.961723
167	143	1.30089
167	144	1.07263
167	148	1.03152
167	149	1.03929
167	150	1.01674
167	151	0.966213
167	152	1.00576
167	153	1.02239
167	155	1.04791
167	156	1.03898
167	158	1.02306
167	159	1.04027
167	160	1.02655
167	162	0.898068
167	163	0.782286
167	164	0.967412
167	165	1.01217
167	166	1.01052
167	168	1.00505
167	169	1.02236
167	170	1.00929
167	171	1.17149
167	172	1.01648
167	174	1.03441
167	175	0.971493
167	176	0.962385
167	177	1.00778
167	178	0.993801
167	179	0.960357
167	180	1.06663
168	5	0.958692
168	6	1.05604
168	9	0.956361
168	10	0.9561
168	22	1.0358
168	25	1.04437
168	27	1.36312
168	33	1.39884
168	44	0.92178
168	52	1.00223
168	54	0.986706
168	60	0.988248
168	66	0.8978
168	71	0.98316
168	72	0.97673
168	76	0.954169
168	86	0.940293
168	90	0.672831
168	95	0.985612
168	99	1.03419
168	104	0.971152
168	105	1.01645
168	111	0.843332
168	112	0.91064
168	114	0.974116
168	117	0.947051
168	121	1.01047
168	125	0.985687
168	126	1.12936
168	128	0.930962
168	129	1.01237
168	131	1.00216
168	135	1.00928
168	137	0.99627
168	138	0.993015
168	139	0.982636
168	141	0.943985
168	142	0.943605
168	143	1.28212
168	148	1.01341
168	149	1.02117
168	150	0.998622
168	151	0.948096
168	152	0.987643
168	154	0.854784
168	155	1.0298
168	156	1.02086
168	158	1.00495
168	159	1.02215
168	160	1.00843
168	162	0.879951
168	164	0.94864
168	165	0.994049
168	166	0.992399
168	167	1.00505
168	169	1.00424
168	170	0.991169
168	171	1.15272
168	172	0.998365
168	173	0.980204
168	174	1.0163
168	175	0.953376
168	177	0.989663
168	178	0.975683
169	5	0.976004
169	6	1.07335
169	10	0.973413
169	17	1.04809
169	25	1.06168
169	30	0.890165
169	35	0.945205
169	41	1.00421
169	44	0.939092
169	45	1.01532
169	53	1.00697
169	54	1.00402
169	59	1.08907
169	71	1.00047
169	74	0.8421
169	80	0.957087
169	84	1.12158
169	88	1.00414
169	95	1.00292
169	99	1.05151
169	100	0.943979
169	101	1.0214
169	103	0.943618
169	104	0.988465
169	109	0.885642
169	114	0.991429
169	117	1.00152
169	121	1.02778
169	124	0.907308
169	126	1.18383
169	131	1.01948
169	135	1.02659
169	137	1.01358
169	138	1.01033
169	139	0.999949
169	140	1.07268
169	141	0.961298
169	142	0.960918
169	148	1.03072
169	149	1.03848
169	150	1.01593
169	151	0.965409
169	152	1.00496
169	153	1.02158
169	154	0.909253
169	156	1.03817
169	157	0.821447
169	158	1.02226
169	159	1.03947
169	160	1.02574
169	162	0.897264
169	165	1.01136
169	166	1.00971
169	167	1.02236
169	168	1.00424
169	170	1.00848
169	172	1.01568
169	173	1.03467
169	174	1.03361
169	175	0.970689
169	176	0.961581
169	177	1.00698
169	178	0.992996
169	179	0.959553
169	180	1.06583
170	4	1.42006
170	5	0.962929
170	9	0.960599
170	10	0.960338
170	22	1.04004
170	25	1.04861
170	30	0.87709
170	31	0.866211
170	35	0.93213
170	43	0.997057
170	44	0.926017
170	47	0.730453
170	60	0.992486
170	66	0.902037
170	67	0.967123
170	71	0.987398
170	72	0.980967
170	76	0.958406
170	80	0.944012
170	86	0.94453
170	87	1.12716
170	90	0.834248
170	92	1.33041
170	93	0.84978
170	95	0.989849
170	99	1.03843
170	100	0.930904
170	104	0.97539
170	106	0.902361
170	112	0.914878
170	114	0.978353
170	121	1.0147
170	125	0.989924
170	128	0.9352
170	131	1.0064
170	133	0.908628
170	137	1.00051
170	139	0.986874
170	141	0.948223
170	142	0.947843
170	146	1.13215
170	147	1.23995
170	148	1.01764
170	149	1.02541
170	150	1.00286
170	151	0.952334
170	152	0.99188
170	153	1.00851
170	158	1.00918
170	159	1.02639
170	160	1.01267
170	165	0.998286
170	166	0.996637
170	167	1.00929
170	168	0.991169
170	169	1.00848
170	171	1.31414
170	172	1.0026
170	173	1.14162
170	174	1.02053
170	175	0.957613
170	176	0.948506
170	177	0.9939
170	178	0.979921
170	179	0.946477
170	180	1.05276
171	1	1.05912
171	13	0.938717
171	19	0.94306
171	20	0.942319
171	27	0.942169
171	29	1.03595
171	32	1.02267
171	33	0.930836
171	34	1.01512
171	41	0.992004
171	43	0.831237
171	46	0.993049
171	50	0.990307
171	51	0.995487
171	53	0.994766
171	62	1.07568
171	64	0.977132
171	66	0.902904
171	68	0.897155
171	73	1.03416
171	75	1.03774
171	81	1.0008
171	83	0.997172
171	85	0.997719
171	86	1.39303
171	87	0.995649
171	91	0.990137
171	92	0.985183
171	93	0.984466
171	94	0.978891
171	97	0.982743
171	101	1.04492
171	102	1.04585
171	103	0.93141
171	107	0.962708
171	108	0.972868
171	110	0.957137
171	111	1.02495
171	117	1.01775
171	125	0.990791
171	126	0.983228
171	127	1.0288
171	129	1.01747
171	131	1.04879
171	132	1.01748
171	133	0.909495
171	134	1.00403
171	136	1.00394
171	137	1.27008
171	138	0.998119
171	140	1.01921
171	143	0.00545522
171	144	0.997469
171	145	0.992763
171	146	1.02397
171	147	0.996306
171	152	1.15502
171	154	1.02173
171	159	1.02342
171	161	0.996257
171	162	0.885055
171	163	1.00826
171	164	1.00728
171	166	1.1724
171	167	1.17149
171	168	1.15272
171	170	1.31414
171	173	1.01093
171	174	1.09878
171	176	0.949373
171	178	1.36685
171	179	0.947344
171	180	1.01608
172	5	0.970124
172	6	1.06747
172	7	0.969222
172	9	0.967794
172	10	0.967533
172	13	0.945045
172	17	1.04221
172	22	1.04723
172	30	0.884285
172	31	0.873406
172	35	0.939325
172	37	0.935541
172	43	1.00425
172	44	0.933212
172	45	1.00944
172	51	0.408076
172	54	0.998138
172	59	1.15246
172	60	0.999681
172	71	0.994593
172	72	0.988162
172	76	0.965601
172	80	0.951207
172	82	1.10456
172	86	0.951725
172	89	0.395586
172	91	1.22407
172	95	0.997044
172	99	1.04563
172	100	0.938099
172	101	1.08479
172	103	0.937738
172	105	1.13431
172	107	1.20407
172	112	0.922073
172	114	0.985548
172	117	1.06492
172	121	1.0219
172	123	1.42969
172	126	1.24722
172	128	0.942395
172	131	1.01359
172	132	1.17417
172	135	1.02071
172	137	1.0077
172	138	1.00445
172	139	0.994069
172	141	0.955418
172	142	0.955038
172	148	1.02484
172	149	1.0326
172	150	1.01005
172	151	0.959529
172	152	0.999075
172	153	1.0157
172	154	0.972648
172	155	1.04123
172	156	1.03229
172	158	1.01638
172	159	1.03359
172	160	1.01986
172	162	0.891384
172	165	1.00548
172	166	1.00383
172	167	1.01648
172	168	0.998365
172	169	1.01568
172	170	1.0026
172	173	1.09807
172	174	1.02773
172	175	0.964808
172	177	1.0011
172	178	0.987116
172	179	0.953672
173	1	1.07291
173	13	0.95251
173	19	0.956853
173	20	0.956112
173	27	0.955962
173	29	1.04975
173	32	1.03646
173	33	0.944629
173	34	1.02892
173	41	1.0058
173	45	0.860489
173	46	1.00684
173	50	1.0041
173	51	1.00928
173	52	0.883704
173	53	1.00856
173	62	1.08947
173	64	0.990925
173	66	0.916697
173	68	0.910948
173	73	1.04795
173	75	1.05153
173	80	1.3466
173	81	1.01459
173	83	1.01097
173	85	1.01151
173	87	1.00944
173	91	1.00393
173	92	0.998976
173	93	0.998259
173	94	0.992684
173	97	0.996536
173	101	1.05872
173	102	1.05964
173	103	0.945203
173	107	0.976501
173	108	0.986661
173	110	0.97093
173	111	1.03874
173	117	1.03154
173	125	1.00458
173	126	0.997021
173	127	1.04259
173	129	1.03126
173	131	0.876277
173	132	1.03127
173	133	0.923288
173	134	1.01783
173	136	1.01773
173	138	1.01191
173	139	1.01501
173	140	1.033
173	144	1.01126
173	145	1.00656
173	146	1.03777
173	147	1.0101
173	150	0.981635
173	153	0.87979
173	154	1.03552
173	161	1.01005
173	162	0.898849
173	163	1.02205
173	164	1.02107
173	165	1.05207
173	168	0.980204
173	169	1.03467
173	170	1.14162
173	171	1.01093
173	172	1.09807
173	174	0.926259
173	176	0.963166
173	178	1.19433
173	179	0.961137
173	180	0.843558
174	6	1.08541
174	7	0.987154
174	10	0.985465
174	17	1.06015
174	22	1.06516
174	29	1.43736
174	30	0.902217
174	31	0.891338
174	37	0.953473
174	41	1.01626
174	43	1.02218
174	44	0.951144
174	45	1.02737
174	48	1.01147
174	49	0.899148
174	61	0.857624
174	64	1.09789
174	66	0.927164
174	72	1.00609
174	76	0.983533
174	77	0.964769
174	80	0.969139
174	83	1.05723
174	86	0.969657
174	99	1.06356
174	100	0.956031
174	102	0.78597
174	103	0.95567
174	104	1.00052
174	112	0.940005
174	114	1.00348
174	119	0.983166
174	121	1.03983
174	124	0.798893
174	125	1.01505
174	128	0.960327
174	129	1.04173
174	131	1.03153
174	133	0.933755
174	134	0.937431
174	135	1.03865
174	136	0.966632
174	137	1.02563
174	139	1.012
174	140	0.964269
174	141	0.97335
174	142	0.97297
174	147	1.02459
174	148	1.04277
174	149	1.05053
174	150	1.02799
174	151	0.977461
174	152	1.01701
174	153	1.03363
174	155	1.05916
174	156	1.05022
174	158	1.03431
174	159	1.05152
174	160	1.0378
174	162	0.909316
174	165	1.02341
174	166	1.02176
174	167	1.03441
174	168	1.0163
174	169	1.03361
174	170	1.02053
174	171	1.09878
174	172	1.02773
174	173	0.926259
174	175	0.98274
174	176	0.973633
174	177	1.01903
174	178	1.00505
174	179	0.971604
175	5	0.925136
175	6	1.02248
175	7	0.924234
175	10	0.922544
175	13	0.900056
175	17	0.997226
175	18	0.790284
175	19	0.9044
175	22	1.00224
175	30	0.839296
175	31	0.828418
175	35	0.894337
175	37	0.890552
175	43	0.959264
175	44	0.888224
175	45	0.964452
175	53	0.956105
175	54	0.95315
175	58	1.0474
175	60	0.954692
175	68	0.858494
175	69	1.61923
175	71	0.949604
175	72	0.943174
175	76	0.920613
175	80	0.906218
175	86	0.906736
175	95	0.952055
175	98	1.23843
175	99	1.00064
175	100	0.89311
175	104	0.937596
175	112	0.877084
175	114	0.94056
175	117	1.48616
175	121	0.97691
175	122	1.42361
175	128	0.897406
175	129	0.97881
175	130	1.14385
175	131	0.968606
175	133	0.870834
175	135	0.975724
175	137	0.962714
175	139	0.94908
175	141	0.910429
175	142	0.910049
175	145	1.57457
175	147	1.61764
175	148	0.97985
175	150	0.965066
175	151	0.91454
175	152	0.954086
175	153	0.970714
175	155	0.996241
175	156	0.987303
175	157	1.30609
175	158	0.971389
175	159	0.988598
175	160	0.974874
175	161	1.55274
175	162	0.846395
175	165	0.960493
175	166	0.958843
175	167	0.971493
175	168	0.953376
175	169	0.970689
175	170	0.957613
175	172	0.964808
175	174	0.98274
175	176	0.910712
175	177	0.956107
175	178	0.942127
175	179	0.908684
176	11	1.58168
176	12	0.986878
176	14	0.91656
176	15	0.98794
176	20	0.894551
176	21	1.75008
176	24	0.906526
176	25	1.00171
176	26	0.996579
176	28	1.10661
176	33	0.883068
176	36	0.849364
176	38	0.96574
176	41	0.944236
176	42	0.954302
176	46	0.945281
176	49	0.954302
176	58	1.12717
176	59	0.923678
176	70	1.35077
176	73	0.986392
176	75	0.989973
176	85	0.949951
176	88	0.948891
176	89	0.896604
176	90	1.29171
176	95	0.942948
176	99	0.991531
176	101	0.997155
176	102	0.998078
176	105	1.63533
176	117	0.969984
176	118	0.957729
176	119	0.957729
176	120	1.38759
176	122	0.950403
176	123	0.935585
176	124	0.98707
176	126	0.93546
176	127	0.981028
176	130	0.968106
176	132	0.969713
176	134	0.956265
176	138	0.950351
176	139	0.939973
176	141	0.901321
176	142	0.900942
176	143	0.954325
176	144	0.949701
176	145	0.944995
176	146	0.976206
176	147	0.948538
176	148	0.970743
176	155	0.987133
176	156	0.978196
176	157	0.957857
176	160	0.965767
176	161	0.948489
176	162	0.837287
176	163	0.96049
176	164	0.95951
176	165	0.951385
176	166	0.949735
176	167	0.962385
176	169	0.961581
176	170	0.948506
176	171	0.949373
176	173	0.963166
176	174	0.973633
176	175	0.910712
176	177	0.946999
176	178	0.93302
176	179	0.899576
176	180	1.00585
177	1	0.906716
177	6	1.05877
177	7	0.96052
177	9	0.959092
177	10	0.958831
177	13	0.936343
177	17	1.03351
177	19	0.940686
177	22	1.03853
177	23	1.41374
177	25	1.0471
177	27	1.44871
177	30	0.875583
177	31	0.864705
177	35	0.930623
177	37	0.926839
177	41	0.989631
177	43	0.99555
177	45	1.00074
177	48	0.984838
177	52	1.00496
177	53	0.992392
177	54	0.989436
177	62	0.966207
177	68	0.894781
177	71	0.985891
177	72	0.97946
177	75	0.926537
177	76	0.956899
177	77	1.1043
177	80	0.942505
177	81	0.998425
177	84	1.1527
177	86	0.943023
177	91	1.1918
177	94	1.26907
177	95	0.988342
177	99	1.03693
177	100	0.929397
177	102	0.925503
177	103	0.929036
177	104	0.973883
177	112	0.913371
177	114	0.976847
177	120	0.854294
177	121	1.0132
177	128	0.933693
177	129	1.0151
177	131	1.00489
177	133	0.907121
177	135	1.01201
177	136	1.10616
177	137	0.999001
177	139	0.985367
177	141	0.946716
177	142	0.946336
177	145	1.12105
177	147	1.16412
177	149	1.0239
177	150	1.00135
177	151	0.950827
177	152	0.990373
177	153	1.007
177	155	1.03253
177	156	1.02359
177	158	1.00768
177	159	1.02488
177	160	1.01116
177	162	0.882682
177	163	0.849102
177	165	0.99678
177	166	0.99513
177	167	1.00778
177	168	0.989663
177	169	1.00698
177	170	0.9939
177	172	1.0011
177	174	1.01903
177	175	0.956107
177	176	0.946999
177	178	0.978414
177	180	1.05125
178	5	0.947443
178	6	1.04479
178	7	0.946541
178	9	0.945113
178	10	0.944852
178	12	1.08782
178	15	1.10068
178	16	1.1747
178	17	1.01953
178	19	0.926707
178	22	1.02455
178	25	1.03312
178	30	0.861604
178	33	1.61297
178	35	0.916644
178	37	0.912859
178	43	0.981571
178	44	0.910531
178	45	0.98676
178	48	0.970859
178	52	0.990982
178	54	0.975457
178	58	0.722416
178	60	0.976999
178	66	0.886551
178	68	0.880802
178	71	0.971912
178	72	0.965481
178	80	0.928526
178	81	0.984446
178	82	1.20082
178	86	0.929044
178	99	1.02295
178	100	0.915418
178	103	0.915057
178	104	0.959903
178	108	0.956515
178	112	0.899392
178	114	0.962867
178	121	0.999218
178	126	1.34349
178	128	0.919714
178	129	1.00112
178	131	0.990914
178	134	1.2055
178	135	0.998032
178	137	0.985021
178	138	0.981766
178	139	0.971388
178	142	0.932357
178	148	1.00216
178	149	1.00992
178	150	0.987373
178	151	0.936848
178	152	0.976394
178	153	0.993022
178	154	1.06891
178	155	1.01855
178	156	1.00961
178	157	0.981105
178	158	0.993697
178	159	1.01091
178	160	0.997182
178	162	0.868702
178	163	0.977642
178	164	1.16277
178	165	0.9828
178	166	0.98115
178	167	0.993801
178	168	0.975683
178	169	0.992996
178	170	0.979921
178	171	1.36685
178	172	0.987116
178	173	1.19433
178	174	1.00505
178	175	0.942127
178	176	0.93302
178	177	0.978414
178	179	0.930991
178	180	1.03727
179	4	0.916104
179	7	0.913098
179	18	1.00191
179	24	0.812368
179	27	0.892373
179	29	0.986157
179	36	0.981318
179	38	1.16794
179	39	1.50706
179	49	1.47782
179	51	0.94569
179	52	0.957539
179	54	0.942014
179	56	0.934407
179	60	0.943556
179	62	1.02588
179	63	1.28998
179	64	0.927336
179	70	1.25662
179	72	0.932038
179	74	0.90897
179	75	0.987945
179	77	0.982046
179	79	0.975028
179	82	0.956919
179	83	0.947376
179	84	0.947452
179	85	0.947923
179	86	0.8956
179	88	1.47439
179	89	0.944846
179	90	1.19755
179	91	0.94034
179	93	0.934669
179	98	1.22404
179	101	0.995127
179	105	0.926614
179	106	0.928329
179	109	0.91524
179	111	0.975154
179	113	0.975207
179	115	0.9806
179	116	0.914182
179	119	1.56183
179	120	0.963226
179	121	0.965774
179	122	1.40923
179	125	0.940995
179	126	0.933431
179	128	0.88627
179	130	1.12946
179	133	0.859698
179	134	0.954236
179	135	0.964589
179	136	0.95414
179	138	0.948323
179	139	0.937944
179	143	0.952297
179	144	0.947672
179	145	0.942967
179	147	0.94651
179	150	0.95393
179	151	0.903404
179	153	0.959578
179	154	0.971929
179	156	0.976167
179	157	1.2917
179	159	0.977462
179	161	0.946461
179	162	0.835259
179	163	0.958462
179	165	0.949357
179	166	0.947707
179	167	0.960357
179	169	0.959553
179	170	0.946477
179	171	0.947344
179	172	0.953672
179	173	0.961137
179	174	0.971604
179	175	0.908684
179	176	0.899576
179	178	0.930991
179	180	1.00383
180	3	1.10127
180	5	1.02028
180	6	1.11763
180	8	1.10127
180	12	1.09113
180	13	0.995198
180	15	1.09219
180	16	1.10127
180	20	1.49802
180	24	1.07181
180	26	1.10083
180	33	0.987317
180	38	1.06999
180	40	1.07181
180	41	1.04849
180	42	1.05855
180	49	1.05855
180	55	0.397584
180	59	1.02793
180	60	1.04983
180	63	1.01534
180	67	1.082
180	70	0.595247
180	73	1.09064
180	76	1.01575
180	79	0.68451
180	86	1.00188
180	87	1.05213
180	88	1.05314
180	95	1.0472
180	96	1.03388
180	102	0.703269
180	104	1.03274
180	112	0.972226
180	115	0.703972
180	116	0.82708
180	118	1.06198
180	119	1.06198
180	120	0.63206
180	121	1.07205
180	122	1.05465
180	123	1.03983
180	124	1.09132
180	127	0.836132
180	128	0.992548
180	129	1.07395
180	130	1.07236
180	132	0.919662
180	134	0.85473
180	135	1.07087
180	141	1.00557
180	143	1.05857
180	144	0.917208
180	147	0.941889
180	148	1.07499
180	150	1.06021
180	154	0.718138
180	157	1.06211
180	158	1.06653
180	159	1.08374
180	160	1.07002
180	161	0.876991
180	162	0.941537
180	164	1.06376
180	165	1.05563
180	166	1.05398
180	167	1.06663
180	169	1.06583
180	170	1.05276
180	171	1.01608
180	173	0.843558
180	176	1.00585
180	177	1.05125
180	178	1.03727
180	179	1.00383
