1	3	1.18314
1	22	1.06208
1	61	0.910983
1	111	0.960256
1	162	0.963802
1	165	0.886881
1	167	0.690928
1	172	0.866582
1	175	0.891738
1	176	0.887278
1	178	0.921837
1	180	0.824532
2	57	0.856413
2	64	0.745252
2	68	0.793523
2	81	0.776745
2	91	0.831111
2	93	0.807004
2	96	0.807378
2	103	0.787588
2	149	1.59037
2	164	0.800069
2	166	1.40773
2	180	2.62471
3	1	1.18314
3	25	1.24526
3	49	0.973755
3	50	1.03985
3	100	0.925229
3	119	0.920731
3	125	0.891073
3	127	0.874699
3	137	0.894935
3	140	0.912343
3	176	2.05405
3	179	0.814249
4	55	1.26328
4	83	1.27054
4	98	0.917582
4	116	0.943606
4	125	0.890282
4	127	0.873908
4	137	0.894144
4	140	0.911552
4	162	1.36804
4	167	0.96696
4	177	1.90554
4	179	0.813457
5	48	1.1856
5	94	1.73822
5	109	0.92676
5	121	0.889475
5	124	0.928854
5	130	0.888202
5	131	1.51872
5	134	0.917418
5	136	0.898033
5	146	1.47312
5	171	0.901274
5	173	0.822662
6	60	0.860192
6	113	1.76799
6	116	0.944919
6	119	0.921252
6	125	0.891594
6	137	0.895456
6	140	0.912864
6	160	1.49259
6	161	1.23673
6	167	0.968273
6	178	1.41466
6	179	0.81477
7	26	0.821563
7	64	0.754671
7	81	0.786164
7	91	0.84053
7	93	0.816423
7	96	0.816797
7	103	0.797007
7	155	0.757671
7	159	1.94119
7	161	1.78501
7	164	0.809488
7	166	1.87628
8	35	0.877095
8	76	0.894846
8	104	0.880675
8	120	0.909305
8	129	0.913801
8	135	0.904072
8	138	1.29267
8	142	1.73243
8	157	1.2939
8	158	1.52397
8	160	0.86967
8	167	0.960721
9	84	1.42457
9	116	1.37803
9	147	0.877833
9	151	0.839897
9	164	1.27201
9	165	0.781834
9	172	0.761535
9	174	0.852
9	175	0.786691
9	176	0.782231
9	178	0.816789
9	180	0.719485
10	116	1.05093
10	143	1.04912
10	162	0.961818
10	164	0.944914
10	167	0.721771
10	169	0.91335
10	172	0.864599
10	174	0.955064
10	175	0.889755
10	176	0.885295
10	178	0.919853
10	180	0.822549
11	20	0.813054
11	21	0.944749
11	24	0.945076
11	37	0.945974
11	47	1.0329
11	65	0.806987
11	69	0.892081
11	145	1.47868
11	157	1.32701
11	161	1.47871
11	166	1.56998
11	173	0.821669
12	65	0.856283
12	101	0.855272
12	127	1.17251
12	129	0.978623
12	143	0.953022
12	144	0.954311
12	148	0.957525
12	167	0.710754
12	173	0.870965
12	175	0.88411
12	178	0.914209
12	180	0.816905
13	83	0.722602
13	104	4.51989
13	145	0.707385
13	149	0.661393
13	155	0.650449
13	160	0.668315
13	162	0.703204
13	172	0.605985
13	173	0.617995
13	176	0.626681
13	178	0.661239
13	180	0.563935
14	79	1.07153
14	88	0.893231
14	116	0.968155
14	119	0.944488
14	127	0.898456
14	137	0.918692
14	140	0.9361
14	146	1.52475
14	169	1.76064
14	170	0.815146
14	174	1.49056
14	179	0.838006
15	59	1.41972
15	75	0.791284
15	118	0.804794
15	120	0.801083
15	122	0.783644
15	129	0.80558
15	135	0.79585
15	160	0.761448
15	162	1.68829
15	167	0.852499
15	171	0.789741
15	172	2.42394
16	25	1.14069
16	65	0.831023
16	69	0.916117
16	133	1.27285
16	144	0.929051
16	148	0.932265
16	165	1.89602
16	167	0.987075
16	171	0.924317
16	173	0.845705
16	174	1.49156
16	179	0.833573
17	34	0.829892
17	58	0.766648
17	63	0.82558
17	66	0.824774
17	72	0.824262
17	74	0.824025
17	139	1.40164
17	152	1.62185
17	159	0.758628
17	167	0.86769
17	170	2.61976
17	179	0.714187
18	48	1.59077
18	62	0.829674
18	121	0.788711
18	124	0.82809
18	130	0.787438
18	134	0.816654
18	136	0.797269
18	162	1.78185
18	164	0.806169
18	165	2.24856
18	171	0.80051
18	173	0.721898
19	32	0.878524
19	61	0.913441
19	107	0.878286
19	120	0.911605
19	122	0.894166
19	129	0.916102
19	131	1.27165
19	135	0.906372
19	150	1.6224
19	162	1.12961
19	171	0.900263
19	172	1.86526
20	11	0.813054
20	21	0.811181
20	24	0.811508
20	37	0.812407
20	47	0.899336
20	65	0.673419
20	69	0.758513
20	90	0.927822
20	105	1.62207
20	161	1.79536
20	165	2.21104
20	173	0.688101
21	11	0.944749
21	20	0.811181
21	24	0.943203
21	33	1.13565
21	37	0.944101
21	47	1.03103
21	65	0.805113
21	69	0.890208
21	105	1.13873
21	147	1.21418
21	170	2.41014
21	173	0.819796
22	1	1.06208
22	32	0.833418
22	39	0.943436
22	61	0.868335
22	117	0.864504
22	118	0.87021
22	120	0.866499
22	122	0.849061
22	128	1.56549
22	135	0.861266
22	171	0.855157
22	173	1.89731
22	174	1.47508
23	33	0.813686
23	43	0.7835
23	97	0.805692
23	106	0.797854
23	123	0.801152
23	126	0.781119
23	143	0.797998
23	144	0.799286
23	153	2.39765
23	158	1.8426
23	161	1.76422
23	170	0.680948
23	177	0.717323
24	11	0.945076
24	20	0.811508
24	21	0.943203
24	37	0.944428
24	47	1.03136
24	65	0.80544
24	69	0.890534
24	94	1.55922
24	114	1.3125
24	160	1.50456
24	169	1.53001
24	173	0.820122
25	3	1.24526
25	16	1.14069
25	40	1.0855
25	68	1.2355
25	161	0.926759
25	163	0.876598
25	165	0.85126
25	166	0.900694
25	168	0.919604
25	172	0.830961
25	175	0.856116
25	176	0.851657
25	180	0.788911
26	7	0.821563
26	68	0.870786
26	81	0.854008
26	91	0.908374
26	93	0.884266
26	96	0.88464
26	103	0.864851
26	155	0.825515
26	164	0.877332
26	168	0.930179
26	170	1.94189
26	175	1.3175
26	180	2.15201
27	33	0.897753
27	56	0.839949
27	59	1.14635
27	78	1.62309
27	85	0.862713
27	123	0.885219
27	143	0.882064
27	144	0.883353
27	148	0.886567
27	156	1.51254
27	164	0.884278
27	170	0.765015
27	173	1.8994
28	43	0.853733
28	106	0.868087
28	110	0.84368
28	115	0.907141
28	126	0.851352
28	143	0.86823
28	146	1.17974
28	148	0.872733
28	152	1.23454
28	163	1.47932
28	164	0.870444
28	171	0.864785
28	180	2.44257
29	83	1.40916
29	84	0.913293
29	87	0.910427
29	121	0.849442
29	124	0.88882
29	130	0.848169
29	133	1.35019
29	134	0.877385
29	136	0.858
29	142	1.84451
29	168	1.64409
29	171	0.861241
29	177	0.784011
30	42	1.24348
30	117	1.07874
30	123	0.903345
30	124	0.83328
30	135	0.977402
30	137	0.886687
30	140	0.904096
30	144	0.901479
30	148	0.904693
30	168	0.894766
30	170	0.783142
30	178	0.861377
30	180	0.764073
31	126	0.914112
31	127	0.897251
31	137	0.917487
31	143	0.93099
31	151	1.49428
31	156	1.47668
31	158	1.50847
31	159	0.881242
31	162	1.37907
31	167	0.990303
31	170	0.813941
31	179	0.836801
32	19	0.878524
32	22	0.833418
32	89	0.789924
32	104	0.814914
32	118	0.847254
32	122	0.826104
32	129	0.84804
32	131	1.6001
32	135	0.83831
32	167	0.894959
32	168	1.5955
32	171	0.832201
32	174	1.52031
32	176	1.97823
33	21	1.13565
33	23	0.813686
33	27	0.897753
33	58	1.43732
33	92	1.01394
33	122	1.20779
33	140	0.880423
33	148	0.881021
33	155	0.826915
33	168	0.871093
33	174	0.872915
33	178	0.837705
33	179	0.782329
33	180	0.7404
34	17	0.829892
34	58	0.840617
34	63	0.899549
34	66	0.898743
34	72	0.898231
34	74	0.897994
34	155	1.63439
34	159	0.832597
34	161	1.30506
34	163	1.65006
34	165	1.72074
34	167	0.941658
34	179	0.788156
35	8	0.877095
35	39	0.921352
35	52	0.798377
35	75	0.834616
35	107	0.811096
35	113	1.69725
35	117	0.842419
35	118	0.848126
35	122	0.826976
35	135	0.839182
35	152	1.26621
35	163	1.51099
35	170	2.26412
35	171	0.833073
36	52	1.32636
36	70	1.17848
36	116	1.00701
36	119	1.11078
36	156	0.886719
36	158	0.869487
36	165	0.813602
36	168	0.881946
36	169	0.842054
36	174	0.883768
36	175	0.818459
36	176	0.813999
36	178	0.848557
36	180	0.751253
37	11	0.945974
37	20	0.812407
37	21	0.944101
37	24	0.944428
37	47	1.03226
37	65	0.806339
37	69	0.891433
37	138	0.892014
37	150	1.4867
37	155	1.37427
37	170	2.14307
37	173	0.821021
38	57	0.901154
38	64	0.789993
38	68	0.838265
38	81	0.821487
38	91	0.875853
38	93	0.851745
38	96	0.852119
38	103	0.83233
38	139	1.24674
38	155	0.792994
38	159	1.52292
38	164	0.844811
38	166	1.458
38	170	2.46486
39	22	0.943436
39	35	0.921352
39	104	0.924932
39	107	0.920242
39	117	0.951566
39	118	0.957272
39	122	0.936123
39	135	0.948328
39	145	1.10645
39	154	1.5637
39	159	0.895916
39	174	1.1177
39	175	1.58021
39	177	1.59296
40	25	1.0855
40	49	0.921976
40	100	0.87345
40	113	1.95641
40	119	0.868952
40	125	0.839294
40	140	0.860564
40	146	1.47057
40	154	0.79748
40	155	0.807055
40	167	0.915972
40	170	0.73961
40	177	1.91164
40	179	0.762469
41	66	1.58243
41	92	1.55776
41	115	1.61274
41	142	0.766842
41	158	0.797665
41	161	0.817279
41	165	0.74178
41	168	0.810124
41	172	0.721481
41	174	0.811946
41	175	0.746637
41	176	0.742177
41	178	0.776735
41	180	0.679431
42	30	1.24348
42	70	0.845678
42	71	1.19018
42	92	0.849836
42	108	0.825914
42	109	0.866925
42	130	0.828368
42	134	0.857584
42	136	0.838199
42	141	0.877863
42	168	1.67413
42	171	0.84144
42	172	2.27234
42	177	0.764211
43	23	0.7835
43	28	0.853733
43	77	0.919709
43	80	1.25828
43	85	0.826981
43	95	0.856986
43	97	0.854027
43	106	0.846189
43	112	2.00835
43	138	1.65784
43	144	0.847621
43	148	0.850835
43	157	1.65907
43	177	0.765658
44	55	1.39635
44	56	0.788676
44	97	0.838486
44	99	0.828501
44	110	0.806241
44	115	0.869702
44	123	0.833946
44	126	0.813913
44	131	1.64314
44	143	0.830791
44	144	0.83208
44	148	0.835294
44	169	1.83343
44	170	0.713742
44	179	2.17636
45	65	0.7714
45	69	0.856494
45	70	1.51573
45	91	0.901395
45	103	0.857872
45	132	0.76955
45	148	1.24576
45	164	0.870353
45	166	0.843804
45	167	1.0151
45	171	1.16476
45	173	0.786082
45	176	0.794767
45	178	0.829326
45	180	0.732021
46	77	0.971027
46	82	1.2007
46	99	0.89536
46	106	0.897506
46	115	0.936561
46	126	0.880772
46	143	0.89765
46	144	0.898939
46	148	0.902153
46	152	1.32893
46	153	1.86214
46	155	1.55804
46	171	0.894205
46	177	0.816976
46	178	1.40665
47	11	1.0329
47	20	0.899336
47	21	1.03103
47	24	1.03136
47	37	1.03226
47	65	0.893268
47	69	0.978362
47	132	1.94991
47	150	1.30904
47	159	1.02347
47	168	0.953699
47	173	0.90795
47	175	1.34102
48	5	1.1856
48	18	1.59077
48	100	1.26457
48	132	0.805436
48	134	1.00077
48	145	0.911358
48	149	0.865366
48	165	0.830256
48	169	0.858709
48	172	0.809958
48	174	0.900423
48	175	0.835113
48	176	0.830654
48	180	0.767908
49	3	0.973755
49	40	0.921976
49	73	1.45457
49	82	1.26925
49	119	0.938439
49	125	0.908781
49	127	0.892407
49	137	0.912643
49	140	0.930051
49	155	0.876543
49	160	1.55312
49	161	1.29726
49	170	0.809098
49	176	1.76641
49	179	0.831957
50	3	1.03985
50	51	1.14896
50	102	1.04976
50	119	0.980572
50	142	0.89466
50	156	0.942715
50	162	0.946518
50	166	0.919031
50	168	0.937941
50	169	0.898049
50	171	0.697301
50	172	0.849298
50	174	0.939763
50	176	0.869994
50	180	0.807248
51	50	1.14896
51	70	0.827024
51	84	0.874838
51	92	0.831182
51	101	0.869666
51	121	0.810987
51	130	0.809714
51	134	0.83893
51	136	0.819545
51	152	1.79423
51	155	2.02334
51	164	0.828445
51	173	0.744174
51	177	0.745557
51	178	1.87195
52	35	0.798377
52	36	1.32636
52	61	0.832422
52	67	1.52323
52	104	0.801957
52	117	0.828591
52	118	0.834297
52	120	0.830586
52	122	0.813148
52	129	0.835083
52	135	0.825353
52	138	1.58828
52	159	0.772941
52	171	0.819244
52	179	2.36544
53	56	0.863347
53	77	0.978838
53	97	0.913156
53	106	0.905318
53	123	0.908616
53	143	0.905462
53	144	0.90675
53	148	0.909964
53	155	1.56994
53	157	1.08892
53	160	0.873724
53	163	1.58561
53	176	1.70975
53	177	0.824787
53	178	1.41854
54	130	1.72319
54	140	1.63698
54	144	1.47847
54	152	0.80333
54	158	0.790905
54	161	0.810519
54	168	0.803364
54	169	0.763472
54	172	0.714721
54	174	0.805186
54	175	0.739877
54	176	0.735417
54	178	0.769976
54	180	0.672671
55	4	1.26328
55	44	1.39635
55	60	1.35596
55	81	1.47587
55	131	0.852301
55	147	0.877599
55	158	0.837484
55	166	0.831033
55	168	0.849944
55	169	0.810052
55	174	0.851766
55	175	0.786456
55	176	0.781997
55	178	0.816555
55	180	0.719251
56	27	0.839949
56	44	0.788676
56	53	0.863347
56	106	0.818572
56	110	0.794165
56	115	0.857626
56	126	0.801837
56	133	1.44996
56	143	0.818715
56	144	0.820004
56	148	0.823218
56	154	0.759537
56	159	1.81363
56	174	1.66867
56	176	2.12659
57	2	0.856413
57	38	0.901154
57	64	0.866783
57	68	0.915055
57	81	0.898277
57	93	0.928535
57	96	0.928909
57	103	0.90912
57	111	1.17385
57	146	1.32392
57	151	1.34269
57	154	1.73572
57	155	0.869784
57	164	0.921601
57	177	1.76498
58	17	0.766648
58	33	1.43732
58	34	0.840617
58	63	0.836306
58	66	0.835499
58	72	0.834987
58	74	0.83475
58	138	0.833889
58	141	0.852079
58	151	1.67787
58	159	0.769354
58	167	0.878415
58	173	2.04713
58	174	1.6249
58	179	0.724912
59	15	1.41972
59	27	1.14635
59	63	1.24191
59	69	1.10586
59	139	0.956147
59	151	0.904922
59	163	0.872197
59	165	0.846859
59	166	0.896293
59	167	0.773105
59	168	0.915203
59	169	0.875311
59	172	0.82656
59	175	0.851716
59	178	0.881814
59	180	0.78451
60	6	0.860192
60	55	1.35596
60	86	1.77168
60	100	0.828853
60	116	0.848022
60	119	0.824355
60	125	0.794698
60	127	0.778323
60	137	0.798559
60	140	0.815968
60	153	2.14517
60	155	0.762459
60	167	0.871376
60	170	0.695014
60	173	1.94519
60	179	0.717873
61	1	0.910983
61	19	0.913441
61	22	0.868335
61	52	0.832422
61	104	0.849831
61	107	0.845141
61	117	0.876465
61	122	0.861022
61	129	0.882957
61	135	0.873227
61	150	1.75452
61	151	1.37695
61	155	1.64208
61	167	0.929876
61	171	0.867118
61	177	1.79924
62	18	0.829674
62	76	0.879987
62	84	0.935155
62	124	0.910682
62	128	1.1665
62	130	0.870031
62	134	0.899247
62	136	0.879862
62	164	0.888762
62	168	1.15128
62	169	1.34617
62	171	0.883103
62	172	1.74949
62	173	0.804491
62	177	0.805874
62	180	2.37311
63	17	0.82558
63	34	0.899549
63	58	0.836306
63	59	1.24191
63	66	0.894432
63	72	0.89392
63	74	0.893682
63	79	1.1537
63	111	1.45686
63	138	0.892821
63	141	0.911011
63	159	0.828286
63	167	0.937347
63	173	1.99496
63	174	1.57273
63	179	0.783844
64	2	0.745252
64	7	0.754671
64	38	0.789993
64	57	0.866783
64	68	0.803894
64	81	0.787116
64	91	0.841482
64	93	0.817374
64	96	0.817748
64	103	0.797959
64	155	0.758623
64	164	0.81044
64	169	1.63464
64	174	1.36456
64	177	1.83982
64	180	2.66158
65	11	0.806987
65	12	0.856283
65	16	0.831023
65	20	0.673419
65	21	0.805113
65	24	0.80544
65	37	0.806339
65	45	0.7714
65	47	0.893268
65	69	0.752445
65	90	0.921754
65	142	1.62183
65	149	1.60889
65	169	1.6163
65	173	0.682033
65	180	2.64323
66	17	0.824774
66	34	0.898743
66	41	1.58243
66	58	0.835499
66	63	0.894432
66	72	0.893113
66	74	0.892876
66	138	0.892015
66	141	0.910205
66	159	0.82748
66	160	1.47084
66	167	0.936541
66	168	1.3014
66	169	1.49629
66	173	1.64843
66	179	0.783038
67	52	1.52323
67	128	0.884035
67	136	1.11071
67	141	1.08651
67	148	1.10538
67	150	0.844153
67	157	0.926362
67	161	0.887224
67	163	0.837063
67	167	0.87472
67	168	0.880069
67	169	0.840177
67	174	0.881891
67	175	0.816582
67	176	0.812122
67	178	0.84668
67	180	0.749376
68	2	0.793523
68	25	1.2355
68	26	0.870786
68	38	0.838265
68	57	0.915055
68	64	0.803894
68	78	1.7323
68	81	0.835387
68	91	0.889753
68	93	0.865646
68	96	0.86602
68	103	0.846231
68	114	1.63894
68	145	1.57512
68	155	0.806894
68	164	0.858711
68	166	1.66641
69	11	0.892081
69	16	0.916117
69	20	0.758513
69	21	0.890208
69	24	0.890534
69	37	0.891433
69	45	0.856494
69	47	0.978362
69	59	1.10586
69	65	0.752445
69	83	1.27693
69	90	1.00685
69	133	1.21797
69	147	1.32762
69	170	2.52358
69	173	0.767127
70	36	1.17848
70	42	0.845678
70	45	1.51573
70	51	0.827024
70	87	0.907363
70	108	0.842652
70	121	0.846378
70	124	0.885757
70	130	0.845105
70	134	0.874322
70	136	0.854936
70	139	1.47334
70	141	0.8946
70	160	1.84919
70	173	0.779565
70	174	1.60455
70	177	0.780948
71	42	1.19018
71	110	1.22227
71	119	1.1281
71	121	1.05165
71	123	1.19594
71	128	0.893611
71	150	0.853729
71	161	0.8968
71	166	0.870735
71	168	0.889645
71	169	0.849753
71	172	0.801002
71	174	0.891467
71	175	0.826158
71	176	0.821698
71	178	0.856256
71	180	0.758952
72	17	0.824262
72	34	0.898231
72	58	0.834987
72	63	0.89392
72	66	0.893113
72	74	0.892364
72	138	0.891503
72	141	0.909693
72	154	1.81808
72	159	0.826968
72	160	1.61672
72	167	0.936029
72	168	1.44728
72	174	1.37208
72	178	1.53879
72	179	0.782526
73	49	1.45457
73	95	1.24781
73	111	0.828271
73	121	1.60649
73	130	1.68731
73	138	0.843452
73	156	0.828014
73	161	0.830395
73	165	0.754896
73	166	0.80433
73	169	0.783348
73	170	0.711616
73	172	0.734597
73	174	0.825062
73	175	0.759753
73	178	0.789851
73	180	0.692547
74	17	0.824025
74	34	0.897994
74	58	0.83475
74	63	0.893682
74	66	0.892876
74	72	0.892364
74	138	0.891265
74	141	0.909456
74	159	0.82673
74	160	1.09874
74	167	0.935792
74	170	1.94101
74	173	1.27633
74	177	1.32936
74	179	0.782289
74	180	2.15112
75	15	0.791284
75	35	0.834616
75	89	0.813206
75	104	0.838196
75	118	0.870536
75	120	0.866825
75	122	0.849386
75	129	0.871322
75	131	1.37858
75	135	0.861592
75	157	1.13587
75	160	0.82719
75	167	0.918241
75	171	0.855483
75	172	1.97219
75	175	1.7613
75	179	1.9118
76	8	0.894846
76	62	0.879987
76	98	0.864204
76	109	0.876309
76	127	0.820529
76	129	0.866662
76	130	0.837751
76	135	0.856933
76	137	0.840765
76	140	0.858173
76	160	0.822531
76	163	1.50964
76	168	1.25106
76	176	1.63379
76	177	0.773594
76	178	1.34257
76	180	2.47289
77	43	0.919709
77	46	0.971027
77	53	0.978838
77	78	1.23166
77	94	1.38503
77	99	0.931916
77	102	0.91095
77	110	0.909656
77	126	0.917328
77	143	0.934207
77	148	0.938709
77	166	1.16578
77	169	1.35582
77	171	0.930762
77	172	1.75914
77	173	1.50797
77	177	0.853532
78	27	1.62309
78	68	1.7323
78	77	1.23166
78	122	1.5413
78	146	0.856264
78	157	0.886487
78	163	0.797189
78	165	0.77185
78	168	0.840194
78	169	0.800303
78	172	0.751552
78	174	0.842016
78	175	0.776707
78	176	0.772247
78	178	0.806806
78	180	0.709501
79	14	1.07153
79	63	1.1537
79	84	1.0606
79	103	1.09888
79	129	0.952767
79	139	0.972197
79	142	0.887971
79	153	0.852889
79	157	0.977545
79	163	0.888247
79	166	0.912342
79	168	0.931253
79	169	0.891361
79	171	0.834556
79	174	0.933075
79	176	0.863306
79	178	0.897864
79	180	0.800559
80	43	1.25828
80	81	1.07916
80	84	0.915909
80	99	0.950843
80	117	0.870483
80	140	0.891298
80	153	0.86276
80	157	0.987417
80	162	0.9497
80	163	0.898118
80	168	0.941124
80	169	0.901232
80	172	0.852481
80	174	0.942946
80	175	0.877636
80	176	0.873177
80	178	0.907735
80	180	0.810431
81	2	0.776745
81	7	0.786164
81	26	0.854008
81	38	0.821487
81	55	1.47587
81	57	0.898277
81	64	0.787116
81	68	0.835387
81	80	1.07916
81	91	0.872975
81	93	0.848868
81	96	0.849242
81	103	0.829452
81	155	0.790116
81	161	1.63165
81	164	0.841933
81	168	1.71807
81	177	2.11814
82	46	1.2007
82	49	1.26925
82	110	1.59178
82	135	1.29362
82	152	0.862887
82	157	0.909214
82	158	0.850462
82	161	0.870076
82	162	0.871498
82	163	0.819915
82	167	1.06469
82	169	0.823029
82	172	0.774278
82	174	0.864743
82	175	0.799434
82	176	0.794974
82	178	0.829532
82	180	0.732228
83	4	1.27054
83	13	0.722602
83	29	1.40916
83	69	1.27693
83	108	1.44541
83	143	1.27153
83	147	0.905609
83	151	0.867673
83	162	0.886531
83	165	0.80961
83	166	0.859044
83	168	0.877954
83	172	0.789311
83	174	0.879776
83	175	0.814467
83	176	0.810007
83	178	0.844565
83	180	0.747261
84	9	1.42457
84	29	0.913293
84	51	0.874838
84	62	0.935155
84	79	1.0606
84	80	0.915909
84	101	0.952872
84	108	0.890466
84	124	0.933571
84	130	0.892919
84	134	0.922136
84	136	0.90275
84	145	1.46837
84	147	1.37056
84	149	1.7423
84	171	0.905992
84	173	0.827379
84	177	0.828762
85	27	0.862713
85	43	0.826981
85	97	0.849173
85	102	0.818221
85	110	0.816928
85	126	0.8246
85	138	1.4374
85	143	0.841478
85	144	0.842767
85	148	0.845981
85	157	1.43864
85	159	1.74652
85	160	0.80974
85	164	0.843692
85	166	1.6816
85	171	0.838033
85	177	0.760804
85	179	2.21456
86	60	1.77168
86	105	0.839763
86	124	1.43746
86	125	1.60841
86	142	0.772795
86	149	0.782841
86	150	0.78016
86	162	0.824653
86	163	0.773071
86	164	1.57578
86	165	0.747732
86	169	0.776185
86	172	0.727433
86	174	0.817898
86	175	0.752589
86	176	0.748129
86	178	0.782688
86	180	0.685383
87	29	0.910427
87	70	0.907363
87	92	0.911521
87	108	0.8876
87	109	0.928611
87	114	1.36714
87	121	0.891326
87	130	0.890053
87	134	0.919269
87	136	0.899884
87	145	1.30333
87	158	1.38173
87	164	0.908784
87	166	1.39462
87	169	1.58466
87	171	0.903125
87	173	0.824513
87	176	1.77249
88	14	0.893231
88	98	0.831801
88	100	0.838656
88	116	0.857825
88	119	0.834158
88	125	0.8045
88	127	0.788126
88	137	0.808362
88	138	0.836652
88	140	0.82577
88	154	0.762687
88	156	1.6275
88	160	1.83677
88	166	1.67218
88	167	0.881179
88	170	0.704816
88	177	2.06739
88	178	1.75884
88	179	0.727676
89	32	0.789924
89	75	0.813206
89	104	0.794375
89	107	0.789685
89	117	0.821009
89	118	0.826716
89	120	0.823005
89	129	0.827501
89	135	0.817772
89	141	0.848085
89	154	1.84465
89	159	0.76536
89	160	0.78337
89	165	1.80311
89	167	0.874421
89	168	1.47385
89	171	0.811663
89	175	1.86117
89	179	2.01167
90	20	0.927822
90	65	0.921754
90	69	1.00685
90	94	1.47435
90	102	0.995237
90	121	1.00325
90	126	1.00162
90	128	1.26547
90	136	1.01181
90	139	1.04385
90	142	1.45068
90	143	1.01849
90	148	1.023
90	156	1.21043
90	157	1.01215
90	173	0.936436
90	175	1.63757
90	177	0.937819
91	2	0.831111
91	7	0.84053
91	26	0.908374
91	38	0.875853
91	45	0.901395
91	64	0.841482
91	68	0.889753
91	81	0.872975
91	93	0.903234
91	96	0.903608
91	103	0.883818
91	112	1.48846
91	133	1.08339
91	155	0.844482
91	163	1.63588
91	164	0.896299
91	174	1.3021
91	177	1.77736
91	179	1.91511
92	33	1.01394
92	41	1.55776
92	42	0.849836
92	51	0.831182
92	87	0.911521
92	101	0.909216
92	108	0.84681
92	121	0.850536
92	124	0.889915
92	130	0.849263
92	132	2.27293
92	134	0.878479
92	136	0.859094
92	150	1.63207
92	162	1.13928
92	164	0.867994
92	169	1.47161
92	171	0.862335
92	173	0.783723
92	177	0.785106
93	2	0.807004
93	7	0.816423
93	26	0.884266
93	38	0.851745
93	57	0.928535
93	64	0.817374
93	68	0.865646
93	81	0.848868
93	91	0.903234
93	94	0.833647
93	96	0.8795
93	103	0.859711
93	113	1.89369
93	131	1.45345
93	155	0.820375
93	157	1.21074
93	160	1.61829
93	163	1.70743
93	164	0.872192
93	165	1.77811
94	5	1.73822
94	24	1.55922
94	77	1.38503
94	90	1.47435
94	93	0.833647
94	96	0.834021
94	103	0.814232
94	113	0.76944
94	116	0.860459
94	125	0.807134
94	134	1.55339
94	137	0.810996
94	140	0.828404
94	157	0.865367
94	164	0.826713
94	169	0.779183
94	170	0.70745
94	174	0.820896
94	175	0.755587
94	180	0.688381
95	43	0.856986
95	73	1.24781
95	97	0.879178
95	110	0.846933
95	115	0.910394
95	123	0.874638
95	126	0.854605
95	132	2.17313
95	143	0.871483
95	144	0.872772
95	148	0.875986
95	150	1.53226
95	160	0.839745
95	164	0.873697
95	168	1.17692
95	170	0.754434
95	171	0.868038
95	173	1.52395
95	177	0.790809
95	179	1.71473
96	2	0.807378
96	7	0.816797
96	26	0.88464
96	38	0.852119
96	57	0.928909
96	64	0.817748
96	68	0.86602
96	81	0.849242
96	91	0.903608
96	93	0.8795
96	94	0.834021
96	103	0.860085
96	112	1.64217
96	128	1.54622
96	154	1.90181
96	155	0.820749
96	157	1.2929
96	159	1.60078
96	164	0.872566
96	178	1.62252
97	23	0.805692
97	43	0.854027
97	44	0.838486
97	53	0.913156
97	85	0.849173
97	95	0.879178
97	111	1.38171
97	123	0.871679
97	143	0.868525
97	144	0.869813
97	148	0.873027
97	151	1.55055
97	158	1.56474
97	160	0.836787
97	161	1.48636
97	164	0.870738
97	171	0.865079
97	175	1.96009
97	177	0.78785
97	178	1.66429
98	4	0.917582
98	76	0.864204
98	88	0.831801
98	100	0.887556
98	105	1.3103
98	116	0.906724
98	125	0.8534
98	127	0.837026
98	137	0.857262
98	138	0.885552
98	140	0.87467
98	154	0.811587
98	158	1.56197
98	159	1.63978
98	160	1.73945
98	163	1.82859
98	166	1.57486
98	167	0.930078
98	170	0.753716
98	179	0.776575
99	44	0.828501
99	46	0.89536
99	77	0.931916
99	80	0.950843
99	102	0.835283
99	110	0.833989
99	115	0.897451
99	123	0.861694
99	139	1.38334
99	143	0.85854
99	144	0.859828
99	148	0.863042
99	160	0.826802
99	162	1.45231
99	164	0.860753
99	165	1.91901
99	171	0.855094
99	176	1.97248
99	177	0.777865
99	178	1.68127
100	3	0.925229
100	40	0.87345
100	48	1.26457
100	60	0.828853
100	88	0.838656
100	98	0.887556
100	119	0.889913
100	125	0.860256
100	127	0.843881
100	137	0.864117
100	140	0.881526
100	151	1.57087
100	154	0.818442
100	156	1.55326
100	159	1.66286
100	166	1.59794
100	167	0.936934
100	170	0.760572
100	178	1.68461
100	179	0.783431
101	12	0.855272
101	51	0.869666
101	84	0.952872
101	92	0.909216
101	109	0.926305
101	121	0.889021
101	124	0.928399
101	130	0.887748
101	134	0.916964
101	136	0.897579
101	139	1.11723
101	141	0.937242
101	153	1.87065
101	154	1.69444
101	158	1.3156
101	160	1.49308
101	164	0.906478
101	171	0.90082
101	173	0.822208
101	175	1.71095
101	177	0.82359
102	50	1.04976
102	77	0.91095
102	85	0.818221
102	90	0.995237
102	99	0.835283
102	106	0.83743
102	110	0.813023
102	115	0.876484
102	123	0.840728
102	126	0.820695
102	144	0.838862
102	148	0.842076
102	152	1.69504
102	162	1.5438
102	164	0.839787
102	168	1.68124
102	170	0.720524
102	171	0.834128
102	173	2.02828
102	177	0.756899
102	178	1.77275
103	2	0.787588
103	7	0.797007
103	26	0.864851
103	38	0.83233
103	45	0.857872
103	57	0.90912
103	64	0.797959
103	68	0.846231
103	79	1.09888
103	81	0.829452
103	91	0.883818
103	93	0.859711
103	94	0.814232
103	96	0.860085
103	147	1.40884
103	154	1.9639
103	155	0.800959
103	158	1.58506
103	161	1.50668
103	164	0.852776
103	172	2.19131
104	8	0.880675
104	13	4.51989
104	32	0.814914
104	39	0.924932
104	52	0.801957
104	61	0.849831
104	75	0.838196
104	89	0.794375
104	107	0.814675
104	117	0.845999
104	118	0.851706
104	120	0.847995
104	129	0.852491
104	135	0.842762
104	153	1.41465
104	156	0.827815
104	159	0.79035
104	161	0.781225
104	171	0.836652
104	174	0.792449
104	179	1.40546
105	20	1.62207
105	21	1.13873
105	86	0.839763
105	98	1.3103
105	109	1.18394
105	128	0.877632
105	136	1.1554
105	141	1.1312
105	150	0.837751
105	156	0.87844
105	158	0.861207
105	161	0.880822
105	162	0.882243
105	165	0.805322
105	166	0.854756
105	169	0.833775
105	172	0.785024
105	174	0.875489
105	176	0.80572
105	178	0.840278
105	180	0.742974
106	23	0.797854
106	28	0.868087
106	43	0.846189
106	46	0.897506
106	53	0.905318
106	56	0.818572
106	102	0.83743
106	110	0.836136
106	138	1.25899
106	142	1.69875
106	143	0.860687
106	144	0.861975
106	148	0.865189
106	149	1.68582
106	154	0.801508
106	156	1.45851
106	164	0.8629
106	170	0.743637
106	173	1.84537
106	177	0.780012
106	179	2.03615
107	19	0.878286
107	35	0.811096
107	39	0.920242
107	61	0.845141
107	89	0.789685
107	104	0.814675
107	117	0.841309
107	118	0.847016
107	122	0.825866
107	129	0.847801
107	135	0.838072
107	156	1.48494
107	158	1.51673
107	159	0.78566
107	160	0.80367
107	161	1.43835
107	163	1.78335
107	167	0.894721
107	171	0.831963
107	175	1.91208
107	176	1.90749
108	42	0.825914
108	70	0.842652
108	83	1.44541
108	84	0.890466
108	87	0.8876
108	92	0.84681
108	109	0.8639
108	121	0.826615
108	124	0.865993
108	130	0.825342
108	134	0.854558
108	136	0.835173
108	147	1.4961
108	151	1.65812
108	159	1.75012
108	164	0.844073
108	171	0.838414
108	173	0.759802
108	174	1.60516
108	177	0.761185
108	178	1.77186
109	5	0.92676
109	42	0.866925
109	76	0.876309
109	87	0.928611
109	101	0.926305
109	105	1.18394
109	108	0.8639
109	121	0.867626
109	124	0.907005
109	128	1.45886
109	130	0.866353
109	134	0.895569
109	136	0.876184
109	152	1.45744
109	154	1.81445
109	156	1.40382
109	160	1.61308
109	164	0.885084
109	171	0.879425
109	173	0.800813
109	177	0.802196
109	178	1.53516
110	28	0.84368
110	44	0.806241
110	56	0.794165
110	71	1.22227
110	77	0.909656
110	82	1.59178
110	85	0.816928
110	95	0.846933
110	99	0.833989
110	102	0.813023
110	106	0.836136
110	111	1.51515
110	115	0.87519
110	126	0.819401
110	143	0.836279
110	144	0.837568
110	148	0.840782
110	156	1.66639
110	159	1.77598
110	170	0.71923
110	175	2.09353
110	177	0.755605
111	1	0.960256
111	57	1.17385
111	63	1.45686
111	73	0.828271
111	97	1.38171
111	110	1.51515
111	130	1.42536
111	143	1.3154
111	146	0.871081
111	152	0.854977
111	158	0.842552
111	163	0.812006
111	165	0.786667
111	166	0.836101
111	168	0.855011
111	169	0.81512
111	172	0.766368
111	174	0.856833
111	175	0.791524
111	176	0.787064
111	178	0.821623
111	180	0.724318
112	43	2.00835
112	91	1.48846
112	96	1.64217
112	142	0.786547
112	153	0.751465
112	156	0.834602
112	158	0.817369
112	162	0.838405
112	163	0.786823
112	165	0.761484
112	166	0.810918
112	167	1.29028
112	168	0.829829
112	169	0.789937
112	171	1.43994
112	172	0.741186
112	174	0.831651
112	175	0.766341
112	176	0.761882
112	178	0.79644
112	180	0.699136
113	6	1.76799
113	35	1.69725
113	40	1.95641
113	93	1.89369
113	94	0.76944
113	145	0.813103
113	149	0.767111
113	151	0.790065
113	153	0.721982
113	157	0.846639
113	158	0.787887
113	161	0.807501
113	162	0.808923
113	165	0.732002
113	166	0.781436
113	167	1.62396
113	168	0.800346
113	169	0.760454
113	172	0.711703
113	175	0.736859
113	176	0.732399
113	178	0.766957
113	180	0.669653
114	24	1.3125
114	68	1.63894
114	87	1.36714
114	125	1.41227
114	127	1.61825
114	137	1.433
114	149	0.803998
114	152	0.837199
114	153	0.758869
114	157	0.883526
114	158	0.824774
114	159	0.79291
114	161	0.844388
114	162	0.845809
114	163	0.794227
114	166	0.818323
114	169	0.797341
114	172	0.74859
114	174	0.839055
114	175	0.773746
114	176	0.769286
114	178	0.803844
114	179	0.748468
114	180	0.70654
115	28	0.907141
115	41	1.61274
115	44	0.869702
115	46	0.936561
115	56	0.857626
115	95	0.910394
115	99	0.897451
115	102	0.876484
115	110	0.87519
115	123	0.902895
115	128	1.34692
115	143	0.899741
115	144	0.90103
115	145	1.24526
115	148	0.904244
115	154	0.840562
115	159	1.40147
115	164	0.901954
115	168	1.3317
115	169	1.52659
115	170	0.782692
115	171	0.896296
115	175	1.71902
115	176	1.71443
115	177	0.819067
116	4	0.943606
116	6	0.944919
116	9	1.37803
116	10	1.05093
116	14	0.968155
116	36	1.00701
116	60	0.848022
116	88	0.857825
116	94	0.860459
116	98	0.906724
116	119	0.909082
116	125	0.879424
116	127	0.86305
116	137	0.883286
116	140	0.900694
116	146	1.46727
116	154	0.837611
116	155	0.847186
116	157	1.27016
116	161	1.42186
116	167	0.956102
116	170	0.77974
116	173	1.85531
116	175	1.89559
116	179	0.8026
117	22	0.864504
117	30	1.07874
117	35	0.842419
117	39	0.951566
117	52	0.828591
117	61	0.876465
117	80	0.870483
117	89	0.821009
117	104	0.845999
117	107	0.841309
117	118	0.87834
117	120	0.874628
117	122	0.85719
117	129	0.879125
117	135	0.869396
117	141	0.899709
117	147	1.32514
117	151	1.48716
117	155	1.7523
117	157	1.27128
117	158	1.50135
117	159	0.816984
117	160	0.834994
117	167	0.926045
117	171	0.863286
117	180	2.73122
118	15	0.804794
118	22	0.87021
118	32	0.847254
118	35	0.848126
118	39	0.957272
118	52	0.834297
118	75	0.870536
118	89	0.826716
118	104	0.851706
118	107	0.847016
118	117	0.87834
118	120	0.880335
118	122	0.862897
118	129	0.884832
118	135	0.875102
118	146	1.11661
118	150	1.51295
118	154	1.52841
118	160	0.8407
118	165	1.48687
118	167	0.931751
118	170	2.16932
118	171	0.868993
118	176	1.54033
118	177	1.55767
118	179	1.69542
119	3	0.920731
119	6	0.921252
119	14	0.944488
119	36	1.11078
119	40	0.868952
119	49	0.938439
119	50	0.980572
119	60	0.824355
119	71	1.1281
119	88	0.834158
119	100	0.889913
119	116	0.909082
119	125	0.855758
119	127	0.839383
119	137	0.859619
119	140	0.877028
119	151	1.58982
119	154	0.813944
119	155	0.823519
119	158	1.60401
119	160	1.78149
119	167	0.932436
119	170	0.756074
119	174	1.53686
119	177	2.01211
119	179	0.778933
120	8	0.909305
120	15	0.801083
120	19	0.911605
120	22	0.866499
120	52	0.830586
120	75	0.866825
120	89	0.823005
120	104	0.847995
120	117	0.874628
120	118	0.880335
120	122	0.859185
120	129	0.881121
120	132	2.36801
120	133	1.07789
120	135	0.871391
120	141	0.901704
120	150	1.72714
120	155	1.61471
120	158	1.36376
120	159	0.818979
120	160	0.836989
120	161	1.28538
120	166	1.37665
120	167	0.92804
120	171	0.865282
120	175	1.75911
121	5	0.889475
121	18	0.788711
121	29	0.849442
121	51	0.810987
121	70	0.846378
121	71	1.05165
121	73	1.60649
121	87	0.891326
121	90	1.00325
121	92	0.850536
121	101	0.889021
121	108	0.826615
121	109	0.867626
121	124	0.86972
121	134	0.858284
121	136	0.838899
121	141	0.878563
121	142	1.73602
121	149	1.72308
121	152	1.5494
121	162	1.39816
121	164	0.847799
121	169	1.73049
121	171	0.84214
121	173	0.763528
121	177	0.764911
121	178	1.62711
122	15	0.783644
122	19	0.894166
122	22	0.849061
122	32	0.826104
122	33	1.20779
122	35	0.826976
122	39	0.936123
122	52	0.813148
122	61	0.861022
122	75	0.849386
122	78	1.5413
122	107	0.825866
122	117	0.85719
122	118	0.862897
122	120	0.859185
122	128	1.48579
122	129	0.863682
122	135	0.853953
122	141	0.884266
122	146	1.42957
122	149	1.65806
122	159	0.80154
122	160	0.819551
122	167	0.910602
122	173	1.81761
122	174	1.39538
122	177	1.87064
123	23	0.801152
123	27	0.885219
123	30	0.903345
123	44	0.833946
123	53	0.908616
123	71	1.19594
123	95	0.874638
123	97	0.871679
123	99	0.861694
123	102	0.840728
123	115	0.902895
123	138	1.44054
123	139	1.47348
123	143	0.863984
123	144	0.865273
123	145	1.59345
123	146	1.63889
123	148	0.868487
123	153	2.2269
123	154	0.804806
123	156	1.64006
123	157	1.44178
123	160	0.832246
123	164	0.866198
123	170	0.746935
123	171	0.860539
123	177	0.78331
124	5	0.928854
124	18	0.82809
124	29	0.88882
124	30	0.83328
124	62	0.910682
124	70	0.885757
124	84	0.933571
124	86	1.43746
124	92	0.889915
124	101	0.928399
124	108	0.865993
124	109	0.907005
124	121	0.86972
124	130	0.868447
124	134	0.897663
124	136	0.878278
124	141	0.917942
124	154	1.63474
124	157	1.02582
124	160	1.43337
124	164	0.887178
124	165	1.59319
124	168	1.26393
124	170	2.27565
124	171	0.881519
124	173	0.802907
124	175	1.65125
124	177	0.80429
125	3	0.891073
125	4	0.890282
125	6	0.891594
125	40	0.839294
125	49	0.908781
125	60	0.794698
125	86	1.60841
125	88	0.8045
125	94	0.807134
125	98	0.8534
125	100	0.860256
125	114	1.41227
125	116	0.879424
125	119	0.855758
125	127	0.809725
125	137	0.829961
125	138	0.858252
125	140	0.84737
125	146	1.39389
125	147	1.25064
125	153	1.9819
125	154	0.784286
125	165	1.76415
125	167	0.902778
125	170	0.726416
125	172	2.0331
125	174	1.3597
125	179	0.749275
126	23	0.781119
126	28	0.851352
126	31	0.914112
126	44	0.813913
126	46	0.880772
126	56	0.801837
126	77	0.917328
126	85	0.8246
126	90	1.00162
126	95	0.854605
126	102	0.820695
126	110	0.819401
126	131	1.4782
126	133	1.1797
126	143	0.843952
126	144	0.84524
126	148	0.848454
126	154	0.784773
126	155	1.71651
126	162	1.33616
126	164	0.846165
126	168	1.4736
126	169	1.66849
126	170	0.726903
126	171	0.840506
126	175	1.86092
126	177	0.763277
126	180	2.69543
127	3	0.874699
127	4	0.873908
127	12	1.17251
127	14	0.898456
127	31	0.897251
127	49	0.892407
127	60	0.778323
127	76	0.820529
127	88	0.788126
127	98	0.837026
127	100	0.843881
127	114	1.61825
127	116	0.86305
127	119	0.839383
127	125	0.809725
127	137	0.813587
127	138	0.841877
127	140	0.830995
127	145	1.55443
127	147	1.45662
127	154	0.767912
127	155	0.777487
127	162	1.50343
127	163	1.89945
127	165	1.97013
127	167	0.886404
127	170	0.710041
127	177	2.04094
127	179	0.732901
128	22	1.56549
128	62	1.1665
128	67	0.884035
128	71	0.893611
128	90	1.26547
128	96	1.54622
128	105	0.877632
128	109	1.45886
128	115	1.34692
128	122	1.48579
128	140	1.54542
128	145	0.866703
128	149	0.820711
128	150	0.81803
128	151	0.843665
128	158	0.841487
128	161	0.861101
128	162	0.862522
128	163	0.81094
128	165	0.785602
128	166	0.835035
128	168	0.853946
128	169	0.814054
128	172	0.765303
128	174	0.855768
128	175	0.790458
128	176	0.785999
128	178	0.820557
128	180	0.723253
129	8	0.913801
129	12	0.978623
129	15	0.80558
129	19	0.916102
129	32	0.84804
129	52	0.835083
129	61	0.882957
129	75	0.871322
129	76	0.866662
129	79	0.952767
129	89	0.827501
129	104	0.852491
129	107	0.847801
129	117	0.879125
129	118	0.884832
129	120	0.881121
129	122	0.863682
129	135	0.875888
129	138	1.20764
129	141	0.906201
129	157	1.20888
129	158	1.43895
129	159	0.823476
129	167	0.932537
129	171	0.869778
129	172	2.0452
129	173	1.79402
129	177	1.84705
129	179	1.9848
130	5	0.888202
130	18	0.787438
130	29	0.848169
130	42	0.828368
130	51	0.809714
130	54	1.72319
130	62	0.870031
130	70	0.845105
130	73	1.68731
130	76	0.837751
130	84	0.892919
130	87	0.890053
130	92	0.849263
130	101	0.887748
130	108	0.825342
130	109	0.866353
130	111	1.42536
130	124	0.868447
130	133	1.32252
130	134	0.857012
130	136	0.837626
130	139	1.41001
130	141	0.87729
130	149	1.8039
130	162	1.47898
130	164	0.846526
130	168	1.61642
130	171	0.840868
130	173	0.762255
130	174	1.54123
130	177	0.763638
131	5	1.51872
131	19	1.27165
131	32	1.6001
131	44	1.64314
131	55	0.852301
131	75	1.37858
131	93	1.45345
131	126	1.4782
131	142	0.809056
131	150	0.816421
131	151	0.842056
131	152	0.852303
131	153	0.773973
131	156	0.857111
131	157	0.89863
131	158	0.839878
131	161	0.859493
131	163	0.809332
131	164	1.40686
131	165	0.783993
131	166	0.833427
131	168	0.852337
131	169	0.812446
131	172	0.763694
131	173	0.775705
131	174	0.854159
131	175	0.78885
131	176	0.78439
131	178	0.818949
131	180	0.721644
132	45	0.76955
132	47	1.94991
132	48	0.805436
132	92	2.27293
132	95	2.17313
132	120	2.36801
132	142	0.713534
132	145	0.769573
132	147	0.784471
132	150	0.7209
132	152	0.756782
132	153	0.678452
132	156	0.761589
132	158	0.744357
132	161	0.763971
132	162	0.765393
132	163	0.71381
132	165	0.688472
132	166	0.737906
132	167	2.17533
132	168	0.756816
132	169	0.716924
132	172	0.668173
132	174	0.758638
132	175	0.693329
132	176	0.688869
132	178	0.723427
132	180	0.626123
133	16	1.27285
133	29	1.35019
133	56	1.44996
133	69	1.21797
133	91	1.08339
133	120	1.07789
133	126	1.1797
133	130	1.32252
133	140	1.2363
133	146	0.919423
133	147	0.931008
133	148	1.11587
133	149	0.870118
133	151	0.893072
133	152	0.903319
133	156	0.908127
133	157	0.949646
133	158	0.890894
133	162	0.91193
133	163	0.860348
133	165	0.835009
133	166	0.884443
133	168	0.903353
133	169	0.863461
133	172	0.81471
133	173	0.826721
133	174	0.905175
133	175	0.839866
133	176	0.835406
133	178	0.869964
133	179	0.814588
133	180	0.77266
134	5	0.917418
134	18	0.816654
134	29	0.877385
134	42	0.857584
134	48	1.00077
134	51	0.83893
134	62	0.899247
134	70	0.874322
134	84	0.922136
134	87	0.919269
134	92	0.878479
134	94	1.55339
134	101	0.916964
134	108	0.854558
134	109	0.895569
134	121	0.858284
134	124	0.897663
134	130	0.857012
134	136	0.866843
134	141	0.906506
134	147	1.14504
134	154	1.7001
134	160	1.49873
134	163	1.58788
134	164	0.875742
134	169	1.52418
134	171	0.870084
134	173	0.791471
134	176	1.71202
134	177	0.792854
134	178	1.42081
134	179	1.86711
135	8	0.904072
135	15	0.79585
135	19	0.906372
135	22	0.861266
135	30	0.977402
135	32	0.83831
135	35	0.839182
135	39	0.948328
135	52	0.825353
135	61	0.873227
135	75	0.861592
135	76	0.856933
135	82	1.29362
135	89	0.817772
135	104	0.842762
135	107	0.838072
135	117	0.869396
135	118	0.875102
135	120	0.871391
135	122	0.853953
135	129	0.875888
135	146	1.36705
135	147	1.2238
135	149	1.59554
135	153	1.95506
135	159	0.813746
135	160	0.831756
135	167	0.922807
135	168	1.40805
135	170	2.41977
135	171	0.860049
135	174	1.33286
135	176	1.79078
136	5	0.898033
136	18	0.797269
136	29	0.858
136	42	0.838199
136	51	0.819545
136	62	0.879862
136	67	1.11071
136	70	0.854936
136	84	0.90275
136	87	0.899884
136	90	1.01181
136	92	0.859094
136	101	0.897579
136	105	1.1554
136	108	0.835173
136	109	0.876184
136	121	0.838899
136	124	0.878278
136	130	0.837626
136	134	0.866843
136	139	1.2087
136	141	0.887121
136	155	1.65802
136	156	1.37528
136	162	1.27767
136	163	1.67369
136	164	0.856357
136	170	2.42682
136	171	0.850699
136	172	2.01332
136	173	0.772086
136	177	0.773469
136	178	1.50662
137	3	0.894935
137	4	0.894144
137	6	0.895456
137	14	0.918692
137	30	0.886687
137	31	0.917487
137	49	0.912643
137	60	0.798559
137	76	0.840765
137	88	0.808362
137	94	0.810996
137	98	0.857262
137	100	0.864117
137	114	1.433
137	116	0.883286
137	119	0.859619
137	125	0.829961
137	127	0.813587
137	138	0.862113
137	139	1.24921
137	140	0.851231
137	146	1.41462
137	152	1.46942
137	154	0.788148
137	155	0.797723
137	158	1.44758
137	161	1.36921
137	162	1.31818
137	167	0.90664
137	170	0.730278
137	175	1.84294
137	177	1.85569
137	179	0.753137
137	180	2.67745
138	8	1.29267
138	37	0.892014
138	43	1.65784
138	52	1.58828
138	58	0.833889
138	63	0.892821
138	66	0.892015
138	72	0.891503
138	73	0.843452
138	74	0.891265
138	85	1.4374
138	88	0.836652
138	98	0.885552
138	106	1.25899
138	123	1.44054
138	125	0.858252
138	127	0.841877
138	129	1.20764
138	137	0.862113
138	140	0.879522
138	144	1.13235
138	158	0.857733
138	159	0.825869
138	162	0.878769
138	164	1.16292
138	165	0.801848
138	166	0.851282
138	167	0.93493
138	174	0.872014
138	175	0.806705
138	176	0.802245
138	178	0.836803
138	179	0.781427
138	180	0.739499
139	17	1.40164
139	38	1.24674
139	59	0.956147
139	70	1.47334
139	79	0.972197
139	90	1.04385
139	99	1.38334
139	101	1.11723
139	123	1.47348
139	130	1.41001
139	136	1.2087
139	137	1.24921
139	142	0.847643
139	146	0.906994
139	149	0.857689
139	150	0.855008
139	152	0.89089
139	153	0.81256
139	154	0.837171
139	156	0.895698
139	157	0.937217
139	161	0.89808
139	162	0.899501
139	163	0.847919
139	165	0.82258
139	166	0.872014
139	168	0.890924
139	171	1.12237
139	172	0.802282
139	173	0.814292
139	174	0.892746
139	175	0.827437
139	176	0.822977
139	177	0.815675
139	178	0.857536
139	180	0.760231
140	3	0.912343
140	4	0.911552
140	6	0.912864
140	14	0.9361
140	30	0.904096
140	33	0.880423
140	40	0.860564
140	49	0.930051
140	54	1.63698
140	60	0.815968
140	76	0.858173
140	80	0.891298
140	88	0.82577
140	94	0.828404
140	98	0.87467
140	100	0.881526
140	116	0.900694
140	119	0.877028
140	125	0.84737
140	127	0.830995
140	128	1.54542
140	133	1.2363
140	137	0.851231
140	138	0.879522
140	151	1.50798
140	154	0.805556
140	155	0.815131
140	157	1.29209
140	159	1.59997
140	164	0.473395
140	167	0.924048
140	169	1.7251
140	170	0.747686
140	175	1.91752
140	177	1.93027
140	179	0.770545
141	42	0.877863
141	58	0.852079
141	63	0.911011
141	66	0.910205
141	67	1.08651
141	70	0.8946
141	72	0.909693
141	74	0.909456
141	89	0.848085
141	101	0.937242
141	105	1.1312
141	117	0.899709
141	120	0.901704
141	121	0.878563
141	122	0.884266
141	124	0.917942
141	129	0.906201
141	130	0.87729
141	134	0.906506
141	136	0.887121
141	142	1.59133
141	149	1.57839
141	156	1.35108
141	159	0.844059
141	160	0.86207
141	161	1.30449
141	163	1.64949
141	167	0.953121
141	174	1.31571
141	175	1.77822
141	176	1.77363
141	177	0.813133
141	178	1.48242
141	179	0.799618
142	8	1.73243
142	29	1.84451
142	41	0.766842
142	50	0.89466
142	65	1.62183
142	79	0.887971
142	86	0.772795
142	90	1.45068
142	106	1.69875
142	112	0.786547
142	121	1.73602
142	131	0.809056
142	132	0.713534
142	139	0.847643
142	141	1.59133
142	147	0.834354
142	148	1.61019
142	151	0.796418
142	152	0.806664
142	153	0.728335
142	156	0.811472
142	157	0.852992
142	158	0.794239
142	160	0.780386
142	161	0.813854
142	162	0.815275
142	163	0.763693
142	166	0.787788
142	167	1.37954
142	168	0.806699
142	169	0.766807
142	170	0.695075
142	172	0.718056
142	174	0.808521
142	175	0.743211
142	176	0.738752
142	178	0.77331
142	180	0.676006
143	10	1.04912
143	12	0.953022
143	23	0.797998
143	27	0.882064
143	28	0.86823
143	31	0.93099
143	44	0.830791
143	46	0.89765
143	53	0.905462
143	56	0.818715
143	77	0.934207
143	83	1.27153
143	85	0.841478
143	90	1.01849
143	95	0.871483
143	97	0.868525
143	99	0.85854
143	106	0.860687
143	110	0.836279
143	111	1.3154
143	115	0.899741
143	123	0.863984
143	126	0.843952
143	144	0.862119
143	148	0.865333
143	150	1.86181
143	152	1.52027
143	157	1.26835
143	160	0.829092
143	162	1.36903
143	164	0.863044
143	166	1.51132
143	168	1.50647
143	170	0.743781
143	171	0.857385
143	174	1.43127
143	176	1.88919
143	177	0.780156
143	179	2.04428
144	12	0.954311
144	16	0.929051
144	23	0.799286
144	27	0.883353
144	30	0.901479
144	43	0.847621
144	44	0.83208
144	46	0.898939
144	53	0.90675
144	54	1.47847
144	56	0.820004
144	85	0.842767
144	95	0.872772
144	97	0.869813
144	99	0.859828
144	102	0.838862
144	106	0.861975
144	110	0.837568
144	115	0.90103
144	123	0.865273
144	126	0.84524
144	138	1.13235
144	143	0.862119
144	148	0.866621
144	151	1.34947
144	152	1.3855
144	154	0.80294
144	155	1.61461
144	160	0.830381
144	163	1.63028
144	164	0.864332
144	165	1.70096
144	166	1.37655
144	170	0.74507
144	171	0.858673
144	172	1.96991
144	173	1.71873
144	177	0.781444
144	178	1.46321
144	179	1.90951
145	11	1.47868
145	13	0.707385
145	39	1.10645
145	48	0.911358
145	68	1.57512
145	84	1.46837
145	87	1.30333
145	113	0.813103
145	115	1.24526
145	123	1.59345
145	127	1.55443
145	128	0.866703
145	132	0.769573
145	146	0.878807
145	147	0.890392
145	148	1.32333
145	149	0.829502
145	150	0.826821
145	151	0.852456
145	152	0.862703
145	153	0.784373
145	156	0.867511
145	157	0.90903
145	158	0.850278
145	161	0.869892
145	163	0.819732
145	164	1.31582
145	165	0.794393
145	166	0.843827
145	168	0.862737
145	169	0.822845
145	171	1.24233
145	172	0.774094
145	173	0.786105
145	174	0.864559
145	175	0.79925
145	176	0.79479
145	177	0.787488
145	178	0.829348
145	180	0.732044
146	5	1.47312
146	14	1.52475
146	28	1.17974
146	40	1.47057
146	57	1.32392
146	78	0.856264
146	111	0.871081
146	116	1.46727
146	118	1.11661
146	122	1.42957
146	123	1.63889
146	125	1.39389
146	133	0.919423
146	135	1.36705
146	137	1.41462
146	139	0.906994
146	145	0.878807
146	147	0.893705
146	149	0.832815
146	150	0.830134
146	151	0.855769
146	152	0.866016
146	153	0.787686
146	156	0.870824
146	157	0.912343
146	158	0.853591
146	161	0.873206
146	162	0.874627
146	163	0.823045
146	165	0.797706
146	166	0.84714
146	168	0.86605
146	169	0.826159
146	170	0.754426
146	172	0.777408
146	173	0.789418
146	174	0.867872
146	175	0.802563
146	176	0.798103
146	177	0.790801
146	178	0.832662
146	180	0.735357
147	9	0.877833
147	21	1.21418
147	55	0.877599
147	69	1.32762
147	83	0.905609
147	84	1.37056
147	103	1.40884
147	108	1.4961
147	117	1.32514
147	125	1.25064
147	127	1.45662
147	132	0.784471
147	133	0.931008
147	134	1.14504
147	135	1.2238
147	142	0.834354
147	145	0.890392
147	146	0.893705
147	148	1.22552
147	149	0.8444
147	150	0.841719
147	151	0.867354
147	152	0.877601
147	153	0.799271
147	156	0.882409
147	157	0.923928
147	158	0.865176
147	159	0.833312
147	161	0.884791
147	162	0.886212
147	163	0.83463
147	164	1.21801
147	165	0.809291
147	166	0.858725
147	168	0.877635
147	169	0.837744
147	171	1.14452
147	172	0.788993
147	174	0.879457
147	175	0.814148
147	176	0.809688
147	178	0.844247
147	179	0.788871
147	180	0.746942
148	12	0.957525
148	16	0.932265
148	27	0.886567
148	28	0.872733
148	30	0.904693
148	33	0.881021
148	43	0.850835
148	44	0.835294
148	45	1.24576
148	46	0.902153
148	53	0.909964
148	56	0.823218
148	67	1.10538
148	77	0.938709
148	85	0.845981
148	90	1.023
148	95	0.875986
148	97	0.873027
148	99	0.863042
148	102	0.842076
148	106	0.865189
148	110	0.840782
148	115	0.904244
148	123	0.868487
148	126	0.848454
148	133	1.11587
148	142	1.61019
148	143	0.865333
148	144	0.866621
148	145	1.32333
148	147	1.22552
148	152	1.42357
148	154	0.806154
148	160	0.833595
148	162	1.27233
148	163	1.66836
148	164	0.867546
148	165	1.73904
148	166	1.41462
148	169	1.60466
148	170	0.748284
148	171	0.861887
148	177	0.784658
148	178	1.50129
148	179	1.94759
149	2	1.59037
149	13	0.661393
149	48	0.865366
149	65	1.60889
149	84	1.7423
149	86	0.782841
149	106	1.68582
149	113	0.767111
149	114	0.803998
149	121	1.72308
149	122	1.65806
149	128	0.820711
149	130	1.8039
149	133	0.870118
149	135	1.59554
149	139	0.857689
149	141	1.57839
149	145	0.829502
149	146	0.832815
149	147	0.8444
149	150	0.780829
149	151	0.806464
149	152	0.816711
149	153	0.738381
149	154	0.762992
149	156	0.821519
149	157	0.863038
149	158	0.804286
149	161	0.823901
149	162	0.825322
149	163	0.77374
149	165	0.748401
149	166	0.797835
149	167	1.3666
149	168	0.816745
149	169	0.776854
149	170	0.705121
149	171	1.51626
149	172	0.728102
149	174	0.818567
149	175	0.753258
149	176	0.748798
149	177	0.741496
149	178	0.783357
149	179	0.72798
149	180	0.686052
150	19	1.6224
150	37	1.4867
150	47	1.30904
150	61	1.75452
150	67	0.844153
150	71	0.853729
150	86	0.78016
150	92	1.63207
150	95	1.53226
150	105	0.837751
150	118	1.51295
150	120	1.72714
150	128	0.81803
150	131	0.816421
150	132	0.7209
150	139	0.855008
150	143	1.86181
150	145	0.826821
150	146	0.830134
150	147	0.841719
150	149	0.780829
150	151	0.803783
150	153	0.7357
150	154	0.760311
150	156	0.818838
150	157	0.860357
150	158	0.801605
150	159	0.769741
150	160	0.787751
150	161	0.82122
150	162	0.822641
150	163	0.771059
150	164	1.7576
150	165	0.74572
150	168	0.814064
150	169	0.774173
150	170	0.70244
150	171	1.68412
150	172	0.725421
150	173	0.737432
150	174	0.815886
150	175	0.750577
150	176	0.746117
150	177	0.738815
150	178	0.780676
150	180	0.683371
151	9	0.839897
151	31	1.49428
151	57	1.34269
151	58	1.67787
151	59	0.904922
151	61	1.37695
151	83	0.867673
151	97	1.55055
151	100	1.57087
151	108	1.65812
151	113	0.790065
151	117	1.48716
151	119	1.58982
151	128	0.843665
151	131	0.842056
151	133	0.893072
151	140	1.50798
151	142	0.796418
151	144	1.34947
151	145	0.852456
151	146	0.855769
151	147	0.867354
151	149	0.806464
151	150	0.803783
151	152	0.839665
151	153	0.761335
151	154	0.785946
151	155	0.795521
151	156	0.844473
151	157	0.885992
151	158	0.82724
151	160	0.813386
151	161	0.846855
151	162	0.848276
151	163	0.796694
151	165	0.771355
151	166	0.820789
151	167	1.15689
151	168	0.839699
151	169	0.799808
151	170	0.728075
151	171	1.30655
151	172	0.751057
151	174	0.841521
151	175	0.776212
151	176	0.771752
151	178	0.806311
151	179	0.750935
151	180	0.709006
152	17	1.62185
152	28	1.23454
152	35	1.26621
152	46	1.32893
152	51	1.79423
152	54	0.80333
152	82	0.862887
152	102	1.69504
152	109	1.45744
152	111	0.854977
152	114	0.837199
152	121	1.5494
152	131	0.852303
152	132	0.756782
152	133	0.903319
152	137	1.46942
152	139	0.89089
152	142	0.806664
152	143	1.52027
152	144	1.3855
152	145	0.862703
152	146	0.866016
152	147	0.877601
152	148	1.42357
152	149	0.816711
152	151	0.839665
152	153	0.771582
152	155	0.805767
152	156	0.854719
152	157	0.896239
152	158	0.837487
152	161	0.857101
152	162	0.858522
152	163	0.80694
152	165	0.781602
152	166	0.831036
152	167	1.19292
152	168	0.849946
152	169	0.810054
152	170	0.738322
152	172	0.761303
152	174	0.851768
152	175	0.786458
152	176	0.781999
152	177	0.774696
152	178	0.816557
152	179	0.761181
152	180	0.719253
153	23	2.39765
153	46	1.86214
153	60	2.14517
153	79	0.852889
153	80	0.86276
153	101	1.87065
153	104	1.41465
153	112	0.751465
153	113	0.721982
153	114	0.758869
153	123	2.2269
153	125	1.9819
153	131	0.773973
153	132	0.678452
153	135	1.95506
153	139	0.81256
153	142	0.728335
153	145	0.784373
153	146	0.787686
153	147	0.799271
153	149	0.738381
153	150	0.7357
153	151	0.761335
153	152	0.771582
153	156	0.77639
153	157	0.817909
153	158	0.759157
153	160	0.745303
153	161	0.778772
153	162	0.780193
153	163	0.728611
153	165	0.703272
153	166	0.752706
153	168	0.771616
153	169	0.731725
153	171	1.87579
153	172	0.682973
153	173	0.694984
153	174	0.773438
153	175	0.708129
153	176	0.703669
153	177	0.696367
153	178	0.738228
153	179	0.682851
153	180	0.640923
154	39	1.5637
154	40	0.79748
154	56	0.759537
154	57	1.73572
154	72	1.81808
154	88	0.762687
154	89	1.84465
154	96	1.90181
154	98	0.811587
154	100	0.818442
154	101	1.69444
154	103	1.9639
154	106	0.801508
154	109	1.81445
154	115	0.840562
154	116	0.837611
154	118	1.52841
154	119	0.813944
154	123	0.804806
154	124	1.63474
154	125	0.784286
154	126	0.784773
154	127	0.767912
154	134	1.7001
154	137	0.788148
154	139	0.837171
154	140	0.805556
154	144	0.80294
154	148	0.806154
154	149	0.762992
154	150	0.760311
154	151	0.785946
154	156	0.801
154	160	0.769914
154	163	0.753221
154	164	0.803865
154	165	0.727882
154	166	0.777316
154	167	0.860965
154	169	0.756335
154	170	0.684602
154	171	0.798206
154	175	0.732739
154	176	0.72828
154	177	0.720977
154	178	0.762838
154	179	0.707462
154	180	0.665534
155	7	0.757671
155	13	0.650449
155	26	0.825515
155	33	0.826915
155	34	1.63439
155	37	1.37427
155	38	0.792994
155	40	0.807055
155	46	1.55804
155	49	0.876543
155	51	2.02334
155	53	1.56994
155	57	0.869784
155	60	0.762459
155	61	1.64208
155	64	0.758623
155	68	0.806894
155	81	0.790116
155	91	0.844482
155	93	0.820375
155	96	0.820749
155	103	0.800959
155	116	0.847186
155	117	1.7523
155	119	0.823519
155	120	1.61471
155	126	1.71651
155	127	0.777487
155	136	1.65802
155	137	0.797723
155	140	0.815131
155	144	1.61461
155	151	0.795521
155	152	0.805767
155	156	0.810575
155	161	0.812957
155	163	0.762796
155	164	0.81344
155	165	0.737457
155	166	0.786891
155	167	0.87054
155	168	0.805802
155	169	0.76591
155	170	0.694177
155	171	1.57169
155	172	0.717159
155	174	0.807624
155	176	0.737855
155	179	0.717037
155	180	0.675109
156	27	1.51254
156	31	1.47668
156	36	0.886719
156	50	0.942715
156	73	0.828014
156	88	1.6275
156	90	1.21043
156	100	1.55326
156	104	0.827815
156	105	0.87844
156	106	1.45851
156	107	1.48494
156	109	1.40382
156	110	1.66639
156	112	0.834602
156	123	1.64006
156	131	0.857111
156	132	0.761589
156	133	0.908127
156	136	1.37528
156	139	0.895698
156	141	1.35108
156	142	0.811472
156	145	0.867511
156	146	0.870824
156	147	0.882409
156	149	0.821519
156	150	0.818838
156	151	0.844473
156	152	0.854719
156	153	0.77639
156	154	0.801
156	155	0.810575
156	157	0.901047
156	158	0.842294
156	160	0.828441
156	161	0.861909
156	162	0.86333
156	163	0.811748
156	164	1.36243
156	165	0.786409
156	166	0.835843
156	167	1.13929
156	168	0.854754
156	169	0.814862
156	170	0.74313
156	172	0.766111
156	173	0.778121
156	174	0.856576
156	175	0.791266
156	176	0.786807
156	178	0.821365
156	179	0.765989
156	180	0.724061
157	8	1.2939
157	11	1.32701
157	43	1.65907
157	53	1.08892
157	67	0.926362
157	75	1.13587
157	78	0.886487
157	79	0.977545
157	80	0.987417
157	82	0.909214
157	85	1.43864
157	90	1.01215
157	93	1.21074
157	94	0.865367
157	96	1.2929
157	113	0.846639
157	114	0.883526
157	116	1.27016
157	117	1.27128
157	123	1.44178
157	124	1.02582
157	129	1.20888
157	131	0.89863
157	133	0.949646
157	139	0.937217
157	140	1.29209
157	142	0.852992
157	143	1.26835
157	145	0.90903
157	146	0.912343
157	147	0.923928
157	149	0.863038
157	150	0.860357
157	151	0.885992
157	152	0.896239
157	153	0.817909
157	156	0.901047
157	158	0.883814
157	159	0.85195
157	161	0.903428
157	162	0.90485
157	163	0.853268
157	165	0.827929
157	166	0.877363
157	167	0.941006
157	168	0.896273
157	169	0.856381
157	171	1.09066
157	172	0.80763
157	173	0.819641
157	174	0.898095
157	175	0.832786
157	176	0.828326
157	177	0.821024
157	178	0.862884
157	179	0.807508
157	180	0.76558
158	8	1.52397
158	23	1.8426
158	31	1.50847
158	36	0.869487
158	41	0.797665
158	54	0.790905
158	55	0.837484
158	82	0.850462
158	87	1.38173
158	97	1.56474
158	98	1.56197
158	101	1.3156
158	103	1.58506
158	105	0.861207
158	107	1.51673
158	111	0.842552
158	112	0.817369
158	113	0.787887
158	114	0.824774
158	117	1.50135
158	119	1.60401
158	120	1.36376
158	128	0.841487
158	129	1.43895
158	131	0.839878
158	132	0.744357
158	133	0.890894
158	137	1.44758
158	138	0.857733
158	142	0.794239
158	145	0.850278
158	146	0.853591
158	147	0.865176
158	149	0.804286
158	150	0.801605
158	151	0.82724
158	152	0.837487
158	153	0.759157
158	156	0.842294
158	157	0.883814
158	159	0.793198
158	161	0.844676
158	162	0.846097
158	163	0.794515
158	164	1.39422
158	165	0.769177
158	166	0.81861
158	168	0.837521
158	169	0.797629
158	170	0.725897
158	172	0.748878
158	174	0.839343
158	175	0.774033
158	176	0.769574
158	178	0.804132
158	179	0.748756
158	180	0.706828
159	7	1.94119
159	17	0.758628
159	31	0.881242
159	34	0.832597
159	38	1.52292
159	39	0.895916
159	47	1.02347
159	52	0.772941
159	56	1.81363
159	58	0.769354
159	63	0.828286
159	66	0.82748
159	72	0.826968
159	74	0.82673
159	85	1.74652
159	89	0.76536
159	96	1.60078
159	98	1.63978
159	100	1.66286
159	104	0.79035
159	107	0.78566
159	108	1.75012
159	110	1.77598
159	114	0.79291
159	115	1.40147
159	117	0.816984
159	120	0.818979
159	122	0.80154
159	129	0.823476
159	135	0.813746
159	138	0.825869
159	140	1.59997
159	141	0.844059
159	147	0.833312
159	150	0.769741
159	157	0.85195
159	158	0.793198
159	160	0.779344
159	163	0.762651
159	164	1.47203
159	165	0.737313
159	166	0.786747
159	167	0.870395
159	168	0.805657
159	171	0.807637
159	172	0.717014
159	174	0.807479
159	175	0.74217
159	176	0.73771
159	177	0.730407
159	178	0.772268
159	179	0.716892
159	180	0.674964
160	6	1.49259
160	8	0.86967
160	13	0.668315
160	15	0.761448
160	24	1.50456
160	49	1.55312
160	53	0.873724
160	66	1.47084
160	70	1.84919
160	72	1.61672
160	74	1.09874
160	75	0.82719
160	76	0.822531
160	85	0.80974
160	88	1.83677
160	89	0.78337
160	93	1.61829
160	95	0.839745
160	97	0.836787
160	98	1.73945
160	99	0.826802
160	101	1.49308
160	107	0.80367
160	109	1.61308
160	117	0.834994
160	118	0.8407
160	119	1.78149
160	120	0.836989
160	122	0.819551
160	123	0.832246
160	124	1.43337
160	134	1.49873
160	135	0.831756
160	141	0.86207
160	142	0.780386
160	143	0.829092
160	144	0.830381
160	148	0.833595
160	150	0.787751
160	151	0.813386
160	153	0.745303
160	154	0.769914
160	156	0.828441
160	159	0.779344
160	161	0.830822
160	162	0.832244
160	163	0.780662
160	164	0.831305
160	165	0.755323
160	167	0.888405
160	169	0.783775
160	170	0.712043
160	171	0.825647
160	174	0.825489
160	175	0.76018
160	176	0.75572
160	177	0.748418
160	178	0.790279
160	180	0.692974
161	6	1.23673
161	7	1.78501
161	11	1.47871
161	20	1.79536
161	23	1.76422
161	25	0.926759
161	34	1.30506
161	41	0.817279
161	49	1.29726
161	54	0.810519
161	67	0.887224
161	71	0.8968
161	73	0.830395
161	81	1.63165
161	82	0.870076
161	97	1.48636
161	103	1.50668
161	104	0.781225
161	105	0.880822
161	107	1.43835
161	113	0.807501
161	114	0.844388
161	116	1.42186
161	120	1.28538
161	128	0.861101
161	131	0.859493
161	132	0.763971
161	137	1.36921
161	139	0.89808
161	141	1.30449
161	142	0.813854
161	145	0.869892
161	146	0.873206
161	147	0.884791
161	149	0.823901
161	150	0.82122
161	151	0.846855
161	152	0.857101
161	153	0.778772
161	155	0.812957
161	156	0.861909
161	157	0.903428
161	158	0.844676
161	160	0.830822
161	162	0.865712
161	163	0.81413
161	165	0.788791
161	166	0.838225
161	168	0.857136
161	169	0.817244
161	170	0.745511
161	171	1.24236
161	172	0.768493
161	173	0.780503
161	174	0.858958
161	175	0.793648
161	176	0.789189
161	177	0.781886
161	178	0.823747
161	179	0.768371
161	180	0.726443
162	1	0.963802
162	4	1.36804
162	10	0.961818
162	13	0.703204
162	15	1.68829
162	18	1.78185
162	19	1.12961
162	31	1.37907
162	50	0.946518
162	80	0.9497
162	82	0.871498
162	83	0.886531
162	86	0.824653
162	92	1.13928
162	99	1.45231
162	102	1.5438
162	105	0.882243
162	112	0.838405
162	113	0.808923
162	114	0.845809
162	121	1.39816
162	126	1.33616
162	127	1.50343
162	128	0.862522
162	130	1.47898
162	132	0.765393
162	133	0.91193
162	136	1.27767
162	137	1.31818
162	138	0.878769
162	139	0.899501
162	142	0.815275
162	143	1.36903
162	146	0.874627
162	147	0.886212
162	148	1.27233
162	149	0.825322
162	150	0.822641
162	151	0.848276
162	152	0.858522
162	153	0.780193
162	156	0.86333
162	157	0.90485
162	158	0.846097
162	160	0.832244
162	161	0.865712
162	163	0.815551
162	165	0.790212
162	166	0.839646
162	167	1.04168
162	168	0.858557
162	169	0.818665
162	170	0.746933
162	171	1.19134
162	172	0.769914
162	173	0.781924
162	174	0.860379
162	175	0.795069
162	176	0.79061
162	177	0.783307
162	178	0.825168
162	179	0.769792
162	180	0.727864
163	25	0.876598
163	28	1.47932
163	34	1.65006
163	35	1.51099
163	53	1.58561
163	59	0.872197
163	67	0.837063
163	76	1.50964
163	78	0.797189
163	79	0.888247
163	80	0.898118
163	82	0.819915
163	86	0.773071
163	91	1.63588
163	93	1.70743
163	98	1.82859
163	107	1.78335
163	111	0.812006
163	112	0.786823
163	114	0.794227
163	127	1.89945
163	128	0.81094
163	131	0.809332
163	132	0.71381
163	133	0.860348
163	134	1.58788
163	136	1.67369
163	139	0.847919
163	141	1.64949
163	142	0.763693
163	144	1.63028
163	145	0.819732
163	146	0.823045
163	147	0.83463
163	148	1.66836
163	149	0.77374
163	150	0.771059
163	151	0.796694
163	152	0.80694
163	153	0.728611
163	154	0.753221
163	155	0.762796
163	156	0.811748
163	157	0.853268
163	158	0.794515
163	159	0.762651
163	160	0.780662
163	161	0.81413
163	162	0.815551
163	165	0.73863
163	166	0.788064
163	168	0.806975
163	169	0.767083
163	172	0.718332
163	173	0.730342
163	174	0.808797
163	175	0.743487
163	176	0.739028
163	177	0.731725
163	178	0.773586
163	179	0.71821
163	180	0.676282
164	2	0.800069
164	7	0.809488
164	9	1.27201
164	10	0.944914
164	18	0.806169
164	26	0.877332
164	27	0.884278
164	28	0.870444
164	38	0.844811
164	45	0.870353
164	51	0.828445
164	57	0.921601
164	62	0.888762
164	64	0.81044
164	68	0.858711
164	81	0.841933
164	85	0.843692
164	86	1.57578
164	87	0.908784
164	91	0.896299
164	92	0.867994
164	93	0.872192
164	94	0.826713
164	95	0.873697
164	96	0.872566
164	97	0.870738
164	99	0.860753
164	101	0.906478
164	102	0.839787
164	103	0.852776
164	106	0.8629
164	108	0.844073
164	109	0.885084
164	115	0.901954
164	121	0.847799
164	123	0.866198
164	124	0.887178
164	126	0.846165
164	130	0.846526
164	131	1.40686
164	134	0.875742
164	136	0.856357
164	138	1.16292
164	140	0.473395
164	143	0.863044
164	144	0.864332
164	145	1.31582
164	147	1.21801
164	148	0.867546
164	150	1.7576
164	154	0.803865
164	155	0.81344
164	156	1.36243
164	158	1.39422
164	159	1.47203
164	160	0.831305
164	166	1.40711
164	168	1.40226
164	169	1.59715
164	171	0.859598
164	172	2.00047
164	173	0.780986
164	174	1.32707
164	176	1.78499
164	177	0.782369
164	178	1.49378
164	180	2.62409
165	1	0.886881
165	9	0.781834
165	16	1.89602
165	18	2.24856
165	20	2.21104
165	25	0.85126
165	34	1.72074
165	36	0.813602
165	41	0.74178
165	48	0.830256
165	59	0.846859
165	73	0.754896
165	78	0.77185
165	83	0.80961
165	86	0.747732
165	89	1.80311
165	93	1.77811
165	99	1.91901
165	105	0.805322
165	111	0.786667
165	112	0.761484
165	113	0.732002
165	118	1.48687
165	124	1.59319
165	125	1.76415
165	127	1.97013
165	128	0.785602
165	131	0.783993
165	132	0.688472
165	133	0.835009
165	138	0.801848
165	139	0.82258
165	144	1.70096
165	145	0.794393
165	146	0.797706
165	147	0.809291
165	148	1.73904
165	149	0.748401
165	150	0.74572
165	151	0.771355
165	152	0.781602
165	153	0.703272
165	154	0.727882
165	155	0.737457
165	156	0.786409
165	157	0.827929
165	158	0.769177
165	159	0.737313
165	160	0.755323
165	161	0.788791
165	162	0.790212
165	163	0.73863
165	166	0.762726
165	167	1.50838
165	168	0.781636
165	169	0.741744
165	170	0.670012
165	172	0.692993
165	174	0.783458
165	175	0.718148
165	176	0.713689
165	178	0.748247
165	179	0.692871
165	180	0.650943
166	2	1.40773
166	7	1.87628
166	11	1.56998
166	25	0.900694
166	38	1.458
166	45	0.843804
166	50	0.919031
166	55	0.831033
166	59	0.896293
166	68	1.66641
166	71	0.870735
166	73	0.80433
166	77	1.16578
166	79	0.912342
166	83	0.859044
166	85	1.6816
166	87	1.39462
166	88	1.67218
166	98	1.57486
166	100	1.59794
166	105	0.854756
166	111	0.836101
166	112	0.810918
166	113	0.781436
166	114	0.818323
166	120	1.37665
166	128	0.835035
166	131	0.833427
166	132	0.737906
166	133	0.884443
166	138	0.851282
166	139	0.872014
166	142	0.787788
166	143	1.51132
166	144	1.37655
166	145	0.843827
166	146	0.84714
166	147	0.858725
166	148	1.41462
166	149	0.797835
166	151	0.820789
166	152	0.831036
166	153	0.752706
166	154	0.777316
166	155	0.786891
166	156	0.835843
166	157	0.877363
166	158	0.81861
166	159	0.786747
166	161	0.838225
166	162	0.839646
166	163	0.788064
166	164	1.40711
166	165	0.762726
166	167	1.18397
166	168	0.83107
166	169	0.791178
166	170	0.719446
166	171	1.33363
166	172	0.742427
166	173	0.754437
166	174	0.832892
166	175	0.767582
166	176	0.763123
166	177	0.75582
166	178	0.797681
166	179	0.742305
166	180	0.700377
167	1	0.690928
167	4	0.96696
167	6	0.968273
167	8	0.960721
167	10	0.721771
167	12	0.710754
167	15	0.852499
167	16	0.987075
167	17	0.86769
167	31	0.990303
167	32	0.894959
167	34	0.941658
167	40	0.915972
167	45	1.0151
167	58	0.878415
167	59	0.773105
167	60	0.871376
167	61	0.929876
167	63	0.937347
167	66	0.936541
167	67	0.87472
167	72	0.936029
167	74	0.935792
167	75	0.918241
167	82	1.06469
167	88	0.881179
167	89	0.874421
167	98	0.930078
167	100	0.936934
167	107	0.894721
167	112	1.29028
167	113	1.62396
167	116	0.956102
167	117	0.926045
167	118	0.931751
167	119	0.932436
167	120	0.92804
167	122	0.910602
167	125	0.902778
167	127	0.886404
167	129	0.932537
167	132	2.17533
167	135	0.922807
167	137	0.90664
167	138	0.93493
167	140	0.924048
167	141	0.953121
167	142	1.37954
167	149	1.3666
167	151	1.15689
167	152	1.19292
167	154	0.860965
167	155	0.87054
167	156	1.13929
167	157	0.941006
167	159	0.870395
167	160	0.888405
167	162	1.04168
167	165	1.50838
167	166	1.18397
167	170	0.803094
167	171	0.916698
167	172	1.77733
167	174	1.10393
167	176	1.56184
167	177	1.57918
167	179	0.825953
168	25	0.919604
168	26	0.930179
168	29	1.64409
168	30	0.894766
168	32	1.5955
168	33	0.871093
168	36	0.881946
168	41	0.810124
168	42	1.67413
168	47	0.953699
168	50	0.937941
168	54	0.803364
168	55	0.849944
168	59	0.915203
168	62	1.15128
168	66	1.3014
168	67	0.880069
168	71	0.889645
168	72	1.44728
168	76	1.25106
168	78	0.840194
168	79	0.931253
168	80	0.941124
168	81	1.71807
168	83	0.877954
168	89	1.47385
168	95	1.17692
168	102	1.68124
168	111	0.855011
168	112	0.829829
168	113	0.800346
168	115	1.3317
168	124	1.26393
168	126	1.4736
168	128	0.853946
168	130	1.61642
168	131	0.852337
168	132	0.756816
168	133	0.903353
168	135	1.40805
168	139	0.890924
168	142	0.806699
168	143	1.50647
168	145	0.862737
168	146	0.86605
168	147	0.877635
168	149	0.816745
168	150	0.814064
168	151	0.839699
168	152	0.849946
168	153	0.771616
168	155	0.805802
168	156	0.854754
168	157	0.896273
168	158	0.837521
168	159	0.805657
168	161	0.857136
168	162	0.858557
168	163	0.806975
168	164	1.40226
168	165	0.781636
168	166	0.83107
168	169	0.810089
168	170	0.738356
168	171	1.32878
168	172	0.761337
168	173	0.773348
168	174	0.851802
168	175	0.786493
168	176	0.782033
168	177	0.774731
168	178	0.816592
168	179	0.761215
168	180	0.719287
169	10	0.91335
169	14	1.76064
169	24	1.53001
169	36	0.842054
169	44	1.83343
169	48	0.858709
169	50	0.898049
169	54	0.763472
169	55	0.810052
169	59	0.875311
169	62	1.34617
169	64	1.63464
169	65	1.6163
169	66	1.49629
169	67	0.840177
169	71	0.849753
169	73	0.783348
169	77	1.35582
169	78	0.800303
169	79	0.891361
169	80	0.901232
169	82	0.823029
169	86	0.776185
169	87	1.58466
169	92	1.47161
169	94	0.779183
169	105	0.833775
169	111	0.81512
169	112	0.789937
169	113	0.760454
169	114	0.797341
169	115	1.52659
169	121	1.73049
169	126	1.66849
169	128	0.814054
169	131	0.812446
169	132	0.716924
169	133	0.863461
169	134	1.52418
169	140	1.7251
169	142	0.766807
169	145	0.822845
169	146	0.826159
169	147	0.837744
169	148	1.60466
169	149	0.776854
169	150	0.774173
169	151	0.799808
169	152	0.810054
169	153	0.731725
169	154	0.756335
169	155	0.76591
169	156	0.814862
169	157	0.856381
169	158	0.797629
169	160	0.783775
169	161	0.817244
169	162	0.818665
169	163	0.767083
169	164	1.59715
169	165	0.741744
169	166	0.791178
169	168	0.810089
169	171	1.52367
169	172	0.721446
169	174	0.811911
169	175	0.746601
169	176	0.742142
169	177	0.734839
169	178	0.7767
169	179	0.721324
169	180	0.679396
170	14	0.815146
170	17	2.61976
170	21	2.41014
170	23	0.680948
170	26	1.94189
170	27	0.765015
170	30	0.783142
170	31	0.813941
170	35	2.26412
170	37	2.14307
170	38	2.46486
170	40	0.73961
170	44	0.713742
170	49	0.809098
170	60	0.695014
170	69	2.52358
170	73	0.711616
170	74	1.94101
170	88	0.704816
170	94	0.70745
170	95	0.754434
170	98	0.753716
170	100	0.760572
170	102	0.720524
170	106	0.743637
170	110	0.71923
170	115	0.782692
170	116	0.77974
170	118	2.16932
170	119	0.756074
170	123	0.746935
170	124	2.27565
170	125	0.726416
170	126	0.726903
170	127	0.710041
170	135	2.41977
170	136	2.42682
170	137	0.730278
170	140	0.747686
170	142	0.695075
170	143	0.743781
170	144	0.74507
170	146	0.754426
170	148	0.748284
170	149	0.705121
170	150	0.70244
170	151	0.728075
170	152	0.738322
170	154	0.684602
170	155	0.694177
170	156	0.74313
170	158	0.725897
170	160	0.712043
170	161	0.745511
170	162	0.746933
170	165	0.670012
170	166	0.719446
170	167	0.803094
170	168	0.738356
170	171	0.740336
170	172	0.649713
170	173	0.661724
170	174	0.740178
170	175	0.674869
170	176	0.670409
170	177	0.663106
170	178	0.704967
170	179	0.649591
170	180	0.607663
171	5	0.901274
171	15	0.789741
171	16	0.924317
171	18	0.80051
171	19	0.900263
171	22	0.855157
171	28	0.864785
171	29	0.861241
171	32	0.832201
171	35	0.833073
171	42	0.84144
171	45	1.16476
171	46	0.894205
171	50	0.697301
171	52	0.819244
171	61	0.867118
171	62	0.883103
171	75	0.855483
171	77	0.930762
171	79	0.834556
171	84	0.905992
171	85	0.838033
171	87	0.903125
171	89	0.811663
171	92	0.862335
171	95	0.868038
171	97	0.865079
171	99	0.855094
171	101	0.90082
171	102	0.834128
171	104	0.836652
171	107	0.831963
171	108	0.838414
171	109	0.879425
171	112	1.43994
171	115	0.896296
171	117	0.863286
171	118	0.868993
171	120	0.865282
171	121	0.84214
171	123	0.860539
171	124	0.881519
171	126	0.840506
171	129	0.869778
171	130	0.840868
171	134	0.870084
171	135	0.860049
171	136	0.850699
171	139	1.12237
171	143	0.857385
171	144	0.858673
171	145	1.24233
171	147	1.14452
171	148	0.861887
171	149	1.51626
171	150	1.68412
171	151	1.30655
171	153	1.87579
171	154	0.798206
171	155	1.57169
171	157	1.09066
171	159	0.807637
171	160	0.825647
171	161	1.24236
171	162	1.19134
171	164	0.859598
171	166	1.33363
171	167	0.916698
171	168	1.32878
171	169	1.52367
171	170	0.740336
171	172	1.92699
171	174	1.25358
171	176	1.7115
171	177	0.77671
171	178	1.42029
171	180	2.5506
172	1	0.866582
172	9	0.761535
172	10	0.864599
172	13	0.605985
172	15	2.42394
172	19	1.86526
172	25	0.830961
172	41	0.721481
172	42	2.27234
172	48	0.809958
172	50	0.849298
172	54	0.714721
172	59	0.82656
172	62	1.74949
172	71	0.801002
172	73	0.734597
172	75	1.97219
172	77	1.75914
172	78	0.751552
172	80	0.852481
172	82	0.774278
172	83	0.789311
172	86	0.727433
172	103	2.19131
172	105	0.785024
172	111	0.766368
172	112	0.741186
172	113	0.711703
172	114	0.74859
172	125	2.0331
172	128	0.765303
172	129	2.0452
172	131	0.763694
172	132	0.668173
172	133	0.81471
172	136	2.01332
172	139	0.802282
172	142	0.718056
172	144	1.96991
172	145	0.774094
172	146	0.777408
172	147	0.788993
172	149	0.728102
172	150	0.725421
172	151	0.751057
172	152	0.761303
172	153	0.682973
172	155	0.717159
172	156	0.766111
172	157	0.80763
172	158	0.748878
172	159	0.717014
172	161	0.768493
172	162	0.769914
172	163	0.718332
172	164	2.00047
172	165	0.692993
172	166	0.742427
172	167	1.77733
172	168	0.761337
172	169	0.721446
172	170	0.649713
172	171	1.92699
172	174	0.76316
172	175	0.69785
172	176	0.693391
172	177	0.686088
172	178	0.727949
172	179	0.672573
172	180	0.630644
173	5	0.822662
173	11	0.821669
173	12	0.870965
173	13	0.617995
173	16	0.845705
173	18	0.721898
173	20	0.688101
173	21	0.819796
173	22	1.89731
173	24	0.820122
173	27	1.8994
173	37	0.821021
173	45	0.786082
173	47	0.90795
173	51	0.744174
173	58	2.04713
173	60	1.94519
173	62	0.804491
173	63	1.99496
173	65	0.682033
173	66	1.64843
173	69	0.767127
173	70	0.779565
173	74	1.27633
173	77	1.50797
173	84	0.827379
173	87	0.824513
173	90	0.936436
173	92	0.783723
173	95	1.52395
173	101	0.822208
173	102	2.02828
173	106	1.84537
173	108	0.759802
173	109	0.800813
173	116	1.85531
173	121	0.763528
173	122	1.81761
173	124	0.802907
173	129	1.79402
173	130	0.762255
173	131	0.775705
173	133	0.826721
173	134	0.791471
173	136	0.772086
173	139	0.814292
173	144	1.71873
173	145	0.786105
173	146	0.789418
173	150	0.737432
173	153	0.694984
173	156	0.778121
173	157	0.819641
173	161	0.780503
173	162	0.781924
173	163	0.730342
173	164	0.780986
173	166	0.754437
173	168	0.773348
173	170	0.661724
173	174	0.77517
173	175	0.70986
173	176	0.705401
173	177	0.698098
173	178	0.739959
173	179	0.684583
173	180	0.642655
174	9	0.852
174	10	0.955064
174	14	1.49056
174	16	1.49156
174	22	1.47508
174	32	1.52031
174	33	0.872915
174	36	0.883768
174	39	1.1177
174	41	0.811946
174	48	0.900423
174	50	0.939763
174	54	0.805186
174	55	0.851766
174	56	1.66867
174	58	1.6249
174	63	1.57273
174	64	1.36456
174	67	0.881891
174	70	1.60455
174	71	0.891467
174	72	1.37208
174	73	0.825062
174	78	0.842016
174	79	0.933075
174	80	0.942946
174	82	0.864743
174	83	0.879776
174	86	0.817898
174	91	1.3021
174	94	0.820896
174	104	0.792449
174	105	0.875489
174	108	1.60516
174	111	0.856833
174	112	0.831651
174	114	0.839055
174	119	1.53686
174	122	1.39538
174	125	1.3597
174	128	0.855768
174	130	1.54123
174	131	0.854159
174	132	0.758638
174	133	0.905175
174	135	1.33286
174	138	0.872014
174	139	0.892746
174	141	1.31571
174	142	0.808521
174	143	1.43127
174	145	0.864559
174	146	0.867872
174	147	0.879457
174	149	0.818567
174	150	0.815886
174	151	0.841521
174	152	0.851768
174	153	0.773438
174	155	0.807624
174	156	0.856576
174	157	0.898095
174	158	0.839343
174	159	0.807479
174	160	0.825489
174	161	0.858958
174	162	0.860379
174	163	0.808797
174	164	1.32707
174	165	0.783458
174	166	0.832892
174	167	1.10393
174	168	0.851802
174	169	0.811911
174	170	0.740178
174	171	1.25358
174	172	0.76316
174	173	0.77517
174	175	0.788315
174	176	0.783855
174	177	0.776553
174	178	0.818414
174	179	0.763037
174	180	0.721109
175	1	0.891738
175	9	0.786691
175	10	0.889755
175	12	0.88411
175	25	0.856116
175	26	1.3175
175	36	0.818459
175	39	1.58021
175	41	0.746637
175	47	1.34102
175	48	0.835113
175	54	0.739877
175	55	0.786456
175	59	0.851716
175	67	0.816582
175	71	0.826158
175	73	0.759753
175	75	1.7613
175	78	0.776707
175	80	0.877636
175	82	0.799434
175	83	0.814467
175	86	0.752589
175	89	1.86117
175	90	1.63757
175	94	0.755587
175	97	1.96009
175	101	1.71095
175	107	1.91208
175	110	2.09353
175	111	0.791524
175	112	0.766341
175	113	0.736859
175	114	0.773746
175	115	1.71902
175	116	1.89559
175	120	1.75911
175	124	1.65125
175	126	1.86092
175	128	0.790458
175	131	0.78885
175	132	0.693329
175	133	0.839866
175	137	1.84294
175	138	0.806705
175	139	0.827437
175	140	1.91752
175	141	1.77822
175	142	0.743211
175	145	0.79925
175	146	0.802563
175	147	0.814148
175	149	0.753258
175	150	0.750577
175	151	0.776212
175	152	0.786458
175	153	0.708129
175	154	0.732739
175	156	0.791266
175	157	0.832786
175	158	0.774033
175	159	0.74217
175	160	0.76018
175	161	0.793648
175	162	0.795069
175	163	0.743487
175	165	0.718148
175	166	0.767582
175	168	0.786493
175	169	0.746601
175	170	0.674869
175	172	0.69785
175	173	0.70986
175	174	0.788315
175	176	0.718546
175	177	0.711243
175	178	0.753104
175	179	0.697728
175	180	0.6558
176	1	0.887278
176	3	2.05405
176	9	0.782231
176	10	0.885295
176	13	0.626681
176	25	0.851657
176	32	1.97823
176	36	0.813999
176	41	0.742177
176	45	0.794767
176	48	0.830654
176	49	1.76641
176	50	0.869994
176	53	1.70975
176	54	0.735417
176	55	0.781997
176	56	2.12659
176	67	0.812122
176	71	0.821698
176	76	1.63379
176	78	0.772247
176	79	0.863306
176	80	0.873177
176	82	0.794974
176	83	0.810007
176	86	0.748129
176	87	1.77249
176	99	1.97248
176	105	0.80572
176	107	1.90749
176	111	0.787064
176	112	0.761882
176	113	0.732399
176	114	0.769286
176	115	1.71443
176	118	1.54033
176	128	0.785999
176	131	0.78439
176	132	0.688869
176	133	0.835406
176	134	1.71202
176	135	1.79078
176	138	0.802245
176	139	0.822977
176	141	1.77363
176	142	0.738752
176	143	1.88919
176	145	0.79479
176	146	0.798103
176	147	0.809688
176	149	0.748798
176	150	0.746117
176	151	0.771752
176	152	0.781999
176	153	0.703669
176	154	0.72828
176	155	0.737855
176	156	0.786807
176	157	0.828326
176	158	0.769574
176	159	0.73771
176	160	0.75572
176	161	0.789189
176	162	0.79061
176	163	0.739028
176	164	1.78499
176	165	0.713689
176	166	0.763123
176	167	1.56184
176	168	0.782033
176	169	0.742142
176	170	0.670409
176	171	1.7115
176	172	0.693391
176	173	0.705401
176	174	0.783855
176	175	0.718546
176	177	0.706784
176	178	0.748645
176	179	0.693269
176	180	0.65134
177	4	1.90554
177	23	0.717323
177	29	0.784011
177	39	1.59296
177	40	1.91164
177	42	0.764211
177	43	0.765658
177	46	0.816976
177	51	0.745557
177	53	0.824787
177	57	1.76498
177	61	1.79924
177	62	0.805874
177	64	1.83982
177	70	0.780948
177	74	1.32936
177	76	0.773594
177	77	0.853532
177	81	2.11814
177	84	0.828762
177	85	0.760804
177	88	2.06739
177	90	0.937819
177	91	1.77736
177	92	0.785106
177	95	0.790809
177	97	0.78785
177	99	0.777865
177	101	0.82359
177	102	0.756899
177	106	0.780012
177	108	0.761185
177	109	0.802196
177	110	0.755605
177	115	0.819067
177	118	1.55767
177	119	2.01211
177	121	0.764911
177	122	1.87064
177	123	0.78331
177	124	0.80429
177	126	0.763277
177	127	2.04094
177	129	1.84705
177	130	0.763638
177	134	0.792854
177	136	0.773469
177	137	1.85569
177	139	0.815675
177	140	1.93027
177	141	0.813133
177	143	0.780156
177	144	0.781444
177	145	0.787488
177	146	0.790801
177	148	0.784658
177	149	0.741496
177	150	0.738815
177	152	0.774696
177	153	0.696367
177	154	0.720977
177	157	0.821024
177	159	0.730407
177	160	0.748418
177	161	0.781886
177	162	0.783307
177	163	0.731725
177	164	0.782369
177	166	0.75582
177	167	1.57918
177	168	0.774731
177	169	0.734839
177	170	0.663106
177	171	0.77671
177	172	0.686088
177	173	0.698098
177	174	0.776553
177	175	0.711243
177	176	0.706784
177	178	0.741342
177	179	0.685966
177	180	0.644038
178	1	0.921837
178	6	1.41466
178	9	0.816789
178	10	0.919853
178	12	0.914209
178	13	0.661239
178	30	0.861377
178	33	0.837705
178	36	0.848557
178	41	0.776735
178	45	0.829326
178	46	1.40665
178	51	1.87195
178	53	1.41854
178	54	0.769976
178	55	0.816555
178	59	0.881814
178	67	0.84668
178	71	0.856256
178	72	1.53879
178	73	0.789851
178	76	1.34257
178	78	0.806806
178	79	0.897864
178	80	0.907735
178	82	0.829532
178	83	0.844565
178	86	0.782688
178	88	1.75884
178	96	1.62252
178	97	1.66429
178	99	1.68127
178	100	1.68461
178	102	1.77275
178	105	0.840278
178	108	1.77186
178	109	1.53516
178	111	0.821623
178	112	0.79644
178	113	0.766957
178	114	0.803844
178	121	1.62711
178	128	0.820557
178	131	0.818949
178	132	0.723427
178	133	0.869964
178	134	1.42081
178	136	1.50662
178	138	0.836803
178	139	0.857536
178	141	1.48242
178	142	0.77331
178	144	1.46321
178	145	0.829348
178	146	0.832662
178	147	0.844247
178	148	1.50129
178	149	0.783357
178	150	0.780676
178	151	0.806311
178	152	0.816557
178	153	0.738228
178	154	0.762838
178	156	0.821365
178	157	0.862884
178	158	0.804132
178	159	0.772268
178	160	0.790279
178	161	0.823747
178	162	0.825168
178	163	0.773586
178	164	1.49378
178	165	0.748247
178	166	0.797681
178	168	0.816592
178	169	0.7767
178	170	0.704967
178	171	1.42029
178	172	0.727949
178	173	0.739959
178	174	0.818414
178	175	0.753104
178	176	0.748645
178	177	0.741342
178	179	0.727827
178	180	0.685899
179	3	0.814249
179	4	0.813457
179	6	0.81477
179	14	0.838006
179	16	0.833573
179	17	0.714187
179	31	0.836801
179	33	0.782329
179	34	0.788156
179	40	0.762469
179	44	2.17636
179	49	0.831957
179	52	2.36544
179	58	0.724912
179	60	0.717873
179	63	0.783844
179	66	0.783038
179	72	0.782526
179	74	0.782289
179	75	1.9118
179	85	2.21456
179	88	0.727676
179	89	2.01167
179	91	1.91511
179	95	1.71473
179	98	0.776575
179	100	0.783431
179	104	1.40546
179	106	2.03615
179	114	0.748468
179	116	0.8026
179	118	1.69542
179	119	0.778933
179	125	0.749275
179	127	0.732901
179	129	1.9848
179	133	0.814588
179	134	1.86711
179	137	0.753137
179	138	0.781427
179	140	0.770545
179	141	0.799618
179	143	2.04428
179	144	1.90951
179	147	0.788871
179	148	1.94759
179	149	0.72798
179	151	0.750935
179	152	0.761181
179	153	0.682851
179	154	0.707462
179	155	0.717037
179	156	0.765989
179	157	0.807508
179	158	0.748756
179	159	0.716892
179	161	0.768371
179	162	0.769792
179	163	0.71821
179	165	0.692871
179	166	0.742305
179	167	0.825953
179	168	0.761215
179	169	0.721324
179	170	0.649591
179	172	0.672573
179	173	0.684583
179	174	0.763037
179	175	0.697728
179	176	0.693269
179	177	0.685966
179	178	0.727827
179	180	0.630522
180	1	0.824532
180	2	2.62471
180	9	0.719485
180	10	0.822549
180	12	0.816905
180	13	0.563935
180	25	0.788911
180	26	2.15201
180	28	2.44257
180	30	0.764073
180	33	0.7404
180	36	0.751253
180	41	0.679431
180	45	0.732021
180	48	0.767908
180	50	0.807248
180	54	0.672671
180	55	0.719251
180	59	0.78451
180	62	2.37311
180	64	2.66158
180	65	2.64323
180	67	0.749376
180	71	0.758952
180	73	0.692547
180	74	2.15112
180	76	2.47289
180	78	0.709501
180	79	0.800559
180	80	0.810431
180	82	0.732228
180	83	0.747261
180	86	0.685383
180	94	0.688381
180	105	0.742974
180	111	0.724318
180	112	0.699136
180	113	0.669653
180	114	0.70654
180	117	2.73122
180	126	2.69543
180	128	0.723253
180	131	0.721644
180	132	0.626123
180	133	0.77266
180	137	2.67745
180	138	0.739499
180	139	0.760231
180	142	0.676006
180	145	0.732044
180	146	0.735357
180	147	0.746942
180	149	0.686052
180	150	0.683371
180	151	0.709006
180	152	0.719253
180	153	0.640923
180	154	0.665534
180	155	0.675109
180	156	0.724061
180	157	0.76558
180	158	0.706828
180	159	0.674964
180	160	0.692974
180	161	0.726443
180	162	0.727864
180	163	0.676282
180	164	2.62409
180	165	0.650943
180	166	0.700377
180	168	0.719287
180	169	0.679396
180	170	0.607663
180	171	2.5506
180	172	0.630644
180	173	0.642655
180	174	0.721109
180	175	0.6558
180	176	0.65134
180	177	0.644038
180	178	0.685899
180	179	0.630522
