1	8	1.02844
1	10	1.03256
1	18	1.1073
1	19	1.11726
1	28	1.00931
1	31	1.11715
1	39	1.08993
1	43	1.09016
1	137	1.03068
1	158	1.32258
1	162	0.927197
1	173	3.84579
2	27	0.899975
2	33	1.00049
2	36	0.989514
2	42	0.988704
2	79	0.912645
2	81	0.969939
2	138	0.962261
2	140	0.94775
2	145	0.975055
2	154	3.15712
2	155	0.956227
2	159	0.987387
3	8	1.01758
3	18	1.09643
3	19	1.1064
3	25	1.11045
3	28	0.998444
3	31	1.10628
3	39	1.07907
3	43	1.0793
3	121	0.944028
3	137	1.01981
3	146	1.26611
3	174	2.11416
4	36	0.725884
4	91	1.04876
4	113	0.940518
4	128	0.975941
4	136	0.465751
4	153	0.987608
4	154	0.917532
4	160	0.980792
4	175	0.946402
4	178	0.947587
4	179	0.93973
4	180	0.926088
5	11	1.1218
5	21	1.01122
5	44	1.05418
5	48	1.06089
5	54	1.12222
5	58	1.03537
5	71	1.08652
5	110	1.05572
5	126	1.68328
5	136	1.07426
5	140	0.694205
5	172	2.102
6	32	1.01505
6	62	1.02985
6	86	0.94963
6	87	0.955446
6	88	0.961782
6	98	0.929558
6	103	0.976773
6	104	0.976895
6	139	2.92585
6	145	0.972842
6	148	0.852635
6	165	1.16513
7	12	0.921324
7	13	0.9232
7	22	0.994148
7	55	1.03268
7	64	0.939809
7	67	1.00619
7	68	0.927453
7	70	1.00392
7	78	0.916132
7	80	0.973712
7	172	2.18406
7	176	1.55168
8	1	1.02844
8	3	1.01758
8	10	0.9019
8	19	0.986607
8	25	0.990662
8	28	0.878655
8	31	0.98649
8	39	0.959276
8	43	0.959508
8	121	1.53076
8	137	0.900023
8	147	2.01287
9	23	0.951267
9	45	1.00621
9	66	0.987279
9	90	1.04634
9	94	0.965995
9	97	0.966107
9	124	0.989488
9	151	2.3501
9	157	0.893821
9	174	0.904481
9	176	1.42365
9	177	0.905719
10	1	1.03256
10	8	0.9019
10	18	0.980753
10	19	0.990719
10	25	0.994775
10	28	0.882768
10	31	0.990602
10	39	0.963389
10	43	0.96362
10	106	1.52075
10	137	0.904135
10	153	1.99408
11	5	1.1218
11	15	1.10584
11	37	1.0717
11	46	1.03927
11	54	1.10425
11	58	1.0174
11	71	1.06855
11	110	1.03775
11	127	1.77569
11	128	1.39595
11	136	1.05629
11	147	1.18304
12	7	0.921324
12	38	0.988113
12	55	1.03197
12	64	0.939094
12	67	1.00548
12	68	0.926737
12	69	0.923494
12	78	0.915416
12	80	0.972997
12	138	0.965309
12	140	1.05332
12	179	2.63772
13	7	0.9232
13	24	1.0074
13	38	0.989989
13	68	0.928613
13	69	0.92537
13	70	1.00508
13	78	0.917292
13	80	0.974872
13	110	0.948015
13	120	1.53812
13	137	2.29536
13	138	0.967185
14	72	0.975247
14	85	0.954514
14	95	0.936425
14	96	0.983966
14	101	0.874328
14	109	0.956649
14	111	0.945539
14	112	0.94565
14	113	2.86666
14	115	0.93167
14	118	0.985712
14	119	0.985877
15	11	1.10584
15	44	1.03822
15	46	1.04128
15	54	1.10626
15	58	1.01941
15	60	1.12007
15	61	1.03254
15	71	1.07055
15	106	0.942929
15	136	1.05829
15	158	2.11081
15	159	0.946686
16	34	0.976944
16	49	1.06401
16	53	1.0749
16	90	1.11928
16	91	1.09185
16	94	1.03894
16	97	1.03905
16	128	1.51611
16	130	1.05197
16	151	2.13989
16	157	0.966766
16	174	0.977426
16	177	0.978664
17	20	0.993187
17	27	0.993719
17	52	1.05585
17	79	1.00639
17	81	1.06368
17	136	1.05537
17	137	1.51062
17	138	1.05601
17	140	1.04149
17	142	0.734578
17	145	1.0688
17	159	1.08113
17	165	2.51644
18	1	1.1073
18	3	1.09643
18	10	0.980753
18	19	1.06546
18	25	1.06952
18	28	0.957508
18	31	1.06534
18	34	1.62306
18	39	1.03813
18	43	1.03836
18	76	1.56432
18	137	0.978876
18	142	1.23426
19	1	1.11726
19	3	1.1064
19	8	0.986607
19	10	0.990719
19	18	1.06546
19	25	1.07948
19	28	0.967475
19	39	1.0481
19	43	1.04833
19	123	0.973011
19	125	5.6
19	137	0.988842
19	150	1.88678
20	17	0.993187
20	27	0.884905
20	36	0.974444
20	42	0.973635
20	50	0.936023
20	79	0.897575
20	81	0.954869
20	131	1.59893
20	138	0.947191
20	140	0.93268
20	145	0.959985
20	159	0.972317
20	161	2.7235
21	5	1.01122
21	37	0.961124
21	44	0.925629
21	46	0.928689
21	47	0.940097
21	48	0.932336
21	58	0.906818
21	60	1.00748
21	61	0.919957
21	71	0.957966
21	110	0.92717
21	162	1.71013
21	179	2.36783
22	7	0.994148
22	38	1.06094
22	55	1.10479
22	67	1.0783
22	68	0.999561
22	69	0.996318
22	70	1.07603
22	78	0.98824
22	80	1.04582
22	115	1.28839
22	134	2.10547
22	138	1.03813
22	142	1.21937
23	9	0.951267
23	26	1.02651
23	53	0.977625
23	66	0.962949
23	90	1.02201
23	94	0.941664
23	97	0.941777
23	123	1.85259
23	130	0.954697
23	132	1.61408
23	157	0.86949
23	174	0.88015
23	177	0.881388
24	13	1.0074
24	64	1.02401
24	67	1.0904
24	68	1.01165
24	69	1.00841
24	70	1.08812
24	78	1.00033
24	80	1.05791
24	110	1.03106
24	117	1.38175
24	138	1.05023
24	154	3.07124
24	175	1.3176
25	3	1.11045
25	8	0.990662
25	10	0.994775
25	18	1.06952
25	19	1.07948
25	28	0.97153
25	31	1.07936
25	39	1.05215
25	43	1.05238
25	92	1.55382
25	107	1.61743
25	132	1.21374
25	137	0.992897
26	23	1.02651
26	30	1.1207
26	49	1.06631
26	90	1.12158
26	94	1.04123
26	97	1.04135
26	124	1.06473
26	149	0.765437
26	157	0.969061
26	172	1.53702
26	174	0.979721
26	177	0.980959
26	180	2.37176
27	2	0.899975
27	17	0.993719
27	20	0.884905
27	36	0.974976
27	42	0.974167
27	79	0.898108
27	81	0.955402
27	100	2.7541
27	106	1.03727
27	136	0.947091
27	138	0.947724
27	145	0.960518
27	159	0.97285
28	1	1.00931
28	3	0.998444
28	8	0.878655
28	10	0.882768
28	18	0.957508
28	19	0.967475
28	25	0.97153
28	31	0.967358
28	39	0.940144
28	43	0.940376
28	137	0.880891
28	150	1.75269
28	156	2.07952
29	62	1.11949
29	74	0.995926
29	86	1.03927
29	88	1.05142
29	98	1.0192
29	99	1.07735
29	103	1.06641
29	104	1.06653
29	130	1.03591
29	148	0.942274
29	157	2.67672
29	162	1.16246
29	168	1.07608
30	26	1.1207
30	49	1.06093
30	66	1.05714
30	90	1.1162
30	94	1.03586
30	97	1.03597
30	130	1.04889
30	135	1.79976
30	142	0.71097
30	157	0.963685
30	161	2.60085
30	174	0.974345
30	177	0.975583
31	1	1.11715
31	3	1.10628
31	8	0.98649
31	10	0.990602
31	18	1.06534
31	25	1.07936
31	28	0.967358
31	39	1.04798
31	43	1.04821
31	91	0.937941
31	129	1.07648
31	137	0.988725
31	166	2.24771
32	6	1.01505
32	74	1.01125
32	75	1.0148
32	86	1.0546
32	87	1.06041
32	98	1.03452
32	99	1.09267
32	103	1.08174
32	104	1.08186
32	129	1.07608
32	135	0.973236
32	159	0.849951
32	172	2.44489
33	2	1.00049
33	50	1.03707
33	52	1.04808
33	79	0.998626
33	81	1.05592
33	101	0.913785
33	136	1.04761
33	138	1.04824
33	140	1.03373
33	145	1.06104
33	159	1.07337
33	168	1.84874
33	176	1.78384
34	16	0.976944
34	18	1.62306
34	147	0.949181
34	149	1.02158
34	155	0.943371
34	156	0.965982
34	162	0.965752
34	167	0.900255
34	169	0.936506
34	172	0.91885
34	175	0.924777
34	176	0.951129
34	180	0.904463
35	74	0.992382
35	75	0.99593
35	87	1.04154
35	88	1.04788
35	98	1.01565
35	99	1.0738
35	103	1.06287
35	104	1.06299
35	113	2.13334
35	130	1.03237
35	135	0.954366
35	148	0.93873
35	159	0.653313
35	177	2.04565
36	2	0.989514
36	4	0.725884
36	20	0.974444
36	27	0.974976
36	50	1.02609
36	52	1.0371
36	79	0.987647
36	81	1.04494
36	136	1.03663
36	140	1.02275
36	145	1.05006
36	149	0.78558
36	159	1.06239
36	165	2.6756
37	11	1.0717
37	21	0.961124
37	44	1.00408
37	46	1.00714
37	47	1.01855
37	48	1.01079
37	58	0.985272
37	60	1.08593
37	61	0.998411
37	71	1.03642
37	101	0.794735
37	136	1.02416
37	164	1.80776
37	169	2.15305
38	12	0.988113
38	13	0.989989
38	22	1.06094
38	64	1.0066
38	68	0.994241
38	69	0.990999
38	70	1.07071
38	78	0.98292
38	80	1.0405
38	110	1.01364
38	120	0.729174
38	137	1.48641
38	138	1.03281
38	180	2.80277
39	1	1.08993
39	3	1.07907
39	8	0.959276
39	10	0.963389
39	18	1.03813
39	19	1.0481
39	25	1.05215
39	28	0.940144
39	31	1.04798
39	43	1.021
39	137	0.961512
39	159	0.904245
39	174	2.12677
39	175	2.29384
40	52	0.421145
40	68	0.736827
40	69	0.406073
40	144	1.09138
40	146	1.04467
40	150	1.02838
40	152	1.05684
40	153	1.03206
40	167	0.966331
40	168	1.0409
40	172	0.984926
40	178	0.992037
40	179	0.984181
40	180	0.970538
41	57	0.997004
41	65	1.00715
41	82	1.02981
41	85	1.02367
41	93	1.06225
41	109	1.02581
41	111	1.0147
41	112	1.01481
41	118	1.05487
41	119	1.05504
41	148	2.14432
41	151	0.932814
41	163	1.71662
41	174	1.25195
42	2	0.988704
42	20	0.973635
42	27	0.974167
42	50	1.02528
42	79	0.986837
42	81	1.04413
42	136	1.03582
42	138	1.03645
42	140	1.02194
42	145	1.04925
42	151	2.10157
42	158	1.37668
42	159	1.06158
42	162	1.32639
43	1	1.09016
43	3	1.0793
43	8	0.959508
43	10	0.96362
43	18	1.03836
43	19	1.04833
43	25	1.05238
43	28	0.940376
43	31	1.04821
43	39	1.021
43	120	0.854361
43	137	0.961743
43	163	2.03656
43	180	2.26122
44	5	1.05418
44	15	1.03822
44	21	0.925629
44	37	1.00408
44	47	0.983056
44	48	0.975295
44	54	1.03663
44	60	1.05044
44	61	0.962916
44	71	1.00092
44	110	0.970129
44	136	0.988666
44	144	0.904489
44	153	1.1851
44	177	2.71268
45	9	1.00621
45	49	1.02168
45	53	1.03257
45	66	1.01789
45	90	1.07695
45	91	1.04951
45	94	0.996608
45	97	0.996721
45	124	1.0201
45	129	1.29985
45	157	0.924434
45	158	2.23784
45	159	1.07372
45	174	0.935094
45	177	0.936332
46	11	1.03927
46	15	1.04128
46	21	0.928689
46	37	1.00714
46	47	0.986116
46	54	1.03969
46	58	0.952837
46	60	1.0535
46	61	0.965976
46	71	1.00399
46	107	0.821789
46	110	0.973189
46	136	0.991726
46	175	2.19642
46	178	2.25404
47	21	0.940097
47	37	1.01855
47	44	0.983056
47	46	0.986116
47	48	0.989763
47	54	1.0511
47	58	0.964245
47	60	1.06491
47	61	0.977384
47	71	1.01539
47	110	0.984597
47	136	1.00313
47	152	0.892878
47	165	2.29825
47	179	1.95066
48	5	1.06089
48	21	0.932336
48	37	1.01079
48	44	0.975295
48	47	0.989763
48	54	1.04334
48	58	0.956484
48	60	1.05715
48	61	0.969623
48	71	1.00763
48	91	1.02596
48	110	0.976837
48	136	0.995374
48	156	1.49785
48	167	2.95345
49	16	1.06401
49	26	1.06631
49	30	1.06093
49	45	1.02168
49	66	1.00275
49	90	1.06181
49	94	0.981464
49	97	0.981576
49	130	0.994497
49	157	0.90929
49	160	1.0476
49	172	1.58581
49	174	0.91995
49	177	0.921188
49	180	2.42055
50	20	0.936023
50	33	1.03707
50	36	1.02609
50	42	1.02528
50	52	0.998682
50	79	0.949226
50	81	1.00652
50	136	0.998209
50	138	0.998841
50	140	0.98433
50	145	1.01164
50	159	1.02397
50	163	2.12065
50	168	0.943093
50	171	2.3801
51	102	0.796219
51	103	2.12294
51	115	0.906634
51	125	0.817439
51	147	0.879904
51	162	0.896475
51	164	0.878213
51	167	0.830978
51	168	0.905545
51	169	0.867229
51	173	0.80715
51	175	0.855499
51	178	0.856684
51	179	0.848828
51	180	0.835185
52	17	1.05585
52	33	1.04808
52	36	1.0371
52	40	0.421145
52	50	0.998682
52	79	0.960234
52	81	1.01753
52	114	2.34924
52	136	1.00922
52	138	1.00985
52	140	0.995339
52	145	1.02264
52	159	1.03498
52	179	1.85577
53	16	1.0749
53	23	0.977625
53	45	1.03257
53	66	1.01364
53	90	1.07269
53	91	1.04526
53	94	0.992352
53	97	0.992465
53	124	1.01585
53	152	0.913636
53	157	0.920178
53	174	0.930838
53	175	2.10729
53	177	0.932076
53	178	2.16491
54	5	1.12222
54	11	1.10425
54	15	1.10626
54	44	1.03663
54	46	1.03969
54	47	1.0511
54	48	1.04334
54	58	1.01782
54	60	1.11848
54	61	1.03096
54	71	1.06897
54	91	0.638876
54	110	1.03817
54	122	2.31561
54	123	0.883538
54	172	2.14622
55	7	1.03268
55	12	1.03197
55	22	1.10479
55	64	1.05045
55	67	1.11684
55	68	1.03809
55	69	1.03485
55	70	1.11456
55	78	1.02677
55	80	1.08435
55	83	0.722606
55	110	1.0575
55	138	1.07667
55	153	1.12065
55	168	1.67854
55	170	2.44068
56	74	1.02929
56	75	1.03284
56	86	1.07263
56	87	1.07845
56	88	1.08479
56	98	1.05256
56	99	1.11071
56	103	1.09978
56	104	1.0999
56	130	1.06928
56	135	0.991275
56	145	1.09585
56	151	2.00843
56	159	0.677367
56	164	1.22495
56	179	1.89095
57	41	0.997004
57	63	1.03757
57	77	1.01715
57	82	0.984913
57	85	0.978778
57	93	1.01736
57	95	0.960689
57	109	0.980913
57	111	0.969803
57	112	0.969913
57	118	1.00998
57	119	1.01014
57	133	2.64325
57	151	0.887919
57	154	2.17164
57	161	1.39691
58	5	1.03537
58	11	1.0174
58	15	1.01941
58	21	0.906818
58	37	0.985272
58	46	0.952837
58	47	0.964245
58	48	0.956484
58	54	1.01782
58	60	1.03163
58	61	0.944105
58	71	0.982114
58	126	1.06907
58	136	0.969855
58	149	1.15484
58	173	4.65209
59	72	1.043
59	84	0.968315
59	89	1.44904
59	94	0.997736
59	96	1.05172
59	97	0.997848
59	111	1.01329
59	112	1.0134
59	118	1.05346
59	119	1.05363
59	144	1.69597
59	157	0.925562
59	159	1.50701
59	174	0.936222
59	177	0.93746
60	15	1.12007
60	21	1.00748
60	37	1.08593
60	44	1.05044
60	46	1.0535
60	47	1.06491
60	48	1.05715
60	54	1.11848
60	58	1.03163
60	61	1.04477
60	71	1.08278
60	136	1.07052
60	155	1.57377
60	156	1.23151
60	168	1.14106
60	178	2.07864
61	15	1.03254
61	21	0.919957
61	37	0.998411
61	44	0.962916
61	46	0.965976
61	47	0.977384
61	48	0.969623
61	54	1.03096
61	58	0.944105
61	60	1.04477
61	71	0.995253
61	110	0.964457
61	128	1.92463
61	136	0.982994
61	143	1.4569
61	164	1.76493
62	6	1.02985
62	29	1.11949
62	75	1.0296
62	86	1.0694
62	87	1.07521
62	92	0.606405
62	98	1.04932
62	99	1.10747
62	103	1.09654
62	104	1.09666
62	117	0.606699
62	130	1.06604
62	145	1.09261
62	148	0.972401
62	157	2.75076
62	175	2.03007
63	57	1.03757
63	72	1.08497
63	82	1.07038
63	84	1.01029
63	93	1.10282
63	95	1.04615
63	96	1.09369
63	109	1.06638
63	111	1.05527
63	112	1.05538
63	117	0.702519
63	118	1.09544
63	119	1.0956
63	167	2.03818
63	177	1.46183
63	180	1.89436
64	7	0.939809
64	12	0.939094
64	24	1.02401
64	38	1.0066
64	55	1.05045
64	67	1.02396
64	68	0.945222
64	69	0.941979
64	70	1.02169
64	78	0.933901
64	80	0.991482
64	105	2.37899
64	110	0.964625
64	124	0.959544
64	138	0.983795
64	176	1.68794
65	41	1.00715
65	84	0.934974
65	85	0.988922
65	93	1.0275
65	95	0.970834
65	96	1.01837
65	109	0.991058
65	111	0.979948
65	112	0.980058
65	115	0.966078
65	118	1.02012
65	119	1.02029
65	128	1.16331
65	151	0.898064
65	167	2.47158
65	175	1.80549
66	9	0.987279
66	23	0.962949
66	30	1.05714
66	45	1.01789
66	49	1.00275
66	53	1.01364
66	90	1.05802
66	94	0.977676
66	97	0.977789
66	102	4.6
66	130	0.99071
66	132	1.48159
66	134	0.821117
66	157	0.905502
66	174	0.916162
66	177	0.9174
67	7	1.00619
67	12	1.00548
67	22	1.0783
67	24	1.0904
67	55	1.11684
67	64	1.02396
67	68	1.01161
67	69	1.00836
67	70	1.08808
67	78	1.00029
67	80	1.05787
67	110	1.03101
67	138	1.05018
67	162	1.17026
67	169	1.50724
67	174	1.79676
67	179	1.82796
68	7	0.927453
68	12	0.926737
68	13	0.928613
68	22	0.999561
68	24	1.01165
68	38	0.994241
68	40	0.736827
68	55	1.03809
68	64	0.945222
68	67	1.01161
68	69	0.929623
68	70	1.00933
68	78	0.921544
68	80	0.979125
68	110	0.952268
68	129	1.706
68	152	2.19363
69	12	0.923494
69	13	0.92537
69	22	0.996318
69	24	1.00841
69	38	0.990999
69	40	0.406073
69	55	1.03485
69	64	0.941979
69	67	1.00836
69	68	0.929623
69	70	1.00609
69	78	0.918302
69	80	0.975882
69	110	0.949025
69	138	0.968195
69	150	1.94018
69	160	2.20584
70	7	1.00392
70	13	1.00508
70	22	1.07603
70	24	1.08812
70	38	1.07071
70	55	1.11456
70	64	1.02169
70	67	1.08808
70	68	1.00933
70	69	1.00609
70	78	0.998013
70	80	1.05559
70	107	0.774266
70	138	1.04791
70	157	1.10635
70	171	0.942716
70	173	4.30213
71	5	1.08652
71	11	1.06855
71	15	1.07055
71	21	0.957966
71	37	1.03642
71	44	1.00092
71	46	1.00399
71	47	1.01539
71	48	1.00763
71	54	1.06897
71	58	0.982114
71	60	1.08278
71	61	0.995253
71	131	1.53652
71	136	1.021
71	148	2.40749
71	156	0.89268
71	170	1.56438
72	14	0.975247
72	59	1.043
72	63	1.08497
72	82	1.03232
72	85	1.02618
72	89	0.721961
72	93	1.06476
72	96	1.05563
72	109	1.02832
72	111	1.0172
72	112	1.01732
72	115	1.00334
72	118	1.05738
72	119	1.05754
72	122	1.55677
72	135	1.87767
72	151	0.935321
72	161	2.67875
73	107	0.954418
73	116	0.854761
73	126	0.899813
73	136	3.04805
73	147	0.852555
73	152	0.894139
73	153	0.869356
73	157	0.805428
73	158	0.849411
73	160	0.86254
73	165	0.828624
73	166	0.828978
73	167	0.803629
73	170	0.821156
73	171	0.820514
73	175	0.82815
73	179	0.821479
73	180	0.807837
74	29	0.995926
74	32	1.01125
74	35	0.992382
74	56	1.02929
74	75	0.906036
74	86	0.945831
74	87	0.951648
74	88	0.957983
74	98	0.925759
74	99	0.983907
74	103	0.972974
74	104	0.973096
74	105	2.02101
74	130	0.942473
74	145	0.969043
74	148	0.848836
74	166	1.76475
74	169	1.81822
75	32	1.0148
75	35	0.99593
75	56	1.03284
75	62	1.0296
75	74	0.906036
75	86	0.949379
75	87	0.955196
75	88	0.961531
75	98	0.929308
75	99	0.987455
75	103	0.976522
75	104	0.976645
75	116	2.3767
75	121	1.70672
75	135	0.86802
75	145	0.972591
75	148	0.852384
75	149	1.36562
76	18	1.56432
76	100	0.88383
76	104	1.30548
76	116	0.913238
76	122	0.909315
76	141	0.870882
76	144	0.987153
76	150	0.924152
76	152	0.952616
76	153	0.927833
76	158	0.907888
76	159	0.988014
76	167	0.862106
76	173	0.838278
76	176	0.91298
76	179	0.879956
76	180	0.866314
77	57	1.01715
77	82	1.04995
77	84	0.989869
77	85	1.04382
77	93	1.0824
77	95	1.02573
77	96	1.07327
77	102	0.910558
77	109	1.04595
77	111	1.03484
77	112	1.03495
77	118	1.07502
77	119	1.07518
77	124	1.44803
77	132	0.852645
77	151	0.952959
77	159	1.21386
77	162	2.3277
78	7	0.916132
78	12	0.915416
78	13	0.917292
78	22	0.98824
78	24	1.00033
78	38	0.98292
78	55	1.02677
78	64	0.933901
78	67	1.00029
78	68	0.921544
78	69	0.918302
78	70	0.998013
78	80	0.967804
78	110	0.940947
78	135	2.52257
78	138	0.960117
78	141	2.65142
78	149	0.666451
79	2	0.912645
79	17	1.00639
79	20	0.897575
79	27	0.898108
79	33	0.998626
79	36	0.987647
79	42	0.986837
79	50	0.949226
79	52	0.960234
79	81	0.968072
79	136	0.959762
79	138	0.960394
79	140	0.945883
79	145	0.973188
79	159	0.98552
79	169	1.94841
79	176	1.46015
79	179	2.26912
80	7	0.973712
80	12	0.972997
80	13	0.974872
80	22	1.04582
80	24	1.05791
80	38	1.0405
80	55	1.08435
80	64	0.991482
80	67	1.05787
80	68	0.979125
80	69	0.975882
80	70	1.05559
80	78	0.967804
80	110	0.998528
80	132	0.75087
80	138	1.0177
80	140	1.29922
80	146	2.00437
80	176	2.07465
81	2	0.969939
81	17	1.06368
81	20	0.954869
81	27	0.955402
81	33	1.05592
81	36	1.04494
81	42	1.04413
81	50	1.00652
81	52	1.01753
81	79	0.968072
81	101	0.889927
81	107	0.839895
81	136	1.01706
81	138	1.01769
81	140	1.00318
81	143	1.59493
81	145	1.03048
81	159	1.04281
81	171	3.26189
82	41	1.02981
82	57	0.984913
82	63	1.07038
82	72	1.03232
82	77	1.04995
82	84	0.957634
82	85	1.01158
82	95	0.993494
82	96	1.04103
82	108	1.43508
82	109	1.01372
82	111	1.00261
82	112	1.00272
82	118	1.04278
82	119	1.04295
82	140	1.23153
82	149	1.2735
82	151	0.920724
82	155	2.50455
83	55	0.722606
83	94	0.625605
83	109	0.529484
83	130	0.352272
83	142	1.09033
83	149	1.08557
83	150	1.0263
83	153	1.02998
83	155	1.00737
83	156	1.02998
83	164	1.01149
83	169	1.0005
83	170	0.981777
83	171	0.981135
83	172	0.982845
83	175	0.988771
83	176	1.01512
83	179	0.9821
83	180	0.968457
84	59	0.968315
84	63	1.01029
84	65	0.934974
84	77	0.989869
84	82	0.957634
84	85	0.951499
84	93	0.990078
84	95	0.93341
84	96	0.980951
84	102	0.81824
84	109	0.953634
84	111	0.942524
84	112	0.942634
84	118	0.982697
84	119	0.982862
84	140	1.74661
84	149	1.78858
84	151	0.86064
84	153	2.02904
85	14	0.954514
85	41	1.02367
85	57	0.978778
85	65	0.988922
85	72	1.02618
85	77	1.04382
85	82	1.01158
85	84	0.951499
85	95	0.987358
85	96	1.0349
85	101	1.12722
85	109	1.00758
85	111	0.996472
85	112	0.996583
85	118	1.03665
85	119	1.03681
85	133	3.55675
85	141	1.63816
85	151	0.914589
85	163	1.6291
86	6	0.94963
86	29	1.03927
86	32	1.0546
86	56	1.07263
86	62	1.0694
86	74	0.945831
86	75	0.949379
86	87	0.99499
86	88	1.00133
86	98	0.969102
86	99	1.02725
86	100	1.8459
86	103	1.01632
86	104	1.01644
86	130	0.985816
86	134	1.3562
86	145	1.01239
86	148	0.892179
86	168	1.16028
86	180	2.5625
87	6	0.955446
87	32	1.06041
87	35	1.04154
87	56	1.07845
87	62	1.07521
87	74	0.951648
87	75	0.955196
87	86	0.99499
87	88	1.00714
87	92	1.01788
87	98	0.974919
87	99	1.03307
87	103	1.02213
87	104	1.02226
87	135	0.913631
87	142	1.37628
87	145	1.0182
87	148	0.897995
87	164	2.14455
87	168	2.06648
88	6	0.961782
88	29	1.05142
88	35	1.04788
88	56	1.08479
88	74	0.957983
88	75	0.961531
88	86	1.00133
88	87	1.00714
88	89	1.11588
88	98	0.981254
88	99	1.0394
88	103	1.02847
88	104	1.02859
88	124	1.40801
88	130	0.997968
88	135	0.919967
88	145	1.02454
88	148	0.904331
88	159	1.17384
88	166	2.5712
89	59	1.44904
89	72	0.721961
89	88	1.11588
89	125	0.947508
89	133	0.956136
89	134	1.01878
89	139	0.941808
89	142	1.08713
89	145	0.283905
89	154	0.956698
89	162	1.02654
89	164	1.00828
89	168	1.03561
89	170	0.978574
89	172	0.979641
89	173	0.937218
89	175	0.985568
89	176	1.01192
89	177	0.974743
89	179	0.978896
89	180	0.965254
90	9	1.04634
90	16	1.11928
90	23	1.02201
90	26	1.12158
90	30	1.1162
90	45	1.07695
90	49	1.06181
90	53	1.07269
90	66	1.05802
90	94	1.03673
90	97	1.03685
90	115	1.10013
90	124	1.06023
90	130	1.04977
90	134	1.91721
90	146	1.58613
90	153	1.16341
90	157	0.964559
90	174	0.975219
90	176	1.65641
90	177	0.976457
91	4	1.04876
91	16	1.09185
91	31	0.937941
91	45	1.04951
91	48	1.02596
91	53	1.04526
91	54	0.638876
91	94	1.0093
91	97	1.00941
91	98	1.0252
91	135	0.94433
91	143	0.991248
91	154	0.930977
91	157	0.937124
91	163	0.968276
91	168	1.00989
91	171	0.95221
91	174	0.947784
91	177	0.949022
91	178	0.961031
91	180	0.939533
92	25	1.55382
92	62	0.606405
92	87	1.01788
92	116	1.01261
92	119	0.394331
92	122	1.00868
92	126	1.05766
92	139	0.942238
92	141	0.970251
92	161	0.979592
92	164	1.00871
92	167	0.961476
92	168	1.03604
92	170	0.979003
92	171	0.978361
92	172	0.98007
92	173	0.937647
92	174	0.973934
92	175	0.985997
92	176	1.01235
92	180	0.965683
93	41	1.06225
93	57	1.01736
93	63	1.10282
93	65	1.0275
93	72	1.06476
93	77	1.0824
93	84	0.990078
93	95	1.02594
93	96	1.07348
93	102	0.910767
93	109	1.04616
93	111	1.03505
93	112	1.03516
93	115	1.02118
93	116	1.74506
93	118	1.07522
93	119	1.07539
93	120	0.860957
93	151	0.953168
93	152	1.21864
93	164	1.61041
93	170	2.29448
94	9	0.965995
94	16	1.03894
94	23	0.941664
94	26	1.04123
94	30	1.03586
94	45	0.996608
94	49	0.981464
94	53	0.992352
94	59	0.997736
94	66	0.977676
94	83	0.625605
94	90	1.03673
94	91	1.0093
94	97	0.956504
94	115	1.66759
94	120	1.61738
94	124	0.979885
94	130	0.969425
94	147	2.31362
94	157	0.884218
94	174	0.894878
94	177	0.896115
95	14	0.936425
95	57	0.960689
95	63	1.04615
95	65	0.970834
95	77	1.02573
95	82	0.993494
95	84	0.93341
95	85	0.987358
95	93	1.02594
95	96	1.01681
95	102	0.854099
95	108	0.824818
95	109	0.989494
95	111	0.978384
95	112	0.978494
95	115	0.964514
95	118	1.01856
95	119	1.01872
95	137	0.907615
95	139	3.67415
95	151	0.8965
95	171	2.25877
96	14	0.983966
96	59	1.05172
96	63	1.09369
96	65	1.01837
96	72	1.05563
96	77	1.07327
96	82	1.04103
96	84	0.980951
96	85	1.0349
96	93	1.07348
96	95	1.01681
96	109	1.03703
96	111	1.02592
96	112	1.02603
96	116	1.27824
96	118	1.0661
96	119	1.06626
96	126	1.21427
96	146	0.930345
96	151	0.944041
96	157	2.66616
96	178	2.00309
97	9	0.966107
97	16	1.03905
97	23	0.941777
97	26	1.04135
97	30	1.03597
97	45	0.996721
97	49	0.981576
97	53	0.992465
97	59	0.997848
97	66	0.977789
97	90	1.03685
97	91	1.00941
97	94	0.956504
97	124	0.979997
97	130	0.969537
97	146	1.61304
97	152	1.43451
97	156	1.83866
97	157	0.88433
97	166	2.11811
97	174	0.89499
97	177	0.896228
98	6	0.929558
98	29	1.0192
98	32	1.03452
98	35	1.01565
98	56	1.05256
98	62	1.04932
98	74	0.925759
98	75	0.929308
98	86	0.969102
98	87	0.974919
98	88	0.981254
98	91	1.0252
98	99	1.00718
98	103	0.996245
98	104	0.996368
98	115	1.3439
98	130	0.965744
98	135	0.887743
98	144	1.12657
98	145	0.992314
98	148	0.872107
98	174	2.67795
99	29	1.07735
99	32	1.09267
99	35	1.0738
99	56	1.11071
99	62	1.10747
99	74	0.983907
99	75	0.987455
99	86	1.02725
99	87	1.03307
99	88	1.0394
99	98	1.00718
99	103	1.05439
99	104	1.05452
99	126	1.43338
99	130	1.02389
99	135	0.945891
99	145	1.05046
99	148	0.930255
99	152	0.970915
99	155	1.71732
99	176	1.21972
99	180	2.68683
100	27	2.7541
100	76	0.88383
100	86	1.8459
100	116	0.881302
100	117	0.968796
100	127	0.865641
100	128	0.88423
100	142	0.956249
100	152	0.920679
100	155	0.873285
100	156	0.895897
100	160	0.889081
100	161	0.848286
100	162	0.895666
100	165	0.855165
100	166	0.855518
100	170	0.847697
100	171	0.847055
100	173	0.806341
100	175	0.854691
100	176	0.881043
100	178	0.855876
100	180	0.834377
101	14	0.874328
101	33	0.913785
101	37	0.794735
101	81	0.889927
101	85	1.12722
101	105	1.00607
101	106	1.09405
101	141	0.993237
101	149	1.10579
101	152	1.07497
101	155	1.02758
101	156	1.05019
101	162	1.04996
101	165	1.00946
101	166	1.00981
101	167	0.984462
101	169	1.02071
101	173	0.960633
101	174	0.99692
101	175	1.00898
101	178	1.01017
101	179	1.00231
101	180	0.988669
102	51	0.796219
102	66	4.6
102	77	0.910558
102	84	0.81824
102	93	0.910767
102	95	0.854099
102	109	0.874323
102	111	0.863213
102	112	0.863323
102	115	0.849344
102	118	0.903386
102	119	0.903551
102	125	0.760148
102	135	0.782692
102	146	0.852024
102	150	0.835733
102	152	0.864197
102	163	0.806638
102	173	0.749859
102	176	0.824561
102	178	0.799393
102	179	0.791537
102	180	0.777895
103	6	0.976773
103	29	1.06641
103	32	1.08174
103	35	1.06287
103	51	2.12294
103	56	1.09978
103	62	1.09654
103	74	0.972974
103	75	0.976522
103	86	1.01632
103	87	1.02213
103	88	1.02847
103	98	0.996245
103	99	1.05439
103	104	1.04358
103	130	1.01296
103	135	0.934958
103	145	1.03953
103	148	0.919322
103	165	1.54457
103	168	1.08573
103	177	1.4226
103	178	1.39047
104	6	0.976895
104	29	1.06653
104	32	1.08186
104	35	1.06299
104	56	1.0999
104	62	1.09666
104	74	0.973096
104	75	0.976645
104	76	1.30548
104	86	1.01644
104	87	1.02226
104	88	1.02859
104	98	0.996368
104	99	1.05452
104	103	1.04358
104	117	1.12219
104	130	1.01308
104	135	0.93508
104	145	1.03965
104	147	1.69046
104	148	0.919444
104	153	1.10772
104	160	1.69486
105	64	2.37899
105	74	2.02101
105	101	1.00607
105	117	0.968683
105	127	0.865528
105	128	0.884117
105	143	0.885979
105	146	0.908393
105	150	0.892102
105	156	0.895784
105	158	0.875839
105	160	0.888968
105	161	0.848173
105	163	0.863007
105	165	0.855052
105	166	0.855405
105	170	0.847584
105	175	0.854578
105	176	0.88093
105	177	0.843753
105	179	0.847906
105	180	0.834264
106	10	1.52075
106	15	0.942929
106	27	1.03727
106	101	1.09405
106	108	1.01863
106	116	0.969169
106	117	1.05666
106	128	0.972098
106	131	0.957658
106	138	0.458284
106	143	0.97396
106	154	0.913689
106	155	0.961153
106	159	1.04395
106	164	0.965273
106	165	0.943033
106	171	0.934923
106	173	0.894209
106	175	0.942559
106	176	0.968911
106	178	0.943744
106	179	0.935887
106	180	0.922245
107	25	1.61743
107	46	0.821789
107	70	0.774266
107	73	0.954418
107	81	0.839895
107	111	0.134533
107	117	1.09786
107	123	1.0765
107	139	0.939996
107	144	1.08428
107	150	1.02128
107	158	1.00502
107	160	1.01815
107	161	0.977351
107	166	0.984583
107	168	1.0338
107	169	0.995485
107	170	0.976762
107	171	0.97612
107	172	0.977829
107	173	0.935406
107	174	0.971693
107	176	1.01011
107	179	0.977084
107	180	0.963442
108	82	1.43508
108	95	0.824818
108	106	1.01863
108	110	0.970062
108	112	0.353982
108	123	1.0263
108	132	1.04244
108	133	0.904129
108	141	0.917814
108	151	0.916681
108	152	0.999549
108	158	0.954821
108	159	1.03495
108	163	0.941989
108	166	0.934387
108	167	0.909039
108	169	0.945289
108	172	0.927634
108	174	0.921498
108	175	0.93356
108	176	0.959913
108	177	0.922735
108	178	0.934745
108	179	0.926889
108	180	0.913246
109	14	0.956649
109	41	1.02581
109	57	0.980913
109	63	1.06638
109	65	0.991058
109	72	1.02832
109	77	1.04595
109	82	1.01372
109	83	0.529484
109	84	0.953634
109	85	1.00758
109	93	1.04616
109	95	0.989494
109	96	1.03703
109	102	0.874323
109	111	0.998608
109	112	0.998718
109	115	0.984738
109	118	1.03878
109	119	1.03895
109	123	1.04248
109	143	1.96269
109	144	1.35415
109	151	0.916724
109	160	2.22191
110	5	1.05572
110	11	1.03775
110	13	0.948015
110	21	0.92717
110	24	1.03106
110	38	1.01364
110	44	0.970129
110	46	0.973189
110	47	0.984597
110	48	0.976837
110	54	1.03817
110	55	1.0575
110	61	0.964457
110	64	0.964625
110	67	1.03101
110	68	0.952268
110	69	0.949025
110	78	0.940947
110	80	0.998528
110	108	0.970062
110	124	0.813545
110	136	0.990208
110	138	0.99084
110	169	2.0302
110	170	2.36898
110	176	1.54194
111	14	0.945539
111	41	1.0147
111	57	0.969803
111	59	1.01329
111	63	1.05527
111	65	0.979948
111	72	1.0172
111	77	1.03484
111	82	1.00261
111	84	0.942524
111	85	0.996472
111	93	1.03505
111	95	0.978384
111	96	1.02592
111	102	0.863213
111	107	0.134533
111	109	0.998608
111	112	0.987608
111	115	0.973628
111	118	1.02767
111	119	1.02784
111	151	0.905614
111	163	2.29707
111	169	1.54288
111	171	2.55653
111	174	1.8324
112	14	0.94565
112	41	1.01481
112	57	0.969913
112	59	1.0134
112	63	1.05538
112	65	0.980058
112	72	1.01732
112	77	1.03495
112	82	1.00272
112	84	0.942634
112	85	0.996583
112	93	1.03516
112	95	0.978494
112	96	1.02603
112	102	0.863323
112	108	0.353982
112	109	0.998718
112	111	0.987608
112	115	0.973739
112	118	1.02778
112	119	1.02795
112	122	1.72762
112	127	1.60826
112	151	0.905724
112	167	2.5368
112	178	1.92833
113	4	0.940518
113	14	2.86666
113	35	2.13334
113	114	0.846434
113	120	0.963781
113	123	0.944348
113	131	0.866705
113	134	0.884814
113	143	0.883007
113	146	0.90542
113	147	0.87601
113	154	0.822736
113	155	0.8702
113	161	0.845201
113	163	0.860035
113	166	0.852433
113	168	0.901651
113	170	0.844611
113	172	0.845679
113	173	0.803256
113	175	0.851605
113	176	0.877958
113	178	0.85279
113	179	0.844934
113	180	0.831292
114	52	2.34924
114	113	0.846434
114	118	2.36589
114	120	0.964493
114	121	0.90898
114	131	0.867417
114	133	0.822886
114	149	0.949121
114	150	0.889842
114	154	0.823448
114	155	0.870912
114	158	0.873579
114	162	0.893293
114	164	0.875032
114	166	0.853145
114	169	0.864047
114	170	0.845324
114	171	0.844682
114	172	0.846391
114	173	0.803968
114	174	0.840255
114	175	0.852318
114	176	0.87867
114	177	0.841493
114	178	0.853503
114	179	0.845646
114	180	0.832004
115	14	0.93167
115	22	1.28839
115	51	0.906634
115	65	0.966078
115	72	1.00334
115	90	1.10013
115	93	1.02118
115	94	1.66759
115	95	0.964514
115	98	1.3439
115	102	0.849344
115	109	0.984738
115	111	0.973628
115	112	0.973739
115	118	1.0138
115	119	1.01397
115	151	0.891745
115	153	0.94983
115	154	0.879755
115	158	0.929885
115	164	0.931338
115	173	0.860274
115	174	0.896561
115	175	0.908624
115	176	0.934976
115	177	0.897799
115	180	0.88831
116	73	0.854761
116	75	2.3767
116	76	0.913238
116	92	1.01261
116	93	1.74506
116	96	1.27824
116	100	0.881302
116	106	0.969169
116	141	0.868354
116	149	0.980902
116	150	0.921624
116	154	0.85523
116	155	0.902694
116	156	0.925305
116	160	0.918489
116	161	0.877695
116	163	0.892529
116	164	0.906813
116	165	0.884573
116	171	0.876463
116	173	0.83575
116	175	0.884099
116	176	0.910452
116	177	0.873275
116	178	0.885284
116	179	0.877428
116	180	0.863786
117	24	1.38175
117	62	0.606699
117	63	0.702519
117	100	0.968796
117	104	1.12219
117	105	0.968683
117	106	1.05666
117	107	1.09786
117	128	1.00113
117	138	0.946082
117	139	0.927835
117	146	1.02541
117	157	0.948872
117	160	1.00598
117	163	0.980023
117	164	0.994308
117	165	0.972068
117	166	0.972421
117	167	0.947073
117	169	0.983324
117	170	0.9646
117	172	0.965668
117	173	0.923245
117	175	0.971594
117	178	0.972779
117	179	0.964923
117	180	0.95128
118	14	0.985712
118	41	1.05487
118	57	1.00998
118	59	1.05346
118	63	1.09544
118	65	1.02012
118	72	1.05738
118	77	1.07502
118	82	1.04278
118	84	0.982697
118	85	1.03665
118	93	1.07522
118	95	1.01856
118	96	1.0661
118	102	0.903386
118	109	1.03878
118	111	1.02767
118	112	1.02778
118	114	2.36589
118	115	1.0138
118	119	1.06801
118	124	0.970873
118	144	0.795755
118	151	0.945787
118	160	1.1576
118	166	1.49824
118	177	2.09804
119	14	0.985877
119	41	1.05504
119	57	1.01014
119	59	1.05363
119	63	1.0956
119	65	1.02029
119	72	1.05754
119	77	1.07518
119	82	1.04295
119	84	0.982862
119	85	1.03681
119	92	0.394331
119	93	1.07539
119	95	1.01872
119	96	1.06626
119	102	0.903551
119	109	1.03895
119	111	1.02784
119	112	1.02795
119	115	1.01397
119	118	1.06801
119	129	0.641598
119	144	0.604433
119	148	3.04819
119	151	0.945952
119	160	1.47219
119	178	2.38051
120	13	1.53812
120	38	0.729174
120	43	0.854361
120	93	0.860957
120	94	1.61738
120	113	0.963781
120	114	0.964493
120	127	0.980614
120	133	0.940233
120	140	1.03141
120	141	0.953918
120	153	1.01087
120	154	0.940795
120	160	1.00405
120	162	1.01064
120	163	0.978093
120	164	0.992378
120	165	0.970138
120	166	0.970491
120	170	0.96267
120	171	0.962028
120	172	0.963738
120	173	0.921315
120	175	0.969664
120	176	0.996017
120	178	0.970849
120	179	0.962993
120	180	0.94935
121	3	0.944028
121	8	1.53076
121	75	1.70672
121	114	0.90898
121	122	0.936838
121	123	1.00689
121	126	0.985813
121	127	0.9251
121	129	1.01024
121	134	0.947359
121	136	0.866545
121	137	0.936535
121	144	1.01468
121	147	0.938555
121	156	0.955356
121	157	0.891428
121	160	0.94854
121	164	0.936864
121	166	0.914978
121	167	0.889629
121	169	0.92588
121	171	0.906514
121	173	0.865801
121	175	0.914151
121	176	0.940503
121	178	0.915335
121	179	0.907479
121	180	0.893837
122	54	2.31561
122	72	1.55677
122	76	0.909315
122	92	1.00868
122	112	1.72762
122	121	0.936838
122	125	0.842116
122	129	0.976264
122	134	0.913385
122	139	0.836417
122	144	0.980702
122	151	0.863297
122	153	0.921382
122	157	0.857454
122	158	0.901437
122	161	0.873772
122	163	0.888605
122	167	0.855655
122	168	0.930222
122	170	0.873182
122	171	0.87254
122	172	0.87425
122	174	0.868114
122	175	0.880176
122	176	0.906529
122	178	0.881361
122	179	0.873505
122	180	0.859862
123	19	0.973011
123	23	1.85259
123	54	0.883538
123	107	1.0765
123	108	1.0263
123	109	1.04248
123	113	0.944348
123	121	1.00689
123	125	0.912171
123	139	0.906472
123	141	0.934486
123	142	1.05179
123	144	1.05076
123	145	0.219163
123	152	1.01622
123	153	0.991437
123	159	1.05162
123	166	0.951059
123	167	0.92571
123	169	0.961961
123	171	0.942595
123	172	0.944305
123	174	0.938169
123	175	0.950231
123	176	0.976584
123	178	0.951416
123	179	0.94356
123	180	0.929918
124	9	0.989488
124	26	1.06473
124	45	1.0201
124	53	1.01585
124	64	0.959544
124	77	1.44803
124	88	1.40801
124	90	1.06023
124	94	0.979885
124	97	0.979997
124	110	0.813545
124	118	0.970873
124	130	0.992918
124	131	0.945533
124	134	0.963642
124	144	1.03096
124	156	0.971639
124	157	0.907711
124	158	0.951694
124	159	1.03182
124	164	0.953147
124	166	0.931261
124	168	0.980479
124	174	0.918371
124	175	0.930433
124	177	0.919609
124	178	0.931618
124	180	0.91012
125	19	5.6
125	51	0.817439
125	89	0.947508
125	102	0.760148
125	122	0.842116
125	123	0.912171
125	131	0.834528
125	133	0.789997
125	137	0.841813
125	139	0.775669
125	153	0.860634
125	155	0.838023
125	157	0.796706
125	160	0.853818
125	162	0.860404
125	163	0.827858
125	164	0.842142
125	167	0.794907
125	168	0.869474
125	170	0.812434
125	172	0.813502
125	173	0.771079
125	174	0.807366
125	175	0.819428
125	176	0.845781
125	178	0.820613
125	179	0.812757
125	180	0.799115
126	5	1.68328
126	58	1.06907
126	73	0.899813
126	92	1.05766
126	96	1.21427
126	99	1.43338
126	121	0.985813
126	128	0.95869
126	131	0.944251
126	134	0.96236
126	139	0.885392
126	141	0.913405
126	147	0.953555
126	152	0.99514
126	154	0.900282
126	161	0.922746
126	162	0.970126
126	167	0.90463
126	168	0.979197
126	170	0.922157
126	171	0.921515
126	172	0.923225
126	173	0.880802
126	176	0.955504
126	178	0.930336
126	179	0.92248
126	180	0.908837
127	11	1.77569
127	100	0.865641
127	105	0.865528
127	112	1.60826
127	120	0.980614
127	121	0.9251
127	128	0.897978
127	133	0.839007
127	134	0.901647
127	137	0.890823
127	143	0.89984
127	144	0.968965
127	145	1.98684
127	146	0.922254
127	150	0.905963
127	151	0.851559
127	152	0.934427
127	154	0.839569
127	162	0.909414
127	164	0.891152
127	166	0.869266
127	168	0.918484
127	170	0.861444
127	172	0.862512
127	174	0.856376
127	175	0.868439
127	176	0.894791
127	178	0.869623
127	179	0.861767
127	180	0.848125
128	4	0.975941
128	11	1.39595
128	16	1.51611
128	61	1.92463
128	65	1.16331
128	100	0.88423
128	105	0.884117
128	106	0.972098
128	117	1.00113
128	126	0.95869
128	127	0.897978
128	132	0.995907
128	141	0.871282
128	144	0.987554
128	148	0.855875
128	149	0.983831
128	152	0.953017
128	153	0.928234
128	156	0.928234
128	159	0.988415
128	160	0.921418
128	164	0.909742
128	165	0.887502
128	168	0.937074
128	170	0.880034
128	173	0.838678
128	175	0.887028
128	176	0.91338
128	179	0.880357
128	180	0.866714
129	31	1.07648
129	32	1.07608
129	45	1.29985
129	68	1.706
129	119	0.641598
129	121	1.01024
129	122	0.976264
129	132	1.06246
129	133	0.924145
129	134	0.986785
129	139	0.909817
129	147	0.977981
129	149	1.05038
129	152	1.01957
129	153	0.994783
129	157	0.930854
129	161	0.947172
129	162	0.994552
129	163	0.962006
129	165	0.954051
129	167	0.929056
129	172	0.94765
129	173	0.905227
129	174	0.941514
129	175	0.953577
129	176	0.979929
129	178	0.954762
129	179	0.946905
129	180	0.933263
130	16	1.05197
130	23	0.954697
130	29	1.03591
130	30	1.04889
130	35	1.03237
130	49	0.994497
130	56	1.06928
130	62	1.06604
130	66	0.99071
130	74	0.942473
130	83	0.352272
130	86	0.985816
130	88	0.997968
130	90	1.04977
130	94	0.969425
130	97	0.969537
130	98	0.965744
130	99	1.02389
130	103	1.01296
130	104	1.01308
130	124	0.992918
130	135	0.904457
130	140	1.17511
130	142	1.32524
130	143	1.78548
130	145	1.00903
130	155	2.44814
130	157	0.897251
130	158	2.1521
130	174	0.907911
130	177	0.909149
131	20	1.59893
131	71	1.53652
131	106	0.957658
131	113	0.866705
131	114	0.867417
131	124	0.945533
131	125	0.834528
131	126	0.944251
131	133	0.843157
131	134	0.905797
131	138	2.22379
131	143	0.903989
131	150	0.910113
131	155	0.891183
131	156	0.913794
131	158	0.893849
131	160	0.906978
131	162	0.913563
131	164	0.895302
131	165	0.873062
131	166	0.873415
131	168	0.922634
131	170	0.865594
131	171	0.864952
131	173	0.824239
131	174	0.860526
131	176	0.898941
131	178	0.873773
131	179	0.865917
131	180	0.852274
132	23	1.61408
132	25	1.21374
132	66	1.48159
132	77	0.852645
132	80	0.75087
132	108	1.04244
132	128	0.995907
132	129	1.06246
132	133	0.936936
132	136	0.368458
132	139	0.922608
132	142	1.06793
132	143	0.997769
132	144	1.06689
132	147	0.990772
132	149	1.06317
132	150	1.00389
132	154	0.937498
132	155	0.984962
132	160	1.00076
132	161	0.959963
132	162	1.00734
132	163	0.974797
132	165	0.966841
132	167	0.941846
132	172	0.960441
132	173	0.918018
132	174	0.954305
132	175	0.966367
132	178	0.967552
132	179	0.959696
132	180	0.946054
133	57	2.64325
133	85	3.55675
133	89	0.956136
133	108	0.904129
133	114	0.822886
133	120	0.940233
133	125	0.789997
133	127	0.839007
133	129	0.924145
133	131	0.843157
133	132	0.936936
133	142	0.929615
133	144	0.928583
133	146	0.881872
133	147	0.852462
133	148	0.796905
133	151	0.811178
133	153	0.869263
133	155	0.846652
133	160	0.862447
133	161	0.821653
133	166	0.828885
133	169	0.839787
133	171	0.820421
133	173	0.779708
133	175	0.828057
133	176	0.85441
133	177	0.817233
133	178	0.829242
133	179	0.821386
133	180	0.807744
134	22	2.10547
134	66	0.821117
134	86	1.3562
134	89	1.01878
134	90	1.91721
134	113	0.884814
134	121	0.947359
134	122	0.913385
134	124	0.963642
134	126	0.96236
134	127	0.901647
134	129	0.986785
134	131	0.905797
134	142	0.992255
134	143	0.922099
134	152	0.956686
134	153	0.931903
134	156	0.931903
134	160	0.925087
134	163	0.899126
134	165	0.891171
134	167	0.866176
134	168	0.940743
134	170	0.883703
134	171	0.883061
134	173	0.842348
134	175	0.890697
134	177	0.879873
134	178	0.891882
134	179	0.884026
134	180	0.870383
135	30	1.79976
135	32	0.973236
135	35	0.954366
135	56	0.991275
135	72	1.87767
135	75	0.86802
135	78	2.52257
135	87	0.913631
135	88	0.919967
135	91	0.94433
135	98	0.887743
135	99	0.945891
135	102	0.782692
135	103	0.934958
135	104	0.93508
135	130	0.904457
135	140	0.903721
135	141	0.826226
135	144	0.942498
135	145	0.931027
135	148	0.81082
135	150	0.879497
135	154	0.813103
135	160	0.876362
135	163	0.850401
135	165	0.842446
135	167	0.817451
135	172	0.836046
135	175	0.841972
135	179	0.835301
135	180	0.821658
136	4	0.465751
136	5	1.07426
136	11	1.05629
136	15	1.05829
136	17	1.05537
136	27	0.947091
136	33	1.04761
136	36	1.03663
136	37	1.02416
136	42	1.03582
136	44	0.988666
136	46	0.991726
136	47	1.00313
136	48	0.995374
136	50	0.998209
136	52	1.00922
136	58	0.969855
136	60	1.07052
136	61	0.982994
136	71	1.021
136	73	3.04805
136	79	0.959762
136	81	1.01706
136	110	0.990208
136	121	0.866545
136	132	0.368458
136	138	1.00938
136	140	0.994866
136	141	2.51042
136	144	0.918634
136	145	1.02217
136	150	1.08741
136	159	1.0345
137	1	1.03068
137	3	1.01981
137	8	0.900023
137	10	0.904135
137	13	2.29536
137	17	1.51062
137	18	0.978876
137	19	0.988842
137	25	0.992897
137	28	0.880891
137	31	0.988725
137	38	1.48641
137	39	0.961512
137	43	0.961743
137	95	0.907615
137	121	0.936535
137	125	0.841813
137	127	0.890823
137	146	0.933689
137	148	0.848721
137	155	0.898468
137	156	0.921079
137	162	0.920849
137	166	0.880701
137	171	0.872237
137	172	0.873947
137	173	0.831524
137	176	0.906226
137	177	0.869049
137	178	0.881058
137	180	0.85956
138	2	0.962261
138	12	0.965309
138	13	0.967185
138	17	1.05601
138	20	0.947191
138	22	1.03813
138	24	1.05023
138	27	0.947724
138	33	1.04824
138	38	1.03281
138	42	1.03645
138	50	0.998841
138	52	1.00985
138	55	1.07667
138	64	0.983795
138	67	1.05018
138	69	0.968195
138	70	1.04791
138	78	0.960117
138	79	0.960394
138	80	1.0177
138	81	1.01769
138	106	0.458284
138	110	0.99084
138	117	0.946082
138	131	2.22379
138	136	1.00938
138	140	0.995499
138	142	0.799305
138	145	1.0228
138	152	1.1758
138	159	1.03514
138	162	1.57588
138	177	2.4592
139	6	2.92585
139	89	0.941808
139	92	0.942238
139	95	3.67415
139	107	0.939996
139	117	0.927835
139	122	0.836417
139	123	0.906472
139	125	0.775669
139	126	0.885392
139	129	0.909817
139	132	0.922608
139	143	0.845131
139	144	0.914255
139	146	0.867544
139	149	0.910532
139	151	0.79685
139	155	0.832324
139	158	0.83499
139	161	0.807325
139	163	0.822158
139	164	0.836443
139	165	0.814203
139	168	0.863775
139	169	0.825459
139	170	0.806735
139	171	0.806093
139	173	0.76538
139	175	0.813729
139	177	0.802905
139	178	0.814914
139	179	0.807058
139	180	0.793416
140	2	0.94775
140	5	0.694205
140	12	1.05332
140	17	1.04149
140	20	0.93268
140	33	1.03373
140	36	1.02275
140	42	1.02194
140	50	0.98433
140	52	0.995339
140	79	0.945883
140	80	1.29922
140	81	1.00318
140	82	1.23153
140	84	1.74661
140	120	1.03141
140	130	1.17511
140	135	0.903721
140	136	0.994866
140	138	0.995499
140	141	0.903492
140	145	1.00829
140	153	0.960444
140	157	0.896515
140	159	1.02062
140	163	0.927667
140	165	0.919712
140	168	0.969283
140	169	0.930967
140	171	0.911602
140	173	0.870888
140	175	0.919238
140	176	0.94559
140	177	0.908413
140	179	0.912566
140	180	0.898924
141	76	0.870882
141	78	2.65142
141	85	1.63816
141	92	0.970251
141	101	0.993237
141	108	0.917814
141	116	0.868354
141	120	0.953918
141	123	0.934486
141	126	0.913405
141	128	0.871282
141	135	0.826226
141	136	2.51042
141	140	0.903492
141	142	0.943301
141	143	0.873144
141	149	0.938546
141	155	0.860337
141	160	0.876133
141	161	0.835338
141	162	0.882718
141	163	0.850172
141	164	0.864457
141	165	0.842217
141	166	0.84257
141	169	0.853472
141	171	0.834107
141	172	0.835816
141	173	0.793393
141	175	0.841743
141	176	0.868095
141	178	0.842928
141	179	0.835071
141	180	0.821429
142	17	0.734578
142	18	1.23426
142	22	1.21937
142	30	0.71097
142	83	1.09033
142	87	1.37628
142	89	1.08713
142	100	0.956249
142	123	1.05179
142	130	1.32524
142	132	1.06793
142	133	0.929615
142	134	0.992255
142	138	0.799305
142	141	0.943301
142	143	0.990448
142	144	1.05957
142	152	1.02504
142	153	1.00025
142	156	1.00025
142	158	0.980307
142	161	0.952642
142	162	1.00002
142	163	0.967476
142	165	0.95952
142	166	0.959874
142	168	1.00909
142	169	0.970776
142	170	0.952052
142	172	0.95312
142	173	0.910697
142	175	0.959047
142	176	0.985399
142	177	0.948222
142	178	0.960231
142	179	0.952375
142	180	0.938733
143	61	1.4569
143	81	1.59493
143	91	0.991248
143	105	0.885979
143	106	0.97396
143	109	1.96269
143	113	0.883007
143	127	0.89984
143	130	1.78548
143	131	0.903989
143	132	0.997769
143	134	0.922099
143	139	0.845131
143	141	0.873144
143	142	0.990448
143	146	0.942705
143	147	0.913294
143	150	0.926414
143	151	0.872011
143	154	0.860021
143	158	0.910151
143	160	0.92328
143	162	0.929865
143	163	0.897319
143	166	0.889717
143	169	0.900619
143	170	0.881896
143	172	0.882964
143	173	0.84054
143	176	0.915243
143	177	0.878065
143	178	0.890075
143	179	0.882219
143	180	0.868576
144	40	1.09138
144	44	0.904489
144	59	1.69597
144	76	0.987153
144	98	1.12657
144	107	1.08428
144	109	1.35415
144	118	0.795755
144	119	0.604433
144	121	1.01468
144	122	0.980702
144	123	1.05076
144	124	1.03096
144	127	0.968965
144	128	0.987554
144	132	1.06689
144	133	0.928583
144	135	0.942498
144	136	0.918634
144	139	0.914255
144	142	1.05957
144	146	1.01183
144	150	0.995539
144	154	0.929145
144	156	0.99922
144	160	0.992405
144	161	0.95161
144	167	0.933493
144	168	1.00806
144	169	0.969744
144	170	0.951021
144	172	0.952088
144	174	0.945952
144	176	0.984367
144	177	0.94719
144	179	0.951343
144	180	0.937701
145	2	0.975055
145	6	0.972842
145	17	1.0688
145	20	0.959985
145	27	0.960518
145	33	1.06104
145	36	1.05006
145	42	1.04925
145	50	1.01164
145	52	1.02264
145	56	1.09585
145	62	1.09261
145	74	0.969043
145	75	0.972591
145	79	0.973188
145	81	1.03048
145	86	1.01239
145	87	1.0182
145	88	1.02454
145	89	0.283905
145	98	0.992314
145	99	1.05046
145	103	1.03953
145	104	1.03965
145	123	0.219163
145	127	1.98684
145	130	1.00903
145	135	0.931027
145	136	1.02217
145	138	1.0228
145	140	1.00829
145	148	0.915391
145	150	1.13294
145	156	1.45978
145	159	1.04793
145	164	1.4474
145	170	2.13147
145	175	2.24928
146	3	1.26611
146	40	1.04467
146	80	2.00437
146	90	1.58613
146	96	0.930345
146	97	1.61304
146	102	0.852024
146	105	0.908393
146	113	0.90542
146	117	1.02541
146	127	0.922254
146	133	0.881872
146	137	0.933689
146	139	0.867544
146	143	0.942705
146	144	1.01183
146	147	0.935708
146	148	0.880151
146	152	0.977292
146	158	0.932564
146	161	0.904899
146	162	0.952279
146	163	0.919733
146	164	0.934018
146	165	0.911778
146	166	0.912131
146	167	0.886782
146	168	0.961349
146	169	0.923033
146	170	0.90431
146	172	0.905377
146	173	0.862954
146	176	0.937656
146	177	0.900479
146	178	0.912489
146	179	0.904632
146	180	0.89099
147	8	2.01287
147	11	1.18304
147	34	0.949181
147	51	0.879904
147	73	0.852555
147	94	2.31362
147	104	1.69046
147	113	0.87601
147	121	0.938555
147	126	0.953555
147	129	0.977981
147	132	0.990772
147	133	0.852462
147	143	0.913294
147	146	0.935708
147	148	0.850741
147	149	0.978696
147	154	0.853024
147	155	0.900488
147	158	0.903154
147	160	0.916283
147	161	0.875488
147	162	0.922868
147	163	0.890322
147	165	0.882367
147	168	0.931939
147	169	0.893622
147	170	0.874899
147	171	0.874257
147	172	0.875967
147	173	0.833543
147	174	0.86983
147	175	0.881893
147	178	0.883078
147	179	0.875222
147	180	0.861579
148	6	0.852635
148	29	0.942274
148	35	0.93873
148	41	2.14432
148	62	0.972401
148	71	2.40749
148	74	0.848836
148	75	0.852384
148	86	0.892179
148	87	0.897995
148	88	0.904331
148	98	0.872107
148	99	0.930255
148	103	0.919322
148	104	0.919444
148	119	3.04819
148	128	0.855875
148	133	0.796905
148	135	0.81082
148	137	0.848721
148	145	0.915391
148	146	0.880151
148	147	0.850741
148	149	0.923139
148	152	0.892325
148	158	0.847597
148	160	0.860726
148	162	0.867311
148	168	0.876382
148	169	0.838066
148	171	0.8187
148	172	0.82041
148	173	0.777987
148	175	0.826336
148	176	0.852689
148	178	0.827521
148	179	0.819665
148	180	0.806022
149	26	0.765437
149	34	1.02158
149	36	0.78558
149	58	1.15484
149	75	1.36562
149	78	0.666451
149	82	1.2735
149	83	1.08557
149	84	1.78858
149	101	1.10579
149	114	0.949121
149	116	0.980902
149	128	0.983831
149	129	1.05038
149	132	1.06317
149	139	0.910532
149	141	0.938546
149	147	0.978696
149	148	0.923139
149	153	0.995497
149	155	0.972886
149	158	0.975552
149	161	0.947887
149	162	0.995267
149	163	0.962721
149	164	0.977005
149	165	0.954765
149	166	0.955119
149	167	0.92977
149	169	0.966021
149	171	0.946655
149	172	0.948365
149	173	0.905942
149	175	0.954291
149	176	0.980644
149	177	0.943467
149	178	0.955476
149	179	0.94762
149	180	0.933978
150	19	1.88678
150	28	1.75269
150	40	1.02838
150	69	1.94018
150	76	0.924152
150	83	1.0263
150	102	0.835733
150	105	0.892102
150	107	1.02128
150	114	0.889842
150	116	0.921624
150	127	0.905963
150	131	0.910113
150	132	1.00389
150	135	0.879497
150	136	1.08741
150	143	0.926414
150	144	0.995539
150	145	1.13294
150	152	0.961002
150	155	0.913608
150	156	0.936219
150	157	0.872291
150	160	0.929403
150	161	0.888609
150	162	0.935988
150	163	0.903442
150	164	0.917727
150	165	0.895487
150	167	0.870492
150	169	0.906743
150	170	0.888019
150	171	0.887377
150	172	0.889087
150	173	0.846664
150	174	0.882951
150	175	0.895013
150	179	0.888342
150	180	0.874699
151	9	2.3501
151	16	2.13989
151	41	0.932814
151	42	2.10157
151	56	2.00843
151	57	0.887919
151	65	0.898064
151	72	0.935321
151	77	0.952959
151	82	0.920724
151	84	0.86064
151	85	0.914589
151	93	0.953168
151	95	0.8965
151	96	0.944041
151	108	0.916681
151	109	0.916724
151	111	0.905614
151	112	0.905724
151	115	0.891745
151	118	0.945787
151	119	0.945952
151	122	0.863297
151	127	0.851559
151	133	0.811178
151	139	0.79685
151	143	0.872011
151	156	0.881815
151	157	0.817887
151	159	0.941996
151	160	0.874999
151	161	0.834205
151	163	0.849039
151	165	0.841083
151	167	0.816088
151	168	0.890655
151	169	0.852339
151	171	0.832973
151	172	0.834683
151	176	0.866962
151	178	0.841794
151	179	0.833938
151	180	0.820296
152	40	1.05684
152	47	0.892878
152	53	0.913636
152	68	2.19363
152	73	0.894139
152	76	0.952616
152	93	1.21864
152	97	1.43451
152	99	0.970915
152	100	0.920679
152	101	1.07497
152	102	0.864197
152	108	0.999549
152	123	1.01622
152	126	0.99514
152	127	0.934427
152	128	0.953017
152	129	1.01957
152	134	0.956686
152	138	1.1758
152	142	1.02504
152	146	0.977292
152	148	0.892325
152	150	0.961002
152	154	0.894608
152	155	0.942072
152	158	0.944738
152	159	1.02486
152	160	0.957867
152	162	0.964452
152	164	0.946191
152	165	0.923951
152	167	0.898956
152	168	0.973523
152	169	0.935207
152	170	0.916483
152	171	0.915841
152	172	0.917551
152	173	0.875128
152	175	0.923477
152	176	0.94983
152	177	0.912653
152	178	0.924662
152	180	0.903163
153	4	0.987608
153	10	1.99408
153	40	1.03206
153	44	1.1851
153	55	1.12065
153	73	0.869356
153	76	0.927833
153	83	1.02998
153	84	2.02904
153	90	1.16341
153	104	1.10772
153	115	0.94983
153	120	1.01087
153	122	0.921382
153	123	0.991437
153	125	0.860634
153	128	0.928234
153	129	0.994783
153	133	0.869263
153	134	0.931903
153	140	0.960444
153	142	1.00025
153	149	0.995497
153	154	0.869825
153	155	0.917289
153	157	0.875972
153	158	0.919955
153	160	0.933084
153	162	0.93967
153	164	0.921409
153	165	0.899168
153	166	0.899522
153	167	0.874173
153	168	0.94874
153	169	0.910424
153	170	0.8917
153	171	0.891059
153	172	0.892768
153	175	0.898695
153	176	0.925047
153	178	0.899879
153	179	0.892023
153	180	0.878381
154	2	3.15712
154	4	0.917532
154	24	3.07124
154	57	2.17164
154	89	0.956698
154	91	0.930977
154	106	0.913689
154	113	0.822736
154	114	0.823448
154	115	0.879755
154	116	0.85523
154	120	0.940795
154	126	0.900282
154	127	0.839569
154	132	0.937498
154	135	0.813103
154	143	0.860021
154	144	0.929145
154	147	0.853024
154	152	0.894608
154	153	0.869825
154	155	0.847214
154	156	0.869825
154	158	0.84988
154	159	0.930006
154	160	0.863009
154	161	0.822215
154	162	0.869595
154	163	0.837049
154	164	0.851333
154	165	0.829093
154	167	0.804098
154	169	0.840349
154	171	0.820983
154	172	0.822693
154	173	0.78027
154	174	0.816557
154	175	0.828619
154	176	0.854972
154	178	0.829804
154	179	0.821948
154	180	0.808306
155	2	0.956227
155	34	0.943371
155	60	1.57377
155	82	2.50455
155	83	1.00737
155	99	1.71732
155	100	0.873285
155	101	1.02758
155	106	0.961153
155	113	0.8702
155	114	0.870912
155	116	0.902694
155	125	0.838023
155	130	2.44814
155	131	0.891183
155	132	0.984962
155	133	0.846652
155	137	0.898468
155	139	0.832324
155	141	0.860337
155	147	0.900488
155	149	0.972886
155	150	0.913608
155	152	0.942072
155	153	0.917289
155	154	0.847214
155	156	0.917289
155	160	0.910473
155	161	0.869679
155	162	0.917059
155	163	0.884512
155	164	0.898797
155	165	0.876557
155	166	0.876911
155	167	0.851562
155	168	0.926129
155	169	0.887813
155	170	0.869089
155	171	0.868447
155	172	0.870157
155	173	0.827734
155	175	0.876083
155	176	0.902436
155	177	0.865259
155	178	0.877268
155	180	0.85577
156	28	2.07952
156	34	0.965982
156	48	1.49785
156	60	1.23151
156	71	0.89268
156	83	1.02998
156	97	1.83866
156	100	0.895897
156	101	1.05019
156	105	0.895784
156	116	0.925305
156	121	0.955356
156	124	0.971639
156	128	0.928234
156	131	0.913794
156	134	0.931903
156	137	0.921079
156	142	1.00025
156	144	0.99922
156	145	1.45978
156	150	0.936219
156	151	0.881815
156	154	0.869825
156	155	0.917289
156	158	0.919955
156	160	0.933084
156	161	0.89229
156	162	0.93967
156	164	0.921408
156	165	0.899168
156	166	0.899522
156	167	0.874173
156	168	0.94874
156	169	0.910424
156	170	0.8917
156	171	0.891058
156	172	0.892768
156	173	0.850345
156	174	0.886632
156	175	0.898694
156	176	0.925047
156	177	0.88787
156	178	0.899879
156	179	0.892023
156	180	0.878381
157	9	0.893821
157	16	0.966766
157	23	0.86949
157	26	0.969061
157	29	2.67672
157	30	0.963685
157	45	0.924434
157	49	0.90929
157	53	0.920178
157	59	0.925562
157	62	2.75076
157	66	0.905502
157	70	1.10635
157	73	0.805428
157	90	0.964559
157	91	0.937124
157	94	0.884218
157	96	2.66616
157	97	0.88433
157	117	0.948872
157	121	0.891428
157	122	0.857454
157	124	0.907711
157	125	0.796706
157	129	0.930854
157	130	0.897251
157	140	0.896515
157	150	0.872291
157	151	0.817887
157	153	0.875972
157	158	0.856027
157	161	0.828362
157	165	0.83524
157	166	0.835594
157	167	0.810245
157	168	0.884812
157	169	0.846496
157	170	0.827772
157	171	0.82713
157	172	0.82884
157	173	0.786417
157	174	0.822704
157	176	0.861119
157	177	0.823942
157	178	0.835951
157	180	0.814452
158	1	1.32258
158	15	2.11081
158	42	1.37668
158	45	2.23784
158	73	0.849411
158	76	0.907888
158	105	0.875839
158	107	1.00502
158	108	0.954821
158	114	0.873579
158	115	0.929885
158	122	0.901437
158	124	0.951694
158	130	2.1521
158	131	0.893849
158	139	0.83499
158	142	0.980307
158	143	0.910151
158	146	0.932564
158	147	0.903154
158	148	0.847597
158	149	0.975552
158	152	0.944738
158	153	0.919955
158	154	0.84988
158	156	0.919955
158	157	0.856027
158	161	0.872345
158	162	0.919725
158	163	0.887179
158	164	0.901463
158	166	0.879577
158	167	0.854228
158	168	0.928795
158	169	0.890479
158	170	0.871755
158	171	0.871113
158	172	0.872823
158	173	0.8304
158	174	0.866687
158	175	0.878749
158	176	0.905102
158	177	0.867925
158	178	0.879934
158	179	0.872078
158	180	0.858436
159	2	0.987387
159	15	0.946686
159	17	1.08113
159	20	0.972317
159	27	0.97285
159	32	0.849951
159	33	1.07337
159	35	0.653313
159	36	1.06239
159	39	0.904245
159	42	1.06158
159	45	1.07372
159	50	1.02397
159	52	1.03498
159	56	0.677367
159	59	1.50701
159	76	0.988014
159	77	1.21386
159	79	0.98552
159	81	1.04281
159	88	1.17384
159	106	1.04395
159	108	1.03495
159	123	1.05162
159	124	1.03182
159	128	0.988415
159	136	1.0345
159	138	1.03514
159	140	1.02062
159	145	1.04793
159	151	0.941996
159	152	1.02486
159	154	0.930006
159	163	0.967304
159	165	0.959349
159	166	0.959703
159	167	0.934354
159	168	1.00892
159	170	0.951881
159	171	0.951239
159	173	0.910526
159	176	0.985228
159	178	0.96006
159	179	0.952204
159	180	0.938562
160	4	0.980792
160	49	1.0476
160	69	2.20584
160	73	0.86254
160	100	0.889081
160	104	1.69486
160	105	0.888968
160	107	1.01815
160	109	2.22191
160	116	0.918489
160	117	1.00598
160	118	1.1576
160	119	1.47219
160	120	1.00405
160	121	0.94854
160	125	0.853818
160	128	0.921418
160	131	0.906978
160	132	1.00076
160	133	0.862447
160	134	0.925087
160	135	0.876362
160	141	0.876133
160	143	0.92328
160	144	0.992405
160	147	0.916283
160	148	0.860726
160	150	0.929403
160	151	0.874999
160	152	0.957867
160	153	0.933084
160	154	0.863009
160	155	0.910473
160	156	0.933084
160	163	0.900308
160	164	0.914592
160	165	0.892352
160	167	0.867357
160	169	0.903608
160	170	0.884884
160	171	0.884242
160	172	0.885952
160	173	0.843529
160	174	0.879816
160	176	0.918231
160	177	0.881054
160	178	0.893063
160	179	0.885207
160	180	0.871565
161	20	2.7235
161	30	2.60085
161	57	1.39691
161	72	2.67875
161	92	0.979592
161	100	0.848286
161	105	0.848173
161	107	0.977351
161	113	0.845201
161	116	0.877695
161	122	0.873772
161	126	0.922746
161	129	0.947172
161	132	0.959963
161	133	0.821653
161	139	0.807325
161	141	0.835338
161	142	0.952642
161	144	0.95161
161	146	0.904899
161	147	0.875488
161	149	0.947887
161	150	0.888609
161	151	0.834205
161	154	0.822215
161	155	0.869679
161	156	0.89229
161	157	0.828362
161	158	0.872345
161	162	0.892059
161	163	0.859513
161	164	0.873798
161	165	0.851558
161	166	0.851911
161	167	0.826563
161	168	0.90113
161	169	0.862813
161	170	0.84409
161	171	0.843448
161	173	0.802734
161	174	0.839021
161	175	0.851084
161	176	0.877437
161	177	0.840259
161	178	0.852269
161	179	0.844413
161	180	0.83077
162	1	0.927197
162	21	1.71013
162	29	1.16246
162	34	0.965752
162	42	1.32639
162	51	0.896475
162	67	1.17026
162	77	2.3277
162	89	1.02654
162	100	0.895666
162	101	1.04996
162	114	0.893293
162	120	1.01064
162	125	0.860404
162	126	0.970126
162	127	0.909414
162	129	0.994552
162	131	0.913563
162	132	1.00734
162	137	0.920849
162	138	1.57588
162	141	0.882718
162	142	1.00002
162	143	0.929865
162	146	0.952279
162	147	0.922868
162	148	0.867311
162	149	0.995267
162	150	0.935988
162	152	0.964452
162	153	0.93967
162	154	0.869595
162	155	0.917059
162	156	0.93967
162	158	0.919725
162	161	0.892059
162	164	0.921178
162	166	0.899291
162	167	0.873943
162	168	0.94851
162	169	0.910193
162	170	0.89147
162	171	0.890828
162	172	0.892537
162	174	0.886401
162	175	0.898464
162	176	0.924816
162	177	0.887639
162	178	0.899649
162	179	0.891792
162	180	0.87815
163	41	1.71662
163	43	2.03656
163	50	2.12065
163	85	1.6291
163	91	0.968276
163	102	0.806638
163	105	0.863007
163	108	0.941989
163	111	2.29707
163	113	0.860035
163	116	0.892529
163	117	0.980023
163	120	0.978093
163	122	0.888605
163	125	0.827858
163	129	0.962006
163	132	0.974797
163	134	0.899126
163	135	0.850401
163	139	0.822158
163	140	0.927667
163	141	0.850172
163	142	0.967476
163	143	0.897319
163	146	0.919733
163	147	0.890322
163	149	0.962721
163	150	0.903442
163	151	0.849039
163	154	0.837049
163	155	0.884512
163	158	0.887179
163	159	0.967304
163	160	0.900308
163	161	0.859513
163	164	0.888632
163	165	0.866392
163	166	0.866745
163	167	0.841397
163	168	0.915963
163	169	0.877647
163	171	0.858282
163	172	0.859991
163	173	0.817568
163	175	0.865918
163	176	0.89227
163	178	0.867103
163	179	0.859246
163	180	0.845604
164	37	1.80776
164	51	0.878213
164	56	1.22495
164	61	1.76493
164	83	1.01149
164	87	2.14455
164	89	1.00828
164	92	1.00871
164	93	1.61041
164	106	0.965273
164	114	0.875032
164	115	0.931338
164	116	0.906813
164	117	0.994308
164	120	0.992378
164	121	0.936864
164	124	0.953147
164	125	0.842142
164	127	0.891152
164	128	0.909742
164	131	0.895302
164	139	0.836443
164	141	0.864457
164	145	1.4474
164	146	0.934018
164	149	0.977005
164	150	0.917727
164	152	0.946191
164	153	0.921409
164	154	0.851333
164	155	0.898797
164	156	0.921408
164	158	0.901463
164	160	0.914592
164	161	0.873798
164	162	0.921178
164	163	0.888632
164	165	0.880677
164	166	0.88103
164	169	0.891932
164	170	0.873208
164	171	0.872567
164	172	0.874276
164	173	0.831853
164	174	0.86814
164	175	0.880203
164	176	0.906555
164	178	0.881387
164	179	0.873531
164	180	0.859889
165	6	1.16513
165	17	2.51644
165	36	2.6756
165	47	2.29825
165	73	0.828624
165	100	0.855165
165	101	1.00946
165	103	1.54457
165	105	0.855052
165	106	0.943033
165	116	0.884573
165	117	0.972068
165	120	0.970138
165	128	0.887502
165	129	0.954051
165	131	0.873062
165	132	0.966841
165	134	0.891171
165	135	0.842446
165	139	0.814203
165	140	0.919712
165	141	0.842217
165	142	0.95952
165	146	0.911778
165	147	0.882367
165	149	0.954765
165	150	0.895487
165	151	0.841083
165	152	0.923951
165	153	0.899168
165	154	0.829093
165	155	0.876557
165	156	0.899168
165	157	0.83524
165	159	0.959349
165	160	0.892352
165	161	0.851558
165	163	0.866392
165	164	0.880677
165	166	0.85879
165	168	0.908008
165	169	0.869692
165	172	0.852036
165	173	0.809613
165	174	0.8459
165	175	0.857963
165	176	0.884315
165	177	0.847138
165	178	0.859147
165	179	0.851291
165	180	0.837649
166	31	2.24771
166	73	0.828978
166	74	1.76475
166	88	2.5712
166	97	2.11811
166	100	0.855518
166	101	1.00981
166	105	0.855405
166	107	0.984583
166	108	0.934387
166	113	0.852433
166	114	0.853145
166	117	0.972421
166	118	1.49824
166	120	0.970491
166	121	0.914978
166	123	0.951059
166	124	0.931261
166	127	0.869266
166	131	0.873415
166	133	0.828885
166	137	0.880701
166	141	0.84257
166	142	0.959874
166	143	0.889717
166	146	0.912131
166	149	0.955119
166	153	0.899522
166	155	0.876911
166	156	0.899522
166	157	0.835594
166	158	0.879577
166	159	0.959703
166	161	0.851911
166	162	0.899291
166	163	0.866745
166	164	0.88103
166	165	0.85879
166	167	0.833795
166	168	0.908362
166	169	0.870045
166	170	0.851322
166	171	0.85068
166	173	0.809966
166	174	0.846253
166	175	0.858316
166	176	0.884668
166	177	0.847491
166	178	0.859501
166	179	0.851645
166	180	0.838002
167	34	0.900255
167	40	0.966331
167	48	2.95345
167	51	0.830978
167	63	2.03818
167	65	2.47158
167	73	0.803629
167	76	0.862106
167	92	0.961476
167	101	0.984462
167	108	0.909039
167	112	2.5368
167	117	0.947073
167	121	0.889629
167	122	0.855655
167	123	0.92571
167	125	0.794907
167	126	0.90463
167	129	0.929056
167	132	0.941846
167	134	0.866176
167	135	0.817451
167	144	0.933493
167	146	0.886782
167	149	0.92977
167	150	0.870492
167	151	0.816088
167	152	0.898956
167	153	0.874173
167	154	0.804098
167	155	0.851562
167	156	0.874173
167	157	0.810245
167	158	0.854228
167	159	0.934354
167	160	0.867357
167	161	0.826563
167	162	0.873943
167	163	0.841397
167	166	0.833795
167	168	0.883013
167	169	0.844697
167	171	0.825331
167	173	0.784618
167	174	0.820905
167	175	0.832967
167	177	0.822143
167	178	0.834152
167	179	0.826296
167	180	0.812654
168	29	1.07608
168	33	1.84874
168	40	1.0409
168	50	0.943093
168	51	0.905545
168	55	1.67854
168	60	1.14106
168	86	1.16028
168	87	2.06648
168	89	1.03561
168	91	1.00989
168	92	1.03604
168	103	1.08573
168	107	1.0338
168	113	0.901651
168	122	0.930222
168	124	0.980479
168	125	0.869474
168	126	0.979197
168	127	0.918484
168	128	0.937074
168	131	0.922634
168	134	0.940743
168	139	0.863775
168	140	0.969283
168	142	1.00909
168	144	1.00806
168	146	0.961349
168	147	0.931939
168	148	0.876382
168	151	0.890655
168	152	0.973523
168	153	0.94874
168	155	0.926129
168	156	0.94874
168	157	0.884812
168	158	0.928795
168	159	1.00892
168	161	0.90113
168	162	0.94851
168	163	0.915963
168	165	0.908008
168	166	0.908362
168	167	0.883013
168	169	0.919264
168	170	0.90054
168	171	0.899898
168	172	0.901608
168	173	0.859185
168	175	0.907534
168	176	0.933887
168	177	0.89671
168	178	0.908719
168	179	0.900863
168	180	0.887221
169	34	0.936506
169	37	2.15305
169	51	0.867229
169	67	1.50724
169	74	1.81822
169	79	1.94841
169	83	1.0005
169	101	1.02071
169	107	0.995485
169	108	0.945289
169	110	2.0302
169	111	1.54288
169	114	0.864047
169	117	0.983324
169	121	0.92588
169	123	0.961961
169	133	0.839787
169	139	0.825459
169	140	0.930967
169	141	0.853472
169	142	0.970776
169	143	0.900619
169	144	0.969744
169	146	0.923033
169	147	0.893622
169	148	0.838066
169	149	0.966021
169	150	0.906743
169	151	0.852339
169	152	0.935207
169	153	0.910424
169	154	0.840349
169	155	0.887813
169	156	0.910424
169	157	0.846496
169	158	0.890479
169	160	0.903608
169	161	0.862813
169	162	0.910193
169	163	0.877647
169	164	0.891932
169	165	0.869692
169	166	0.870045
169	167	0.844697
169	168	0.919264
169	170	0.862224
169	171	0.861582
169	172	0.863292
169	173	0.820869
169	175	0.869218
169	176	0.895571
169	177	0.858393
169	178	0.870403
169	179	0.862547
169	180	0.848904
170	55	2.44068
170	71	1.56438
170	73	0.821156
170	83	0.981777
170	89	0.978574
170	92	0.979003
170	93	2.29448
170	100	0.847697
170	105	0.847584
170	107	0.976762
170	110	2.36898
170	113	0.844611
170	114	0.845324
170	117	0.9646
170	120	0.96267
170	122	0.873182
170	125	0.812434
170	126	0.922157
170	127	0.861444
170	128	0.880034
170	131	0.865594
170	134	0.883703
170	139	0.806735
170	142	0.952052
170	143	0.881896
170	144	0.951021
170	145	2.13147
170	146	0.90431
170	147	0.874899
170	150	0.888019
170	152	0.916483
170	153	0.8917
170	155	0.869089
170	156	0.8917
170	157	0.827772
170	158	0.871755
170	159	0.951881
170	160	0.884884
170	161	0.84409
170	162	0.89147
170	164	0.873208
170	166	0.851322
170	168	0.90054
170	169	0.862224
170	171	0.842858
170	172	0.844568
170	173	0.802145
170	174	0.838432
170	175	0.850495
170	176	0.876847
170	177	0.83967
170	178	0.851679
170	179	0.843823
170	180	0.830181
171	50	2.3801
171	70	0.942716
171	73	0.820514
171	81	3.26189
171	83	0.981135
171	91	0.95221
171	92	0.978361
171	95	2.25877
171	100	0.847055
171	106	0.934923
171	107	0.97612
171	111	2.55653
171	114	0.844682
171	116	0.876463
171	120	0.962028
171	121	0.906514
171	122	0.87254
171	123	0.942595
171	126	0.921515
171	131	0.864952
171	133	0.820421
171	134	0.883061
171	137	0.872237
171	139	0.806093
171	140	0.911602
171	141	0.834107
171	147	0.874257
171	148	0.8187
171	149	0.946655
171	150	0.887377
171	151	0.832973
171	152	0.915841
171	153	0.891059
171	154	0.820983
171	155	0.868447
171	156	0.891058
171	157	0.82713
171	158	0.871113
171	159	0.951239
171	160	0.884242
171	161	0.843448
171	162	0.890828
171	163	0.858282
171	164	0.872567
171	166	0.85068
171	167	0.825331
171	168	0.899898
171	169	0.861582
171	170	0.842858
171	172	0.843926
171	173	0.801503
171	174	0.83779
171	175	0.849853
171	176	0.876205
171	177	0.839028
171	178	0.851037
171	180	0.829539
172	5	2.102
172	7	2.18406
172	26	1.53702
172	32	2.44489
172	34	0.91885
172	40	0.984926
172	49	1.58581
172	54	2.14622
172	83	0.982845
172	89	0.979641
172	92	0.98007
172	107	0.977829
172	108	0.927634
172	113	0.845679
172	114	0.846391
172	117	0.965668
172	120	0.963738
172	122	0.87425
172	123	0.944305
172	125	0.813502
172	126	0.923225
172	127	0.862512
172	129	0.94765
172	132	0.960441
172	135	0.836046
172	137	0.873947
172	141	0.835816
172	142	0.95312
172	143	0.882964
172	144	0.952088
172	146	0.905377
172	147	0.875967
172	148	0.82041
172	149	0.948365
172	150	0.889087
172	151	0.834683
172	152	0.917551
172	153	0.892768
172	154	0.822693
172	155	0.870157
172	156	0.892768
172	157	0.82884
172	158	0.872823
172	160	0.885952
172	162	0.892537
172	163	0.859991
172	164	0.874276
172	165	0.852036
172	168	0.901608
172	169	0.863292
172	170	0.844568
172	171	0.843926
172	173	0.803213
172	174	0.8395
172	175	0.851562
172	176	0.877915
172	177	0.840738
172	178	0.852747
172	179	0.844891
172	180	0.831248
173	1	3.84579
173	51	0.80715
173	58	4.65209
173	70	4.30213
173	76	0.838278
173	89	0.937218
173	92	0.937647
173	100	0.806341
173	101	0.960633
173	102	0.749859
173	106	0.894209
173	107	0.935406
173	113	0.803256
173	114	0.803968
173	115	0.860274
173	116	0.83575
173	117	0.923245
173	120	0.921315
173	121	0.865801
173	125	0.771079
173	126	0.880802
173	128	0.838678
173	129	0.905227
173	131	0.824239
173	132	0.918018
173	133	0.779708
173	134	0.842348
173	137	0.831524
173	139	0.76538
173	140	0.870888
173	141	0.793393
173	142	0.910697
173	143	0.84054
173	146	0.862954
173	147	0.833543
173	148	0.777987
173	149	0.905942
173	150	0.846664
173	152	0.875128
173	154	0.78027
173	155	0.827734
173	156	0.850345
173	157	0.786417
173	158	0.8304
173	159	0.910526
173	160	0.843529
173	161	0.802734
173	163	0.817568
173	164	0.831853
173	165	0.809613
173	166	0.809966
173	167	0.784618
173	168	0.859185
173	169	0.820869
173	170	0.802145
173	171	0.801503
173	172	0.803213
173	174	0.797077
173	175	0.809139
173	176	0.835492
173	177	0.798314
173	178	0.810324
173	179	0.802468
173	180	0.788825
174	3	2.11416
174	9	0.904481
174	16	0.977426
174	23	0.88015
174	26	0.979721
174	30	0.974345
174	39	2.12677
174	41	1.25195
174	45	0.935094
174	49	0.91995
174	53	0.930838
174	59	0.936222
174	66	0.916162
174	67	1.79676
174	90	0.975219
174	91	0.947784
174	92	0.973934
174	94	0.894878
174	97	0.89499
174	98	2.67795
174	101	0.99692
174	107	0.971693
174	108	0.921498
174	111	1.8324
174	114	0.840255
174	115	0.896561
174	122	0.868114
174	123	0.938169
174	124	0.918371
174	125	0.807366
174	127	0.856376
174	129	0.941514
174	130	0.907911
174	131	0.860526
174	132	0.954305
174	144	0.945952
174	147	0.86983
174	150	0.882951
174	154	0.816557
174	156	0.886632
174	157	0.822704
174	158	0.866687
174	160	0.879816
174	161	0.839021
174	162	0.886401
174	164	0.86814
174	165	0.8459
174	166	0.846253
174	167	0.820905
174	170	0.838432
174	171	0.83779
174	172	0.8395
174	173	0.797077
174	175	0.845426
174	176	0.871779
174	177	0.834601
174	178	0.846611
174	179	0.838755
174	180	0.825112
175	4	0.946402
175	24	1.3176
175	34	0.924777
175	39	2.29384
175	46	2.19642
175	51	0.855499
175	53	2.10729
175	62	2.03007
175	65	1.80549
175	73	0.82815
175	83	0.988771
175	89	0.985568
175	92	0.985997
175	100	0.854691
175	101	1.00898
175	105	0.854578
175	106	0.942559
175	108	0.93356
175	113	0.851605
175	114	0.852318
175	115	0.908624
175	116	0.884099
175	117	0.971594
175	120	0.969664
175	121	0.914151
175	122	0.880176
175	123	0.950231
175	124	0.930433
175	125	0.819428
175	127	0.868439
175	128	0.887028
175	129	0.953577
175	132	0.966367
175	133	0.828057
175	134	0.890697
175	135	0.841972
175	139	0.813729
175	140	0.919238
175	141	0.841743
175	142	0.959047
175	145	2.24928
175	147	0.881893
175	148	0.826336
175	149	0.954291
175	150	0.895013
175	152	0.923477
175	153	0.898695
175	154	0.828619
175	155	0.876083
175	156	0.898694
175	158	0.878749
175	161	0.851084
175	162	0.898464
175	163	0.865918
175	164	0.880203
175	165	0.857963
175	166	0.858316
175	167	0.832967
175	168	0.907534
175	169	0.869218
175	170	0.850495
175	171	0.849853
175	172	0.851562
175	173	0.809139
175	174	0.845426
175	176	0.883841
175	177	0.846664
175	178	0.858674
175	179	0.850817
175	180	0.837175
176	7	1.55168
176	9	1.42365
176	33	1.78384
176	34	0.951129
176	64	1.68794
176	76	0.91298
176	79	1.46015
176	80	2.07465
176	83	1.01512
176	89	1.01192
176	90	1.65641
176	92	1.01235
176	99	1.21972
176	100	0.881043
176	102	0.824561
176	105	0.88093
176	106	0.968911
176	107	1.01011
176	108	0.959913
176	110	1.54194
176	113	0.877958
176	114	0.87867
176	115	0.934976
176	116	0.910452
176	120	0.996017
176	121	0.940503
176	122	0.906529
176	123	0.976584
176	125	0.845781
176	126	0.955504
176	127	0.894791
176	128	0.91338
176	129	0.979929
176	131	0.898941
176	133	0.85441
176	137	0.906226
176	140	0.94559
176	141	0.868095
176	142	0.985399
176	143	0.915243
176	144	0.984367
176	146	0.937656
176	148	0.852689
176	149	0.980644
176	151	0.866962
176	152	0.94983
176	153	0.925047
176	154	0.854972
176	155	0.902436
176	156	0.925047
176	157	0.861119
176	158	0.905102
176	159	0.985228
176	160	0.918231
176	161	0.877437
176	162	0.924816
176	163	0.89227
176	164	0.906555
176	165	0.884315
176	166	0.884668
176	168	0.933887
176	169	0.895571
176	170	0.876847
176	171	0.876205
176	172	0.877915
176	173	0.835492
176	174	0.871779
176	175	0.883841
176	177	0.873016
176	178	0.885026
176	179	0.87717
176	180	0.863527
177	9	0.905719
177	16	0.978664
177	23	0.881388
177	26	0.980959
177	30	0.975583
177	35	2.04565
177	44	2.71268
177	45	0.936332
177	49	0.921188
177	53	0.932076
177	59	0.93746
177	63	1.46183
177	66	0.9174
177	89	0.974743
177	90	0.976457
177	91	0.949022
177	94	0.896115
177	97	0.896228
177	103	1.4226
177	105	0.843753
177	108	0.922735
177	114	0.841493
177	115	0.897799
177	116	0.873275
177	118	2.09804
177	124	0.919609
177	130	0.909149
177	133	0.817233
177	134	0.879873
177	137	0.869049
177	138	2.4592
177	139	0.802905
177	140	0.908413
177	142	0.948222
177	143	0.878065
177	144	0.94719
177	146	0.900479
177	149	0.943467
177	152	0.912653
177	155	0.865259
177	156	0.88787
177	157	0.823942
177	158	0.867925
177	160	0.881054
177	161	0.840259
177	162	0.887639
177	165	0.847138
177	166	0.847491
177	167	0.822143
177	168	0.89671
177	169	0.858393
177	170	0.83967
177	171	0.839028
177	172	0.840738
177	173	0.798314
177	174	0.834601
177	175	0.846664
177	176	0.873016
177	178	0.847849
177	179	0.839993
177	180	0.82635
178	4	0.947587
178	40	0.992037
178	46	2.25404
178	51	0.856684
178	53	2.16491
178	60	2.07864
178	91	0.961031
178	96	2.00309
178	100	0.855876
178	101	1.01017
178	102	0.799393
178	103	1.39047
178	106	0.943744
178	108	0.934745
178	112	1.92833
178	113	0.85279
178	114	0.853503
178	116	0.885284
178	117	0.972779
178	119	2.38051
178	120	0.970849
178	121	0.915335
178	122	0.881361
178	123	0.951416
178	124	0.931618
178	125	0.820613
178	126	0.930336
178	127	0.869623
178	129	0.954762
178	131	0.873773
178	132	0.967552
178	133	0.829242
178	134	0.891882
178	137	0.881058
178	139	0.814914
178	141	0.842928
178	142	0.960231
178	143	0.890075
178	146	0.912489
178	147	0.883078
178	148	0.827521
178	149	0.955476
178	151	0.841794
178	152	0.924662
178	153	0.899879
178	154	0.829804
178	155	0.877268
178	156	0.899879
178	157	0.835951
178	158	0.879934
178	159	0.96006
178	160	0.893063
178	161	0.852269
178	162	0.899649
178	163	0.867103
178	164	0.881387
178	165	0.859147
178	166	0.859501
178	167	0.834152
178	168	0.908719
178	169	0.870403
178	170	0.851679
178	171	0.851037
178	172	0.852747
178	173	0.810324
178	174	0.846611
178	175	0.858674
178	176	0.885026
178	177	0.847849
178	179	0.852002
178	180	0.83836
179	4	0.93973
179	12	2.63772
179	21	2.36783
179	40	0.984181
179	47	1.95066
179	51	0.848828
179	52	1.85577
179	56	1.89095
179	67	1.82796
179	73	0.821479
179	76	0.879956
179	79	2.26912
179	83	0.9821
179	89	0.978896
179	101	1.00231
179	102	0.791537
179	105	0.847906
179	106	0.935887
179	107	0.977084
179	108	0.926889
179	113	0.844934
179	114	0.845646
179	116	0.877428
179	117	0.964923
179	120	0.962993
179	121	0.907479
179	122	0.873505
179	123	0.94356
179	125	0.812757
179	126	0.92248
179	127	0.861767
179	128	0.880357
179	129	0.946905
179	131	0.865917
179	132	0.959696
179	133	0.821386
179	134	0.884026
179	135	0.835301
179	139	0.807058
179	140	0.912566
179	141	0.835071
179	142	0.952375
179	143	0.882219
179	144	0.951343
179	146	0.904632
179	147	0.875222
179	148	0.819665
179	149	0.94762
179	150	0.888342
179	151	0.833938
179	153	0.892023
179	154	0.821948
179	156	0.892023
179	158	0.872078
179	159	0.952204
179	160	0.885207
179	161	0.844413
179	162	0.891792
179	163	0.859246
179	164	0.873531
179	165	0.851291
179	166	0.851645
179	167	0.826296
179	168	0.900863
179	169	0.862547
179	170	0.843823
179	172	0.844891
179	173	0.802468
179	174	0.838755
179	175	0.850817
179	176	0.87717
179	177	0.839993
179	178	0.852002
179	180	0.830503
180	4	0.926088
180	26	2.37176
180	34	0.904463
180	38	2.80277
180	40	0.970538
180	43	2.26122
180	49	2.42055
180	51	0.835185
180	63	1.89436
180	73	0.807837
180	76	0.866314
180	83	0.968457
180	86	2.5625
180	89	0.965254
180	91	0.939533
180	92	0.965683
180	99	2.68683
180	100	0.834377
180	101	0.988669
180	102	0.777895
180	105	0.834264
180	106	0.922245
180	107	0.963442
180	108	0.913246
180	113	0.831292
180	114	0.832004
180	115	0.88831
180	116	0.863786
180	117	0.95128
180	120	0.94935
180	121	0.893837
180	122	0.859862
180	123	0.929918
180	124	0.91012
180	125	0.799115
180	126	0.908837
180	127	0.848125
180	128	0.866714
180	129	0.933263
180	131	0.852274
180	132	0.946054
180	133	0.807744
180	134	0.870383
180	135	0.821658
180	137	0.85956
180	139	0.793416
180	140	0.898924
180	141	0.821429
180	142	0.938733
180	143	0.868576
180	144	0.937701
180	146	0.89099
180	147	0.861579
180	148	0.806022
180	149	0.933978
180	150	0.874699
180	151	0.820296
180	152	0.903163
180	153	0.878381
180	154	0.808306
180	155	0.85577
180	156	0.878381
180	157	0.814452
180	158	0.858436
180	159	0.938562
180	160	0.871565
180	161	0.83077
180	162	0.87815
180	163	0.845604
180	164	0.859889
180	165	0.837649
180	166	0.838002
180	167	0.812654
180	168	0.887221
180	169	0.848904
180	170	0.830181
180	171	0.829539
180	172	0.831248
180	173	0.788825
180	174	0.825112
180	175	0.837175
180	176	0.863527
180	177	0.82635
180	178	0.83836
180	179	0.830503
