1	2	0.749203
1	31	0.822208
1	61	0.790196
1	81	0.79491
1	84	0.787915
1	86	0.794623
1	110	0.82063
1	121	0.8096
1	127	1.46717
1	171	1.77633
1	179	0.832507
1	180	1.89427
2	1	0.749203
2	76	0.808382
2	81	0.819164
2	99	0.782091
2	105	0.812059
2	109	0.776895
2	147	1.64012
2	151	0.818297
2	155	0.779086
2	157	1.69232
2	160	1.81164
2	179	0.856761
3	35	1.14558
3	91	1.00936
3	93	1.19
3	116	1.00521
3	135	0.960674
3	159	0.960343
3	160	0.88921
3	174	0.899084
3	175	0.834767
3	176	0.903377
3	177	0.855894
3	180	0.89634
4	49	1.33587
4	52	0.89667
4	62	0.847077
4	63	0.952387
4	65	0.861802
4	69	0.916348
4	85	0.906957
4	98	0.931664
4	133	1.11953
4	143	1.15401
4	173	1.63344
4	176	0.887079
5	10	0.758909
5	51	1.31748
5	111	1.13408
5	132	1.11851
5	160	0.901612
5	164	0.942678
5	173	0.898836
5	174	0.911486
5	175	0.847169
5	177	0.868296
5	178	0.919291
5	180	0.908742
6	20	0.740763
6	73	0.821966
6	77	0.803413
6	79	0.799871
6	80	0.798072
6	88	0.804398
6	130	1.4336
6	139	1.81539
6	151	0.802653
6	162	0.791752
6	176	1.88042
6	179	0.841118
7	122	1.52002
7	128	0.78954
7	137	0.79381
7	140	0.780415
7	142	0.820345
7	144	1.78395
7	149	0.810061
7	152	0.788096
7	153	0.779014
7	154	0.804258
7	156	1.81976
7	179	0.832129
8	114	1.12142
8	140	1.2288
8	149	0.89347
8	152	1.09946
8	163	0.912593
8	166	0.91568
8	170	0.881203
8	172	0.918715
8	174	0.901793
8	177	0.858603
8	178	0.909597
8	180	0.899049
9	52	0.892413
9	53	0.89973
9	63	0.94813
9	65	0.857545
9	69	0.91209
9	98	0.927407
9	101	1.81497
9	139	0.880653
9	167	1.27151
9	172	1.23529
9	176	0.882821
9	179	0.694529
10	5	0.758909
10	57	1.0221
10	82	1.03962
10	97	0.99724
10	100	1.0678
10	117	1.02763
10	155	1.01247
10	160	1.05843
10	167	1.1063
10	168	1.03373
10	173	1.22492
10	180	1.10606
11	76	0.890005
11	84	0.893791
11	86	0.9005
11	105	0.893682
11	109	0.858517
11	110	0.926507
11	118	1.29567
11	151	0.89992
11	166	1.34449
11	169	1.25664
11	176	1.36368
11	179	0.938384
12	58	0.879685
12	67	0.923378
12	108	0.883929
12	111	0.922364
12	112	0.927302
12	126	0.896508
12	138	1.13493
12	157	1.10962
12	162	0.888847
12	168	0.88179
12	174	1.24153
12	175	1.78686
13	89	0.903979
13	92	0.885664
13	96	0.863874
13	104	0.897765
13	113	0.923855
13	114	0.923586
13	116	0.911222
13	161	1.039
13	168	0.89219
13	172	1.22561
13	174	1.22655
13	175	1.77187
14	89	0.801861
14	90	0.809238
14	92	0.783545
14	104	0.795646
14	113	0.821737
14	114	0.821468
14	116	0.809103
14	119	1.7356
14	155	0.768818
14	168	0.790072
14	173	1.79663
14	176	1.60995
15	81	0.795899
15	105	0.788794
15	107	0.787805
15	112	0.822586
15	126	0.791791
15	149	0.811427
15	152	0.789463
15	153	0.780381
15	160	1.72319
15	172	1.73484
15	178	1.6835
15	179	0.833496
16	39	1.39794
16	94	0.845123
16	104	1.6014
16	151	1.47485
16	157	0.826013
16	164	0.830722
16	171	0.814926
16	173	0.786879
16	175	0.735212
16	177	0.756339
16	178	0.807334
16	180	0.796785
17	38	0.832324
17	41	0.834665
17	57	0.781966
17	60	0.803637
17	82	0.799481
17	97	0.757104
17	100	0.827664
17	155	0.772335
17	167	1.70436
17	168	0.793589
17	170	1.85074
17	171	1.58618
18	60	0.893727
18	97	0.847194
18	123	0.895904
18	126	0.898397
18	130	1.10304
18	142	0.928317
18	144	1.41388
18	154	0.91223
18	159	1.28627
18	164	1.44462
18	168	0.883679
18	179	0.940101
19	87	0.891334
19	107	0.887409
19	108	0.878817
19	111	0.917252
19	112	0.92219
19	118	1.28637
19	123	0.888903
19	126	0.891395
19	136	0.926886
19	147	1.20305
19	176	1.35438
19	180	1.42221
20	6	0.740763
20	22	0.808585
20	68	1.67933
20	73	0.820559
20	77	0.802007
20	80	0.796666
20	88	0.802992
20	151	0.801247
20	162	0.790346
20	166	1.70461
20	174	1.75659
20	179	0.839711
21	116	2.36409
21	139	0.724948
21	147	0.762449
21	149	2.20835
21	163	0.733623
21	164	0.754015
21	170	0.702233
21	172	0.739745
21	174	0.722823
21	175	0.658505
21	177	0.679632
21	180	0.720078
22	20	0.808585
22	73	0.889787
22	77	0.871235
22	79	0.867692
22	80	0.865894
22	88	0.87222
22	135	1.35093
22	136	1.30472
22	138	0.862931
22	162	0.859574
22	164	1.44505
22	176	1.55029
22	179	0.908939
23	30	0.884713
23	39	0.878993
23	43	0.884718
23	44	0.950798
23	47	0.759545
23	48	0.846306
23	70	0.879683
23	78	0.855329
23	106	1.63298
23	123	0.862915
23	143	1.19335
23	156	1.38594
23	165	1.42456
24	88	1.33808
24	120	1.19188
24	148	0.893067
24	151	1.22743
24	159	0.922568
24	169	0.897891
24	171	0.876706
24	175	0.796992
24	176	0.865603
24	177	0.818119
24	178	0.869114
24	179	0.993822
24	180	0.858565
25	51	0.764789
25	58	0.755978
25	67	0.799671
25	87	0.772739
25	107	0.768814
25	108	0.760222
25	111	0.798657
25	112	0.803595
25	126	0.772801
25	130	1.63904
25	136	0.808291
25	145	1.87506
25	150	2.01721
26	29	0.888109
26	32	1.63555
26	64	0.845217
26	76	0.871023
26	84	0.874809
26	99	0.844732
26	105	0.8747
26	109	0.839535
26	129	1.2567
26	155	0.841726
26	158	1.47133
26	164	1.30476
26	179	0.919402
27	30	0.873972
27	48	0.835564
27	78	0.844587
27	110	0.884493
27	121	0.873464
27	132	0.878697
27	134	1.34812
27	153	0.843256
27	154	0.868499
27	156	1.44171
27	159	1.27829
27	172	1.57372
27	179	0.896371
28	48	1.63709
28	52	1.60754
28	62	0.743599
28	128	1.61251
28	135	0.840897
28	159	0.840566
28	171	0.794704
28	172	0.796229
28	173	0.766656
28	175	0.71499
28	177	0.736117
28	178	0.787111
28	180	0.776563
29	26	0.888109
29	40	0.789575
29	84	0.864179
29	99	0.834102
29	110	0.896895
29	121	0.885865
29	123	0.864575
29	151	0.870308
29	159	1.21048
29	162	1.43668
29	176	1.47407
29	179	0.908772
29	180	1.54189
30	23	0.884713
30	27	0.873972
30	36	0.884339
30	43	0.895273
30	45	0.864161
30	47	0.7701
30	70	0.890237
30	78	0.865883
30	123	0.873469
30	133	1.20153
30	141	1.34309
30	167	1.59683
30	178	1.50927
31	1	0.822208
31	40	0.810569
31	99	0.855096
31	105	0.885064
31	109	0.849899
31	121	0.906859
31	125	1.26536
31	146	1.50359
31	150	1.45967
31	151	0.891301
31	155	0.85209
31	164	1.42308
31	179	0.929766
32	26	1.63555
32	50	1.77502
32	69	1.5477
32	77	0.784621
32	79	0.781079
32	88	0.785606
32	93	0.765714
32	113	0.797569
32	116	0.784935
32	134	0.791342
32	178	0.751707
32	179	0.822326
32	180	0.741158
33	54	0.950858
33	63	0.89669
33	65	0.806105
33	69	0.860651
33	85	0.85126
33	98	0.875967
33	136	0.899298
33	139	0.829213
33	146	1.48366
33	147	1.35706
33	161	1.35363
33	171	1.45828
33	176	0.831382
34	64	0.838261
34	124	0.876971
34	128	0.869857
34	137	0.874126
34	138	0.866437
34	140	0.860732
34	145	1.30942
34	148	1.45172
34	152	0.868412
34	153	0.85933
34	154	0.884574
34	169	1.41318
34	171	1.47011
35	3	1.14558
35	95	0.876612
35	103	0.804652
35	132	0.887423
35	137	0.866778
35	141	1.37053
35	142	0.893313
35	149	0.883028
35	152	0.861064
35	153	0.851982
35	154	0.877226
35	161	1.40145
35	180	1.62404
36	30	0.884339
36	42	0.875865
36	43	0.884344
36	44	0.950423
36	45	0.853232
36	47	0.759171
36	70	0.879308
36	78	0.854954
36	123	0.86254
36	133	1.20715
36	150	1.46573
36	162	1.49699
36	171	1.48427
37	50	1.31495
37	142	1.12437
37	154	1.05998
37	160	0.864334
37	163	0.885008
37	168	1.24076
37	169	0.91079
37	170	0.853618
37	171	0.889605
37	175	0.809891
37	177	0.831018
37	178	0.882012
37	180	0.871463
38	17	0.832324
38	41	0.907032
38	57	0.854333
38	82	0.871848
38	83	0.893903
38	97	0.829471
38	100	0.900031
38	125	1.24457
38	155	0.844703
38	158	1.56887
38	165	1.44599
38	168	0.865957
38	169	1.40049
39	16	1.39794
39	23	0.878993
39	42	0.881074
39	44	0.955632
39	45	0.858441
39	47	0.76438
39	48	0.85114
39	70	0.884517
39	78	0.860163
39	123	0.867749
39	163	1.36802
39	164	1.33214
39	176	1.43738
40	29	0.789575
40	31	0.810569
40	61	0.778558
40	64	0.746684
40	76	0.77249
40	84	0.776276
40	86	0.782984
40	99	0.746199
40	105	0.776167
40	174	1.68768
40	175	2.23301
40	178	1.6354
40	179	0.820869
41	17	0.834665
41	38	0.907032
41	57	0.856674
41	60	0.878345
41	82	0.874189
41	94	1.38481
41	97	0.831812
41	100	0.902372
41	136	1.25138
41	139	1.43192
41	155	0.847044
41	168	0.868298
41	180	1.56477
42	36	0.875865
42	39	0.881074
42	43	0.886799
42	44	0.952878
42	45	0.855687
42	47	0.761626
42	48	0.848386
42	70	0.881763
42	78	0.857409
42	131	1.44578
42	136	1.30635
42	164	1.44669
42	169	1.44488
43	23	0.884718
43	30	0.895273
43	36	0.884344
43	42	0.886799
43	45	0.864166
43	47	0.770105
43	48	0.856865
43	70	0.890242
43	78	0.865888
43	148	1.27645
43	171	1.29484
43	174	1.37774
43	177	1.70949
44	23	0.950798
44	36	0.950423
44	39	0.955632
44	42	0.952878
44	47	0.836184
44	48	0.922945
44	70	0.956322
44	78	0.931967
44	123	0.939553
44	133	0.972926
44	171	1.25005
44	172	1.332
44	174	1.33294
44	178	1.28066
45	30	0.864161
45	36	0.853232
45	39	0.858441
45	42	0.855687
45	43	0.864166
45	47	0.738993
45	48	0.825754
45	70	0.859131
45	78	0.834776
45	123	0.842362
45	147	1.38509
45	162	1.49903
45	164	1.43118
45	170	1.75086
46	85	1.39234
46	121	1.23531
46	134	0.878816
46	140	1.30621
46	148	0.863135
46	151	1.22508
46	157	0.857861
46	161	0.881688
46	169	0.867959
46	172	0.848299
46	173	0.818726
46	175	0.76706
46	177	0.788187
46	180	0.828633
47	23	0.759545
47	30	0.7701
47	36	0.759171
47	39	0.76438
47	42	0.761626
47	43	0.770105
47	44	0.836184
47	45	0.738993
47	48	0.731692
47	70	0.765069
47	78	0.740715
47	133	1.8163
47	134	1.94977
47	160	2.16373
48	23	0.846306
48	27	0.835564
48	28	1.63709
48	39	0.85114
48	42	0.848386
48	43	0.856865
48	44	0.922945
48	45	0.825754
48	47	0.731692
48	70	0.85183
48	78	0.827476
48	143	1.23435
48	172	1.55894
48	178	1.5076
49	4	1.33587
49	91	1.3091
49	102	1.43447
49	145	0.87532
49	154	1.18361
49	156	0.867706
49	157	0.858275
49	167	0.842695
49	169	0.868373
49	173	0.81914
49	174	0.831791
49	175	0.767474
49	178	0.839596
49	180	0.829047
50	32	1.77502
50	37	1.31495
50	120	0.80817
50	132	0.85842
50	137	0.837775
50	140	0.824381
50	149	0.854026
50	151	0.83763
50	152	0.832061
50	153	0.822979
50	154	0.848223
50	157	1.45034
50	159	1.28587
50	179	0.876094
51	5	1.31748
51	25	0.764789
51	58	0.831822
51	67	0.875514
51	87	0.848582
51	107	0.844658
51	108	0.836065
51	112	0.879439
51	126	0.848644
51	130	1.14999
51	162	0.840984
51	168	0.833927
51	170	1.81125
51	180	1.66463
52	4	0.89667
52	9	0.892413
52	28	1.60754
52	53	0.818306
52	54	0.920873
52	65	0.776121
52	69	0.830667
52	85	0.821276
52	98	0.845983
52	118	1.42954
52	139	0.799229
52	150	1.4289
52	166	1.47836
52	176	0.801397
53	9	0.89973
53	52	0.818306
53	54	0.928191
53	62	0.768713
53	63	0.874023
53	65	0.783438
53	69	0.837984
53	85	0.828593
53	98	0.8533
53	134	1.48247
53	143	1.38348
53	161	1.52147
53	166	1.65704
53	176	0.808715
54	33	0.950858
54	52	0.920873
54	53	0.928191
54	63	0.97659
54	65	0.886006
54	69	0.940551
54	85	0.93116
54	98	0.955868
54	143	0.943114
54	156	1.1357
54	170	1.45031
54	173	1.42254
54	176	0.911282
54	178	1.21637
55	89	0.847748
55	92	0.829433
55	93	0.83577
55	96	0.807642
55	104	0.841534
55	113	0.867624
55	114	0.867355
55	116	0.854991
55	145	1.34013
55	155	0.814705
55	159	1.28734
55	162	1.51355
55	168	0.835959
55	177	1.91546
56	66	0.850805
56	125	1.31975
56	128	0.835381
56	137	0.839651
56	140	0.826256
56	149	0.855902
56	152	0.833937
56	153	0.824855
56	154	0.850099
56	158	1.64404
56	162	1.54532
56	176	0.80384
56	178	1.56321
56	179	0.87797
57	10	1.0221
57	17	0.781966
57	38	0.854333
57	41	0.856674
57	60	0.825646
57	82	0.82149
57	97	0.779113
57	100	0.849673
57	155	0.794345
57	162	1.43981
57	163	1.40784
57	168	0.815599
57	169	1.37015
57	177	1.84173
58	12	0.879685
58	25	0.755978
58	51	0.831822
58	67	0.866704
58	107	0.835847
58	111	0.86569
58	112	0.870628
58	125	1.41149
58	126	0.839834
58	145	1.46365
58	162	0.832173
58	163	1.60509
58	168	0.825117
58	169	1.5674
59	76	1.17595
59	85	1.14457
59	90	1.04574
59	112	0.978341
59	164	0.96592
59	166	0.948615
59	167	0.945631
59	170	0.914138
59	173	0.922077
59	174	0.934728
59	177	0.891537
59	178	0.942532
59	179	0.743706
59	180	0.931983
60	17	0.803637
60	18	0.893727
60	41	0.878345
60	57	0.825646
60	82	0.843161
60	97	0.800784
60	100	0.871344
60	117	0.831171
60	118	1.59547
60	125	1.40053
60	143	1.37074
60	155	0.816015
60	168	0.837269
60	174	1.69627
61	1	0.790196
61	40	0.778558
61	81	0.860158
61	99	0.823084
61	105	0.853052
61	109	0.817888
61	110	0.885877
61	121	0.874847
61	122	1.25844
61	136	1.41278
61	144	1.52237
61	155	0.820079
61	173	1.84503
61	179	0.897754
62	4	0.847077
62	28	0.743599
62	53	0.768713
62	70	1.6092
62	95	1.75342
62	104	0.775087
62	114	0.800908
62	116	0.788544
62	152	1.88906
62	170	0.726921
62	174	0.747511
62	176	0.751804
62	177	0.704321
62	180	0.744767
63	4	0.952387
63	9	0.94813
63	33	0.89669
63	53	0.874023
63	54	0.97659
63	65	0.831838
63	69	0.886383
63	85	0.876992
63	98	0.9017
63	118	1.33541
63	131	1.29728
63	135	1.20407
63	164	1.29819
63	174	1.43621
63	176	0.857114
64	26	0.845217
64	34	0.838261
64	40	0.746684
64	75	1.44899
64	82	0.81535
64	97	0.772973
64	99	0.791211
64	100	0.843533
64	121	0.842974
64	139	1.67612
64	148	1.67264
64	149	0.843812
64	152	0.821847
64	154	0.838009
64	164	1.63591
65	4	0.861802
65	9	0.857545
65	33	0.806105
65	52	0.776121
65	53	0.783438
65	54	0.886006
65	63	0.831838
65	68	1.62488
65	85	0.786408
65	98	0.811115
65	119	1.795
65	136	0.834445
65	159	1.40576
65	171	1.61924
65	176	0.766529
66	56	0.850805
66	102	0.868347
66	124	0.877426
66	135	1.23546
66	137	0.874581
66	140	0.861186
66	142	0.901116
66	152	0.868867
66	153	0.859785
66	154	0.885029
66	162	1.39743
66	172	1.46666
66	174	1.4676
66	176	0.83877
66	178	1.41532
66	179	0.9129
67	12	0.923378
67	25	0.799671
67	51	0.875514
67	58	0.866704
67	107	0.87954
67	108	0.870947
67	111	0.909383
67	126	0.883526
67	127	1.07541
67	139	0.848933
67	157	1.33556
67	162	0.875866
67	168	0.868809
67	173	1.62136
67	176	1.43468
67	180	1.50251
68	20	1.67933
68	65	1.62488
68	108	1.44429
68	119	0.791208
68	161	0.845257
68	166	0.808833
68	167	0.80585
68	168	1.4308
68	171	0.810343
68	172	0.811868
68	173	0.782295
68	174	0.794946
68	176	0.799239
68	177	0.751756
68	178	0.802751
68	180	0.792202
69	4	0.916348
69	9	0.91209
69	32	1.5477
69	33	0.860651
69	52	0.830667
69	53	0.837984
69	54	0.940551
69	63	0.886383
69	85	0.840953
69	98	0.865661
69	136	0.888991
69	158	1.38348
69	162	1.28476
69	174	1.35493
69	176	0.821075
69	178	1.30265
70	23	0.879683
70	30	0.890237
70	36	0.879308
70	39	0.884517
70	42	0.881763
70	43	0.890242
70	44	0.956322
70	45	0.859131
70	47	0.765069
70	48	0.85183
70	62	1.6092
70	78	0.860853
70	138	1.1124
70	158	1.24755
70	171	1.1361
70	175	1.76433
71	89	0.879105
71	90	0.886482
71	92	0.860789
71	93	0.867127
71	96	0.838999
71	104	0.87289
71	113	0.898981
71	114	0.898712
71	115	1.26918
71	116	0.886347
71	135	1.25909
71	155	0.846062
71	162	1.42107
71	168	0.867316
71	169	1.3514
71	170	1.67289
72	98	1.99612
72	115	0.788738
72	145	0.769248
72	146	0.747128
72	149	2.02422
72	165	0.750678
72	166	0.739606
72	169	0.762301
72	170	0.705129
72	171	0.741115
72	172	0.742641
72	173	0.713068
72	177	0.682528
72	178	0.733523
72	179	2.04481
72	180	0.722974
73	6	0.821966
73	20	0.820559
73	22	0.889787
73	77	0.883209
73	79	0.879667
73	80	0.877868
73	88	0.884194
73	125	1.17124
73	138	0.874905
73	151	0.882449
73	157	1.33508
73	162	0.871548
73	167	1.50227
73	174	1.46699
73	179	0.920914
73	180	1.50203
74	99	0.761342
74	105	0.79131
74	107	0.790321
74	108	0.781728
74	110	0.824135
74	111	0.820164
74	121	0.813105
74	126	0.794307
74	144	1.40403
74	149	0.813943
74	152	0.791979
74	153	0.782897
74	164	1.43477
74	175	2.11812
74	177	1.90454
74	179	0.836012
75	64	1.44899
75	104	1.34869
75	110	1.04185
75	114	1.1959
75	145	0.872625
75	147	0.868722
75	155	1.31519
75	158	0.840292
75	159	0.890355
75	161	0.879407
75	164	0.860288
75	169	0.865678
75	171	0.844493
75	174	0.829096
75	177	0.785906
75	178	0.836901
75	180	0.826352
76	2	0.808382
76	11	0.890005
76	26	0.871023
76	40	0.77249
76	59	1.17595
76	81	0.854089
76	86	0.853802
76	105	0.846984
76	109	0.811819
76	110	0.879809
76	115	1.52365
76	121	0.868779
76	122	1.31301
76	151	0.853222
76	157	1.6138
76	164	1.60768
76	179	0.891686
77	6	0.803413
77	20	0.802007
77	22	0.871235
77	32	0.784621
77	73	0.883209
77	79	0.861114
77	80	0.859316
77	88	0.865642
77	118	1.50061
77	130	1.12181
77	138	0.856353
77	146	1.5439
77	151	0.863897
77	162	0.852996
77	172	1.60047
77	174	1.60141
77	179	0.902361
78	23	0.855329
78	27	0.844587
78	30	0.865883
78	36	0.854954
78	39	0.860163
78	42	0.857409
78	43	0.865888
78	44	0.931967
78	45	0.834776
78	47	0.740715
78	48	0.827476
78	70	0.860853
78	94	1.44534
78	148	1.48897
78	157	1.45835
78	162	1.52009
78	169	1.45043
79	6	0.799871
79	22	0.867692
79	32	0.781079
79	73	0.879667
79	77	0.861114
79	80	0.855773
79	83	1.36019
79	88	0.862099
79	115	1.47514
79	117	0.836299
79	130	1.21759
79	138	0.852811
79	151	0.860354
79	157	1.56529
79	162	0.849453
79	167	1.73247
79	179	0.898819
80	6	0.798072
80	20	0.796666
80	22	0.865894
80	73	0.877868
80	77	0.859316
80	79	0.855773
80	88	0.860301
80	117	0.8345
80	136	1.24009
80	138	0.851012
80	144	1.34968
80	147	1.33433
80	151	0.858556
80	157	1.38654
80	162	0.847655
80	175	2.06377
80	179	0.89702
81	1	0.79491
81	2	0.819164
81	15	0.795899
81	61	0.860158
81	76	0.854089
81	84	0.857876
81	86	0.864584
81	109	0.822602
81	110	0.890591
81	121	0.879561
81	123	0.858271
81	141	1.23947
81	156	1.32498
81	170	1.63959
81	171	1.37503
81	177	1.78968
81	179	0.902468
82	10	1.03962
82	17	0.799481
82	38	0.871848
82	41	0.874189
82	57	0.82149
82	60	0.843161
82	64	0.81535
82	97	0.796628
82	100	0.867188
82	117	0.827016
82	147	1.41159
82	150	1.49427
82	155	0.811859
82	158	1.62426
82	159	1.29933
82	166	1.54373
82	168	0.833113
83	38	0.893903
83	79	1.36019
83	87	1.29128
83	90	1.27849
83	97	0.818683
83	100	0.889243
83	105	1.3494
83	123	1.08275
83	142	0.899807
83	152	0.867557
83	153	0.858475
83	154	0.883719
83	168	0.855169
83	175	0.76885
83	177	0.789977
83	178	0.840972
83	180	0.830423
84	1	0.787915
84	11	0.893791
84	26	0.874809
84	29	0.864179
84	40	0.776276
84	81	0.857876
84	86	0.857588
84	99	0.820803
84	109	0.815606
84	110	0.883595
84	121	0.872566
84	147	1.30298
84	170	1.66875
84	176	1.4543
84	178	1.43481
84	179	0.895473
84	180	1.52213
85	4	0.906957
85	33	0.85126
85	46	1.39234
85	52	0.821276
85	53	0.828593
85	54	0.93116
85	59	1.14457
85	63	0.876992
85	65	0.786408
85	69	0.840953
85	98	0.85627
85	136	0.8796
85	139	0.809516
85	147	1.53022
85	159	1.41796
85	176	0.811684
85	178	1.66205
86	1	0.794623
86	11	0.9005
86	40	0.782984
86	76	0.853802
86	81	0.864584
86	84	0.857588
86	99	0.827511
86	109	0.822314
86	110	0.890304
86	115	1.47381
86	121	0.879274
86	130	1.21626
86	136	1.4175
86	139	1.59805
86	155	0.824505
86	178	1.64358
86	179	0.902181
87	19	0.891334
87	25	0.772739
87	51	0.848582
87	83	1.29128
87	107	0.852608
87	108	0.844016
87	111	0.882451
87	112	0.887389
87	123	0.854101
87	126	0.856594
87	133	1.26827
87	139	0.822001
87	145	1.3847
87	162	0.848934
87	164	1.49026
87	168	0.841877
87	170	1.80994
88	6	0.804398
88	20	0.802992
88	22	0.87222
88	24	1.33808
88	32	0.785606
88	73	0.884194
88	77	0.865642
88	79	0.862099
88	80	0.860301
88	117	0.840826
88	118	1.55693
88	125	1.36198
88	141	1.43926
88	151	0.864882
88	162	0.853981
88	165	1.5634
88	179	0.903346
89	13	0.903979
89	14	0.801861
89	55	0.847748
89	71	0.879105
89	90	0.858177
89	96	0.810694
89	104	0.844585
89	113	0.870676
89	114	0.870406
89	116	0.858042
89	129	1.13261
89	155	0.817757
89	168	0.839011
89	173	1.47259
89	175	1.86402
89	177	1.65044
89	178	1.26641
90	14	0.809238
90	59	1.04574
90	71	0.886482
90	83	1.27849
90	89	0.858177
90	92	0.839862
90	93	0.846199
90	96	0.818071
90	104	0.851963
90	106	1.72959
90	113	0.878053
90	114	0.877784
90	116	0.86542
90	146	1.55799
90	155	0.825134
90	163	1.51335
90	168	0.846388
91	3	1.00936
91	49	1.3091
91	120	0.867157
91	124	0.899608
91	128	0.892493
91	132	0.917408
91	138	0.889074
91	140	0.883368
91	142	0.923298
91	145	1.20919
91	149	0.913013
91	152	0.891049
91	153	0.881967
91	154	0.907211
91	161	1.26523
91	166	1.4008
91	172	1.45183
91	179	0.935082
92	13	0.885664
92	14	0.783545
92	55	0.829433
92	71	0.860789
92	90	0.839862
92	93	0.820506
92	96	0.792379
92	104	0.82627
92	113	0.85236
92	114	0.852091
92	116	0.839727
92	129	1.51867
92	138	1.59815
92	143	1.37922
92	155	0.799441
92	163	1.60261
92	168	0.820695
92	176	1.67197
93	3	1.19
93	32	0.765714
93	55	0.83577
93	71	0.867127
93	90	0.846199
93	92	0.820506
93	96	0.798716
93	104	0.832607
93	113	0.858698
93	114	0.858428
93	116	0.846064
93	118	0.839213
93	122	1.20072
93	155	0.805778
93	157	1.50151
93	168	0.827032
93	175	2.17875
93	178	1.58114
94	16	0.845123
94	41	1.38481
94	78	1.44534
94	131	0.87341
94	140	1.48329
94	153	1.3929
94	163	0.839613
94	164	0.860004
94	165	0.853772
94	166	0.842699
94	170	0.808222
94	172	0.845734
94	173	0.816162
94	175	0.764495
94	177	0.785622
94	178	0.836617
94	179	1.16855
94	180	0.826068
95	35	0.876612
95	62	1.75342
95	102	0.867028
95	119	1.45609
95	120	0.843656
95	124	0.876106
95	132	0.893906
95	137	0.873261
95	139	1.26542
95	140	0.859866
95	142	0.899796
95	149	0.889512
95	152	0.867547
95	153	0.858465
95	154	0.883709
95	157	1.23132
95	164	1.2252
95	169	1.2234
95	179	0.91158
96	13	0.863874
96	55	0.807642
96	71	0.838999
96	89	0.810694
96	90	0.818071
96	92	0.792379
96	93	0.798716
96	104	0.80448
96	113	0.83057
96	114	0.830301
96	116	0.817937
96	118	0.811086
96	122	1.25466
96	155	0.777651
96	159	1.39098
96	160	1.67477
96	168	0.798905
96	171	1.60446
96	175	2.23268
97	10	0.99724
97	17	0.757104
97	18	0.847194
97	38	0.829471
97	41	0.831812
97	57	0.779113
97	60	0.800784
97	64	0.772973
97	82	0.796628
97	83	0.818683
97	100	0.824811
97	117	0.784638
97	130	1.34966
97	145	1.58568
97	155	0.769482
97	157	1.69736
97	163	1.72712
97	168	0.790736
97	176	1.79648
98	4	0.931664
98	9	0.927407
98	33	0.875967
98	52	0.845983
98	53	0.8533
98	54	0.955868
98	63	0.9017
98	65	0.811115
98	69	0.865661
98	72	1.99612
98	85	0.85627
98	136	0.904307
98	139	0.834223
98	144	1.09602
98	160	1.25219
98	161	1.07723
98	167	1.30006
98	170	1.44644
98	176	0.836392
99	2	0.782091
99	26	0.844732
99	29	0.834102
99	31	0.855096
99	40	0.746199
99	61	0.823084
99	64	0.791211
99	74	0.761342
99	84	0.820803
99	86	0.827511
99	105	0.820693
99	109	0.785529
99	121	0.842488
99	138	1.59912
99	161	1.51817
99	172	1.70478
99	174	1.70572
99	178	1.65344
99	179	0.865395
100	10	1.0678
100	17	0.827664
100	38	0.900031
100	41	0.902372
100	57	0.849673
100	60	0.871344
100	64	0.843533
100	82	0.867188
100	83	0.889243
100	97	0.824811
100	117	0.855198
100	155	0.840042
100	164	1.08048
100	165	1.12417
100	168	0.861296
100	170	1.40016
100	173	1.3724
100	175	1.76383
100	177	1.55025
101	9	1.81497
101	107	2.01824
101	110	1.94553
101	118	0.771166
101	131	0.781582
101	145	0.780513
101	158	0.74818
101	159	0.798243
101	161	0.787294
101	166	0.750871
101	167	0.747887
101	169	0.773566
101	171	0.75238
101	173	0.724333
101	174	0.736984
101	175	0.672666
101	177	0.693793
101	178	0.744788
101	179	1.89221
101	180	0.734239
102	49	1.43447
102	66	0.868347
102	95	0.867028
102	103	0.795068
102	124	0.860039
102	128	0.852924
102	132	0.877839
102	136	1.29979
102	140	0.843799
102	142	0.883729
102	149	0.873444
102	152	0.85148
102	153	0.842398
102	154	0.867642
102	156	1.4452
102	159	1.28177
102	165	1.48382
102	176	0.821383
102	179	0.895513
102	180	1.61318
103	35	0.804652
103	102	0.795068
103	120	0.771696
103	124	0.804146
103	128	0.797031
103	135	1.44522
103	137	0.801301
103	138	0.793612
103	140	0.787907
103	142	0.827836
103	149	0.817552
103	152	0.795587
103	153	0.786505
103	154	0.811749
103	158	1.70592
103	165	1.58304
103	173	1.83126
103	176	0.76549
103	177	2.00911
103	179	0.83962
104	13	0.897765
104	14	0.795646
104	16	1.6014
104	55	0.841534
104	62	0.775087
104	71	0.87289
104	75	1.34869
104	89	0.844585
104	90	0.851963
104	92	0.82627
104	93	0.832607
104	96	0.80448
104	113	0.864461
104	114	0.864192
104	116	0.851828
104	118	0.844977
104	127	1.28157
104	159	1.37725
104	168	0.832796
104	169	1.53379
104	180	1.70867
105	2	0.812059
105	11	0.893682
105	15	0.788794
105	26	0.8747
105	31	0.885064
105	40	0.776167
105	61	0.853052
105	74	0.79131
105	76	0.846984
105	83	1.3494
105	99	0.820693
105	109	0.815496
105	121	0.872456
105	138	1.57981
105	143	1.36088
105	151	0.856899
105	155	0.817687
105	161	1.49886
105	166	1.63443
105	169	1.54658
105	179	0.895363
106	23	1.63298
106	90	1.72959
106	108	1.63564
106	119	0.777004
106	143	0.856824
106	146	0.802151
106	150	0.790211
106	154	1.44137
106	162	0.8098
106	166	0.794629
106	167	0.791645
106	168	1.62215
106	169	0.817324
106	170	0.760152
106	171	0.796139
106	172	0.797664
106	175	0.716425
106	176	0.785035
106	177	0.737552
106	178	0.788547
106	180	0.777998
107	15	0.787805
107	19	0.887409
107	25	0.768814
107	51	0.844658
107	58	0.835847
107	67	0.87954
107	74	0.790321
107	87	0.852608
107	101	2.01824
107	108	0.840091
107	111	0.878526
107	112	0.883464
107	126	0.85267
107	134	1.21295
107	138	1.3329
107	139	0.818076
107	162	0.845009
107	168	0.837952
107	170	1.62116
107	176	1.40671
107	178	1.38722
108	12	0.883929
108	19	0.878817
108	25	0.760222
108	51	0.836065
108	67	0.870947
108	68	1.44429
108	74	0.781728
108	87	0.844016
108	106	1.63564
108	107	0.840091
108	111	0.869934
108	112	0.874872
108	123	0.841584
108	126	0.844077
108	131	1.38262
108	139	0.809484
108	162	0.836417
108	163	1.4194
108	168	0.82936
108	171	1.43865
108	172	1.52061
109	2	0.776895
109	11	0.858517
109	26	0.839535
109	31	0.849899
109	61	0.817888
109	76	0.811819
109	81	0.822602
109	84	0.815606
109	86	0.822314
109	99	0.785529
109	105	0.815496
109	110	0.848321
109	121	0.837292
109	123	0.816001
109	151	0.821734
109	160	1.573
109	161	1.39805
109	167	1.62087
109	173	1.73949
109	178	1.53331
109	179	0.860199
109	180	1.62063
110	1	0.82063
110	11	0.926507
110	27	0.884493
110	29	0.896895
110	61	0.885877
110	74	0.824135
110	75	1.04185
110	76	0.879809
110	81	0.890591
110	84	0.883595
110	86	0.890304
110	101	1.94553
110	109	0.848321
110	121	0.905281
110	123	0.883991
110	136	1.08843
110	146	1.30928
110	155	0.850512
110	165	1.27246
110	172	1.36585
110	176	1.334
110	179	0.928188
111	5	1.13408
111	12	0.922364
111	19	0.917252
111	25	0.798657
111	58	0.86569
111	67	0.909383
111	74	0.820164
111	87	0.882451
111	107	0.878526
111	108	0.869934
111	112	0.913307
111	119	1.53906
111	123	0.88002
111	126	0.882513
111	127	1.05414
111	136	0.918004
111	161	1.25865
111	162	0.874852
111	168	0.867796
111	173	1.60009
111	176	1.41341
111	180	1.48123
112	12	0.927302
112	15	0.822586
112	19	0.92219
112	25	0.803595
112	51	0.879439
112	58	0.870628
112	59	0.978341
112	87	0.887389
112	107	0.883464
112	108	0.874872
112	111	0.913307
112	126	0.887451
112	131	1.40918
112	136	0.922941
112	139	0.852857
112	143	1.22257
112	160	1.53552
112	161	1.36056
112	162	0.87979
112	163	1.44596
112	168	0.872733
112	176	1.51532
113	13	0.923855
113	14	0.821737
113	32	0.797569
113	55	0.867624
113	71	0.898981
113	89	0.870676
113	90	0.878053
113	92	0.85236
113	93	0.858698
113	96	0.83057
113	104	0.864461
113	114	0.890283
113	116	0.877918
113	118	0.871067
113	138	1.27885
113	155	0.837633
113	162	1.31528
113	166	1.33347
113	168	0.858887
113	172	1.38451
113	175	1.93078
113	176	1.35266
113	180	1.42049
114	8	1.12142
114	13	0.923586
114	14	0.821468
114	55	0.867355
114	62	0.800908
114	71	0.898712
114	75	1.1959
114	89	0.870406
114	90	0.877784
114	92	0.852091
114	93	0.858428
114	96	0.830301
114	104	0.864192
114	113	0.890283
114	116	0.877649
114	118	0.870798
114	125	1.22509
114	155	0.837363
114	168	0.858617
114	173	1.67473
114	174	1.52084
114	176	1.48805
114	180	1.55588
115	71	1.26918
115	72	0.788738
115	76	1.52365
115	79	1.47514
115	86	1.47381
115	135	0.907828
115	137	1.26752
115	142	1.16962
115	147	0.885865
115	156	0.882153
115	158	0.857435
115	160	0.836364
115	163	0.857039
115	165	0.871198
115	170	0.825648
115	171	0.861635
115	172	0.86316
115	173	0.833588
115	174	0.846238
115	175	0.781921
115	177	0.803048
115	178	0.854043
115	179	1.09141
115	180	0.843494
116	3	1.00521
116	13	0.911222
116	14	0.809103
116	21	2.36409
116	32	0.784935
116	55	0.854991
116	62	0.788544
116	71	0.886347
116	89	0.858042
116	90	0.86542
116	92	0.839727
116	93	0.846064
116	96	0.817937
116	104	0.851828
116	113	0.877918
116	114	0.877649
116	118	0.858434
116	130	0.969017
116	144	1.27986
116	155	0.824999
116	156	1.31567
116	168	0.846253
116	172	1.44768
116	177	1.78037
117	10	1.02763
117	60	0.831171
117	79	0.836299
117	80	0.8345
117	82	0.827016
117	88	0.840826
117	97	0.784638
117	100	0.855198
117	128	0.834957
117	131	1.41587
117	135	1.32265
117	141	1.33633
117	142	0.865762
117	149	0.855477
117	150	1.45336
117	153	0.824431
117	154	0.849674
117	157	1.42289
117	162	0.82818
117	168	0.821124
117	172	1.55385
117	176	0.803416
117	177	1.88654
117	179	0.877546
118	11	1.29567
118	19	1.28637
118	52	1.42954
118	60	1.59547
118	63	1.33541
118	77	1.50061
118	88	1.55693
118	93	0.839213
118	96	0.811086
118	101	0.771166
118	104	0.844977
118	113	0.871067
118	114	0.870798
118	116	0.858434
118	120	0.8279
118	133	0.90619
118	140	0.844111
118	149	0.873756
118	152	0.851791
118	153	0.842709
118	174	0.817401
118	175	0.753084
118	177	0.774211
118	178	0.825206
118	180	0.814657
119	14	1.7356
119	65	1.795
119	68	0.791208
119	95	1.45609
119	106	0.777004
119	111	1.53906
119	120	1.60439
119	129	0.834477
119	143	0.855563
119	151	1.63994
119	157	0.805965
119	159	0.84074
119	160	0.769607
119	162	0.808539
119	163	0.790281
119	166	0.793368
119	169	0.816063
119	170	0.758891
119	172	0.796403
119	173	0.76683
119	174	0.779481
119	175	0.715164
119	177	0.736291
119	178	0.787286
119	180	0.776737
120	24	1.19188
120	50	0.80817
120	91	0.867157
120	95	0.843656
120	103	0.771696
120	118	0.8279
120	119	1.60439
120	124	0.836667
120	128	0.829552
120	132	0.854467
120	137	0.833822
120	140	0.820427
120	142	0.860357
120	149	0.850072
120	151	0.833676
120	152	0.828108
120	153	0.819026
120	154	0.84427
120	162	1.44135
120	166	1.45955
120	169	1.37169
120	175	2.05685
120	176	0.798011
120	178	1.45924
120	179	0.872141
121	1	0.8096
121	27	0.873464
121	29	0.885865
121	31	0.906859
121	46	1.23531
121	61	0.874847
121	64	0.842974
121	74	0.813105
121	76	0.868779
121	81	0.879561
121	84	0.872566
121	86	0.879274
121	99	0.842488
121	105	0.872456
121	109	0.837292
121	110	0.905281
121	135	1.32517
121	136	1.27895
121	138	1.45071
121	146	1.4998
121	151	0.878694
121	155	0.839483
121	159	1.26094
121	174	1.55731
121	179	0.917158
121	180	1.59235
122	7	1.52002
122	61	1.25844
122	76	1.31301
122	93	1.20072
122	96	1.25466
122	125	0.919279
122	126	1.22248
122	130	0.939895
122	140	1.19552
122	144	0.894557
122	147	0.894057
122	151	1.11438
122	156	0.890346
122	158	0.865627
122	163	0.865231
122	165	0.87939
122	167	0.865334
122	170	0.833841
122	171	0.869827
122	172	0.871353
122	173	0.84178
122	174	0.854431
122	175	0.790113
122	177	0.81124
122	178	0.862235
122	180	0.851686
123	18	0.895904
123	19	0.888903
123	23	0.862915
123	29	0.864575
123	30	0.873469
123	36	0.86254
123	39	0.867749
123	44	0.939553
123	45	0.842362
123	81	0.858271
123	83	1.08275
123	87	0.854101
123	108	0.841584
123	109	0.816001
123	110	0.883991
123	111	0.88002
123	126	0.854163
123	138	1.31316
123	155	0.818192
123	167	1.45504
123	169	1.27993
123	173	1.57365
123	176	1.38697
123	177	1.75151
123	178	1.36748
123	179	0.895868
124	34	0.876971
124	66	0.877426
124	91	0.899608
124	95	0.876106
124	102	0.860039
124	103	0.804146
124	120	0.836667
124	128	0.862002
124	129	1.31561
124	132	0.886917
124	137	0.866272
124	140	0.852878
124	141	1.28323
124	142	0.892808
124	149	0.882523
124	152	0.860558
124	153	0.851476
124	154	0.87672
124	160	1.4891
124	161	1.31415
124	162	1.43152
124	172	1.50075
124	176	0.830462
124	178	1.44941
124	179	0.904591
124	180	1.53673
125	31	1.26536
125	38	1.24457
125	56	1.31975
125	58	1.41149
125	60	1.40053
125	73	1.17124
125	88	1.36198
125	114	1.22509
125	122	0.919279
125	133	0.936856
125	135	0.909657
125	146	0.869477
125	147	0.887694
125	161	0.898378
125	163	0.858868
125	165	0.873027
125	167	0.858971
125	169	0.884649
125	171	0.863464
125	172	0.864989
125	173	0.835417
125	174	0.848067
125	175	0.78375
125	177	0.804877
125	178	0.855872
125	180	0.845323
126	12	0.896508
126	15	0.791791
126	18	0.898397
126	19	0.891395
126	25	0.772801
126	51	0.848644
126	58	0.839834
126	67	0.883526
126	74	0.794307
126	87	0.856594
126	107	0.85267
126	108	0.844077
126	111	0.882513
126	112	0.887451
126	122	1.22248
126	123	0.854163
126	127	1.26312
126	133	1.29516
126	136	0.892147
126	139	0.822063
126	148	1.55389
126	150	1.55375
126	162	0.848995
126	163	1.55303
126	165	1.56085
126	168	0.841939
126	171	1.57228
127	1	1.46717
127	67	1.07541
127	104	1.28157
127	111	1.05414
127	126	1.26312
127	128	1.14325
127	133	0.969466
127	141	0.930938
127	143	0.956759
127	144	0.920803
127	147	0.920303
127	149	0.900822
127	155	1.24807
127	157	0.90716
127	163	0.891477
127	165	0.905636
127	166	0.894564
127	167	0.89158
127	169	0.917259
127	171	0.896073
127	172	0.897599
127	174	0.880677
127	175	0.816359
127	177	0.837487
127	178	0.888481
127	179	0.92141
127	180	0.877932
128	7	0.78954
128	28	1.61251
128	34	0.869857
128	56	0.835381
128	91	0.892493
128	102	0.852924
128	103	0.797031
128	117	0.834957
128	120	0.829552
128	124	0.862002
128	127	1.14325
128	132	0.879802
128	134	1.30876
128	137	0.859157
128	140	0.845763
128	142	0.885693
128	147	1.35119
128	149	0.875408
128	150	1.43387
128	152	0.853443
128	153	0.844361
128	154	0.869605
128	163	1.43316
128	170	1.71696
128	176	0.823347
128	178	1.48302
128	179	0.897476
129	26	1.2567
129	89	1.13261
129	92	1.51867
129	119	0.834477
129	124	1.31561
129	131	0.882814
129	137	1.30349
129	147	0.877842
129	148	0.869974
129	153	1.35173
129	154	1.1412
129	156	0.874131
129	157	0.864699
129	158	0.849412
129	159	0.899475
129	161	0.888526
129	163	0.849016
129	164	0.869408
129	166	0.852103
129	168	1.32198
129	170	0.817626
129	171	0.853612
129	173	0.825565
129	174	0.838215
129	175	0.773898
129	178	0.84602
129	180	0.835471
130	6	1.4336
130	18	1.10304
130	25	1.63904
130	51	1.14999
130	77	1.12181
130	79	1.21759
130	86	1.21626
130	97	1.34966
130	116	0.969017
130	122	0.939895
130	141	0.918944
130	145	0.912212
130	150	0.878152
130	156	0.904599
130	160	0.858809
130	161	0.918994
130	163	0.879484
130	164	0.899875
130	165	0.893643
130	167	0.879587
130	169	0.905265
130	171	0.88408
130	172	0.885605
130	174	0.868683
130	175	0.804366
130	177	0.825493
130	178	0.876488
130	180	0.865939
131	42	1.44578
131	63	1.29728
131	94	0.87341
131	101	0.781582
131	108	1.38262
131	112	1.40918
131	117	1.41587
131	129	0.882814
131	137	1.35064
131	143	0.903899
131	144	0.867943
131	149	1.15395
131	151	1.40815
131	157	0.854301
131	159	0.889076
131	160	0.817943
131	161	0.878128
131	167	0.838721
131	169	0.864399
131	170	0.807227
131	171	0.843214
131	172	0.844739
131	173	0.815167
131	174	0.827817
131	175	0.7635
131	177	0.784627
131	178	0.835622
131	180	0.825073
132	5	1.11851
132	27	0.878697
132	35	0.887423
132	50	0.85842
132	91	0.917408
132	95	0.893906
132	102	0.877839
132	120	0.854467
132	124	0.886917
132	128	0.879802
132	137	0.884072
132	140	0.870678
132	141	1.21216
132	142	0.910608
132	147	1.24651
132	149	0.900323
132	151	0.883927
132	152	0.878358
132	153	0.869276
132	154	0.89452
132	156	1.29767
132	158	1.45917
132	166	1.37864
132	169	1.29079
132	171	1.34772
132	176	0.848261
132	177	1.76237
132	179	0.922391
133	4	1.11953
133	30	1.20153
133	36	1.20715
133	44	0.972926
133	47	1.8163
133	87	1.26827
133	118	0.90619
133	125	0.936856
133	126	1.29516
133	127	0.969466
133	146	0.893417
133	148	0.903766
133	150	0.881477
133	158	0.883205
133	160	0.862134
133	161	0.922319
133	165	0.896968
133	168	1.14805
133	170	0.851418
133	171	0.887405
133	172	0.88893
133	173	0.859357
133	174	0.872008
133	175	0.807691
133	177	0.828818
133	178	0.879813
133	179	0.953452
133	180	0.869264
134	27	1.34812
134	32	0.791342
134	46	0.878816
134	47	1.94977
134	53	1.48247
134	107	1.21295
134	128	1.30876
134	135	0.892248
134	145	0.874187
134	149	1.06634
134	155	1.41359
134	159	0.891917
134	160	0.820784
134	161	0.880969
134	163	0.841459
134	166	0.844545
134	167	0.841562
134	169	0.86724
134	170	0.810068
134	171	0.846055
134	172	0.84758
134	173	0.818008
134	174	0.830658
134	175	0.766341
134	177	0.787468
134	178	0.838463
134	179	1.08692
134	180	0.827914
135	3	0.960674
135	22	1.35093
135	28	0.840897
135	63	1.20407
135	66	1.23546
135	71	1.25909
135	103	1.44522
135	115	0.907828
135	117	1.32265
135	121	1.32517
135	125	0.909657
135	134	0.892248
135	142	1.15953
135	143	0.920891
135	147	0.884435
135	150	0.854278
135	156	0.880724
135	159	0.906068
135	160	0.834935
135	164	0.876001
135	166	0.858696
135	171	0.860206
135	172	0.861731
135	173	0.832158
135	174	0.844809
135	175	0.780492
135	178	0.852614
135	179	1.08133
135	180	0.842065
136	19	0.926886
136	22	1.30472
136	25	0.808291
136	33	0.899298
136	41	1.25138
136	42	1.30635
136	61	1.41278
136	65	0.834445
136	69	0.888991
136	80	1.24009
136	85	0.8796
136	86	1.4175
136	98	0.904307
136	102	1.29979
136	110	1.08843
136	111	0.918004
136	112	0.922941
136	121	1.27895
136	126	0.892147
136	139	0.857553
136	158	0.866625
136	168	0.87743
136	170	0.834839
136	173	0.842778
136	174	0.855428
136	176	0.859722
136	177	0.812238
136	178	0.863233
136	180	0.852684
137	7	0.79381
137	34	0.874126
137	35	0.866778
137	50	0.837775
137	56	0.839651
137	66	0.874581
137	95	0.873261
137	103	0.801301
137	115	1.26752
137	120	0.833822
137	124	0.866272
137	128	0.859157
137	129	1.30349
137	131	1.35064
137	132	0.884072
137	140	0.850033
137	142	0.889963
137	145	1.24598
137	148	1.38828
137	149	0.879678
137	151	0.863282
137	152	0.857713
137	153	0.848631
137	154	0.873875
137	166	1.43759
137	167	1.52485
137	170	1.67123
137	174	1.48957
137	176	0.827617
137	179	0.901746
138	12	1.13493
138	22	0.862931
138	34	0.866437
138	70	1.1124
138	73	0.874905
138	77	0.856353
138	79	0.852811
138	80	0.851012
138	91	0.889074
138	92	1.59815
138	99	1.59912
138	103	0.793612
138	105	1.57981
138	107	1.3329
138	113	1.27885
138	121	1.45071
138	123	1.31316
138	148	0.847392
138	149	0.871989
138	152	0.850024
138	153	0.840942
138	154	0.866186
138	161	0.865945
138	162	0.844692
138	169	0.852216
138	172	0.832556
138	173	0.802983
138	174	0.815634
138	175	0.751317
138	179	0.894057
138	180	0.81289
139	6	1.81539
139	9	0.880653
139	21	0.724948
139	33	0.829213
139	41	1.43192
139	52	0.799229
139	64	1.67612
139	67	0.848933
139	85	0.809516
139	86	1.59805
139	87	0.822001
139	95	1.26542
139	98	0.834223
139	107	0.818076
139	108	0.809484
139	112	0.852857
139	126	0.822063
139	136	0.857553
139	140	1.5304
139	144	0.82547
139	155	1.54232
139	157	0.811828
139	162	0.814402
139	168	0.807345
139	172	0.802266
139	175	0.721027
139	176	0.789637
139	177	0.742154
139	178	0.793149
139	179	1.21566
139	180	0.7826
140	7	0.780415
140	8	1.2288
140	34	0.860732
140	46	1.30621
140	50	0.824381
140	56	0.826256
140	66	0.861186
140	91	0.883368
140	94	1.48329
140	95	0.859866
140	102	0.843799
140	103	0.787907
140	118	0.844111
140	120	0.820427
140	122	1.19552
140	124	0.852878
140	128	0.845763
140	132	0.870678
140	137	0.850033
140	139	1.5304
140	142	0.876568
140	149	0.866283
140	152	0.844319
140	153	0.835237
140	154	0.86048
140	156	1.49526
140	166	1.57623
140	169	1.48838
140	171	1.54531
140	176	0.814222
140	179	0.888352
141	30	1.34309
141	35	1.37053
141	81	1.23947
141	88	1.43926
141	117	1.33633
141	124	1.28323
141	127	0.930938
141	130	0.918944
141	132	1.21216
141	144	0.873606
141	145	0.877009
141	146	0.854889
141	147	0.873106
141	148	0.865238
141	150	0.842949
141	151	1.32862
141	155	1.42167
141	157	0.859964
141	158	0.844676
141	160	0.823606
141	161	0.883791
141	164	0.864672
141	166	0.847367
141	167	0.844383
141	168	1.2896
141	170	0.81289
141	171	0.848877
141	172	0.850402
141	173	0.820829
141	174	0.83348
141	175	0.769163
141	177	0.79029
141	178	0.841285
141	180	0.830736
142	7	0.820345
142	18	0.928317
142	35	0.893313
142	37	1.12437
142	66	0.901116
142	83	0.899807
142	91	0.923298
142	95	0.899796
142	102	0.883729
142	103	0.827836
142	115	1.16962
142	117	0.865762
142	120	0.860357
142	124	0.892808
142	128	0.885693
142	132	0.910608
142	135	1.15953
142	137	0.889963
142	140	0.876568
142	144	1.22291
142	148	1.29038
142	149	0.906213
142	151	0.889817
142	152	0.884248
142	153	0.875166
142	154	0.90041
142	163	1.28953
142	165	1.29735
142	167	1.42695
142	169	1.25184
142	173	1.54557
142	176	0.854152
142	177	1.72342
142	179	0.928282
143	4	1.15401
143	23	1.19335
143	48	1.23435
143	53	1.38348
143	54	0.943114
143	60	1.37074
143	92	1.37922
143	105	1.36088
143	106	0.856824
143	112	1.22257
143	119	0.855563
143	127	0.956759
143	131	0.903899
143	135	0.920891
143	144	0.899427
143	146	0.88071
143	151	1.22154
143	155	1.3146
143	156	0.895216
143	158	0.870498
143	159	0.92056
143	160	0.849427
143	161	0.909612
143	165	0.884261
143	167	0.870205
143	169	0.895883
143	170	0.838711
143	171	0.874698
143	172	0.876223
143	173	0.846651
143	174	0.859301
143	175	0.794984
143	177	0.816111
143	178	0.867106
143	180	0.856557
144	7	1.78395
144	18	1.41388
144	61	1.52237
144	74	1.40403
144	80	1.34968
144	98	1.09602
144	116	1.27986
144	122	0.894557
144	127	0.920803
144	131	0.867943
144	139	0.82547
144	141	0.873606
144	142	1.22291
144	143	0.899427
144	145	0.866874
144	148	0.855103
144	150	0.832814
144	152	1.3301
144	153	1.36906
144	158	0.834542
144	160	0.813471
144	163	0.834145
144	164	0.854537
144	165	0.848305
144	166	0.837232
144	167	0.834249
144	170	0.802755
144	171	0.838742
144	172	0.840267
144	173	0.810694
144	174	0.823345
144	175	0.759028
144	177	0.780155
144	178	0.83115
144	180	0.820601
145	25	1.87506
145	34	1.30942
145	49	0.87532
145	55	1.34013
145	58	1.46365
145	72	0.769248
145	75	0.872625
145	87	1.3847
145	91	1.20919
145	97	1.58568
145	101	0.780513
145	130	0.912212
145	134	0.874187
145	137	1.24598
145	141	0.877009
145	144	0.866874
145	146	0.848157
145	150	0.836217
145	151	1.30349
145	156	0.862663
145	157	0.853232
145	159	0.888007
145	163	0.837549
145	165	0.851708
145	167	0.837652
145	169	0.86333
145	170	0.806158
145	171	0.842145
145	173	0.814098
145	174	0.826748
145	175	0.762431
145	177	0.783558
145	178	0.834553
145	179	1.06988
145	180	0.824004
146	31	1.50359
146	33	1.48366
146	72	0.747128
146	77	1.5439
146	90	1.55799
146	106	0.802151
146	110	1.30928
146	121	1.4998
146	125	0.869477
146	133	0.893417
146	141	0.854889
146	143	0.88071
146	145	0.848157
146	151	1.48957
146	152	1.44136
146	154	1.26977
146	156	0.840543
146	157	0.831112
146	158	0.815825
146	159	0.865887
146	161	0.854939
146	163	0.815429
146	164	0.83582
146	165	0.829588
146	166	0.818515
146	167	0.815532
146	169	0.84121
146	170	0.784038
146	171	0.820025
146	172	0.82155
146	173	0.791978
146	174	0.804628
146	175	0.740311
146	177	0.761438
146	178	0.812433
146	179	1.25596
146	180	0.801884
147	2	1.64012
147	19	1.20305
147	21	0.762449
147	33	1.35706
147	45	1.38509
147	75	0.868722
147	80	1.33433
147	82	1.41159
147	84	1.30298
147	85	1.53022
147	115	0.885865
147	122	0.894057
147	125	0.887694
147	127	0.920303
147	128	1.35119
147	129	0.877842
147	132	1.24651
147	135	0.884435
147	141	0.873106
147	148	0.854604
147	156	0.858761
147	161	0.873156
147	163	0.833646
147	164	0.854037
147	165	0.847805
147	166	0.836733
147	167	0.833749
147	168	1.32395
147	169	0.859427
147	170	0.802256
147	172	0.839767
147	173	0.810195
147	174	0.822845
147	175	0.758528
147	176	0.827139
147	177	0.779655
147	178	0.83065
147	180	0.820101
148	24	0.893067
148	34	1.45172
148	43	1.27645
148	46	0.863135
148	64	1.67264
148	78	1.48897
148	126	1.55389
148	129	0.869974
148	133	0.903766
148	137	1.38828
148	138	0.847392
148	141	0.865238
148	142	1.29038
148	144	0.855103
148	147	0.854604
148	149	1.19159
148	150	0.824446
148	152	1.39758
148	154	1.22599
148	156	0.850893
148	157	0.841461
148	158	0.826174
148	160	0.805103
148	161	0.865288
148	163	0.825778
148	164	0.846169
148	165	0.839937
148	166	0.828865
148	167	0.825881
148	169	0.851559
148	170	0.794388
148	171	0.830374
148	172	0.831899
148	173	0.802327
148	175	0.75066
148	177	0.771787
148	178	0.822782
148	179	1.21218
148	180	0.812233
149	7	0.810061
149	8	0.89347
149	15	0.811427
149	21	2.20835
149	35	0.883028
149	50	0.854026
149	56	0.855902
149	64	0.843812
149	72	2.02422
149	74	0.813943
149	91	0.913013
149	95	0.889512
149	102	0.873444
149	103	0.817552
149	117	0.855477
149	118	0.873756
149	120	0.850072
149	124	0.882523
149	127	0.900822
149	128	0.875408
149	131	1.15395
149	132	0.900323
149	134	1.06634
149	137	0.879678
149	138	0.871989
149	140	0.866283
149	142	0.906213
149	148	1.19159
149	151	0.879532
149	152	0.873964
149	153	0.864882
149	154	0.890126
149	156	1.15993
149	167	1.32816
149	174	1.29288
149	176	0.843867
149	177	1.62463
149	179	0.917997
149	180	1.32792
150	25	2.01721
150	31	1.45967
150	36	1.46573
150	52	1.4289
150	82	1.49427
150	106	0.790211
150	117	1.45336
150	126	1.55375
150	128	1.43387
150	130	0.878152
150	133	0.881477
150	135	0.854278
150	141	0.842949
150	144	0.832814
150	145	0.836217
150	148	0.824446
150	153	1.43639
150	154	1.22585
150	156	0.828603
150	157	0.819172
150	159	0.853947
150	161	0.842998
150	163	0.803488
150	164	0.82388
150	165	0.817647
150	166	0.806575
150	167	0.803591
150	169	0.82927
150	170	0.772098
150	171	0.808084
150	172	0.80961
150	173	0.780037
150	174	0.792688
150	175	0.728371
150	176	0.796981
150	177	0.749498
150	178	0.800492
150	180	0.789943
151	2	0.818297
151	6	0.802653
151	11	0.89992
151	16	1.47485
151	20	0.801247
151	24	1.22743
151	29	0.870308
151	31	0.891301
151	46	1.22508
151	50	0.83763
151	73	0.882449
151	76	0.853222
151	77	0.863897
151	79	0.860354
151	80	0.858556
151	88	0.864882
151	105	0.856899
151	109	0.821734
151	119	1.63994
151	120	0.833676
151	121	0.878694
151	122	1.11438
151	131	1.40815
151	132	0.883927
151	137	0.863282
151	141	1.32862
151	142	0.889817
151	143	1.22154
151	145	1.30349
151	146	1.48957
151	149	0.879532
151	152	0.857568
151	153	0.848486
151	154	0.87373
151	155	0.823925
151	159	1.25071
151	162	0.852236
151	174	1.54708
151	176	0.827471
151	179	0.901601
152	7	0.788096
152	8	1.09946
152	15	0.789463
152	34	0.868412
152	35	0.861064
152	50	0.832061
152	56	0.833937
152	62	1.88906
152	64	0.821847
152	66	0.868867
152	74	0.791979
152	83	0.867557
152	91	0.891049
152	95	0.867547
152	102	0.85148
152	103	0.795587
152	118	0.851791
152	120	0.828108
152	124	0.860558
152	128	0.853443
152	132	0.878358
152	137	0.857713
152	138	0.850024
152	140	0.844319
152	142	0.884248
152	144	1.3301
152	146	1.44136
152	148	1.39758
152	149	0.873964
152	151	0.857568
152	153	0.842917
152	154	0.868161
152	158	1.52742
152	160	1.48628
152	161	1.31132
152	165	1.40454
152	169	1.35904
152	171	1.41597
152	176	0.821902
152	179	0.896032
152	180	1.53391
153	7	0.779014
153	15	0.780381
153	27	0.843256
153	34	0.85933
153	35	0.851982
153	50	0.822979
153	56	0.824855
153	66	0.859785
153	74	0.782897
153	83	0.858475
153	91	0.881967
153	94	1.3929
153	95	0.858465
153	102	0.842398
153	103	0.786505
153	117	0.824431
153	118	0.842709
153	120	0.819026
153	124	0.851476
153	128	0.844361
153	129	1.35173
153	132	0.869276
153	137	0.848631
153	138	0.840942
153	140	0.835237
153	142	0.875166
153	144	1.36906
153	149	0.864882
153	150	1.43639
153	151	0.848486
153	152	0.842917
153	154	0.859079
153	156	1.40487
153	158	1.56637
153	159	1.24144
153	165	1.44349
153	166	1.48584
153	167	1.5731
153	176	0.81282
153	177	1.86956
153	179	0.88695
153	180	1.57286
154	7	0.804258
154	18	0.91223
154	27	0.868499
154	34	0.884574
154	35	0.877226
154	37	1.05998
154	49	1.18361
154	50	0.848223
154	56	0.850099
154	64	0.838009
154	66	0.885029
154	83	0.883719
154	91	0.907211
154	95	0.883709
154	102	0.867642
154	103	0.811749
154	106	1.44137
154	117	0.849674
154	120	0.84427
154	124	0.87672
154	128	0.869605
154	129	1.1412
154	132	0.89452
154	137	0.873875
154	138	0.866186
154	140	0.86048
154	142	0.90041
154	146	1.26977
154	148	1.22599
154	149	0.890126
154	150	1.22585
154	151	0.87373
154	152	0.868161
154	153	0.859079
154	158	1.35583
154	162	1.25711
154	172	1.32634
154	173	1.48118
154	175	1.87261
154	176	0.838064
154	177	1.65903
154	179	0.912194
155	2	0.779086
155	10	1.01247
155	14	0.768818
155	17	0.772335
155	26	0.841726
155	31	0.85209
155	38	0.844703
155	41	0.847044
155	55	0.814705
155	57	0.794345
155	60	0.816015
155	61	0.820079
155	71	0.846062
155	75	1.31519
155	82	0.811859
155	86	0.824505
155	89	0.817757
155	90	0.825134
155	92	0.799441
155	93	0.805778
155	96	0.777651
155	97	0.769482
155	100	0.840042
155	105	0.817687
155	110	0.850512
155	113	0.837633
155	114	0.837363
155	116	0.824999
155	121	0.839483
155	123	0.818192
155	127	1.24807
155	134	1.41359
155	139	1.54232
155	141	1.42167
155	143	1.3146
155	151	0.823925
155	160	1.62754
155	161	1.45259
155	165	1.54581
155	168	0.805968
155	173	1.79403
155	174	1.64013
155	177	1.97188
155	179	0.86239
156	7	1.81976
156	23	1.38594
156	27	1.44171
156	49	0.867706
156	54	1.1357
156	81	1.32498
156	102	1.4452
156	115	0.882153
156	116	1.31567
156	122	0.890346
156	129	0.874131
156	130	0.904599
156	132	1.29767
156	135	0.880724
156	140	1.49526
156	143	0.895216
156	145	0.862663
156	146	0.840543
156	147	0.858761
156	148	0.850893
156	149	1.15993
156	150	0.828603
156	153	1.40487
156	157	0.845618
156	158	0.830331
156	159	0.880393
156	161	0.869445
156	163	0.829935
156	164	0.850326
156	165	0.844094
156	166	0.833022
156	167	0.830038
156	168	1.37512
156	169	0.855716
156	170	0.798544
156	171	0.834531
156	172	0.836056
156	173	0.806484
156	174	0.819134
156	175	0.754817
156	176	0.823428
156	177	0.775944
156	178	0.826939
156	179	1.18052
156	180	0.81639
157	2	1.69232
157	12	1.10962
157	16	0.826013
157	46	0.857861
157	49	0.858275
157	50	1.45034
157	67	1.33556
157	73	1.33508
157	76	1.6138
157	78	1.45835
157	79	1.56529
157	80	1.38654
157	93	1.50151
157	95	1.23132
157	97	1.69736
157	117	1.42289
157	119	0.805965
157	127	0.90716
157	129	0.864699
157	131	0.854301
157	139	0.811828
157	141	0.859964
157	145	0.853232
157	146	0.831112
157	148	0.841461
157	150	0.819172
157	156	0.845618
157	158	0.820899
157	159	0.870962
157	160	0.799829
157	161	0.860013
157	162	0.838761
157	163	0.820503
157	164	0.840895
157	165	0.834662
157	166	0.82359
157	167	0.820606
157	169	0.846285
157	170	0.789113
157	171	0.8251
157	172	0.826625
157	173	0.797052
157	174	0.809703
157	175	0.745386
157	177	0.766513
157	178	0.817507
157	180	0.806959
158	26	1.47133
158	38	1.56887
158	56	1.64404
158	69	1.38348
158	70	1.24755
158	75	0.840292
158	82	1.62426
158	101	0.74818
158	103	1.70592
158	115	0.857435
158	122	0.865627
158	129	0.849412
158	132	1.45917
158	133	0.883205
158	136	0.866625
158	141	0.844676
158	143	0.870498
158	144	0.834542
158	146	0.815825
158	148	0.826174
158	152	1.52742
158	153	1.56637
158	154	1.35583
158	156	0.830331
158	157	0.820899
158	159	0.855675
158	160	0.784542
158	161	0.844726
158	162	0.823473
158	163	0.805216
158	164	0.825608
158	165	0.819375
158	166	0.808303
158	169	0.830998
158	170	0.773826
158	171	0.809812
158	172	0.811338
158	173	0.781765
158	174	0.794416
158	175	0.730098
158	176	0.798709
158	177	0.751225
158	178	0.80222
158	179	1.34202
158	180	0.791671
159	3	0.960343
159	18	1.28627
159	24	0.922568
159	27	1.27829
159	28	0.840566
159	29	1.21048
159	50	1.28587
159	55	1.28734
159	65	1.40576
159	75	0.890355
159	82	1.29933
159	85	1.41796
159	96	1.39098
159	101	0.798243
159	102	1.28177
159	104	1.37725
159	119	0.84074
159	121	1.26094
159	129	0.899475
159	131	0.889076
159	134	0.891917
159	135	0.906068
159	143	0.92056
159	145	0.888007
159	146	0.865887
159	150	0.853947
159	151	1.25071
159	153	1.24144
159	156	0.880393
159	157	0.870962
159	158	0.855675
159	160	0.834604
159	161	0.894789
159	163	0.855279
159	164	0.87567
159	165	0.869438
159	166	0.858365
159	167	0.855382
159	168	1.21169
159	169	0.88106
159	170	0.823888
159	171	0.859875
159	172	0.8614
159	173	0.831828
159	174	0.844478
159	175	0.780161
159	177	0.801288
159	178	0.852283
159	180	0.841734
160	2	1.81164
160	3	0.88921
160	5	0.901612
160	10	1.05843
160	15	1.72319
160	37	0.864334
160	47	2.16373
160	96	1.67477
160	98	1.25219
160	109	1.573
160	112	1.53552
160	115	0.836364
160	119	0.769607
160	124	1.4891
160	130	0.858809
160	131	0.817943
160	133	0.862134
160	134	0.820784
160	135	0.834935
160	141	0.823606
160	143	0.849427
160	144	0.813471
160	148	0.805103
160	152	1.48628
160	155	1.62754
160	157	0.799829
160	158	0.784542
160	159	0.834604
160	161	0.823656
160	162	0.802403
160	163	0.784146
160	164	0.804537
160	165	0.798305
160	166	0.787232
160	167	0.784249
160	169	0.809927
160	170	0.752755
160	171	0.788742
160	172	0.790267
160	173	0.760694
160	174	0.773345
160	175	0.709028
160	176	0.777638
160	177	0.730155
160	178	0.78115
160	179	1.30088
160	180	0.770601
161	13	1.039
161	33	1.35363
161	35	1.40145
161	46	0.881688
161	53	1.52147
161	68	0.845257
161	75	0.879407
161	91	1.26523
161	98	1.07723
161	99	1.51817
161	101	0.787294
161	105	1.49886
161	109	1.39805
161	111	1.25865
161	112	1.36056
161	124	1.31415
161	125	0.898378
161	129	0.888526
161	130	0.918994
161	131	0.878128
161	133	0.922319
161	134	0.880969
161	138	0.865945
161	141	0.883791
161	143	0.909612
161	146	0.854939
161	147	0.873156
161	148	0.865288
161	150	0.842998
161	152	1.31132
161	155	1.45259
161	156	0.869445
161	157	0.860013
161	158	0.844726
161	159	0.894789
161	160	0.823656
161	164	0.864722
161	165	0.858489
161	166	0.847417
161	169	0.870112
161	170	0.81294
161	171	0.848926
161	173	0.820879
161	174	0.83353
161	175	0.769212
161	176	0.837823
161	177	0.790339
161	178	0.841334
161	179	1.12592
161	180	0.830785
162	6	0.791752
162	12	0.888847
162	20	0.790346
162	22	0.859574
162	29	1.43668
162	36	1.49699
162	45	1.49903
162	51	0.840984
162	55	1.51355
162	56	1.54532
162	57	1.43981
162	58	0.832173
162	66	1.39743
162	67	0.875866
162	69	1.28476
162	71	1.42107
162	73	0.871548
162	77	0.852996
162	78	1.52009
162	79	0.849453
162	80	0.847655
162	87	0.848934
162	88	0.853981
162	106	0.8098
162	107	0.845009
162	108	0.836417
162	111	0.874852
162	112	0.87979
162	113	1.31528
162	117	0.82818
162	119	0.808539
162	120	1.44135
162	124	1.43152
162	126	0.848995
162	138	0.844692
162	139	0.814402
162	151	0.852236
162	154	1.25711
162	157	0.838761
162	158	0.823473
162	160	0.802403
162	168	0.834278
162	170	0.791687
162	172	0.829199
162	173	0.799626
162	174	0.812277
162	175	0.74796
162	177	0.769087
162	179	0.8907
162	180	0.809533
163	8	0.912593
163	21	0.733623
163	37	0.885008
163	39	1.36802
163	57	1.40784
163	58	1.60509
163	90	1.51335
163	92	1.60261
163	94	0.839613
163	97	1.72712
163	108	1.4194
163	112	1.44596
163	115	0.857039
163	119	0.790281
163	122	0.865231
163	125	0.858868
163	126	1.55303
163	127	0.891477
163	128	1.43316
163	129	0.849016
163	130	0.879484
163	134	0.841459
163	142	1.28953
163	144	0.834145
163	145	0.837549
163	146	0.815429
163	147	0.833646
163	148	0.825778
163	150	0.803488
163	156	0.829935
163	157	0.820503
163	158	0.805216
163	159	0.855279
163	160	0.784146
163	164	0.825211
163	165	0.818979
163	166	0.807907
163	167	0.804923
163	168	1.40592
163	169	0.830601
163	172	0.810941
163	173	0.781369
163	174	0.794019
163	175	0.729702
163	177	0.750829
163	178	0.801824
163	179	1.21132
163	180	0.791275
164	5	0.942678
164	16	0.830722
164	18	1.44462
164	21	0.754015
164	22	1.44505
164	26	1.30476
164	31	1.42308
164	39	1.33214
164	42	1.44669
164	45	1.43118
164	59	0.96592
164	63	1.29819
164	64	1.63591
164	74	1.43477
164	75	0.860288
164	76	1.60768
164	87	1.49026
164	94	0.860004
164	95	1.2252
164	100	1.08048
164	129	0.869408
164	130	0.899875
164	135	0.876001
164	141	0.864672
164	144	0.854537
164	146	0.83582
164	147	0.854037
164	148	0.846169
164	150	0.82388
164	156	0.850326
164	157	0.840895
164	158	0.825608
164	159	0.87567
164	160	0.804537
164	161	0.864722
164	163	0.825211
164	165	0.839371
164	166	0.828298
164	167	0.825315
164	169	0.850993
164	170	0.793821
164	171	0.829808
164	172	0.831333
164	173	0.80176
164	174	0.814411
164	175	0.750094
164	177	0.771221
164	178	0.822216
164	180	0.811667
165	23	1.42456
165	38	1.44599
165	72	0.750678
165	88	1.5634
165	94	0.853772
165	100	1.12417
165	102	1.48382
165	103	1.58304
165	110	1.27246
165	115	0.871198
165	122	0.87939
165	125	0.873027
165	126	1.56085
165	127	0.905636
165	130	0.893643
165	133	0.896968
165	142	1.29735
165	143	0.884261
165	144	0.848305
165	145	0.851708
165	146	0.829588
165	147	0.847805
165	148	0.839937
165	150	0.817647
165	152	1.40454
165	153	1.44349
165	155	1.54581
165	156	0.844094
165	157	0.834662
165	158	0.819375
165	159	0.869438
165	160	0.798305
165	161	0.858489
165	163	0.818979
165	164	0.839371
165	166	0.822066
165	167	0.819082
165	168	1.41374
165	169	0.844761
165	170	0.787589
165	171	0.823575
165	172	0.825101
165	173	0.795528
165	174	0.808179
165	175	0.743861
165	176	0.812472
165	177	0.764989
165	178	0.815983
165	179	1.21914
165	180	0.805434
166	8	0.91568
166	11	1.34449
166	20	1.70461
166	52	1.47836
166	53	1.65704
166	59	0.948615
166	68	0.808833
166	72	0.739606
166	82	1.54373
166	91	1.4008
166	94	0.842699
166	101	0.750871
166	105	1.63443
166	106	0.794629
166	113	1.33347
166	119	0.793368
166	120	1.45955
166	127	0.894564
166	129	0.852103
166	132	1.37864
166	134	0.844545
166	135	0.858696
166	137	1.43759
166	140	1.57623
166	141	0.847367
166	144	0.837232
166	146	0.818515
166	147	0.836733
166	148	0.828865
166	150	0.806575
166	153	1.48584
166	156	0.833022
166	157	0.82359
166	158	0.808303
166	159	0.858365
166	160	0.787232
166	161	0.847417
166	163	0.807907
166	164	0.828298
166	165	0.822066
166	167	0.80801
166	169	0.833688
166	170	0.776516
166	171	0.812503
166	172	0.814028
166	173	0.784456
166	174	0.797106
166	175	0.732789
166	176	0.8014
166	178	0.804911
166	179	1.26149
166	180	0.794362
167	9	1.27151
167	10	1.1063
167	17	1.70436
167	30	1.59683
167	49	0.842695
167	59	0.945631
167	68	0.80585
167	73	1.50227
167	79	1.73247
167	98	1.30006
167	101	0.747887
167	106	0.791645
167	109	1.62087
167	122	0.865334
167	123	1.45504
167	125	0.858971
167	127	0.89158
167	130	0.879587
167	131	0.838721
167	134	0.841562
167	137	1.52485
167	141	0.844383
167	142	1.42695
167	143	0.870205
167	144	0.834249
167	145	0.837652
167	146	0.815532
167	147	0.833749
167	148	0.825881
167	149	1.32816
167	150	0.803591
167	153	1.5731
167	156	0.830038
167	157	0.820606
167	159	0.855382
167	160	0.784249
167	163	0.804923
167	164	0.825315
167	165	0.819082
167	166	0.80801
167	168	1.54334
167	169	0.830705
167	170	0.773533
167	171	0.809519
167	172	0.811045
167	173	0.781472
167	174	0.794123
167	175	0.729805
167	176	0.798416
167	177	0.750932
167	178	0.801927
167	180	0.791378
168	10	1.03373
168	12	0.88179
168	13	0.89219
168	14	0.790072
168	17	0.793589
168	18	0.883679
168	37	1.24076
168	38	0.865957
168	41	0.868298
168	51	0.833927
168	55	0.835959
168	57	0.815599
168	58	0.825117
168	60	0.837269
168	67	0.868809
168	68	1.4308
168	71	0.867316
168	82	0.833113
168	83	0.855169
168	87	0.841877
168	89	0.839011
168	90	0.846388
168	92	0.820695
168	93	0.827032
168	96	0.798905
168	97	0.790736
168	100	0.861296
168	104	0.832796
168	106	1.62215
168	107	0.837952
168	108	0.82936
168	111	0.867796
168	112	0.872733
168	113	0.858887
168	114	0.858617
168	116	0.846253
168	117	0.821124
168	126	0.841939
168	129	1.32198
168	133	1.14805
168	136	0.87743
168	139	0.807345
168	141	1.2896
168	147	1.32395
168	155	0.805968
168	156	1.37512
168	159	1.21169
168	162	0.834278
168	163	1.40592
168	165	1.41374
168	167	1.54334
168	170	1.68972
168	171	1.42517
168	176	1.47528
168	180	1.5431
169	11	1.25664
169	24	0.897891
169	34	1.41318
169	37	0.91079
169	38	1.40049
169	42	1.44488
169	46	0.867959
169	49	0.868373
169	57	1.37015
169	58	1.5674
169	71	1.3514
169	72	0.762301
169	75	0.865678
169	78	1.45043
169	95	1.2234
169	101	0.773566
169	104	1.53379
169	105	1.54658
169	106	0.817324
169	119	0.816063
169	120	1.37169
169	123	1.27993
169	125	0.884649
169	127	0.917259
169	130	0.905265
169	131	0.864399
169	132	1.29079
169	134	0.86724
169	138	0.852216
169	140	1.48838
169	142	1.25184
169	143	0.895883
169	145	0.86333
169	146	0.84121
169	147	0.859427
169	148	0.851559
169	150	0.82927
169	152	1.35904
169	156	0.855716
169	157	0.846285
169	158	0.830998
169	159	0.88106
169	160	0.809927
169	161	0.870112
169	163	0.830601
169	164	0.850993
169	165	0.844761
169	166	0.833688
169	167	0.830705
169	170	0.799211
169	171	0.835198
169	172	0.836723
169	173	0.80715
169	174	0.819801
169	175	0.755484
169	176	0.824094
169	177	0.776611
169	178	0.827606
169	180	0.817057
170	8	0.881203
170	17	1.85074
170	21	0.702233
170	37	0.853618
170	45	1.75086
170	51	1.81125
170	54	1.45031
170	59	0.914138
170	62	0.726921
170	71	1.67289
170	72	0.705129
170	81	1.63959
170	84	1.66875
170	87	1.80994
170	94	0.808222
170	98	1.44644
170	100	1.40016
170	106	0.760152
170	107	1.62116
170	115	0.825648
170	119	0.758891
170	122	0.833841
170	128	1.71696
170	129	0.817626
170	131	0.807227
170	133	0.851418
170	134	0.810068
170	136	0.834839
170	137	1.67123
170	141	0.81289
170	143	0.838711
170	144	0.802755
170	145	0.806158
170	146	0.784038
170	147	0.802256
170	148	0.794388
170	150	0.772098
170	156	0.798544
170	157	0.789113
170	158	0.773826
170	159	0.823888
170	160	0.752755
170	161	0.81294
170	162	0.791687
170	164	0.793821
170	165	0.787589
170	166	0.776516
170	167	0.773533
170	168	1.68972
170	169	0.799211
170	171	0.778026
170	172	0.779551
170	173	0.749979
170	174	0.762629
170	175	0.698312
170	177	0.719439
170	178	0.770434
170	180	0.759885
171	1	1.77633
171	16	0.814926
171	17	1.58618
171	24	0.876706
171	28	0.794704
171	33	1.45828
171	34	1.47011
171	36	1.48427
171	37	0.889605
171	43	1.29484
171	44	1.25005
171	65	1.61924
171	68	0.810343
171	70	1.1361
171	72	0.741115
171	75	0.844493
171	81	1.37503
171	96	1.60446
171	101	0.75238
171	106	0.796139
171	108	1.43865
171	115	0.861635
171	122	0.869827
171	125	0.863464
171	126	1.57228
171	127	0.896073
171	129	0.853612
171	130	0.88408
171	131	0.843214
171	132	1.34772
171	133	0.887405
171	134	0.846055
171	135	0.860206
171	140	1.54531
171	141	0.848877
171	143	0.874698
171	144	0.838742
171	145	0.842145
171	146	0.820025
171	148	0.830374
171	150	0.808084
171	152	1.41597
171	156	0.834531
171	157	0.8251
171	158	0.809812
171	159	0.859875
171	160	0.788742
171	161	0.848926
171	164	0.829808
171	165	0.823575
171	166	0.812503
171	167	0.809519
171	168	1.42517
171	169	0.835198
171	170	0.778026
171	172	0.815538
171	173	0.785965
171	174	0.798616
171	175	0.734299
171	177	0.755426
171	178	0.80642
171	180	0.795871
172	8	0.918715
172	9	1.23529
172	13	1.22561
172	15	1.73484
172	21	0.739745
172	27	1.57372
172	28	0.796229
172	44	1.332
172	46	0.848299
172	48	1.55894
172	66	1.46666
172	68	0.811868
172	72	0.742641
172	77	1.60047
172	91	1.45183
172	94	0.845734
172	99	1.70478
172	106	0.797664
172	108	1.52061
172	110	1.36585
172	113	1.38451
172	115	0.86316
172	116	1.44768
172	117	1.55385
172	119	0.796403
172	122	0.871353
172	124	1.50075
172	125	0.864989
172	127	0.897599
172	130	0.885605
172	131	0.844739
172	133	0.88893
172	134	0.84758
172	135	0.861731
172	138	0.832556
172	139	0.802266
172	141	0.850402
172	143	0.876223
172	144	0.840267
172	146	0.82155
172	147	0.839767
172	148	0.831899
172	150	0.80961
172	154	1.32634
172	156	0.836056
172	157	0.826625
172	158	0.811338
172	159	0.8614
172	160	0.790267
172	162	0.829199
172	163	0.810941
172	164	0.831333
172	165	0.825101
172	166	0.814028
172	167	0.811045
172	169	0.836723
172	170	0.779551
172	171	0.815538
172	173	0.78749
172	174	0.800141
172	175	0.735824
172	176	0.804434
172	177	0.756951
172	178	0.807946
172	179	1.31253
172	180	0.797397
173	4	1.63344
173	5	0.898836
173	10	1.22492
173	14	1.79663
173	16	0.786879
173	28	0.766656
173	46	0.818726
173	49	0.81914
173	54	1.42254
173	59	0.922077
173	61	1.84503
173	67	1.62136
173	68	0.782295
173	72	0.713068
173	89	1.47259
173	94	0.816162
173	100	1.3724
173	101	0.724333
173	103	1.83126
173	109	1.73949
173	111	1.60009
173	114	1.67473
173	115	0.833588
173	119	0.76683
173	122	0.84178
173	123	1.57365
173	125	0.835417
173	129	0.825565
173	131	0.815167
173	133	0.859357
173	134	0.818008
173	135	0.832158
173	136	0.842778
173	138	0.802983
173	141	0.820829
173	142	1.54557
173	143	0.846651
173	144	0.810694
173	145	0.814098
173	146	0.791978
173	147	0.810195
173	148	0.802327
173	150	0.780037
173	154	1.48118
173	155	1.79403
173	156	0.806484
173	157	0.797052
173	158	0.781765
173	159	0.831828
173	160	0.760694
173	161	0.820879
173	162	0.799626
173	163	0.781369
173	164	0.80176
173	165	0.795528
173	166	0.784456
173	167	0.781472
173	169	0.80715
173	170	0.749979
173	171	0.785965
173	172	0.78749
173	174	0.770568
173	175	0.706251
173	176	0.774862
173	177	0.727378
173	178	0.778373
173	179	1.46736
173	180	0.767824
174	3	0.899084
174	5	0.911486
174	8	0.901793
174	12	1.24153
174	13	1.22655
174	20	1.75659
174	21	0.722823
174	40	1.68768
174	43	1.37774
174	44	1.33294
174	49	0.831791
174	59	0.934728
174	60	1.69627
174	62	0.747511
174	63	1.43621
174	66	1.4676
174	68	0.794946
174	69	1.35493
174	73	1.46699
174	75	0.829096
174	77	1.60141
174	99	1.70572
174	101	0.736984
174	114	1.52084
174	115	0.846238
174	118	0.817401
174	119	0.779481
174	121	1.55731
174	122	0.854431
174	125	0.848067
174	127	0.880677
174	129	0.838215
174	130	0.868683
174	131	0.827817
174	133	0.872008
174	134	0.830658
174	135	0.844809
174	136	0.855428
174	137	1.48957
174	138	0.815634
174	141	0.83348
174	143	0.859301
174	144	0.823345
174	145	0.826748
174	146	0.804628
174	147	0.822845
174	149	1.29288
174	150	0.792688
174	151	1.54708
174	155	1.64013
174	156	0.819134
174	157	0.809703
174	158	0.794416
174	159	0.844478
174	160	0.773345
174	161	0.83353
174	162	0.812277
174	163	0.794019
174	164	0.814411
174	165	0.808179
174	166	0.797106
174	167	0.794123
174	169	0.819801
174	170	0.762629
174	171	0.798616
174	172	0.800141
174	173	0.770568
174	176	0.787512
174	177	0.740029
174	178	0.791024
174	180	0.780475
175	3	0.834767
175	5	0.847169
175	12	1.78686
175	13	1.77187
175	16	0.735212
175	21	0.658505
175	24	0.796992
175	28	0.71499
175	37	0.809891
175	40	2.23301
175	46	0.76706
175	49	0.767474
175	70	1.76433
175	74	2.11812
175	80	2.06377
175	83	0.76885
175	89	1.86402
175	93	2.17875
175	94	0.764495
175	96	2.23268
175	100	1.76383
175	101	0.672666
175	106	0.716425
175	113	1.93078
175	115	0.781921
175	118	0.753084
175	119	0.715164
175	120	2.05685
175	122	0.790113
175	125	0.78375
175	127	0.816359
175	129	0.773898
175	130	0.804366
175	131	0.7635
175	133	0.807691
175	134	0.766341
175	135	0.780492
175	138	0.751317
175	139	0.721027
175	141	0.769163
175	143	0.794984
175	144	0.759028
175	145	0.762431
175	146	0.740311
175	147	0.758528
175	148	0.75066
175	150	0.728371
175	154	1.87261
175	156	0.754817
175	157	0.745386
175	158	0.730098
175	159	0.780161
175	160	0.709028
175	161	0.769212
175	162	0.74796
175	163	0.729702
175	164	0.750094
175	165	0.743861
175	166	0.732789
175	167	0.729805
175	169	0.755484
175	170	0.698312
175	171	0.734299
175	172	0.735824
175	173	0.706251
175	177	0.675712
175	178	0.726706
175	179	1.8588
175	180	0.716157
176	3	0.903377
176	4	0.887079
176	6	1.88042
176	9	0.882821
176	11	1.36368
176	14	1.60995
176	19	1.35438
176	22	1.55029
176	24	0.865603
176	29	1.47407
176	33	0.831382
176	39	1.43738
176	52	0.801397
176	53	0.808715
176	54	0.911282
176	56	0.80384
176	62	0.751804
176	63	0.857114
176	65	0.766529
176	66	0.83877
176	67	1.43468
176	68	0.799239
176	69	0.821075
176	84	1.4543
176	85	0.811684
176	92	1.67197
176	97	1.79648
176	98	0.836392
176	102	0.821383
176	103	0.76549
176	106	0.785035
176	107	1.40671
176	110	1.334
176	111	1.41341
176	112	1.51532
176	113	1.35266
176	114	1.48805
176	117	0.803416
176	120	0.798011
176	123	1.38697
176	124	0.830462
176	128	0.823347
176	132	0.848261
176	136	0.859722
176	137	0.827617
176	139	0.789637
176	140	0.814222
176	142	0.854152
176	147	0.827139
176	149	0.843867
176	150	0.796981
176	151	0.827471
176	152	0.821902
176	153	0.81282
176	154	0.838064
176	156	0.823428
176	158	0.798709
176	160	0.777638
176	161	0.837823
176	165	0.812472
176	166	0.8014
176	167	0.798416
176	168	1.47528
176	169	0.824094
176	172	0.804434
176	173	0.774862
176	174	0.787512
176	177	0.744322
176	178	0.795317
176	179	0.865936
176	180	0.784768
177	3	0.855894
177	5	0.868296
177	8	0.858603
177	16	0.756339
177	21	0.679632
177	24	0.818119
177	28	0.736117
177	37	0.831018
177	43	1.70949
177	46	0.788187
177	55	1.91546
177	57	1.84173
177	59	0.891537
177	62	0.704321
177	68	0.751756
177	72	0.682528
177	74	1.90454
177	75	0.785906
177	81	1.78968
177	83	0.789977
177	89	1.65044
177	94	0.785622
177	100	1.55025
177	101	0.693793
177	103	2.00911
177	106	0.737552
177	115	0.803048
177	116	1.78037
177	117	1.88654
177	118	0.774211
177	119	0.736291
177	122	0.81124
177	123	1.75151
177	125	0.804877
177	127	0.837487
177	130	0.825493
177	131	0.784627
177	132	1.76237
177	133	0.828818
177	134	0.787468
177	136	0.812238
177	139	0.742154
177	141	0.79029
177	142	1.72342
177	143	0.816111
177	144	0.780155
177	145	0.783558
177	146	0.761438
177	147	0.779655
177	148	0.771787
177	149	1.62463
177	150	0.749498
177	153	1.86956
177	154	1.65903
177	155	1.97188
177	156	0.775944
177	157	0.766513
177	158	0.751225
177	159	0.801288
177	160	0.730155
177	161	0.790339
177	162	0.769087
177	163	0.750829
177	164	0.771221
177	165	0.764989
177	167	0.750932
177	169	0.776611
177	170	0.719439
177	171	0.755426
177	172	0.756951
177	173	0.727378
177	174	0.740029
177	175	0.675712
177	176	0.744322
177	178	0.747834
177	180	0.737285
178	5	0.919291
178	8	0.909597
178	15	1.6835
178	16	0.807334
178	24	0.869114
178	28	0.787111
178	30	1.50927
178	32	0.751707
178	37	0.882012
178	40	1.6354
178	44	1.28066
178	48	1.5076
178	49	0.839596
178	54	1.21637
178	56	1.56321
178	59	0.942532
178	66	1.41532
178	68	0.802751
178	69	1.30265
178	72	0.733523
178	75	0.836901
178	83	0.840972
178	84	1.43481
178	85	1.66205
178	86	1.64358
178	89	1.26641
178	93	1.58114
178	94	0.836617
178	99	1.65344
178	101	0.744788
178	106	0.788547
178	107	1.38722
178	109	1.53331
178	115	0.854043
178	118	0.825206
178	119	0.787286
178	120	1.45924
178	122	0.862235
178	123	1.36748
178	124	1.44941
178	125	0.855872
178	127	0.888481
178	128	1.48302
178	129	0.84602
178	130	0.876488
178	131	0.835622
178	133	0.879813
178	134	0.838463
178	135	0.852614
178	136	0.863233
178	139	0.793149
178	141	0.841285
178	143	0.867106
178	144	0.83115
178	145	0.834553
178	146	0.812433
178	147	0.83065
178	148	0.822782
178	150	0.800492
178	156	0.826939
178	157	0.817507
178	158	0.80222
178	159	0.852283
178	160	0.78115
178	161	0.841334
178	163	0.801824
178	164	0.822216
178	165	0.815983
178	166	0.804911
178	167	0.801927
178	169	0.827606
178	170	0.770434
178	171	0.80642
178	172	0.807946
178	173	0.778373
178	174	0.791024
178	175	0.726706
178	176	0.795317
178	177	0.747834
178	179	1.26119
178	180	0.788279
179	1	0.832507
179	2	0.856761
179	6	0.841118
179	7	0.832129
179	9	0.694529
179	11	0.938384
179	15	0.833496
179	18	0.940101
179	20	0.839711
179	22	0.908939
179	24	0.993822
179	26	0.919402
179	27	0.896371
179	29	0.908772
179	31	0.929766
179	32	0.822326
179	40	0.820869
179	50	0.876094
179	56	0.87797
179	59	0.743706
179	61	0.897754
179	66	0.9129
179	72	2.04481
179	73	0.920914
179	74	0.836012
179	76	0.891686
179	77	0.902361
179	79	0.898819
179	80	0.89702
179	81	0.902468
179	84	0.895473
179	86	0.902181
179	88	0.903346
179	91	0.935082
179	94	1.16855
179	95	0.91158
179	99	0.865395
179	101	1.89221
179	102	0.895513
179	103	0.83962
179	105	0.895363
179	109	0.860199
179	110	0.928188
179	115	1.09141
179	117	0.877546
179	120	0.872141
179	121	0.917158
179	123	0.895868
179	124	0.904591
179	127	0.92141
179	128	0.897476
179	132	0.922391
179	133	0.953452
179	134	1.08692
179	135	1.08133
179	137	0.901746
179	138	0.894057
179	139	1.21566
179	140	0.888352
179	142	0.928282
179	145	1.06988
179	146	1.25596
179	148	1.21218
179	149	0.917997
179	151	0.901601
179	152	0.896032
179	153	0.88695
179	154	0.912194
179	155	0.86239
179	156	1.18052
179	158	1.34202
179	160	1.30088
179	161	1.12592
179	162	0.8907
179	163	1.21132
179	165	1.21914
179	166	1.26149
179	172	1.31253
179	173	1.46736
179	175	1.8588
179	176	0.865936
179	178	1.26119
179	180	1.34851
180	1	1.89427
180	3	0.89634
180	5	0.908742
180	8	0.899049
180	10	1.10606
180	16	0.796785
180	19	1.42221
180	21	0.720078
180	24	0.858565
180	28	0.776563
180	29	1.54189
180	32	0.741158
180	35	1.62404
180	37	0.871463
180	41	1.56477
180	46	0.828633
180	49	0.829047
180	51	1.66463
180	59	0.931983
180	62	0.744767
180	67	1.50251
180	68	0.792202
180	72	0.722974
180	73	1.50203
180	75	0.826352
180	83	0.830423
180	84	1.52213
180	94	0.826068
180	101	0.734239
180	102	1.61318
180	104	1.70867
180	106	0.777998
180	109	1.62063
180	111	1.48123
180	113	1.42049
180	114	1.55588
180	115	0.843494
180	118	0.814657
180	119	0.776737
180	121	1.59235
180	122	0.851686
180	124	1.53673
180	125	0.845323
180	127	0.877932
180	129	0.835471
180	130	0.865939
180	131	0.825073
180	133	0.869264
180	134	0.827914
180	135	0.842065
180	136	0.852684
180	138	0.81289
180	139	0.7826
180	141	0.830736
180	143	0.856557
180	144	0.820601
180	145	0.824004
180	146	0.801884
180	147	0.820101
180	148	0.812233
180	149	1.32792
180	150	0.789943
180	152	1.53391
180	153	1.57286
180	156	0.81639
180	157	0.806959
180	158	0.791671
180	159	0.841734
180	160	0.770601
180	161	0.830785
180	162	0.809533
180	163	0.791275
180	164	0.811667
180	165	0.805434
180	166	0.794362
180	167	0.791378
180	168	1.5431
180	169	0.817057
180	170	0.759885
180	171	0.795871
180	172	0.797397
180	173	0.767824
180	174	0.780475
180	175	0.716157
180	176	0.784768
180	177	0.737285
180	178	0.788279
180	179	1.34851
