1	4	0.872551
1	11	0.871886
1	18	0.870584
1	30	0.933319
1	134	2.83762
1	140	0.930043
1	141	0.888809
1	146	0.93559
1	148	1.51355
1	153	0.92037
1	166	3.20929
1	169	1.41862
2	3	0.780561
2	7	0.705862
2	23	0.687509
2	42	0.682163
2	43	0.74646
2	57	0.729135
2	62	0.717709
2	81	0.740699
2	85	0.740645
2	130	1.90671
2	134	4.78251
2	162	0.701183
3	2	0.780561
3	23	0.760198
3	43	0.81915
3	57	0.801824
3	62	0.790399
3	65	0.855177
3	81	0.813389
3	85	0.813335
3	134	3.97987
3	156	2.38632
3	158	1.65432
3	162	0.773873
4	1	0.872551
4	8	2.78463
4	11	0.667671
4	18	0.666368
4	30	0.729103
4	70	0.703156
4	106	0.731109
4	138	0.718174
4	141	0.684593
4	146	0.731375
4	153	0.716154
4	162	3.93817
5	80	0.693148
5	89	0.736583
5	92	0.726601
5	98	0.715152
5	104	0.746328
5	110	0.739924
5	113	0.731832
5	114	0.731799
5	145	3.04092
5	153	0.734928
5	169	3.82243
5	175	0.671679
6	9	1.13176
6	54	1.96256
6	118	0.776724
6	131	0.72091
6	161	0.716265
6	165	0.684536
6	171	0.730444
6	172	0.691289
6	174	0.721769
6	177	0.73002
6	179	0.701038
6	180	0.713751
7	2	0.705862
7	23	0.685499
7	42	0.680153
7	43	0.744451
7	57	0.727125
7	62	0.7157
7	65	0.780478
7	81	0.73869
7	85	0.738636
7	125	2.59814
7	162	0.699174
7	177	4.32729
8	4	2.78463
8	36	0.937117
8	42	0.712664
8	75	0.736813
8	81	0.771201
8	85	0.771147
8	166	0.693063
8	169	0.741667
8	176	0.703799
8	178	0.699733
8	179	0.679646
8	180	0.692359
9	6	1.13176
9	15	0.871004
9	27	0.765471
9	28	0.843768
9	53	0.810182
9	111	1.478
9	143	4.82346
9	154	0.828231
9	157	0.773679
9	162	0.783589
9	169	0.793572
9	175	0.755079
10	14	0.794198
10	24	0.755937
10	34	0.773735
10	35	0.685461
10	59	0.727171
10	67	0.69789
10	69	0.697461
10	71	0.697105
10	106	0.741611
10	156	1.45379
10	164	0.667825
10	172	6.29897
11	1	0.871886
11	4	0.667671
11	18	0.665704
11	30	0.728439
11	49	2.98091
11	70	0.702491
11	84	3.45055
11	138	0.71751
11	140	0.725163
11	141	0.683929
11	146	0.73071
11	153	0.71549
12	18	2.18938
12	53	1.6439
12	65	0.793913
12	81	0.752125
12	85	0.752071
12	113	0.744252
12	114	0.744219
12	152	0.713045
12	175	0.684099
12	178	0.680658
12	179	0.660571
12	180	0.673284
13	72	0.714542
13	80	0.700469
13	92	0.733922
13	98	0.722472
13	104	0.753648
13	110	0.747244
13	113	0.739153
13	114	0.739119
13	126	2.85759
13	155	3.88188
13	157	0.697599
13	175	0.678999
14	10	0.794198
14	24	0.860798
14	35	0.790322
14	59	0.832031
14	67	0.802751
14	69	0.802322
14	71	0.801966
14	95	3.72066
14	131	0.76461
14	156	2.06877
14	157	2.31589
14	164	0.772685
15	9	0.871004
15	27	0.763792
15	28	0.842089
15	53	0.808503
15	119	2.64587
15	129	1.97329
15	133	3.24458
15	154	0.826553
15	157	0.772
15	162	0.78191
15	169	0.791893
15	175	0.7534
16	20	0.772924
16	31	0.841971
16	41	0.751712
16	51	0.80365
16	52	0.811028
16	60	0.795936
16	66	0.797328
16	74	0.829619
16	129	1.86246
16	153	0.82106
16	163	2.49171
16	170	3.40291
17	29	0.705626
17	47	0.74958
17	64	0.735841
17	75	0.712227
17	76	0.722302
17	128	0.751649
17	130	2.00453
17	141	0.710277
17	154	0.751741
17	166	0.668477
17	169	0.717082
17	176	4.74452
18	1	0.870584
18	4	0.666368
18	11	0.665704
18	12	2.18938
18	30	0.727136
18	58	3.42041
18	70	0.701189
18	106	0.729142
18	138	0.716207
18	141	0.682626
18	146	0.729408
18	153	0.714187
19	34	0.777677
19	35	0.689404
19	58	1.09617
19	59	0.731114
19	67	0.701833
19	69	0.701404
19	71	0.701048
19	84	0.765195
19	86	0.738422
19	106	0.745553
19	164	0.671768
19	179	5.61811
20	16	0.772924
20	22	0.745134
20	32	0.7512
20	52	0.705805
20	60	0.690714
20	61	0.692986
20	66	0.692106
20	74	0.724396
20	140	0.72551
20	153	0.715837
20	175	3.42866
20	176	3.52619
21	72	0.772443
21	80	0.758369
21	98	0.780373
21	103	1.553
21	104	0.811549
21	110	0.805145
21	113	0.797053
21	114	0.79702
21	153	0.800149
21	157	0.7555
21	168	4.4317
21	175	0.7369
21	178	2.9858
22	20	0.745134
22	41	0.723921
22	51	0.775859
22	52	0.783237
22	61	0.770418
22	66	0.769538
22	74	0.801829
22	84	0.827867
22	124	1.39048
22	140	0.802943
22	153	0.79327
22	164	2.88809
22	166	3.77834
23	2	0.687509
23	3	0.760198
23	7	0.685499
23	42	0.6618
23	43	0.726097
23	57	0.708772
23	62	0.697347
23	65	0.762124
23	81	0.720337
23	85	0.720283
23	120	4.56883
23	135	2.56765
23	162	0.680821
24	10	0.755937
24	14	0.860798
24	25	0.862529
24	34	0.840334
24	35	0.752061
24	59	0.79377
24	67	0.76449
24	69	0.764061
24	71	0.763705
24	86	0.801079
24	156	2.85207
24	164	0.734424
24	178	4.41807
25	24	0.862529
25	53	2.1784
25	81	0.674838
25	95	0.779469
25	147	0.818421
25	150	0.814328
25	163	0.827771
25	172	0.741763
25	173	0.742265
25	177	0.780494
25	178	0.771599
25	179	0.751512
25	180	0.764225
26	79	0.763188
26	84	1.02844
26	87	0.790497
26	94	0.780861
26	101	0.81349
26	105	0.766938
26	109	0.807822
26	115	0.830428
26	116	0.785731
26	161	4.71757
26	164	0.743379
26	166	0.728848
26	169	2.58152
27	9	0.765471
27	15	0.763792
27	28	0.736556
27	53	0.70297
27	86	0.71894
27	128	0.720927
27	144	2.32682
27	154	0.721019
27	157	0.666467
27	162	0.676377
27	168	5.19129
27	169	0.68636
27	175	0.647867
28	9	0.843768
28	15	0.842089
28	27	0.736556
28	53	0.781267
28	117	2.50923
28	128	0.799224
28	148	3.26026
28	154	0.799317
28	157	0.744764
28	160	2.49167
28	162	0.754674
28	169	0.764657
28	175	0.726164
29	17	0.705626
29	33	0.702305
29	38	0.750512
29	47	0.735504
29	55	0.733084
29	64	0.721764
29	75	0.698151
29	76	0.708225
29	154	0.737665
29	159	3.76279
29	166	0.654401
29	167	3.70498
29	169	0.703005
30	1	0.933319
30	4	0.729103
30	11	0.728439
30	18	0.727136
30	106	0.791877
30	131	4.40265
30	138	0.778942
30	140	0.786595
30	141	0.745362
30	144	2.25031
30	146	0.792143
30	153	0.776922
30	160	1.60375
31	16	0.841971
31	32	0.820247
31	41	0.715536
31	46	1.43875
31	52	0.774851
31	60	0.75976
31	61	0.762032
31	66	0.761152
31	74	0.793443
31	140	0.794557
31	144	3.31061
31	148	3.43265
31	153	0.784884
32	20	0.7512
32	31	0.820247
32	41	0.729988
32	51	0.781926
32	52	0.789304
32	58	1.48342
32	60	0.774212
32	61	0.776484
32	66	0.775604
32	74	0.807895
32	153	0.799336
32	160	2.2773
32	171	4.30301
33	29	0.702305
33	38	0.761268
33	47	0.746259
33	55	0.74384
33	64	0.73252
33	75	0.708906
33	76	0.718981
33	111	1.30143
33	142	5.65791
33	154	0.748421
33	166	0.665156
33	169	0.713761
34	10	0.773735
34	19	0.777677
34	24	0.840334
34	35	0.769858
34	59	0.811568
34	67	0.782287
34	69	0.781858
34	71	0.781502
34	127	1.2706
34	131	0.744146
34	163	2.01863
34	164	0.752222
34	180	4.95293
35	10	0.685461
35	14	0.790322
35	19	0.689404
35	24	0.752061
35	34	0.769858
35	59	0.723294
35	67	0.694014
35	69	0.693585
35	71	0.693229
35	131	0.655873
35	158	2.7909
35	164	0.663948
35	167	4.49969
36	8	0.937117
36	45	0.78839
36	87	0.776701
36	94	0.767066
36	100	0.80606
36	101	0.799695
36	105	0.753142
36	109	0.794026
36	115	0.816632
36	116	0.771935
36	144	0.754233
36	170	2.75455
36	177	3.67141
37	74	1.65731
37	97	1.73949
37	136	0.675272
37	145	0.758607
37	149	0.738914
37	158	0.759673
37	161	0.679517
37	171	0.693696
37	173	0.655044
37	174	0.685021
37	176	0.688443
37	177	0.693272
37	178	0.684378
37	180	0.677004
38	29	0.750512
38	33	0.761268
38	47	0.794466
38	55	0.792047
38	64	0.780727
38	75	0.757113
38	76	0.767188
38	119	2.69743
38	132	4.01187
38	144	0.752543
38	154	0.796627
38	158	2.35834
38	166	0.713363
38	169	0.761968
39	72	0.75824
39	89	0.787602
39	92	0.77762
39	98	0.76617
39	104	0.797347
39	110	0.790943
39	113	0.782851
39	114	0.782818
39	123	2.14498
39	131	0.719041
39	157	0.741298
39	163	2.87223
39	169	3.48301
39	175	0.722698
40	56	0.767961
40	78	0.776445
40	88	0.76208
40	91	0.752241
40	93	0.750571
40	97	0.788178
40	99	0.741484
40	107	0.779329
40	108	0.777602
40	122	0.775228
40	133	2.73582
40	141	0.738659
40	150	3.43262
40	157	2.77714
41	16	0.751712
41	22	0.723921
41	31	0.715536
41	32	0.729988
41	50	3.18504
41	51	0.677214
41	52	0.684592
41	60	0.669501
41	61	0.671773
41	66	0.670893
41	74	0.703184
41	133	4.16252
41	140	0.704298
41	153	0.694625
42	2	0.682163
42	7	0.680153
42	8	0.712664
42	23	0.6618
42	43	0.720751
42	57	0.703426
42	62	0.692001
42	65	0.756778
42	81	0.714991
42	83	0.689001
42	85	0.714937
42	142	3.92391
42	162	0.675475
42	179	4.12125
43	2	0.74646
43	3	0.81915
43	7	0.744451
43	23	0.726097
43	42	0.720751
43	57	0.767723
43	62	0.756298
43	65	0.821076
43	81	0.779288
43	85	0.779234
43	156	1.69297
43	161	4.00356
43	162	0.739772
43	171	3.21956
44	73	3.3391
44	79	0.826946
44	87	0.854255
44	90	0.856973
44	94	0.844619
44	100	0.883613
44	101	0.877248
44	105	0.830696
44	116	0.849489
44	126	1.94669
44	127	1.63121
44	154	2.41443
44	164	0.807137
44	166	0.792606
45	36	0.78839
45	48	0.763091
45	79	0.724928
45	87	0.752237
45	90	0.754955
45	94	0.742601
45	100	0.781596
45	101	0.775231
45	105	0.728678
45	115	0.792168
45	116	0.747471
45	147	3.57485
45	155	2.99122
45	162	2.64679
45	166	0.690588
46	31	1.43875
46	80	1.71379
46	108	0.670512
46	136	0.741081
46	163	0.80636
46	168	0.747544
46	171	0.759506
46	172	0.720351
46	173	0.720853
46	174	0.75083
46	176	0.754253
46	177	0.759082
46	178	0.750187
46	179	0.7301
46	180	0.742813
47	17	0.74958
47	29	0.735504
47	33	0.746259
47	38	0.794466
47	55	0.777039
47	64	0.765718
47	75	0.742105
47	76	0.75218
47	83	2.63774
47	121	3.06671
47	126	2.86637
47	128	0.781527
47	141	0.740155
47	166	0.698355
47	169	0.746959
48	45	0.763091
48	79	0.724094
48	87	0.751403
48	90	0.754121
48	94	0.741767
48	100	0.780761
48	101	0.774396
48	109	0.768728
48	115	0.791334
48	116	0.746637
48	148	0.738394
48	151	2.8187
48	160	2.1056
48	166	0.689754
48	176	4.06245
49	11	2.98091
49	53	0.776117
49	63	0.765137
49	99	0.755528
49	108	0.791646
49	109	0.977284
49	122	0.789272
49	140	0.904823
49	162	0.749525
49	169	0.759507
49	170	0.758494
49	173	0.688239
49	175	0.721014
49	177	0.726468
49	180	0.710199
50	41	3.18504
50	53	0.720698
50	94	0.707496
50	109	0.734456
50	115	0.757062
50	116	0.712365
50	120	0.662918
50	135	0.695388
50	140	1.98132
50	157	0.684194
50	169	0.704087
50	173	0.632819
50	175	0.665595
50	177	0.671048
50	180	0.654779
51	16	0.80365
51	22	0.775859
51	32	0.781926
51	41	0.677214
51	52	0.73653
51	60	0.721439
51	61	0.723711
51	66	0.722831
51	74	0.755122
51	84	0.78116
51	140	0.756236
51	153	0.746563
51	156	2.23703
51	175	3.59723
51	177	3.62886
52	16	0.811028
52	20	0.705805
52	22	0.783237
52	31	0.774851
52	32	0.789304
52	41	0.684592
52	51	0.73653
52	60	0.728817
52	61	0.731089
52	66	0.730209
52	74	0.762499
52	118	2.2557
52	137	4.04484
52	153	0.753941
52	170	2.79441
53	9	0.810182
53	12	1.6439
53	15	0.808503
53	25	2.1784
53	27	0.70297
53	28	0.781267
53	49	0.776117
53	50	0.720698
53	123	3.00445
53	128	0.765638
53	154	0.765731
53	157	0.711178
53	162	0.721088
53	169	0.731071
53	175	0.692578
54	6	1.96256
54	56	0.753449
54	68	0.789067
54	77	0.775033
54	78	0.761932
54	88	0.747567
54	91	0.737728
54	96	0.696643
54	97	0.773666
54	99	0.726971
54	107	0.764816
54	122	0.760716
54	124	2.50712
54	139	3.31388
54	148	0.730986
55	29	0.733084
55	33	0.74384
55	38	0.792047
55	47	0.777039
55	75	0.739685
55	76	0.74976
55	128	0.779107
55	141	0.737735
55	144	0.735115
55	147	3.12823
55	154	0.7792
55	157	2.63622
55	164	3.46406
55	166	0.695935
55	169	0.74454
56	40	0.767961
56	54	0.753449
56	63	0.742588
56	78	0.76794
56	88	0.753575
56	91	0.743736
56	93	0.742066
56	96	0.702651
56	99	0.732979
56	107	0.770824
56	108	0.769097
56	122	0.766724
56	129	1.74019
56	149	3.16993
56	177	4.1975
57	2	0.729135
57	3	0.801824
57	7	0.727125
57	23	0.708772
57	42	0.703426
57	43	0.767723
57	62	0.738973
57	65	0.80375
57	81	0.761963
57	85	0.761909
57	106	0.772141
57	135	2.43478
57	162	0.722447
57	164	3.19232
57	175	3.47756
58	18	3.42041
58	19	1.09617
58	32	1.48342
58	125	0.793636
58	132	0.785198
58	161	0.736774
58	170	0.782555
58	171	0.750953
58	172	0.711798
58	174	0.742277
58	176	0.7457
58	177	0.750529
58	178	0.741634
58	179	0.721547
58	180	0.73426
59	10	0.727171
59	14	0.832031
59	19	0.731114
59	24	0.79377
59	34	0.811568
59	35	0.723294
59	67	0.735723
59	69	0.735294
59	71	0.734938
59	103	2.4757
59	106	0.779444
59	117	1.86094
59	131	0.697583
59	164	0.705658
59	168	5.3544
60	16	0.795936
60	20	0.690714
60	31	0.75976
60	32	0.774212
60	41	0.669501
60	51	0.721439
60	52	0.728817
60	61	0.715998
60	66	0.715118
60	74	0.747408
60	84	0.773446
60	127	2.37044
60	140	0.748522
60	152	4.22329
60	153	0.738849
60	158	2.82271
61	20	0.692986
61	22	0.770418
61	31	0.762032
61	32	0.776484
61	41	0.671773
61	51	0.723711
61	52	0.731089
61	60	0.715998
61	66	0.71739
61	74	0.74968
61	82	2.36413
61	84	0.775718
61	124	3.7384
61	130	2.87879
61	140	0.750794
61	153	0.741121
62	2	0.717709
62	3	0.790399
62	7	0.7157
62	23	0.697347
62	42	0.692001
62	43	0.756298
62	57	0.738973
62	65	0.792325
62	81	0.750537
62	83	0.724547
62	85	0.750483
62	106	0.760715
62	129	2.03223
62	162	0.711021
62	168	3.1291
62	172	6.5024
63	49	0.765137
63	56	0.742588
63	77	0.764172
63	88	0.736707
63	91	0.726868
63	93	0.725198
63	96	0.685782
63	97	0.762805
63	99	0.716111
63	107	0.753956
63	108	0.752228
63	122	0.749855
63	136	6.59551
63	148	0.720125
63	150	2.2802
63	162	1.18867
64	17	0.735841
64	29	0.721764
64	33	0.73252
64	38	0.780727
64	47	0.765718
64	75	0.728365
64	76	0.73844
64	128	0.767787
64	141	0.726415
64	144	0.723795
64	151	3.0249
64	154	0.76788
64	158	2.07891
64	166	0.684615
64	169	0.73322
64	171	4.3375
65	3	0.855177
65	7	0.780478
65	12	0.793913
65	23	0.762124
65	42	0.756778
65	43	0.821076
65	57	0.80375
65	62	0.792325
65	81	0.815315
65	85	0.815261
65	106	0.825493
65	148	2.5847
65	154	1.91417
65	162	0.775799
65	169	2.48977
65	175	3.67543
66	16	0.797328
66	20	0.692106
66	22	0.769538
66	31	0.761152
66	32	0.775604
66	41	0.670893
66	51	0.722831
66	52	0.730209
66	60	0.715118
66	61	0.71739
66	74	0.7488
66	103	3.72089
66	118	3.52395
66	129	2.52221
66	140	0.749914
66	153	0.740241
67	10	0.69789
67	14	0.802751
67	19	0.701833
67	24	0.76449
67	34	0.782287
67	35	0.694014
67	59	0.735723
67	69	0.706014
67	71	0.705658
67	84	0.769805
67	86	0.743032
67	106	0.750163
67	131	0.668302
67	152	3.05203
67	164	0.676378
67	166	4.34866
67	169	2.55799
68	54	0.789067
68	78	0.803559
68	83	0.77612
68	91	0.779355
68	93	0.777685
68	96	0.73827
68	97	0.815292
68	99	0.768598
68	107	0.806443
68	108	0.804716
68	119	2.47978
68	122	0.802342
68	138	2.21124
68	141	0.765773
68	148	0.772612
68	163	2.43645
68	167	3.84948
69	10	0.697461
69	14	0.802322
69	19	0.701404
69	24	0.764061
69	34	0.781858
69	35	0.693585
69	59	0.735294
69	67	0.706014
69	71	0.705229
69	84	0.769376
69	86	0.742603
69	106	0.749734
69	131	0.667873
69	143	4.20055
69	149	1.8403
69	164	0.675948
69	180	3.97411
70	4	0.703156
70	11	0.702491
70	18	0.701189
70	77	0.770301
70	91	0.732996
70	93	0.731326
70	96	0.691911
70	105	0.715703
70	109	0.756587
70	111	2.43435
70	115	0.779193
70	116	0.734496
70	122	0.755983
70	145	3.15226
70	151	3.9732
70	153	0.750975
70	166	0.677614
71	10	0.697105
71	14	0.801966
71	19	0.701048
71	24	0.763705
71	34	0.781502
71	35	0.693229
71	59	0.734938
71	67	0.705658
71	69	0.705229
71	84	0.76902
71	86	0.742247
71	106	0.749378
71	126	2.65458
71	131	0.667517
71	157	3.77049
71	162	3.33444
71	164	0.675592
72	13	0.714542
72	21	0.772443
72	39	0.75824
72	80	0.694487
72	89	0.737922
72	92	0.72794
72	98	0.716491
72	104	0.747667
72	110	0.741263
72	113	0.733171
72	114	0.733138
72	138	0.738287
72	139	2.55871
72	153	0.736267
72	170	2.64957
72	175	0.673018
72	180	4.67266
73	44	3.3391
73	123	0.736977
73	149	0.712643
73	150	0.700836
73	151	0.68445
73	153	2.86195
73	158	0.733401
73	161	0.653246
73	167	0.670838
73	170	0.699027
73	172	0.62827
73	173	0.628772
73	174	0.65875
73	176	0.662172
73	177	0.667001
73	178	0.658106
73	179	0.638019
73	180	0.650732
74	16	0.829619
74	20	0.724396
74	22	0.801829
74	31	0.793443
74	32	0.807895
74	37	1.65731
74	41	0.703184
74	51	0.755122
74	52	0.762499
74	60	0.747408
74	61	0.74968
74	66	0.7488
74	84	0.807129
74	131	3.99412
74	140	0.782205
74	145	1.08738
74	153	0.772532
74	174	3.6792
75	8	0.736813
75	17	0.712227
75	29	0.698151
75	33	0.708906
75	38	0.757113
75	47	0.742105
75	55	0.739685
75	64	0.728365
75	76	0.714826
75	128	0.744173
75	130	1.98391
75	135	3.58359
75	141	0.702802
75	144	0.700182
75	154	0.744266
75	166	0.661002
75	169	0.709606
75	175	4.62638
76	17	0.722302
76	29	0.708225
76	33	0.718981
76	38	0.767188
76	47	0.75218
76	55	0.74976
76	64	0.73844
76	75	0.714826
76	128	0.754248
76	132	2.07163
76	141	0.712876
76	144	0.710256
76	154	0.754341
76	165	7.76016
76	166	0.671076
76	169	0.719681
76	180	2.30376
77	54	0.775033
77	63	0.764172
77	70	0.770301
77	78	0.789525
77	88	0.77516
77	91	0.76532
77	93	0.76365
77	96	0.724235
77	97	0.801258
77	99	0.754563
77	107	0.792409
77	108	0.790681
77	122	0.788308
77	132	2.20005
77	141	0.751738
77	155	1.43403
77	170	1.75349
77	173	6.56516
78	40	0.776445
78	54	0.761932
78	56	0.76794
78	68	0.803559
78	77	0.789525
78	86	0.778023
78	88	0.762059
78	91	0.75222
78	93	0.75055
78	97	0.788158
78	99	0.741463
78	107	0.779308
78	108	0.777581
78	122	0.775208
78	149	1.98396
78	150	1.38421
78	168	3.49351
78	172	6.86681
79	26	0.763188
79	44	0.826946
79	45	0.724928
79	48	0.724094
79	87	0.71324
79	90	0.715958
79	94	0.703604
79	95	4.67934
79	101	0.736234
79	105	0.689681
79	109	0.730565
79	115	0.753171
79	116	0.708474
79	145	2.42048
79	148	0.700231
79	155	3.18295
79	164	0.666122
79	166	0.651592
80	5	0.693148
80	13	0.700469
80	21	0.758369
80	46	1.71379
80	72	0.694487
80	84	2.05968
80	89	0.723848
80	92	0.713867
80	98	0.702417
80	104	0.733593
80	110	0.727189
80	113	0.719098
80	114	0.719064
80	140	0.731866
80	146	0.737414
80	153	0.722193
80	157	0.677544
80	175	0.658944
80	180	5.93627
81	2	0.740699
81	3	0.813389
81	7	0.73869
81	8	0.771201
81	12	0.752125
81	23	0.720337
81	25	0.674838
81	42	0.714991
81	43	0.779288
81	57	0.761963
81	62	0.750537
81	65	0.815315
81	83	0.747537
81	85	0.773473
81	106	0.783705
81	138	2.00293
81	144	2.81181
81	162	0.734011
81	180	5.16243
82	61	2.36413
82	98	0.619404
82	107	1.36248
82	117	0.792901
82	129	0.826414
82	134	0.746264
82	137	0.749012
82	146	0.273043
82	150	0.780254
82	155	0.772183
82	163	0.793697
82	169	0.779458
82	170	0.778444
82	173	0.70819
82	174	0.738167
82	176	0.74159
82	178	0.737524
82	179	0.717437
82	180	0.73015
83	42	0.689001
83	47	2.63774
83	62	0.724547
83	68	0.77612
83	81	0.747537
83	85	0.747483
83	87	1.21627
83	92	1.72801
83	96	0.683696
83	97	0.760719
83	107	0.75187
83	112	0.652801
83	122	0.747769
83	151	0.702414
83	162	0.708021
83	174	0.676713
83	176	0.680136
83	178	0.67607
83	180	0.668696
84	11	3.45055
84	19	0.765195
84	22	0.827867
84	26	1.02844
84	51	0.78116
84	60	0.773446
84	61	0.775718
84	67	0.769805
84	69	0.769376
84	71	0.76902
84	74	0.807129
84	80	2.05968
84	114	0.818008
84	164	0.739739
84	172	0.702044
84	177	0.740775
84	178	0.73188
84	179	0.711793
84	180	0.724506
85	2	0.740645
85	3	0.813335
85	7	0.738636
85	8	0.771147
85	12	0.752071
85	23	0.720283
85	42	0.714937
85	43	0.779234
85	57	0.761909
85	62	0.750483
85	65	0.815261
85	81	0.773473
85	83	0.747483
85	106	0.783651
85	125	2.01843
85	137	4.08115
85	150	3.25837
85	157	2.60288
85	162	0.733957
86	19	0.738422
86	24	0.801079
86	27	0.71894
86	67	0.743032
86	69	0.742603
86	71	0.742247
86	78	0.778023
86	88	0.763658
86	91	0.753818
86	97	0.789756
86	122	0.776806
86	138	1.84208
86	139	2.88764
86	149	2.86777
86	157	0.727148
86	162	0.737059
86	164	0.712967
86	169	0.747041
86	174	4.48838
86	175	0.708548
87	26	0.790497
87	36	0.776701
87	44	0.854255
87	45	0.752237
87	48	0.751403
87	79	0.71324
87	83	1.21627
87	90	0.743266
87	100	0.769907
87	101	0.763542
87	105	0.716989
87	109	0.757873
87	115	0.780479
87	116	0.735783
87	148	0.72754
87	164	0.69343
87	166	0.6789
87	167	3.29049
87	170	2.78866
87	171	3.84028
88	40	0.76208
88	54	0.747567
88	56	0.753575
88	63	0.736707
88	77	0.77516
88	78	0.762059
88	86	0.763658
88	91	0.737855
88	93	0.736185
88	96	0.69677
88	97	0.773792
88	99	0.727098
88	102	4.64198
88	107	0.764943
88	108	0.763216
88	122	0.760842
88	138	2.26237
88	148	0.731113
88	158	2.19182
88	169	3.09837
89	5	0.736583
89	39	0.787602
89	72	0.737922
89	80	0.723848
89	92	0.757302
89	98	0.745852
89	103	1.45041
89	104	0.777028
89	110	0.770624
89	113	0.762532
89	114	0.762499
89	131	0.698722
89	138	0.767648
89	146	0.780849
89	153	0.765628
89	157	0.720979
89	169	1.34828
89	172	5.93181
89	173	4.83325
89	175	0.702379
90	44	0.856973
90	45	0.754955
90	48	0.754121
90	79	0.715958
90	87	0.743266
90	94	0.733631
90	100	0.772625
90	101	0.76626
90	105	0.719707
90	109	0.760591
90	115	0.783197
90	116	0.7385
90	144	0.720798
90	146	0.770199
90	148	0.730258
90	149	3.36649
90	151	3.21622
90	162	2.81332
90	163	2.566
90	166	0.681618
91	40	0.752241
91	54	0.737728
91	56	0.743736
91	63	0.726868
91	68	0.779355
91	70	0.732996
91	77	0.76532
91	78	0.75222
91	86	0.753818
91	88	0.737855
91	93	0.726346
91	96	0.68693
91	99	0.717259
91	107	0.755104
91	108	0.753377
91	122	0.751003
91	148	0.721273
91	154	2.44943
91	159	3.88509
91	160	2.35137
91	164	3.92544
92	5	0.726601
92	13	0.733922
92	39	0.77762
92	72	0.72794
92	80	0.713867
92	83	1.72801
92	89	0.757302
92	98	0.73587
92	104	0.767047
92	110	0.760643
92	113	0.752551
92	114	0.752518
92	131	0.688741
92	138	0.757667
92	140	0.765319
92	146	0.770867
92	148	3.0949
92	157	0.710998
92	160	2.3263
92	175	0.692398
92	178	4.39142
93	40	0.750571
93	56	0.742066
93	63	0.725198
93	68	0.777685
93	70	0.731326
93	77	0.76365
93	78	0.75055
93	88	0.736185
93	91	0.726346
93	96	0.685261
93	97	0.762283
93	99	0.715589
93	107	0.753434
93	108	0.751707
93	111	2.37381
93	121	3.03023
93	122	0.749333
93	125	3.36135
93	128	0.754135
93	148	0.719603
93	160	3.19956
94	26	0.780861
94	36	0.767066
94	44	0.844619
94	45	0.742601
94	48	0.741767
94	50	0.707496
94	79	0.703604
94	90	0.733631
94	100	0.760272
94	101	0.753907
94	105	0.707354
94	109	0.748238
94	115	0.770844
94	116	0.726147
94	129	1.86961
94	146	0.757846
94	152	3.60368
94	163	2.49886
94	164	0.683795
94	166	0.669265
94	178	4.5011
95	14	3.72066
95	25	0.779469
95	79	4.67934
95	136	0.629357
95	145	0.712692
95	151	0.664806
95	152	0.67085
95	160	0.714822
95	162	0.670414
95	163	0.694635
95	167	0.651195
95	168	0.63582
95	170	0.679383
95	171	0.647782
95	172	0.608627
95	174	0.639106
95	176	0.642529
95	177	0.647358
95	178	0.638463
95	179	0.618376
95	180	0.631089
96	54	0.696643
96	56	0.702651
96	63	0.685782
96	68	0.73827
96	70	0.691911
96	77	0.724235
96	83	0.683696
96	88	0.69677
96	91	0.68693
96	93	0.685261
96	97	0.722868
96	99	0.676174
96	107	0.714019
96	108	0.712291
96	122	0.709918
96	128	0.71472
96	141	0.673348
96	148	0.680188
96	158	1.2756
96	173	7.29425
96	177	3.39943
97	37	1.73949
97	40	0.788178
97	54	0.773666
97	63	0.762805
97	68	0.815292
97	77	0.801258
97	78	0.788158
97	83	0.760719
97	86	0.789756
97	88	0.773792
97	93	0.762283
97	96	0.722868
97	99	0.753196
97	107	0.791041
97	108	0.789314
97	122	0.786941
97	128	0.791743
97	141	0.750371
97	152	2.44511
97	170	2.25149
97	171	3.30311
97	176	3.23425
98	5	0.715152
98	13	0.722472
98	21	0.780373
98	39	0.76617
98	72	0.716491
98	80	0.702417
98	82	0.619404
98	89	0.745852
98	92	0.73587
98	104	0.755597
98	110	0.749193
98	113	0.741101
98	114	0.741068
98	131	0.677291
98	140	0.75387
98	145	1.80936
98	146	0.759417
98	153	0.744197
98	157	0.699548
98	175	0.680948
98	176	3.87405
98	179	5.64526
99	40	0.741484
99	49	0.755528
99	54	0.726971
99	56	0.732979
99	63	0.716111
99	68	0.768598
99	77	0.754563
99	78	0.741463
99	88	0.727098
99	91	0.717259
99	93	0.715589
99	96	0.676174
99	97	0.753196
99	107	0.744347
99	108	0.74262
99	117	3.17411
99	122	0.740246
99	127	2.47139
99	128	0.745048
99	138	2.99421
99	139	4.03977
99	141	0.703677
100	36	0.80606
100	44	0.883613
100	45	0.781596
100	48	0.780761
100	87	0.769907
100	90	0.772625
100	94	0.760272
100	101	0.792901
100	105	0.746348
100	109	0.787232
100	115	0.809838
100	116	0.765141
100	119	1.36252
100	136	5.80449
100	142	3.61818
100	144	0.747439
100	146	0.79684
100	148	0.756898
100	159	1.62118
100	164	0.722789
100	166	0.708259
100	174	2.57143
101	26	0.81349
101	36	0.799695
101	44	0.877248
101	45	0.775231
101	48	0.774396
101	79	0.736234
101	87	0.763542
101	90	0.76626
101	94	0.753907
101	100	0.792901
101	105	0.739983
101	109	0.780867
101	115	0.803473
101	116	0.758776
101	118	1.58753
101	133	1.85708
101	146	0.790475
101	148	0.750533
101	164	0.716424
101	170	2.12625
101	174	3.63613
101	179	4.88022
102	88	4.64198
102	114	2.93886
102	121	0.683805
102	123	0.713294
102	126	0.698678
102	147	0.681246
102	155	0.669083
102	158	0.709719
102	159	0.666202
102	160	0.710783
102	161	0.629564
102	168	0.631781
102	169	0.676358
102	170	0.675344
102	171	0.643743
102	173	0.60509
102	174	0.635067
102	176	0.63849
102	177	0.643319
102	178	0.634424
102	179	0.614337
102	180	0.62705
103	21	1.553
103	59	2.4757
103	66	3.72089
103	89	1.45041
103	119	0.794502
103	121	0.760097
103	149	0.765252
103	152	0.743103
103	155	0.745374
103	156	0.785732
103	161	0.705855
103	165	0.674126
103	167	0.723447
103	170	0.751636
103	171	0.720034
103	172	0.680879
103	173	0.681381
103	174	0.711359
103	176	0.714781
103	177	0.71961
103	178	0.710715
103	179	0.690628
103	180	0.703341
104	5	0.746328
104	13	0.753648
104	21	0.811549
104	39	0.797347
104	72	0.747667
104	80	0.733593
104	89	0.777028
104	92	0.767047
104	98	0.755597
104	110	0.780369
104	113	0.772277
104	114	0.772244
104	119	1.6144
104	138	0.777393
104	140	0.785046
104	146	0.790594
104	147	2.74645
104	149	2.37156
104	152	2.67589
104	153	0.775373
104	157	0.730724
104	175	0.712124
104	179	5.23625
105	26	0.766938
105	36	0.753142
105	44	0.830696
105	45	0.728678
105	70	0.715703
105	79	0.689681
105	87	0.716989
105	90	0.719707
105	94	0.707354
105	100	0.746348
105	101	0.739983
105	109	0.734314
105	115	0.75692
105	116	0.712223
105	144	0.694521
105	146	0.743922
105	148	0.703981
105	154	2.11307
105	156	2.51412
105	161	4.82472
105	164	0.669871
105	166	0.655341
105	178	4.08012
106	4	0.731109
106	10	0.741611
106	18	0.729142
106	19	0.745553
106	30	0.791877
106	57	0.772141
106	59	0.779444
106	62	0.760715
106	65	0.825493
106	67	0.750163
106	69	0.749734
106	71	0.749378
106	81	0.783705
106	85	0.783651
106	138	0.780948
106	140	0.788601
106	143	4.57599
106	147	2.59063
106	153	0.778928
106	154	1.45045
106	162	0.744189
106	167	2.8283
106	177	3.24332
107	40	0.779329
107	54	0.764816
107	56	0.770824
107	63	0.753956
107	68	0.806443
107	77	0.792409
107	78	0.779308
107	82	1.36248
107	83	0.75187
107	88	0.764943
107	91	0.755104
107	93	0.753434
107	96	0.714019
107	97	0.791041
107	99	0.744347
107	108	0.780465
107	122	0.778091
107	123	1.99591
107	125	2.82207
107	128	0.782894
107	141	0.741522
107	158	2.4274
107	175	4.5196
108	40	0.777602
108	46	0.670512
108	49	0.791646
108	56	0.769097
108	63	0.752228
108	68	0.804716
108	77	0.790681
108	78	0.777581
108	88	0.763216
108	91	0.753377
108	93	0.751707
108	96	0.712291
108	97	0.789314
108	99	0.74262
108	107	0.780465
108	122	0.776364
108	128	0.781166
108	132	3.31646
108	141	0.739795
108	148	0.746634
108	150	3.29754
108	156	2.39493
108	166	4.36015
109	26	0.807822
109	36	0.794026
109	48	0.768728
109	49	0.977284
109	50	0.734456
109	70	0.756587
109	79	0.730565
109	87	0.757873
109	90	0.760591
109	94	0.748238
109	100	0.787232
109	101	0.780867
109	105	0.734314
109	115	0.797804
109	116	0.753107
109	144	0.735405
109	146	0.784806
109	148	0.744865
109	164	0.710755
109	165	9.83984
109	166	0.696225
109	170	2.1504
109	175	1.87514
109	177	1.90676
110	5	0.739924
110	13	0.747244
110	21	0.805145
110	39	0.790943
110	72	0.741263
110	80	0.727189
110	89	0.770624
110	92	0.760643
110	98	0.749193
110	104	0.780369
110	112	9.6
110	113	0.765873
110	114	0.76584
110	131	0.702063
110	138	0.770989
110	140	0.778642
110	146	0.78419
110	148	1.31393
110	150	1.94706
110	153	0.768969
110	157	0.72432
110	164	2.23442
110	175	0.70572
110	180	2.22637
111	9	1.478
111	33	1.30143
111	70	2.43435
111	93	2.37381
111	112	0.725125
111	134	0.757134
111	143	0.746572
111	153	1.01346
111	155	0.783053
111	156	0.82341
111	158	0.823689
111	161	0.743534
111	163	0.804567
111	165	0.711805
111	167	0.761126
111	170	0.789314
111	172	0.718558
111	173	0.71906
111	174	0.749037
111	176	0.75246
111	177	0.757289
111	178	0.748394
111	179	0.728307
111	180	0.74102
112	83	0.652801
112	110	9.6
112	111	0.725125
112	131	0.607108
112	136	0.598218
112	137	0.618812
112	139	0.643145
112	147	0.654146
112	150	0.650054
112	152	0.639712
112	155	0.641983
112	159	0.639102
112	160	0.683683
112	161	0.602464
112	167	0.620056
112	171	0.616643
112	172	0.577488
112	173	0.57799
112	174	0.607967
112	176	0.61139
112	177	0.616219
112	178	0.607324
112	179	0.587237
112	180	0.59995
113	5	0.731832
113	12	0.744252
113	13	0.739153
113	21	0.797053
113	39	0.782851
113	72	0.733171
113	80	0.719098
113	89	0.762532
113	92	0.752551
113	98	0.741101
113	104	0.772277
113	110	0.765873
113	114	0.757748
113	126	1.27477
113	131	0.693972
113	138	0.762897
113	140	0.77055
113	146	0.776098
113	153	0.760877
113	157	0.716228
113	160	1.64444
113	161	4.45415
113	174	4.12841
113	175	0.697628
113	176	3.60129
114	5	0.731799
114	12	0.744219
114	13	0.739119
114	21	0.79702
114	39	0.782818
114	72	0.733138
114	80	0.719064
114	84	0.818008
114	89	0.762499
114	92	0.752518
114	98	0.741068
114	102	2.93886
114	104	0.772244
114	110	0.76584
114	113	0.757748
114	131	0.693938
114	138	0.762864
114	140	0.770517
114	146	0.776065
114	147	1.95984
114	153	0.760844
114	157	0.716195
114	164	2.29566
114	173	6.50735
114	175	0.697595
115	26	0.830428
115	36	0.816632
115	45	0.792168
115	48	0.791334
115	50	0.757062
115	70	0.779193
115	79	0.753171
115	87	0.780479
115	90	0.783197
115	94	0.770844
115	100	0.809838
115	101	0.803473
115	105	0.75692
115	109	0.797804
115	116	0.775714
115	121	2.18486
115	123	1.68982
115	130	1.57105
115	144	0.758011
115	146	0.807413
115	148	0.767471
115	154	2.45226
115	164	0.733361
115	166	0.718831
115	170	3.32828
115	174	4.83816
116	26	0.785731
116	36	0.771935
116	44	0.849489
116	45	0.747471
116	48	0.746637
116	50	0.712365
116	70	0.734496
116	79	0.708474
116	87	0.735783
116	90	0.7385
116	94	0.726147
116	100	0.765141
116	101	0.758776
116	105	0.712223
116	109	0.753107
116	115	0.775714
116	144	0.713314
116	146	0.762716
116	148	0.722774
116	159	2.50802
116	164	0.688664
116	166	0.674134
116	171	3.00001
116	174	3.45828
116	178	3.03942
116	180	3.97148
117	28	2.50923
117	59	1.86094
117	82	0.792901
117	99	3.17411
117	119	0.769757
117	127	0.779829
117	142	0.690806
117	148	0.727939
117	151	0.712314
117	152	0.718358
117	153	1.85678
117	156	0.760987
117	158	0.761265
117	161	0.68111
117	165	0.649381
117	167	0.698702
117	170	0.726891
117	171	0.695289
117	172	0.656134
117	173	0.656636
117	174	0.686613
117	176	0.690036
117	177	0.694865
117	178	0.68597
117	179	0.665883
117	180	0.678596
118	6	0.776724
118	52	2.2557
118	66	3.52395
118	101	1.58753
118	120	0.686956
118	124	0.748237
118	135	0.719426
118	142	0.691027
118	146	2.00621
118	149	0.740728
118	150	0.728921
118	155	0.72085
118	158	0.761486
118	159	0.717969
118	160	0.76255
118	167	0.698923
118	168	0.683548
118	170	0.727111
118	171	0.69551
118	172	0.656355
118	173	0.656857
118	174	0.686834
118	176	0.690257
118	178	0.686191
118	179	0.666104
118	180	0.678817
119	15	2.64587
119	38	2.69743
119	68	2.47978
119	100	1.36252
119	103	0.794502
119	104	1.6144
119	117	0.769757
119	120	0.715144
119	145	0.788608
119	149	0.768916
119	155	0.749038
119	156	0.789396
119	159	0.746158
119	160	0.790739
119	162	0.746331
119	164	0.722239
119	165	0.67779
119	168	0.711737
119	170	0.7553
119	172	0.684543
119	173	0.685045
119	174	0.715023
119	176	0.718445
119	177	0.723274
119	178	0.71438
119	179	0.694292
119	180	0.707005
120	23	4.56883
120	50	0.662918
120	118	0.686956
120	119	0.715144
120	127	0.725216
120	133	0.673573
120	136	0.622252
120	137	0.642846
120	141	4.76885
120	145	0.705587
120	150	0.674087
120	152	0.663745
120	156	0.706374
120	161	0.626497
120	165	0.594769
120	167	0.644089
120	168	0.628715
120	171	0.640676
120	172	0.601521
120	173	0.602023
120	174	0.632001
120	176	0.635423
120	177	0.640252
120	178	0.631358
120	179	0.61127
120	180	0.623983
121	47	3.06671
121	93	3.03023
121	102	0.683805
121	103	0.760097
121	115	2.18486
121	124	0.74202
121	130	0.763816
121	136	0.670868
121	137	0.691463
121	140	2.08456
121	142	0.68481
121	150	0.722704
121	151	0.706318
121	155	0.714633
121	158	0.755269
121	159	0.711752
121	161	0.675114
121	163	0.736147
121	165	0.643385
121	168	0.677331
121	170	0.720894
121	171	0.689293
121	173	0.65064
121	174	0.680617
121	177	0.688869
121	178	0.679974
121	179	0.659887
121	180	0.6726
122	40	0.775228
122	49	0.789272
122	54	0.760716
122	56	0.766724
122	63	0.749855
122	68	0.802342
122	70	0.755983
122	77	0.788308
122	78	0.775208
122	83	0.747769
122	86	0.776806
122	88	0.760842
122	91	0.751003
122	93	0.749333
122	96	0.709918
122	97	0.786941
122	99	0.740246
122	107	0.778091
122	108	0.776364
122	128	0.778793
122	131	4.00323
122	141	0.737421
122	148	0.744261
122	159	2.73806
122	162	1.51453
122	176	3.16119
122	177	3.09528
122	178	3.26945
123	39	2.14498
123	53	3.00445
123	73	0.736977
123	102	0.713294
123	107	1.99591
123	115	1.68982
123	125	0.761465
123	126	0.773717
123	128	1.38514
123	130	0.793305
123	137	0.720952
123	139	0.745284
123	143	0.707641
123	149	0.764
123	155	0.744122
123	159	0.741241
123	161	0.704603
123	163	0.765636
123	164	0.717323
123	167	0.722195
123	170	0.750383
123	171	0.718782
123	173	0.680129
123	174	0.710106
123	176	0.713529
123	177	0.718358
123	179	0.689376
123	180	0.702089
124	22	1.39048
124	54	2.50712
124	61	3.7384
124	118	0.748237
124	121	0.74202
124	126	0.756893
124	134	0.701379
124	139	0.72846
124	140	2.33035
124	142	0.697474
124	150	0.735369
124	159	0.724417
124	161	0.687779
124	164	0.700498
124	165	0.65605
124	167	0.705371
124	168	0.689996
124	170	0.733559
124	171	0.701958
124	172	0.662803
124	173	0.663305
124	174	0.693282
124	176	0.696705
124	177	0.701534
124	178	0.692639
124	179	0.672552
124	180	0.685265
125	7	2.59814
125	58	0.793636
125	85	2.01843
125	93	3.36135
125	107	2.82207
125	123	0.761465
125	134	0.691335
125	137	0.694083
125	142	0.68743
125	150	0.725324
125	151	0.708938
125	152	0.714982
125	156	0.757611
125	158	0.75789
125	159	0.714373
125	161	0.677734
125	167	0.695326
125	168	0.679952
125	170	0.723515
125	171	0.691913
125	172	0.652759
125	173	0.653261
125	176	0.68666
125	177	0.691489
125	178	0.682595
125	179	0.662507
125	180	0.675221
126	13	2.85759
126	44	1.94669
126	47	2.86637
126	71	2.65458
126	102	0.698678
126	113	1.27477
126	123	0.773717
126	124	0.756893
126	129	0.783738
126	130	0.778689
126	133	0.737062
126	135	0.728082
126	142	0.699683
126	150	0.737577
126	151	0.721191
126	155	0.729506
126	156	0.769863
126	160	0.771206
126	163	0.75102
126	168	0.692204
126	170	0.735767
126	171	0.704166
126	173	0.665513
126	174	0.69549
126	176	0.698913
126	177	0.703742
126	178	0.694847
126	179	0.67476
126	180	0.687473
127	34	1.2706
127	44	1.63121
127	60	2.37044
127	99	2.47139
127	117	0.779829
127	120	0.725216
127	128	1.36435
127	129	0.813342
127	130	0.808293
127	139	0.760273
127	146	0.885689
127	150	0.767181
127	151	0.750795
127	155	0.75911
127	158	0.799747
127	159	0.75623
127	160	0.800811
127	163	0.780624
127	165	0.687862
127	167	0.737183
127	168	0.721809
127	170	0.765372
127	171	0.73377
127	172	0.694615
127	174	0.725095
127	176	0.728517
127	177	0.733346
127	178	0.724451
127	179	0.704364
127	180	0.717077
128	17	0.751649
128	27	0.720927
128	28	0.799224
128	47	0.781527
128	53	0.765638
128	55	0.779107
128	64	0.767787
128	75	0.744173
128	76	0.754248
128	93	0.754135
128	96	0.71472
128	97	0.791743
128	99	0.745048
128	107	0.782894
128	108	0.781166
128	122	0.778793
128	123	1.38514
128	127	1.36435
128	137	4.27402
128	138	1.88717
128	148	0.749063
128	154	0.783688
128	155	2.70414
128	157	0.729135
128	162	0.739045
128	166	0.700423
128	169	0.749028
128	175	0.710535
128	178	4.11462
129	15	1.97329
129	16	1.86246
129	56	1.74019
129	62	2.03223
129	66	2.52221
129	82	0.826414
129	94	1.86961
129	126	0.783738
129	127	0.813342
129	130	0.803325
129	132	0.763046
129	135	0.752718
129	142	0.724319
129	145	0.793712
129	150	0.762213
129	155	0.754142
129	158	0.794778
129	159	0.751262
129	163	0.775656
129	167	0.732215
129	168	0.71684
129	170	0.760404
129	172	0.689647
129	173	0.690149
129	174	0.720126
129	176	0.723549
129	177	0.728378
129	178	0.719483
129	179	0.699396
129	180	0.712109
130	2	1.90671
130	17	2.00453
130	61	2.87879
130	75	1.98391
130	115	1.57105
130	121	0.763816
130	123	0.793305
130	126	0.778689
130	127	0.808293
130	129	0.803325
130	136	0.705329
130	139	0.750256
130	150	0.757165
130	151	0.740778
130	153	1.05607
130	155	0.749094
130	156	0.789451
130	158	0.78973
130	160	0.790794
130	165	0.677846
130	167	0.727167
130	168	0.711792
130	170	0.755355
130	171	0.723754
130	172	0.684599
130	174	0.715078
130	176	0.718501
130	177	0.72333
130	178	0.714435
130	179	0.694348
130	180	0.707061
131	6	0.72091
131	14	0.76461
131	30	4.40265
131	34	0.744146
131	35	0.655873
131	39	0.719041
131	59	0.697583
131	67	0.668302
131	69	0.667873
131	71	0.667517
131	74	3.99412
131	89	0.698722
131	92	0.688741
131	98	0.677291
131	110	0.702063
131	112	0.607108
131	113	0.693972
131	114	0.693938
131	122	4.00323
131	142	0.635213
131	161	0.625517
131	164	0.638237
131	171	0.639696
131	172	0.600541
131	173	0.601043
131	175	0.633818
131	176	0.634443
131	177	0.639272
131	178	0.630377
131	179	0.61029
131	180	0.623003
132	38	4.01187
132	58	0.785198
132	76	2.07163
132	77	2.20005
132	108	3.31646
132	129	0.763046
132	133	0.716371
132	134	0.682896
132	135	0.707391
132	137	0.685644
132	143	0.672334
132	147	0.720978
132	149	0.728693
132	152	0.706544
132	158	0.749451
132	160	0.750515
132	161	0.669296
132	164	0.682016
132	165	0.637567
132	167	0.686888
132	170	0.715076
132	171	0.683475
132	172	0.64432
132	173	0.644822
132	174	0.674799
132	176	0.678222
132	177	0.683051
132	179	0.654069
132	180	0.666782
133	15	3.24458
133	40	2.73582
133	41	4.16252
133	101	1.85708
133	120	0.673573
133	126	0.737062
133	132	0.716371
133	135	0.706043
133	145	0.747037
133	151	0.699152
133	152	0.705196
133	155	0.707467
133	156	0.747824
133	158	0.748103
133	159	0.704586
133	160	0.749168
133	161	0.667948
133	165	0.636219
133	167	0.68554
133	168	0.670165
133	171	0.682127
133	172	0.642972
133	173	0.643474
133	174	0.673451
133	175	0.676249
133	176	0.676874
133	177	0.681703
133	178	0.672808
133	179	0.652721
133	180	0.665434
134	1	2.83762
134	2	4.78251
134	3	3.97987
134	82	0.746264
134	111	0.757134
134	124	0.701379
134	125	0.691335
134	132	0.682896
134	136	0.630227
134	137	0.650822
134	145	0.713562
134	147	0.686155
134	150	0.682063
134	155	0.673992
134	158	0.714628
134	159	0.671111
134	160	0.715692
134	167	0.652065
134	168	0.63669
134	170	0.680253
134	171	0.648652
134	172	0.609497
134	173	0.609999
134	174	0.639976
134	176	0.643399
134	177	0.648228
134	178	0.639333
134	179	0.619246
134	180	0.631959
135	23	2.56765
135	50	0.695388
135	57	2.43478
135	75	3.58359
135	118	0.719426
135	126	0.728082
135	129	0.752718
135	132	0.707391
135	133	0.706043
135	146	2.38737
135	147	0.71065
135	149	0.718364
135	150	0.706557
135	151	0.690171
135	152	0.696215
135	155	0.698487
135	156	0.738844
135	160	0.740187
135	163	0.72
135	165	0.627239
135	167	0.676559
135	168	0.661185
135	171	0.673146
135	172	0.633992
135	174	0.664471
135	176	0.667893
135	177	0.672722
135	178	0.663828
135	179	0.64374
135	180	0.656454
136	37	0.675272
136	46	0.741081
136	63	6.59551
136	95	0.629357
136	100	5.80449
136	112	0.598218
136	120	0.622252
136	121	0.670868
136	130	0.705329
136	134	0.630227
136	137	0.632975
136	142	0.626323
136	143	0.619665
136	145	0.695716
136	149	0.676024
136	156	0.696503
136	159	0.653265
136	163	0.67766
136	165	0.584898
136	167	0.634219
136	168	0.618844
136	170	0.662407
136	171	0.630806
136	172	0.591651
136	173	0.592153
136	174	0.62213
136	176	0.625553
136	177	0.630382
136	178	0.621487
136	179	0.6014
136	180	0.614113
137	52	4.04484
137	82	0.749012
137	85	4.08115
137	112	0.618812
137	120	0.642846
137	121	0.691463
137	123	0.720952
137	125	0.694083
137	128	4.27402
137	132	0.685644
137	134	0.650822
137	136	0.632975
137	139	0.677903
137	142	0.646917
137	145	0.71631
137	147	0.688903
137	148	0.68405
137	149	0.696618
137	152	0.674469
137	160	0.718441
137	165	0.605492
137	168	0.639438
137	170	0.683002
137	172	0.612245
137	173	0.612747
137	174	0.642724
137	176	0.646147
137	177	0.650976
137	178	0.642081
137	179	0.621994
137	180	0.634707
138	4	0.718174
138	11	0.71751
138	18	0.716207
138	30	0.778942
138	68	2.21124
138	72	0.738287
138	81	2.00293
138	86	1.84208
138	88	2.26237
138	89	0.767648
138	92	0.757667
138	99	2.99421
138	104	0.777393
138	106	0.780948
138	110	0.770989
138	113	0.762897
138	114	0.762864
138	128	1.88717
138	140	0.775666
138	141	0.734432
138	143	0.697481
138	146	0.781214
138	153	0.765993
138	163	0.755476
138	168	0.69666
138	172	0.669467
138	173	0.669969
138	175	0.702744
138	176	0.703369
138	177	0.708198
138	178	0.699303
138	179	0.679216
138	180	0.691929
139	54	3.31388
139	72	2.55871
139	86	2.88764
139	99	4.03977
139	112	0.643145
139	123	0.745284
139	124	0.72846
139	127	0.760273
139	130	0.750256
139	137	0.677903
139	142	0.67125
139	143	0.664592
139	147	0.713236
139	149	0.720951
139	150	0.709144
139	159	0.698192
139	160	0.742773
139	161	0.661554
139	165	0.629825
139	167	0.679146
139	168	0.663771
139	170	0.707334
139	171	0.675733
139	172	0.636578
139	173	0.63708
139	174	0.667057
139	175	0.669855
139	176	0.67048
139	177	0.675309
139	178	0.666414
139	179	0.646327
139	180	0.65904
140	1	0.930043
140	11	0.725163
140	20	0.72551
140	22	0.802943
140	30	0.786595
140	31	0.794557
140	41	0.704298
140	49	0.904823
140	50	1.98132
140	51	0.756236
140	60	0.748522
140	61	0.750794
140	66	0.749914
140	74	0.782205
140	80	0.731866
140	92	0.765319
140	98	0.75387
140	104	0.785046
140	106	0.788601
140	110	0.778642
140	113	0.77055
140	114	0.770517
140	121	2.08456
140	124	2.33035
140	138	0.775666
140	141	0.742085
140	144	2.90044
140	146	0.788867
140	151	2.96698
140	153	0.773646
140	162	2.56408
140	175	0.710397
141	1	0.888809
141	4	0.684593
141	11	0.683929
141	17	0.710277
141	18	0.682626
141	30	0.745362
141	40	0.738659
141	47	0.740155
141	55	0.737735
141	64	0.726415
141	68	0.765773
141	75	0.702802
141	76	0.712876
141	77	0.751738
141	96	0.673348
141	97	0.750371
141	99	0.703677
141	107	0.741522
141	108	0.739795
141	120	4.76885
141	122	0.737421
141	138	0.734432
141	140	0.742085
141	144	0.698232
141	146	0.747633
141	153	0.732412
141	154	0.742316
141	155	2.60577
141	157	2.69739
141	159	3.48486
141	163	2.01402
141	166	0.659052
141	167	3.42706
141	169	0.707656
142	33	5.65791
142	42	3.92391
142	100	3.61818
142	117	0.690806
142	118	0.691027
142	121	0.68481
142	124	0.697474
142	125	0.68743
142	126	0.699683
142	129	0.724319
142	131	0.635213
142	136	0.626323
142	137	0.646917
142	139	0.67125
142	147	0.68225
142	150	0.678158
142	151	0.661772
142	152	0.667816
142	156	0.710445
142	161	0.630568
142	162	0.66738
142	163	0.691601
142	165	0.598839
142	167	0.64816
142	168	0.632785
142	172	0.605592
142	174	0.636071
142	175	0.63887
142	176	0.639494
142	177	0.644323
142	178	0.635428
142	179	0.615341
142	180	0.628054
143	9	4.82346
143	69	4.20055
143	106	4.57599
143	111	0.746572
143	123	0.707641
143	132	0.672334
143	136	0.619665
143	138	0.697481
143	139	0.664592
143	147	0.675593
143	148	0.67074
143	149	0.683308
143	151	0.655115
143	152	0.661159
143	155	0.66343
143	156	0.703787
143	158	0.704066
143	159	0.660549
143	160	0.70513
143	161	0.623911
143	163	0.684944
143	165	0.592182
143	168	0.626128
143	169	0.670705
143	170	0.669691
143	171	0.63809
143	172	0.598935
143	173	0.599437
143	174	0.629414
143	176	0.632837
143	177	0.637666
143	178	0.628771
143	179	0.608684
143	180	0.621397
144	27	2.32682
144	30	2.25031
144	31	3.31061
144	36	0.754233
144	38	0.752543
144	55	0.735115
144	64	0.723795
144	75	0.700182
144	76	0.710256
144	81	2.81181
144	90	0.720798
144	100	0.747439
144	105	0.694521
144	109	0.735405
144	115	0.758011
144	116	0.713314
144	140	2.90044
144	141	0.698232
144	146	0.745013
144	154	0.739696
144	158	0.738397
144	159	0.694881
144	161	0.658242
144	164	0.670962
144	166	0.656432
144	169	0.705036
144	170	0.704023
144	171	0.672421
144	172	0.633266
144	176	0.667168
144	177	0.671997
144	178	0.663102
144	179	0.643015
144	180	0.655728
145	5	3.04092
145	37	0.758607
145	70	3.15226
145	74	1.08738
145	79	2.42048
145	95	0.712692
145	98	1.80936
145	119	0.788608
145	120	0.705587
145	129	0.793712
145	133	0.747037
145	134	0.713562
145	136	0.695716
145	137	0.71631
145	146	1.463
145	147	0.751644
145	149	0.759358
145	150	0.747551
145	151	0.731165
145	152	0.737209
145	159	0.7366
145	163	0.760994
145	165	0.668233
145	167	0.717554
145	168	0.702179
145	170	0.745742
145	171	0.714141
145	172	0.674986
145	173	0.675488
145	174	0.705465
145	176	0.708888
145	177	0.713717
145	178	0.704822
145	179	0.684735
145	180	0.697448
146	1	0.93559
146	4	0.731375
146	11	0.73071
146	18	0.729408
146	30	0.792143
146	80	0.737414
146	82	0.273043
146	89	0.780849
146	90	0.770199
146	92	0.770867
146	94	0.757846
146	98	0.759417
146	100	0.79684
146	101	0.790475
146	104	0.790594
146	105	0.743922
146	109	0.784806
146	110	0.78419
146	113	0.776098
146	114	0.776065
146	115	0.807413
146	116	0.762716
146	118	2.00621
146	127	0.885689
146	135	2.38737
146	138	0.781214
146	140	0.788867
146	141	0.747633
146	144	0.745013
146	145	1.463
146	153	0.779194
146	154	1.66891
146	164	0.720363
146	171	3.59654
146	175	0.715945
146	179	5.2989
147	25	0.818421
147	45	3.57485
147	55	3.12823
147	102	0.681246
147	104	2.74645
147	106	2.59063
147	112	0.654146
147	114	1.95984
147	132	0.720978
147	134	0.686155
147	135	0.71065
147	137	0.688903
147	139	0.713236
147	142	0.68225
147	143	0.675593
147	145	0.751644
147	149	0.731951
147	150	0.720145
147	155	0.712074
147	156	0.752431
147	159	0.709193
147	160	0.753774
147	163	0.733587
147	165	0.640826
147	168	0.674772
147	170	0.718335
147	171	0.686734
147	172	0.647579
147	173	0.648081
147	174	0.678058
147	176	0.681481
147	177	0.68631
147	178	0.677415
147	179	0.657328
147	180	0.670041
148	1	1.51355
148	28	3.26026
148	31	3.43265
148	48	0.738394
148	54	0.730986
148	63	0.720125
148	65	2.5847
148	68	0.772612
148	79	0.700231
148	87	0.72754
148	88	0.731113
148	90	0.730258
148	91	0.721273
148	92	3.0949
148	93	0.719603
148	96	0.680188
148	100	0.756898
148	101	0.750533
148	105	0.703981
148	108	0.746634
148	109	0.744865
148	110	1.31393
148	115	0.767471
148	116	0.722774
148	117	0.727939
148	122	0.744261
148	128	0.749063
148	137	0.68405
148	143	0.67074
148	165	0.635973
148	168	0.669919
148	170	0.713482
148	171	0.681881
148	174	0.673205
148	176	0.676628
148	178	0.672562
148	179	0.652475
148	180	0.665188
149	37	0.738914
149	56	3.16993
149	69	1.8403
149	73	0.712643
149	78	1.98396
149	86	2.86777
149	90	3.36649
149	103	0.765252
149	104	2.37156
149	118	0.740728
149	119	0.768916
149	123	0.764
149	132	0.728693
149	135	0.718364
149	136	0.676024
149	137	0.696618
149	139	0.720951
149	143	0.683308
149	145	0.759358
149	147	0.731951
149	151	0.711473
149	156	0.760146
149	159	0.716908
149	161	0.680269
149	163	0.741302
149	165	0.64854
149	167	0.697861
149	168	0.682487
149	170	0.72605
149	171	0.694448
149	172	0.655293
149	173	0.655795
149	174	0.685773
149	175	0.688571
149	176	0.689195
149	177	0.694024
149	178	0.685129
149	179	0.665042
149	180	0.677755
150	25	0.814328
150	40	3.43262
150	63	2.2802
150	73	0.700836
150	78	1.38421
150	82	0.780254
150	85	3.25837
150	108	3.29754
150	110	1.94706
150	112	0.650054
150	118	0.728921
150	120	0.674087
150	121	0.722704
150	124	0.735369
150	125	0.725324
150	126	0.737577
150	127	0.767181
150	129	0.762213
150	130	0.757165
150	134	0.682063
150	135	0.706557
150	139	0.709144
150	142	0.678158
150	145	0.747551
150	147	0.720145
150	151	0.699666
150	155	0.707981
150	156	0.748339
150	160	0.749682
150	167	0.686054
150	168	0.67068
150	172	0.643486
150	173	0.643988
150	174	0.673966
150	176	0.677388
150	177	0.682217
150	178	0.673323
150	179	0.653235
150	180	0.665948
151	48	2.8187
151	64	3.0249
151	70	3.9732
151	73	0.68445
151	83	0.702414
151	90	3.21622
151	95	0.664806
151	117	0.712314
151	121	0.706318
151	125	0.708938
151	126	0.721191
151	127	0.750795
151	130	0.740778
151	133	0.699152
151	135	0.690171
151	140	2.96698
151	142	0.661772
151	143	0.655115
151	145	0.731165
151	149	0.711473
151	150	0.699666
151	155	0.691595
151	156	0.731953
151	158	0.732232
151	163	0.713109
151	165	0.620347
151	166	0.650266
151	167	0.669668
151	169	0.69887
151	170	0.697857
151	171	0.666255
151	172	0.6271
151	173	0.627602
151	174	0.65758
151	175	0.660378
151	176	0.661002
151	177	0.665831
151	178	0.656936
151	179	0.636849
151	180	0.649562
152	12	0.713045
152	60	4.22329
152	67	3.05203
152	94	3.60368
152	95	0.67085
152	97	2.44511
152	103	0.743103
152	104	2.67589
152	112	0.639712
152	117	0.718358
152	120	0.663745
152	125	0.714982
152	132	0.706544
152	133	0.705196
152	135	0.696215
152	137	0.674469
152	142	0.667816
152	143	0.661159
152	145	0.737209
152	155	0.697639
152	156	0.737997
152	157	0.685022
152	158	0.738276
152	159	0.694759
152	160	0.73934
152	161	0.65812
152	163	0.719153
152	165	0.626391
152	167	0.675712
152	168	0.660338
152	170	0.703901
152	171	0.672299
152	172	0.633144
152	173	0.633646
152	175	0.666422
152	176	0.667046
152	177	0.671875
152	178	0.66298
152	179	0.642893
152	180	0.655606
153	1	0.92037
153	4	0.716154
153	5	0.734928
153	11	0.71549
153	16	0.82106
153	18	0.714187
153	20	0.715837
153	21	0.800149
153	22	0.79327
153	30	0.776922
153	31	0.784884
153	32	0.799336
153	41	0.694625
153	51	0.746563
153	52	0.753941
153	60	0.738849
153	61	0.741121
153	66	0.740241
153	70	0.750975
153	72	0.736267
153	73	2.86195
153	74	0.772532
153	80	0.722193
153	89	0.765628
153	98	0.744197
153	104	0.775373
153	106	0.778928
153	110	0.768969
153	111	1.01346
153	113	0.760877
153	114	0.760844
153	117	1.85678
153	130	1.05607
153	138	0.765993
153	140	0.773646
153	141	0.732412
153	146	0.779194
153	154	1.93728
153	163	1.9021
153	166	4.30355
153	175	0.700724
153	176	3.79606
153	177	3.73016
154	9	0.828231
154	15	0.826553
154	17	0.751741
154	27	0.721019
154	28	0.799317
154	29	0.737665
154	33	0.748421
154	38	0.796627
154	44	2.41443
154	53	0.765731
154	55	0.7792
154	64	0.76788
154	65	1.91417
154	75	0.744266
154	76	0.754341
154	91	2.44943
154	105	2.11307
154	106	1.45045
154	115	2.45226
154	128	0.783688
154	141	0.742316
154	144	0.739696
154	146	1.66891
154	153	1.93728
154	156	0.782203
154	157	0.729228
154	160	0.783546
154	162	0.739138
154	166	0.700516
154	168	0.704544
154	169	0.749121
154	170	0.748107
154	171	0.716505
154	173	0.677853
154	174	0.70783
154	175	0.710628
154	176	0.711252
154	177	0.716081
154	178	0.707187
154	179	0.687099
154	180	0.699813
155	13	3.88188
155	45	2.99122
155	77	1.43403
155	79	3.18295
155	82	0.772183
155	102	0.669083
155	103	0.745374
155	111	0.783053
155	112	0.641983
155	118	0.72085
155	119	0.749038
155	121	0.714633
155	123	0.744122
155	126	0.729506
155	127	0.75911
155	128	2.70414
155	129	0.754142
155	130	0.749094
155	133	0.707467
155	134	0.673992
155	135	0.698487
155	141	2.60577
155	143	0.66343
155	147	0.712074
155	150	0.707981
155	151	0.691595
155	152	0.697639
155	157	0.687293
155	161	0.660392
155	163	0.721424
155	167	0.677984
155	168	0.662609
155	169	0.707186
155	170	0.706172
155	171	0.674571
155	172	0.635416
155	173	0.635918
155	176	0.669318
155	177	0.674147
155	178	0.665252
155	179	0.645165
155	180	0.657878
156	3	2.38632
156	10	1.45379
156	14	2.06877
156	24	2.85207
156	43	1.69297
156	51	2.23703
156	103	0.785732
156	105	2.51412
156	108	2.39493
156	111	0.82341
156	117	0.760987
156	119	0.789396
156	120	0.706374
156	125	0.757611
156	126	0.769863
156	130	0.789451
156	133	0.747824
156	135	0.738844
156	136	0.696503
156	142	0.710445
156	143	0.703787
156	147	0.752431
156	149	0.760146
156	150	0.748339
156	151	0.731953
156	152	0.737997
156	154	0.782203
156	159	0.737387
156	162	0.737561
156	163	0.761782
156	165	0.66902
156	167	0.718341
156	168	0.702966
156	170	0.746529
156	171	0.714928
156	172	0.675773
156	173	0.676275
156	174	0.706252
156	175	0.70905
156	176	0.709675
156	177	0.714504
156	178	0.705609
156	179	0.685522
156	180	0.698235
157	9	0.773679
157	13	0.697599
157	14	2.31589
157	15	0.772
157	21	0.7555
157	27	0.666467
157	28	0.744764
157	39	0.741298
157	40	2.77714
157	50	0.684194
157	53	0.711178
157	55	2.63622
157	71	3.77049
157	80	0.677544
157	85	2.60288
157	86	0.727148
157	89	0.720979
157	92	0.710998
157	98	0.699548
157	104	0.730724
157	110	0.72432
157	113	0.716228
157	114	0.716195
157	128	0.729135
157	141	2.69739
157	152	0.685022
157	154	0.729228
157	155	0.687293
157	158	0.727929
157	159	0.684412
157	162	0.684585
157	163	0.708807
157	168	0.649991
157	169	0.694568
157	170	0.693554
157	172	0.622798
157	174	0.653277
157	175	0.656075
157	177	0.661529
157	178	0.652634
157	179	0.632547
157	180	0.64526
158	3	1.65432
158	35	2.7909
158	37	0.759673
158	38	2.35834
158	60	2.82271
158	64	2.07891
158	73	0.733401
158	88	2.19182
158	96	1.2756
158	102	0.709719
158	107	2.4274
158	111	0.823689
158	117	0.761265
158	118	0.761486
158	121	0.755269
158	125	0.75789
158	127	0.799747
158	129	0.794778
158	130	0.78973
158	132	0.749451
158	133	0.748103
158	134	0.714628
158	143	0.704066
158	144	0.738397
158	151	0.732232
158	152	0.738276
158	157	0.727929
158	159	0.737666
158	160	0.782247
158	161	0.701028
158	163	0.762061
158	165	0.669299
158	166	0.699217
158	167	0.71862
158	168	0.703245
158	171	0.715207
158	172	0.676052
158	173	0.676554
158	174	0.706531
158	176	0.709954
158	177	0.714783
158	178	0.705888
158	179	0.685801
158	180	0.698514
159	29	3.76279
159	91	3.88509
159	100	1.62118
159	102	0.666202
159	112	0.639102
159	116	2.50802
159	118	0.717969
159	119	0.746158
159	121	0.711752
159	122	2.73806
159	123	0.741241
159	124	0.724417
159	125	0.714373
159	127	0.75623
159	129	0.751262
159	133	0.704586
159	134	0.671111
159	136	0.653265
159	139	0.698192
159	141	3.48486
159	143	0.660549
159	144	0.694881
159	145	0.7366
159	147	0.709193
159	149	0.716908
159	152	0.694759
159	156	0.737387
159	157	0.684412
159	158	0.737666
159	160	0.73873
159	161	0.657511
159	162	0.694323
159	164	0.670231
159	166	0.6557
159	167	0.675103
159	170	0.703291
159	171	0.67169
159	172	0.632535
159	173	0.633037
159	174	0.663014
159	176	0.666437
159	177	0.671266
159	178	0.662371
159	179	0.642284
159	180	0.654997
160	28	2.49167
160	30	1.60375
160	32	2.2773
160	48	2.1056
160	91	2.35137
160	92	2.3263
160	93	3.19956
160	95	0.714822
160	102	0.710783
160	112	0.683683
160	113	1.64444
160	118	0.76255
160	119	0.790739
160	126	0.771206
160	127	0.800811
160	130	0.790794
160	132	0.750515
160	133	0.749168
160	134	0.715692
160	135	0.740187
160	137	0.718441
160	139	0.742773
160	143	0.70513
160	147	0.753774
160	150	0.749682
160	152	0.73934
160	154	0.783546
160	158	0.782247
160	159	0.73873
160	161	0.702092
160	164	0.714812
160	165	0.670363
160	167	0.719684
160	168	0.704309
160	170	0.747872
160	171	0.716271
160	172	0.677116
160	173	0.677618
160	174	0.707595
160	175	0.710393
160	176	0.711018
160	177	0.715847
160	178	0.706952
160	179	0.686865
160	180	0.699578
161	6	0.716265
161	26	4.71757
161	37	0.679517
161	43	4.00356
161	58	0.736774
161	73	0.653246
161	102	0.629564
161	103	0.705855
161	105	4.82472
161	111	0.743534
161	112	0.602464
161	113	4.45415
161	117	0.68111
161	120	0.626497
161	121	0.675114
161	123	0.704603
161	124	0.687779
161	125	0.677734
161	131	0.625517
161	132	0.669296
161	133	0.667948
161	139	0.661554
161	142	0.630568
161	143	0.623911
161	144	0.658242
161	149	0.680269
161	152	0.65812
161	155	0.660392
161	158	0.701028
161	159	0.657511
161	160	0.702092
161	163	0.681905
161	167	0.638464
161	169	0.667666
161	170	0.666653
161	171	0.635051
161	172	0.595896
161	173	0.596399
161	174	0.626376
161	175	0.629174
161	176	0.629798
161	177	0.634627
161	178	0.625733
161	179	0.605645
161	180	0.618359
162	2	0.701183
162	3	0.773873
162	4	3.93817
162	7	0.699174
162	9	0.783589
162	15	0.78191
162	23	0.680821
162	27	0.676377
162	28	0.754674
162	42	0.675475
162	43	0.739772
162	45	2.64679
162	49	0.749525
162	53	0.721088
162	57	0.722447
162	62	0.711021
162	63	1.18867
162	65	0.775799
162	71	3.33444
162	81	0.734011
162	83	0.708021
162	85	0.733957
162	86	0.737059
162	90	2.81332
162	95	0.670414
162	106	0.744189
162	119	0.746331
162	122	1.51453
162	128	0.739045
162	140	2.56408
162	142	0.66738
162	154	0.739138
162	156	0.737561
162	157	0.684585
162	159	0.694323
162	163	0.718717
162	169	0.704478
162	170	0.703465
162	172	0.632708
162	173	0.63321
162	175	0.665985
162	176	0.66661
162	177	0.671439
162	179	0.642457
162	180	0.65517
163	16	2.49171
163	25	0.827771
163	34	2.01863
163	39	2.87223
163	46	0.80636
163	68	2.43645
163	82	0.793697
163	90	2.566
163	94	2.49886
163	95	0.694635
163	111	0.804567
163	121	0.736147
163	123	0.765636
163	126	0.75102
163	127	0.780624
163	129	0.775656
163	135	0.72
163	136	0.67766
163	138	0.755476
163	141	2.01402
163	142	0.691601
163	143	0.684944
163	145	0.760994
163	147	0.733587
163	149	0.741302
163	151	0.713109
163	152	0.719153
163	153	1.9021
163	155	0.721424
163	156	0.761782
163	157	0.708807
163	158	0.762061
163	161	0.681905
163	162	0.718717
163	165	0.650176
163	167	0.699497
163	170	0.727686
163	171	0.696084
163	172	0.656929
163	173	0.657431
163	174	0.687409
163	175	0.690207
163	176	0.690831
163	177	0.69566
163	178	0.686765
163	179	0.666678
163	180	0.679391
164	10	0.667825
164	14	0.772685
164	19	0.671768
164	22	2.88809
164	24	0.734424
164	26	0.743379
164	34	0.752222
164	35	0.663948
164	44	0.807137
164	55	3.46406
164	57	3.19232
164	59	0.705658
164	67	0.676378
164	69	0.675948
164	71	0.675592
164	79	0.666122
164	84	0.739739
164	86	0.712967
164	87	0.69343
164	91	3.92544
164	94	0.683795
164	100	0.722789
164	101	0.716424
164	105	0.669871
164	109	0.710755
164	110	2.23442
164	114	2.29566
164	115	0.733361
164	116	0.688664
164	119	0.722239
164	123	0.717323
164	124	0.700498
164	131	0.638237
164	132	0.682016
164	144	0.670962
164	146	0.720363
164	159	0.670231
164	160	0.714812
164	171	0.647771
164	175	0.641894
164	176	0.642518
164	177	0.647347
164	178	0.638452
164	179	0.618365
164	180	0.631078
165	6	0.684536
165	76	7.76016
165	103	0.674126
165	109	9.83984
165	111	0.711805
165	117	0.649381
165	119	0.67779
165	120	0.594769
165	121	0.643385
165	124	0.65605
165	127	0.687862
165	130	0.677846
165	132	0.637567
165	133	0.636219
165	135	0.627239
165	136	0.584898
165	137	0.605492
165	139	0.629825
165	142	0.598839
165	143	0.592182
165	145	0.668233
165	147	0.640826
165	148	0.635973
165	149	0.64854
165	151	0.620347
165	152	0.626391
165	156	0.66902
165	158	0.669299
165	160	0.670363
165	163	0.650176
165	166	0.587333
165	167	0.606736
165	168	0.591361
165	170	0.634924
165	171	0.603323
165	172	0.564168
165	173	0.56467
165	174	0.594647
165	175	0.597445
165	176	0.59807
165	177	0.602899
165	178	0.594004
165	179	0.573917
165	180	0.58663
166	1	3.20929
166	8	0.693063
166	17	0.668477
166	22	3.77834
166	26	0.728848
166	29	0.654401
166	33	0.665156
166	38	0.713363
166	44	0.792606
166	45	0.690588
166	47	0.698355
166	48	0.689754
166	55	0.695935
166	64	0.684615
166	67	4.34866
166	70	0.677614
166	75	0.661002
166	76	0.671076
166	79	0.651592
166	87	0.6789
166	90	0.681618
166	94	0.669265
166	100	0.708259
166	105	0.655341
166	108	4.36015
166	109	0.696225
166	115	0.718831
166	116	0.674134
166	128	0.700423
166	141	0.659052
166	144	0.656432
166	151	0.650266
166	153	4.30355
166	154	0.700516
166	158	0.699217
166	159	0.6557
166	165	0.587333
166	167	0.636654
166	168	0.621279
166	169	0.665856
166	170	0.664842
166	171	0.633241
166	172	0.594086
166	173	0.594588
166	175	0.627363
166	176	0.627988
166	177	0.632817
166	178	0.623922
166	179	0.603835
166	180	0.616548
167	29	3.70498
167	35	4.49969
167	68	3.84948
167	73	0.670838
167	87	3.29049
167	95	0.651195
167	103	0.723447
167	106	2.8283
167	111	0.761126
167	112	0.620056
167	117	0.698702
167	118	0.698923
167	120	0.644089
167	123	0.722195
167	124	0.705371
167	125	0.695326
167	127	0.737183
167	129	0.732215
167	130	0.727167
167	132	0.686888
167	133	0.68554
167	134	0.652065
167	135	0.676559
167	136	0.634219
167	139	0.679146
167	141	3.42706
167	142	0.64816
167	145	0.717554
167	149	0.697861
167	150	0.686054
167	151	0.669668
167	152	0.675712
167	155	0.677984
167	156	0.718341
167	158	0.71862
167	159	0.675103
167	160	0.719684
167	161	0.638464
167	163	0.699497
167	165	0.606736
167	166	0.636654
167	168	0.640682
167	169	0.685259
167	170	0.684245
167	171	0.652643
167	172	0.613488
167	173	0.613991
167	174	0.643968
167	175	0.646766
167	176	0.64739
167	177	0.652219
167	178	0.643325
167	179	0.623237
167	180	0.635951
168	21	4.4317
168	27	5.19129
168	46	0.747544
168	59	5.3544
168	62	3.1291
168	78	3.49351
168	95	0.63582
168	102	0.631781
168	118	0.683548
168	119	0.711737
168	120	0.628715
168	121	0.677331
168	124	0.689996
168	125	0.679952
168	126	0.692204
168	127	0.721809
168	129	0.71684
168	130	0.711792
168	133	0.670165
168	134	0.63669
168	135	0.661185
168	136	0.618844
168	137	0.639438
168	138	0.69666
168	139	0.663771
168	142	0.632785
168	143	0.626128
168	145	0.702179
168	147	0.674772
168	148	0.669919
168	149	0.682487
168	150	0.67068
168	152	0.660338
168	154	0.704544
168	155	0.662609
168	156	0.702966
168	157	0.649991
168	158	0.703245
168	160	0.704309
168	165	0.591361
168	166	0.621279
168	167	0.640682
168	169	0.669884
168	170	0.66887
168	171	0.637269
168	172	0.598114
168	173	0.598616
168	174	0.628593
168	175	0.631391
168	176	0.632016
168	177	0.636845
168	178	0.62795
168	179	0.607863
168	180	0.620576
169	1	1.41862
169	5	3.82243
169	8	0.741667
169	9	0.793572
169	15	0.791893
169	17	0.717082
169	26	2.58152
169	27	0.68636
169	28	0.764657
169	29	0.703005
169	33	0.713761
169	38	0.761968
169	39	3.48301
169	47	0.746959
169	49	0.759507
169	50	0.704087
169	53	0.731071
169	55	0.74454
169	64	0.73322
169	65	2.48977
169	67	2.55799
169	75	0.709606
169	76	0.719681
169	82	0.779458
169	86	0.747041
169	88	3.09837
169	89	1.34828
169	102	0.676358
169	128	0.749028
169	141	0.707656
169	143	0.670705
169	144	0.705036
169	151	0.69887
169	154	0.749121
169	155	0.707186
169	157	0.694568
169	161	0.667666
169	162	0.704478
169	166	0.665856
169	167	0.685259
169	168	0.669884
169	170	0.713447
169	171	0.681846
169	172	0.642691
169	173	0.643193
169	174	0.67317
169	175	0.675968
169	176	0.676592
169	177	0.681422
169	178	0.672527
169	179	0.65244
169	180	0.665153
170	16	3.40291
170	36	2.75455
170	49	0.758494
170	52	2.79441
170	58	0.782555
170	72	2.64957
170	73	0.699027
170	77	1.75349
170	82	0.778444
170	87	2.78866
170	95	0.679383
170	97	2.25149
170	101	2.12625
170	102	0.675344
170	103	0.751636
170	109	2.1504
170	111	0.789314
170	115	3.32828
170	117	0.726891
170	118	0.727111
170	119	0.7553
170	121	0.720894
170	123	0.750383
170	124	0.733559
170	125	0.723515
170	126	0.735767
170	127	0.765372
170	129	0.760404
170	130	0.755355
170	132	0.715076
170	134	0.680253
170	136	0.662407
170	137	0.683002
170	139	0.707334
170	143	0.669691
170	144	0.704023
170	145	0.745742
170	147	0.718335
170	148	0.713482
170	149	0.72605
170	151	0.697857
170	152	0.703901
170	154	0.748107
170	155	0.706172
170	156	0.746529
170	157	0.693554
170	159	0.703291
170	160	0.747872
170	161	0.666653
170	162	0.703465
170	163	0.727686
170	165	0.634924
170	166	0.664842
170	167	0.684245
170	168	0.66887
170	169	0.713447
170	171	0.680832
170	172	0.641677
170	173	0.642179
170	174	0.672156
170	176	0.675579
170	177	0.680408
170	178	0.671513
170	179	0.651426
170	180	0.664139
171	6	0.730444
171	32	4.30301
171	37	0.693696
171	43	3.21956
171	46	0.759506
171	58	0.750953
171	64	4.3375
171	87	3.84028
171	95	0.647782
171	97	3.30311
171	102	0.643743
171	103	0.720034
171	112	0.616643
171	116	3.00001
171	117	0.695289
171	118	0.69551
171	120	0.640676
171	121	0.689293
171	123	0.718782
171	124	0.701958
171	125	0.691913
171	126	0.704166
171	127	0.73377
171	130	0.723754
171	131	0.639696
171	132	0.683475
171	133	0.682127
171	134	0.648652
171	135	0.673146
171	136	0.630806
171	139	0.675733
171	143	0.63809
171	144	0.672421
171	145	0.714141
171	146	3.59654
171	147	0.686734
171	148	0.681881
171	149	0.694448
171	151	0.666255
171	152	0.672299
171	154	0.716505
171	155	0.674571
171	156	0.714928
171	158	0.715207
171	159	0.67169
171	160	0.716271
171	161	0.635051
171	163	0.696084
171	164	0.647771
171	165	0.603323
171	166	0.633241
171	167	0.652643
171	168	0.637269
171	169	0.681846
171	170	0.680832
171	172	0.610075
171	173	0.610578
171	174	0.640555
171	175	0.643353
171	176	0.643977
171	177	0.648806
171	178	0.639912
171	179	0.619824
171	180	0.632538
172	6	0.691289
172	10	6.29897
172	25	0.741763
172	46	0.720351
172	58	0.711798
172	62	6.5024
172	73	0.62827
172	78	6.86681
172	84	0.702044
172	89	5.93181
172	95	0.608627
172	103	0.680879
172	111	0.718558
172	112	0.577488
172	117	0.656134
172	118	0.656355
172	119	0.684543
172	120	0.601521
172	124	0.662803
172	125	0.652759
172	127	0.694615
172	129	0.689647
172	130	0.684599
172	131	0.600541
172	132	0.64432
172	133	0.642972
172	134	0.609497
172	135	0.633992
172	136	0.591651
172	137	0.612245
172	138	0.669467
172	139	0.636578
172	142	0.605592
172	143	0.598935
172	144	0.633266
172	145	0.674986
172	147	0.647579
172	149	0.655293
172	150	0.643486
172	151	0.6271
172	152	0.633144
172	155	0.635416
172	156	0.675773
172	157	0.622798
172	158	0.676052
172	159	0.632535
172	160	0.677116
172	161	0.595896
172	162	0.632708
172	163	0.656929
172	165	0.564168
172	166	0.594086
172	167	0.613488
172	168	0.598114
172	169	0.642691
172	170	0.641677
172	171	0.610075
172	174	0.6014
172	175	0.604198
172	176	0.604822
172	177	0.609651
172	178	0.600757
172	179	0.58067
172	180	0.593383
173	25	0.742265
173	37	0.655044
173	46	0.720853
173	49	0.688239
173	50	0.632819
173	73	0.628772
173	77	6.56516
173	82	0.70819
173	89	4.83325
173	96	7.29425
173	102	0.60509
173	103	0.681381
173	111	0.71906
173	112	0.57799
173	114	6.50735
173	117	0.656636
173	118	0.656857
173	119	0.685045
173	120	0.602023
173	121	0.65064
173	123	0.680129
173	124	0.663305
173	125	0.653261
173	126	0.665513
173	129	0.690149
173	131	0.601043
173	132	0.644822
173	133	0.643474
173	134	0.609999
173	136	0.592153
173	137	0.612747
173	138	0.669969
173	139	0.63708
173	143	0.599437
173	145	0.675488
173	147	0.648081
173	149	0.655795
173	150	0.643988
173	151	0.627602
173	152	0.633646
173	154	0.677853
173	155	0.635918
173	156	0.676275
173	158	0.676554
173	159	0.633037
173	160	0.677618
173	161	0.596399
173	162	0.63321
173	163	0.657431
173	165	0.56467
173	166	0.594588
173	167	0.613991
173	168	0.598616
173	169	0.643193
173	170	0.642179
173	171	0.610578
173	174	0.601902
173	175	0.6047
173	176	0.605324
173	177	0.610154
173	178	0.601259
173	179	0.581172
173	180	0.593885
174	6	0.721769
174	37	0.685021
174	46	0.75083
174	58	0.742277
174	73	0.65875
174	74	3.6792
174	82	0.738167
174	83	0.676713
174	86	4.48838
174	95	0.639106
174	100	2.57143
174	101	3.63613
174	102	0.635067
174	103	0.711359
174	111	0.749037
174	112	0.607967
174	113	4.12841
174	115	4.83816
174	116	3.45828
174	117	0.686613
174	118	0.686834
174	119	0.715023
174	120	0.632001
174	121	0.680617
174	123	0.710106
174	124	0.693282
174	126	0.69549
174	127	0.725095
174	129	0.720126
174	130	0.715078
174	132	0.674799
174	133	0.673451
174	134	0.639976
174	135	0.664471
174	136	0.62213
174	137	0.642724
174	139	0.667057
174	142	0.636071
174	143	0.629414
174	145	0.705465
174	147	0.678058
174	148	0.673205
174	149	0.685773
174	150	0.673966
174	151	0.65758
174	154	0.70783
174	156	0.706252
174	157	0.653277
174	158	0.706531
174	159	0.663014
174	160	0.707595
174	161	0.626376
174	163	0.687409
174	165	0.594647
174	167	0.643968
174	168	0.628593
174	169	0.67317
174	170	0.672156
174	171	0.640555
174	172	0.6014
174	173	0.601902
174	175	0.634677
174	176	0.635302
174	177	0.640131
174	178	0.631236
174	179	0.611149
174	180	0.623862
175	5	0.671679
175	9	0.755079
175	12	0.684099
175	13	0.678999
175	15	0.7534
175	20	3.42866
175	21	0.7369
175	27	0.647867
175	28	0.726164
175	39	0.722698
175	49	0.721014
175	50	0.665595
175	51	3.59723
175	53	0.692578
175	57	3.47756
175	65	3.67543
175	72	0.673018
175	75	4.62638
175	80	0.658944
175	86	0.708548
175	89	0.702379
175	92	0.692398
175	98	0.680948
175	104	0.712124
175	107	4.5196
175	109	1.87514
175	110	0.70572
175	113	0.697628
175	114	0.697595
175	128	0.710535
175	131	0.633818
175	133	0.676249
175	138	0.702744
175	139	0.669855
175	140	0.710397
175	142	0.63887
175	146	0.715945
175	149	0.688571
175	151	0.660378
175	152	0.666422
175	153	0.700724
175	154	0.710628
175	156	0.70905
175	157	0.656075
175	160	0.710393
175	161	0.629174
175	162	0.665985
175	163	0.690207
175	164	0.641894
175	165	0.597445
175	166	0.627363
175	167	0.646766
175	168	0.631391
175	169	0.675968
175	171	0.643353
175	172	0.604198
175	173	0.6047
175	174	0.634677
175	176	0.6381
175	177	0.642929
175	178	0.634034
175	179	0.613947
175	180	0.62666
176	8	0.703799
176	17	4.74452
176	20	3.52619
176	37	0.688443
176	46	0.754253
176	48	4.06245
176	58	0.7457
176	73	0.662172
176	82	0.74159
176	83	0.680136
176	95	0.642529
176	97	3.23425
176	98	3.87405
176	102	0.63849
176	103	0.714781
176	111	0.75246
176	112	0.61139
176	113	3.60129
176	117	0.690036
176	118	0.690257
176	119	0.718445
176	120	0.635423
176	122	3.16119
176	123	0.713529
176	124	0.696705
176	125	0.68666
176	126	0.698913
176	127	0.728517
176	129	0.723549
176	130	0.718501
176	131	0.634443
176	132	0.678222
176	133	0.676874
176	134	0.643399
176	135	0.667893
176	136	0.625553
176	137	0.646147
176	138	0.703369
176	139	0.67048
176	142	0.639494
176	143	0.632837
176	144	0.667168
176	145	0.708888
176	147	0.681481
176	148	0.676628
176	149	0.689195
176	150	0.677388
176	151	0.661002
176	152	0.667046
176	153	3.79606
176	154	0.711252
176	155	0.669318
176	156	0.709675
176	158	0.709954
176	159	0.666437
176	160	0.711018
176	161	0.629798
176	162	0.66661
176	163	0.690831
176	164	0.642518
176	165	0.59807
176	166	0.627988
176	167	0.64739
176	168	0.632016
176	169	0.676592
176	170	0.675579
176	171	0.643977
176	172	0.604822
176	173	0.605324
176	174	0.635302
176	175	0.6381
176	177	0.643553
176	178	0.634659
176	179	0.614571
176	180	0.627284
177	6	0.73002
177	7	4.32729
177	25	0.780494
177	36	3.67141
177	37	0.693272
177	46	0.759082
177	49	0.726468
177	50	0.671048
177	51	3.62886
177	56	4.1975
177	58	0.750529
177	73	0.667001
177	84	0.740775
177	95	0.647358
177	96	3.39943
177	102	0.643319
177	103	0.71961
177	106	3.24332
177	109	1.90676
177	111	0.757289
177	112	0.616219
177	117	0.694865
177	119	0.723274
177	120	0.640252
177	121	0.688869
177	122	3.09528
177	123	0.718358
177	124	0.701534
177	125	0.691489
177	126	0.703742
177	127	0.733346
177	129	0.728378
177	130	0.72333
177	131	0.639272
177	132	0.683051
177	133	0.681703
177	134	0.648228
177	135	0.672722
177	136	0.630382
177	137	0.650976
177	138	0.708198
177	139	0.675309
177	142	0.644323
177	143	0.637666
177	144	0.671997
177	145	0.713717
177	147	0.68631
177	149	0.694024
177	150	0.682217
177	151	0.665831
177	152	0.671875
177	153	3.73016
177	154	0.716081
177	155	0.674147
177	156	0.714504
177	157	0.661529
177	158	0.714783
177	159	0.671266
177	160	0.715847
177	161	0.634627
177	162	0.671439
177	163	0.69566
177	164	0.647347
177	165	0.602899
177	166	0.632817
177	167	0.652219
177	168	0.636845
177	169	0.681422
177	170	0.680408
177	171	0.648806
177	172	0.609651
177	173	0.610154
177	174	0.640131
177	175	0.642929
177	176	0.643553
177	178	0.639488
177	179	0.6194
177	180	0.632114
178	8	0.699733
178	12	0.680658
178	21	2.9858
178	24	4.41807
178	25	0.771599
178	37	0.684378
178	46	0.750187
178	58	0.741634
178	73	0.658106
178	82	0.737524
178	83	0.67607
178	84	0.73188
178	92	4.39142
178	94	4.5011
178	95	0.638463
178	102	0.634424
178	103	0.710715
178	105	4.08012
178	111	0.748394
178	112	0.607324
178	116	3.03942
178	117	0.68597
178	118	0.686191
178	119	0.71438
178	120	0.631358
178	121	0.679974
178	122	3.26945
178	124	0.692639
178	125	0.682595
178	126	0.694847
178	127	0.724451
178	128	4.11462
178	129	0.719483
178	130	0.714435
178	131	0.630377
178	133	0.672808
178	134	0.639333
178	135	0.663828
178	136	0.621487
178	137	0.642081
178	138	0.699303
178	139	0.666414
178	142	0.635428
178	143	0.628771
178	144	0.663102
178	145	0.704822
178	147	0.677415
178	148	0.672562
178	149	0.685129
178	150	0.673323
178	151	0.656936
178	152	0.66298
178	154	0.707187
178	155	0.665252
178	156	0.705609
178	157	0.652634
178	158	0.705888
178	159	0.662371
178	160	0.706952
178	161	0.625733
178	163	0.686765
178	164	0.638452
178	165	0.594004
178	166	0.623922
178	167	0.643325
178	168	0.62795
178	169	0.672527
178	170	0.671513
178	171	0.639912
178	172	0.600757
178	173	0.601259
178	174	0.631236
178	175	0.634034
178	176	0.634659
178	177	0.639488
178	179	0.610506
178	180	0.623219
179	6	0.701038
179	8	0.679646
179	12	0.660571
179	19	5.61811
179	25	0.751512
179	42	4.12125
179	46	0.7301
179	58	0.721547
179	73	0.638019
179	82	0.717437
179	84	0.711793
179	95	0.618376
179	98	5.64526
179	101	4.88022
179	102	0.614337
179	103	0.690628
179	104	5.23625
179	111	0.728307
179	112	0.587237
179	117	0.665883
179	118	0.666104
179	119	0.694292
179	120	0.61127
179	121	0.659887
179	123	0.689376
179	124	0.672552
179	125	0.662507
179	126	0.67476
179	127	0.704364
179	129	0.699396
179	130	0.694348
179	131	0.61029
179	132	0.654069
179	133	0.652721
179	134	0.619246
179	135	0.64374
179	136	0.6014
179	137	0.621994
179	138	0.679216
179	139	0.646327
179	142	0.615341
179	143	0.608684
179	144	0.643015
179	145	0.684735
179	146	5.2989
179	147	0.657328
179	148	0.652475
179	149	0.665042
179	150	0.653235
179	151	0.636849
179	152	0.642893
179	154	0.687099
179	155	0.645165
179	156	0.685522
179	157	0.632547
179	158	0.685801
179	159	0.642284
179	160	0.686865
179	161	0.605645
179	162	0.642457
179	163	0.666678
179	164	0.618365
179	165	0.573917
179	166	0.603835
179	167	0.623237
179	168	0.607863
179	169	0.65244
179	170	0.651426
179	171	0.619824
179	172	0.58067
179	173	0.581172
179	174	0.611149
179	175	0.613947
179	176	0.614571
179	177	0.6194
179	178	0.610506
179	180	0.603132
180	6	0.713751
180	8	0.692359
180	12	0.673284
180	25	0.764225
180	34	4.95293
180	37	0.677004
180	46	0.742813
180	49	0.710199
180	50	0.654779
180	58	0.73426
180	69	3.97411
180	72	4.67266
180	73	0.650732
180	76	2.30376
180	80	5.93627
180	81	5.16243
180	82	0.73015
180	83	0.668696
180	84	0.724506
180	95	0.631089
180	102	0.62705
180	103	0.703341
180	110	2.22637
180	111	0.74102
180	112	0.59995
180	116	3.97148
180	117	0.678596
180	118	0.678817
180	119	0.707005
180	120	0.623983
180	121	0.6726
180	123	0.702089
180	124	0.685265
180	125	0.675221
180	126	0.687473
180	127	0.717077
180	129	0.712109
180	130	0.707061
180	131	0.623003
180	132	0.666782
180	133	0.665434
180	134	0.631959
180	135	0.656454
180	136	0.614113
180	137	0.634707
180	138	0.691929
180	139	0.65904
180	142	0.628054
180	143	0.621397
180	144	0.655728
180	145	0.697448
180	147	0.670041
180	148	0.665188
180	149	0.677755
180	150	0.665948
180	151	0.649562
180	152	0.655606
180	154	0.699813
180	155	0.657878
180	156	0.698235
180	157	0.64526
180	158	0.698514
180	159	0.654997
180	160	0.699578
180	161	0.618359
180	162	0.65517
180	163	0.679391
180	164	0.631078
180	165	0.58663
180	166	0.616548
180	167	0.635951
180	168	0.620576
180	169	0.665153
180	170	0.664139
180	171	0.632538
180	172	0.593383
180	173	0.593885
180	174	0.623862
180	175	0.62666
180	176	0.627284
180	177	0.632114
180	178	0.623219
180	179	0.603132
