1	26	1.04383
1	58	0.919749
1	69	0.979749
1	90	1.05963
1	94	0.961166
1	101	1.02301
1	144	1.09272
1	149	1.08132
1	152	0.961698
1	163	0.941117
1	173	0.975051
1	176	0.965793
2	9	0.940283
2	79	1.10492
2	103	1.03318
2	106	1.02519
2	109	1.04136
2	111	0.966541
2	127	1.02196
2	138	0.909207
2	167	0.953278
2	173	1.00546
2	174	0.993433
2	177	1.00684
3	49	0.972909
3	53	1.0421
3	55	0.949448
3	142	0.999736
3	156	1.0512
3	157	1.01884
3	159	0.94752
3	164	0.938862
3	170	1.02534
3	171	1.01218
3	175	1.01491
3	176	1.03544
4	38	1.17263
4	99	0.960236
4	127	1.19248
4	131	0.900014
4	139	1.23588
4	148	0.873194
4	156	0.919297
4	157	0.886943
4	165	0.882338
4	168	0.874442
4	176	0.903538
4	179	1.2023
5	41	1.04284
5	61	0.994844
5	70	0.961045
5	82	0.920037
5	101	1.00284
5	133	1.0375
5	142	1.01048
5	156	1.05979
5	158	1.0387
5	173	0.986355
5	175	1.0235
5	179	0.927848
6	10	0.936702
6	70	0.90976
6	74	0.874932
6	119	0.859142
6	120	0.933001
6	124	0.901557
6	126	0.898507
6	134	1.14395
6	147	1.19631
6	168	1.26911
6	169	1.19298
6	178	0.886411
7	71	1.0394
7	106	0.983126
7	123	0.934494
7	135	0.963815
7	149	1.05423
7	161	0.989347
7	169	0.93253
7	172	1.01431
7	174	1.02782
7	175	1.01658
7	176	1.03711
7	177	1.01055
8	16	1.12693
8	26	1.03176
8	32	1.05798
8	98	0.86167
8	120	0.92717
8	155	0.978996
8	163	1.01224
8	166	0.994715
8	171	0.994802
8	174	0.979826
8	179	1.01418
8	180	1.01497
9	2	0.940283
9	49	0.967734
9	100	0.968884
9	131	1.04104
9	132	0.956169
9	157	1.02797
9	168	1.01547
9	170	1.03446
9	172	1.02176
9	173	0.970432
9	174	1.03527
9	175	1.02403
10	6	0.936702
10	105	0.987348
10	107	1.03078
10	119	1.03403
10	124	1.07645
10	126	1.0734
10	131	0.985926
10	133	0.987871
10	147	0.924858
10	167	0.930801
10	177	0.971847
10	178	1.0613
11	25	1.07575
11	87	1.134
11	121	0.940888
11	130	0.855202
11	141	0.888256
11	145	0.909187
11	151	0.905526
11	153	0.907968
11	158	0.895674
11	170	1.27847
11	172	1.31189
11	178	0.897295
12	88	0.996533
12	120	0.916665
12	122	1.03917
12	158	0.975967
12	159	0.953262
12	168	1.01347
12	170	1.03246
12	171	1.0193
12	172	1.01976
12	174	1.03327
12	176	1.04256
12	178	0.957765
13	32	0.907667
13	121	1.06988
13	130	0.984198
13	133	1.02347
13	136	0.976983
13	151	1.03452
13	153	1.03696
13	157	0.986008
13	158	1.02467
13	159	0.965306
13	170	0.963593
13	178	1.02629
14	48	0.90955
14	53	0.918538
14	54	1.21577
14	72	1.2163
14	116	1.20458
14	138	1.16705
14	148	0.881533
14	162	0.905324
14	168	0.882781
14	170	0.901779
14	171	0.888618
14	176	0.911878
15	59	1.04036
15	78	0.948227
15	95	1.11413
15	139	1.06346
15	150	1.01682
15	156	0.99464
15	168	0.949784
15	172	0.95608
15	174	0.969589
15	175	0.958348
15	176	0.978881
15	177	0.952318
15	178	1.06481
16	8	1.12693
16	18	0.922122
16	88	0.865955
16	118	1.10734
16	139	1.10458
16	142	1.08704
16	156	0.827747
16	165	0.870077
16	166	1.11147
16	168	0.865444
16	176	0.841513
16	179	1.13093
16	180	1.13172
17	62	1.03088
17	70	0.994313
17	74	0.959484
17	82	1.00401
17	105	0.89701
17	119	0.943694
17	120	1.01755
17	124	0.98611
17	134	0.959843
17	145	1.0485
17	148	1.1015
17	168	1.085
17	178	0.970964
18	16	0.922122
18	21	0.950407
18	46	0.971064
18	81	0.95048
18	85	1.01269
18	86	0.907423
18	129	1.09703
18	134	0.996475
18	136	0.994554
18	137	1.0141
18	152	1.09361
18	167	0.999278
18	177	1.09582
19	24	0.966321
19	35	1.01775
19	109	1.03734
19	118	1.0666
19	157	0.97415
19	160	1.01953
19	162	0.984192
19	164	1.06139
19	165	0.969545
19	170	0.980647
19	175	0.970213
19	176	0.990746
19	177	0.964183
20	84	1.19829
20	137	0.971698
20	156	1.00422
20	159	1.03531
20	162	0.981906
20	165	0.96726
20	168	0.959364
20	169	1.00195
20	171	0.9652
20	172	0.965659
20	175	0.967927
20	176	0.98846
20	180	0.996682
21	18	0.950407
21	43	0.996218
21	45	0.982386
21	56	0.934993
21	81	0.960259
21	85	1.02247
21	86	0.917203
21	98	1.04098
21	130	1.11298
21	146	1.04651
21	150	0.987074
21	154	0.991308
21	155	1.06144
22	34	1.14848
22	37	1.04866
22	39	0.986275
22	148	0.961364
22	155	1.03452
22	165	0.970508
22	170	0.98161
22	171	0.968449
22	172	0.968907
22	175	0.971176
22	176	0.991709
22	178	1.00815
22	180	0.965017
23	55	0.981309
23	73	0.954039
23	89	1.01217
23	114	1.03085
23	139	0.960227
23	148	1.06816
23	158	1.03161
23	161	0.971187
23	166	0.967111
23	168	1.05167
23	169	0.992187
23	179	0.986572
23	180	0.987365
24	19	0.966321
24	91	0.986268
24	96	0.953268
24	123	1.02219
24	161	1.07705
24	163	1.04775
24	164	1.04493
24	171	0.970746
24	172	0.971204
24	174	0.984713
24	175	0.973473
24	176	0.994006
24	180	1.01496
25	11	1.07575
25	71	1.1273
25	76	0.744345
25	84	0.937977
25	122	1.12163
25	130	0.857421
25	148	1.09468
25	157	1.10842
25	162	1.11847
25	173	0.80309
25	175	1.10449
25	176	1.12502
25	178	0.779507
26	1	1.04383
26	8	1.03176
26	41	0.996868
26	58	0.853605
26	69	0.913605
26	90	0.993484
26	101	0.956862
26	144	1.02658
26	149	1.01518
26	167	1.02333
26	176	1.06626
26	177	1.06438
26	179	1.01701
27	42	0.979041
27	109	1.00543
27	117	1.06269
27	122	1.04166
27	140	0.959656
27	149	1.02935
27	152	0.967024
27	159	0.977931
27	161	0.968188
27	164	0.980219
27	174	1.0542
27	179	0.983574
27	180	0.984367
28	51	1.02598
28	54	1.0455
28	74	0.967666
28	105	0.905192
28	116	1.03431
28	119	0.951876
28	120	1.02574
28	124	0.994292
28	126	0.991242
28	147	1.03491
28	154	0.984855
28	159	1.06494
28	178	0.979146
29	45	0.957298
29	66	0.889519
29	106	0.94673
29	140	0.956312
29	143	0.919873
29	162	1.05865
29	168	1.03611
29	170	1.05511
29	171	1.04194
29	172	1.0424
29	174	1.05591
29	175	1.04467
29	176	1.0652
29	178	0.934001
30	38	1.10216
30	115	0.936656
30	136	0.954874
30	137	1.09864
30	151	1.16908
30	154	1.11165
30	165	0.918648
30	167	0.959597
30	168	0.910752
30	170	0.92975
30	174	0.930556
30	175	0.919316
30	176	0.939849
30	180	1.12362
31	47	1.03892
31	114	1.02797
31	120	0.909365
31	121	1.08842
31	133	1.04201
31	135	1.05092
31	144	0.901691
31	146	0.961911
31	150	0.902475
31	151	1.05306
31	153	1.0555
31	158	1.04321
31	176	0.964791
31	177	0.962912
32	8	1.05798
32	13	0.907667
32	72	1.05987
32	73	1.02945
32	91	0.937602
32	133	0.954771
32	149	0.913006
32	155	1.0268
32	156	0.92686
32	164	1.05863
32	166	1.04252
32	172	0.953511
32	179	1.06198
32	180	1.06277
33	42	0.92913
33	67	0.980642
33	115	1.06271
33	117	0.952102
33	128	0.883083
33	131	1.06238
33	140	0.954362
33	156	1.08166
33	165	1.04471
33	173	0.955636
33	174	1.05661
33	175	1.04537
33	176	1.06591
33	178	0.932052
34	22	1.14848
34	89	1.12753
34	98	1.02217
34	124	1.12954
34	129	0.892544
34	144	0.964136
34	159	0.929844
34	160	0.958746
34	161	0.920102
34	168	1.16703
34	169	0.941102
34	173	0.921756
34	179	0.935487
34	180	0.93628
35	19	1.01775
35	38	0.867043
35	44	1.05172
35	54	1.05172
35	106	1.05588
35	109	1.07205
35	111	0.997231
35	127	1.05265
35	149	1.08121
35	150	0.883649
35	155	0.95801
35	165	0.974529
35	167	0.903039
35	177	1.03753
36	65	1.01953
36	67	0.935061
36	95	1.03513
36	108	1.01526
36	118	0.97786
36	144	1.04885
36	155	1.01219
36	165	0.999124
36	168	0.991228
36	171	0.997065
36	172	0.997523
36	174	1.01103
36	175	0.999792
36	176	1.02032
36	179	0.950893
37	22	1.04866
37	109	0.991732
37	112	0.962925
37	125	1.01232
37	130	0.962821
37	133	1.00209
37	135	1.011
37	144	0.980176
37	145	1.01681
37	151	1.01315
37	153	1.01559
37	154	0.973843
37	158	1.00329
37	164	1.01579
37	179	0.994027
38	4	1.17263
38	30	1.10216
38	35	0.867043
38	48	0.96508
38	63	0.94471
38	66	1.01983
38	138	1.03712
38	150	1.01907
38	155	0.970682
38	163	1.00392
38	172	0.951058
38	173	0.992132
38	176	0.938173
38	179	1.00586
38	180	1.00666
39	22	0.986275
39	71	1.01528
39	78	0.923117
39	116	1.00457
39	150	0.991709
39	162	1.00644
39	163	1.02935
39	170	1.0029
39	171	0.989737
39	172	0.990196
39	173	1.06328
39	174	1.0037
39	175	0.992464
39	176	1.013
39	180	0.996563
40	87	0.890977
40	110	1.08445
40	122	1.01173
40	138	0.968987
40	158	1.05986
40	162	1.00857
40	165	0.993925
40	168	0.986028
40	169	1.00379
40	171	0.991865
40	172	0.992324
40	174	1.00583
40	175	0.994592
40	176	1.01513
40	180	0.998522
41	5	1.04284
41	26	0.996868
41	58	0.872791
41	60	1.09808
41	61	1.08574
41	69	0.932791
41	90	1.01267
41	101	0.976049
41	107	1.02308
41	108	1.01755
41	123	1.03355
41	134	0.901198
41	149	1.03436
41	167	0.959502
41	171	1.01463
42	27	0.979041
42	33	0.92913
42	69	1.16524
42	75	0.915718
42	89	0.984278
42	116	1.00252
42	117	1.00557
42	143	1.00375
42	152	0.997094
42	153	0.992446
42	163	1.01171
42	166	0.994183
42	177	0.987208
42	178	1.01006
42	180	1.01444
43	21	0.996218
43	60	1.08662
43	90	1.00121
43	101	0.964589
43	105	1.07208
43	111	1.03163
43	114	0.967035
43	133	0.978068
43	139	0.979312
43	145	0.951354
43	168	0.976687
43	172	0.982982
43	174	0.996491
43	179	1.00566
43	180	1.00645
44	35	1.05172
44	50	0.994134
44	103	1.00583
44	106	0.997844
44	107	1.04031
44	109	1.01401
44	111	0.939191
44	127	0.994612
44	149	1.02317
44	154	0.950221
44	165	1.04822
44	167	0.976728
44	169	0.967459
44	176	1.01965
44	177	0.979492
45	21	0.982386
45	29	0.957298
45	46	1.00304
45	56	0.957194
45	81	0.98246
45	85	1.04467
45	86	0.939403
45	137	1.04608
45	139	1.01039
45	147	0.977198
45	154	1.01351
45	167	1.03126
45	174	1.0233
45	177	1.02419
45	178	1.01174
46	18	0.971064
46	45	1.00304
46	56	0.95565
46	81	0.980917
46	85	1.04313
46	86	0.93786
46	99	1.06666
46	107	1.03284
46	113	1.08789
46	144	0.949087
46	146	1.00931
46	147	0.963318
46	154	1.01197
46	167	1.02971
46	179	0.962937
47	31	1.03892
47	80	0.975372
47	112	0.963115
47	130	0.963011
47	133	1.00228
47	135	1.01119
47	145	1.017
47	146	1.01222
47	148	1.05553
47	151	1.01333
47	153	1.01578
47	162	1.00429
47	166	1.00083
47	167	0.972176
47	180	0.95764
48	14	0.90955
48	38	0.96508
48	93	1.01108
48	122	1.01271
48	128	0.980706
48	131	1.01258
48	137	0.961556
48	156	1.03186
48	164	1.01651
48	170	1.006
48	172	0.993302
48	173	1.05326
48	174	1.00681
48	176	1.0161
48	178	1.02968
49	3	0.972909
49	9	0.967734
49	52	1.01441
49	63	0.945662
49	82	1.03756
49	91	1.02063
49	152	0.990264
49	153	1.01625
49	160	1.03007
49	161	0.991429
49	166	0.987353
49	170	1.00311
49	178	1.00323
49	179	1.00681
49	180	1.00761
50	44	0.994134
50	54	0.994134
50	79	1.07803
50	103	1.00628
50	104	0.997027
50	106	0.9983
50	109	1.01446
50	111	0.939646
50	127	0.995067
50	160	0.978493
50	166	1.03357
50	167	1.00491
50	169	0.995644
50	177	0.979948
50	179	0.99859
51	28	1.02598
51	55	0.99873
51	66	1.01796
51	84	1.10345
51	92	0.988793
51	104	1.01549
51	126	0.97541
51	128	1.01761
51	155	0.968812
51	157	0.961175
51	159	0.998349
51	171	0.971508
51	173	0.990262
51	174	0.956532
51	179	1.00399
52	49	1.01441
52	56	1.09342
52	57	0.956445
52	99	0.935376
52	130	0.962389
52	133	1.00166
52	135	1.01057
52	137	1.04277
52	141	0.995442
52	146	1.00497
52	151	1.01271
52	153	1.01515
52	158	1.00286
52	177	1.00597
52	180	0.950385
53	3	1.0421
53	14	0.918538
53	66	0.965802
53	111	1.09232
53	165	1.00389
53	168	0.995995
53	169	0.972416
53	170	1.01499
53	171	1.00183
53	172	1.00229
53	173	1.03387
53	174	1.0158
53	175	1.00456
53	179	0.975362
53	180	0.967149
54	14	1.21577
54	28	1.0455
54	35	1.05172
54	50	0.994134
54	103	1.00583
54	106	0.997844
54	109	1.01401
54	111	0.93919
54	127	0.994611
54	134	0.877595
54	143	0.95037
54	149	1.02317
54	172	0.991709
54	177	0.979492
54	180	0.921362
55	3	0.949448
55	23	0.981309
55	51	0.99873
55	61	1.0835
55	63	0.951762
55	82	1.04366
55	116	1.00179
55	124	0.986638
55	139	0.986569
55	149	0.972573
55	156	0.986427
55	164	1.00956
55	172	1.01308
55	179	1.01291
55	180	1.01371
56	21	0.934993
56	45	0.957194
56	46	0.95565
56	52	1.09342
56	81	0.935067
56	85	0.997279
56	86	0.89201
56	128	1.03938
56	131	1.11487
56	134	1.00144
56	136	0.979141
56	137	0.99869
56	147	1.0538
56	154	0.966115
56	167	0.983864
56	177	1.10079
57	52	0.956445
57	88	0.952848
57	92	1.05692
57	97	1.09406
57	100	1.09569
57	112	0.920985
57	117	0.964335
57	123	1.03775
57	125	0.970381
57	141	0.953934
57	145	0.974866
57	151	0.971205
57	153	0.973646
57	158	0.961353
57	177	1.0861
57	179	1.03873
58	1	0.919749
58	26	0.853605
58	41	0.872791
58	60	0.954817
58	69	0.789528
58	90	0.869407
58	98	1.22993
58	101	0.832785
58	113	0.823433
58	123	0.890289
58	129	1.35017
58	134	1.24962
58	144	0.902502
58	149	0.891099
58	154	1.28142
58	180	1.29339
59	15	1.04036
59	72	0.908676
59	78	0.81551
59	83	1.10054
59	102	1.09041
59	125	0.937944
59	133	0.960563
59	137	0.863972
59	141	0.988495
59	159	0.927589
59	162	1.07335
59	165	1.0587
59	168	1.05081
59	170	1.06981
59	171	1.05665
59	175	1.05937
60	41	1.09808
60	43	1.08662
60	58	0.954817
60	69	1.01482
60	90	1.0947
60	101	1.05807
60	113	1.04872
60	138	0.85313
60	144	1.12779
60	149	1.11639
60	167	0.897201
60	168	0.964057
60	169	0.887931
60	174	0.937356
60	177	0.938247
60	178	0.9258
61	5	0.994844
61	41	1.08574
61	55	1.0835
61	65	1.11979
61	73	1.10621
61	78	0.969498
61	115	0.966053
61	146	0.954088
61	157	0.95265
61	162	0.962691
61	165	0.948045
61	171	0.945986
61	172	0.946444
61	174	0.959953
61	176	0.969245
61	180	1.04294
62	17	1.03088
62	70	1.09428
62	73	0.932364
62	105	0.996978
62	119	1.04366
62	120	1.11752
62	124	1.08608
62	126	1.08303
62	137	0.844109
62	139	0.910884
62	140	0.934539
62	154	1.07664
62	174	0.923784
62	175	0.935605
62	177	0.924676
62	178	1.07093
63	38	0.94471
63	49	0.945662
63	55	0.951762
63	80	1.08043
63	104	0.968519
63	112	1.12619
63	122	1.04515
63	136	1.05331
63	138	0.988286
63	156	1.0467
63	160	0.980284
63	169	0.96264
63	170	1.03992
63	173	0.943294
63	179	0.957025
63	180	0.957818
64	113	1.13534
64	127	1.00057
64	142	0.921672
64	156	1.04587
64	161	0.950174
64	163	0.963621
64	164	0.962205
64	167	0.985435
64	168	1.08356
64	169	0.971174
64	173	0.951828
64	175	1.06868
64	176	1.05963
64	178	0.961976
64	179	0.965559
64	180	0.966352
65	36	1.01953
65	61	1.11979
65	67	1.1722
65	77	1.07019
65	93	1.03028
65	120	0.981053
65	128	0.976352
65	138	0.993995
65	142	0.918846
65	155	0.927553
65	160	0.985993
65	164	0.959379
65	166	0.943272
65	169	0.968348
65	179	0.962733
65	180	0.963526
66	29	0.889519
66	38	1.01983
66	51	1.01796
66	53	0.965802
66	67	1.094
66	131	0.970486
66	142	0.98826
66	154	1.03427
66	157	0.960159
66	166	1.01269
66	169	1.03776
66	173	1.01842
66	174	0.955516
66	176	0.958286
66	177	1.00571
66	179	1.03215
66	180	1.03294
67	33	0.980642
67	36	0.935061
67	65	1.1722
67	66	1.094
67	93	0.928141
67	97	1.15889
67	156	0.948926
67	162	0.926613
67	166	1.13854
67	168	0.90407
67	170	0.923068
67	172	0.910365
67	174	0.923874
67	175	0.912634
67	177	0.906604
67	178	1.13848
67	179	1.10356
68	89	1.1425
68	102	1.11496
68	127	1.09901
68	132	1.15307
68	143	0.926925
68	145	1.1455
68	150	0.950027
68	152	0.920266
68	155	0.901636
68	164	0.933462
68	166	0.917355
68	169	0.942432
68	170	1.13753
68	173	0.923086
68	177	0.910381
68	179	0.936816
68	180	0.93761
69	1	0.979749
69	26	0.913605
69	41	0.932791
69	42	1.16524
69	58	0.789528
69	60	1.01482
69	87	1.01748
69	90	0.929406
69	101	0.892785
69	113	0.883433
69	123	0.950288
69	144	0.962502
69	147	1.13362
69	149	0.951099
69	176	1.18248
69	177	1.18061
69	180	1.12502
70	5	0.961045
70	6	0.90976
70	17	0.994313
70	62	1.09428
70	72	0.963302
70	74	1.02288
70	105	0.960407
70	119	1.00709
70	120	1.08095
70	121	0.957207
70	124	1.04951
70	126	1.04646
70	150	0.938727
70	167	0.958118
70	171	1.01325
70	173	1.0103
70	178	1.03436
71	7	1.0394
71	25	1.1273
71	39	1.01528
71	78	0.861463
71	101	1.03883
71	106	0.990772
71	123	0.94214
71	151	0.980369
71	152	0.988274
71	165	0.999514
71	168	0.991618
71	170	1.01062
71	171	0.997455
71	172	0.997913
71	173	1.00163
71	175	1.00018
71	176	1.02071
72	14	1.2163
72	32	1.05987
72	59	0.908676
72	70	0.963302
72	75	0.895226
72	98	0.858428
72	106	0.977756
72	128	1.02969
72	142	0.97218
72	150	1.02928
72	160	1.03933
72	164	1.01271
72	169	1.02168
72	173	1.00234
72	174	0.976583
72	179	1.01607
72	180	1.01686
73	23	0.954039
73	32	1.02945
73	61	1.10621
73	62	0.932364
73	93	1.0167
73	101	1.06937
73	108	0.968819
73	119	1.06559
73	120	0.967478
73	128	0.999263
73	131	1.0351
73	161	0.970259
73	163	0.983707
73	169	0.991259
73	173	0.971914
73	177	0.959209
73	179	0.985644
73	180	0.986437
74	6	0.874932
74	17	0.959484
74	28	0.967666
74	70	1.02288
74	92	1.013
74	105	0.925578
74	119	0.972262
74	120	1.04612
74	124	1.01468
74	126	1.01163
74	140	1.05204
74	143	1.01561
74	154	1.00524
74	164	1.01657
74	168	1.06799
74	175	1.05311
74	178	0.999531
74	180	0.986599
75	42	0.915718
75	72	0.895226
75	82	0.875907
75	108	0.948087
75	137	0.850521
75	139	0.917296
75	148	1.06658
75	151	0.920966
75	157	1.08033
75	162	1.09037
75	165	1.07572
75	168	1.06783
75	170	1.08683
75	171	1.07366
75	172	1.07412
75	174	1.08763
75	176	1.09692
75	179	0.883718
76	25	0.744345
76	84	1.03464
76	88	1.08619
76	99	0.895136
76	104	0.916795
76	113	1.04948
76	114	1.07945
76	130	1.05422
76	133	1.09349
76	138	0.880611
76	151	1.10454
76	153	1.10699
76	158	1.09469
76	175	0.976657
76	177	0.965728
76	178	1.09631
76	179	0.918358
76	180	0.910145
77	65	1.07019
77	82	0.993741
77	108	1.06592
77	115	0.989511
77	122	0.98931
77	143	1.02235
77	148	0.962359
77	156	1.00846
77	158	1.05468
77	162	0.986149
77	169	0.998606
77	170	0.982605
77	171	0.969444
77	172	0.969902
77	174	0.983411
77	176	0.992704
77	177	0.966141
77	179	1.00155
78	15	0.948227
78	39	0.923117
78	59	0.81551
78	61	0.969498
78	71	0.861463
78	89	0.870619
78	92	1.07357
78	140	1.06485
78	141	0.928265
78	143	1.07888
78	153	0.878787
78	155	1.05359
78	160	1.11203
78	166	1.06931
78	169	1.09439
78	173	1.07504
78	179	1.08877
78	180	1.08956
79	2	1.10492
79	50	1.07803
79	103	1.08972
79	106	1.08174
79	107	0.930247
79	109	1.0979
79	111	1.02309
79	123	1.10626
79	126	0.925702
79	127	1.07851
79	132	1.07644
79	164	0.882107
79	170	0.889052
79	173	0.918852
79	176	0.909594
79	177	1.06339
79	178	0.895269
79	180	0.852133
80	47	0.975372
80	63	1.08043
80	88	0.971153
80	99	0.964587
80	107	1.05771
80	112	0.93929
80	114	0.964421
80	117	0.98264
80	121	1.02487
80	137	1.01956
80	141	0.97224
80	143	1.0086
80	151	0.989511
80	152	1.03296
80	158	0.979658
80	162	1.02624
80	177	1.03518
80	178	0.981279
81	18	0.95048
81	21	0.960259
81	45	0.98246
81	46	0.980917
81	56	0.935067
81	85	1.02255
81	86	0.917276
81	99	1.04608
81	134	0.960079
81	136	1.00441
81	146	1.05843
81	147	1.01244
81	154	0.991381
81	160	0.991962
81	167	1.00913
81	170	1.04077
81	173	1.07057
81	175	1.07036
82	5	0.920037
82	17	1.00401
82	49	1.03756
82	55	1.04366
82	75	0.875907
82	77	0.993741
82	118	1.02534
82	120	0.904609
82	126	0.976142
82	129	1.00598
82	133	0.97418
82	150	1.06214
82	152	1.03238
82	155	1.01375
82	156	0.946269
82	161	1.03354
82	163	1.04699
82	179	1.04893
82	180	1.04972
83	59	1.10054
83	91	1.03133
83	92	0.948694
83	115	1.03588
83	149	1.05619
83	157	1.02247
83	160	0.910407
83	161	0.984376
83	162	1.03252
83	163	0.955076
83	165	1.01787
83	169	0.927558
83	171	1.01581
83	173	0.98901
83	174	1.02978
83	175	1.01854
83	176	1.03907
83	178	0.965427
83	179	0.930504
84	20	1.19829
84	25	0.937977
84	51	1.10345
84	76	1.03464
84	87	0.996233
84	112	0.907344
84	117	0.950694
84	130	0.907241
84	133	0.946513
84	135	0.955422
84	141	0.940294
84	144	1.09814
84	145	0.961226
84	147	0.931345
84	151	0.957565
84	153	0.960006
84	158	0.947712
84	177	1.15936
84	179	1.11199
85	18	1.01269
85	21	1.02247
85	45	1.04467
85	46	1.04313
85	56	0.997279
85	81	1.02255
85	86	0.979488
85	107	0.982812
85	136	1.06662
85	137	1.08617
85	146	0.95928
85	147	0.913292
85	149	0.93454
85	154	1.05359
85	163	0.937483
85	167	1.07134
85	173	0.971417
85	177	0.960281
85	178	0.947834
86	18	0.907423
86	21	0.917203
86	45	0.939403
86	46	0.93786
86	56	0.89201
86	81	0.917276
86	85	0.979488
86	98	0.997998
86	99	1.00302
86	110	1.15453
86	128	1.06277
86	136	0.96135
86	137	0.980899
86	144	1.06296
86	147	1.07719
86	150	1.06375
86	167	0.966074
86	178	1.11174
86	179	1.07681
87	11	1.134
87	40	0.890977
87	69	1.01748
87	84	0.996233
87	96	0.940546
87	101	0.898552
87	118	1.01917
87	138	1.07402
87	140	1.01884
87	155	1.00758
87	160	1.06602
87	161	1.02737
87	166	1.0233
87	169	1.04837
87	172	0.864973
87	173	1.02903
87	176	0.852088
87	179	1.04276
87	180	1.04355
88	12	0.996533
88	16	0.865955
88	57	0.952848
88	76	1.08619
88	80	0.971153
88	91	1.03851
88	112	0.958896
88	125	1.00829
88	132	0.99109
88	135	1.00697
88	141	0.991845
88	143	1.01308
88	145	1.01278
88	151	1.00912
88	153	1.01156
88	154	0.972105
88	158	0.999263
88	170	1.02099
88	171	1.05374
88	177	1.03966
89	23	1.01217
89	34	1.12753
89	42	0.984278
89	68	1.1425
89	78	0.870619
89	93	1.00879
89	116	0.952068
89	122	1.01043
89	148	0.983475
89	154	0.932094
89	156	1.02958
89	159	0.982697
89	162	1.00727
89	165	0.99262
89	168	0.984723
89	170	1.00372
89	171	0.99056
89	172	0.991018
89	174	1.00453
89	175	0.993287
90	1	1.05963
90	26	0.993484
90	41	1.01267
90	43	1.00121
90	58	0.869407
90	60	1.0947
90	69	0.929406
90	101	0.972664
90	113	0.963312
90	123	1.03017
90	134	0.933389
90	144	1.04238
90	146	1.03174
90	147	0.98575
90	148	1.07505
90	149	1.03098
90	154	0.965185
90	161	1.03924
90	167	0.991692
90	179	0.985369
91	24	0.986268
91	32	0.937602
91	49	1.02063
91	83	1.03133
91	88	1.03851
91	97	1.02015
91	151	1.00207
91	156	1.02645
91	162	1.00414
91	164	0.986584
91	165	0.989493
91	166	0.999797
91	170	1.0006
91	171	0.987434
91	172	0.987892
91	174	1.0014
91	175	0.990161
91	176	1.01069
91	177	0.984131
91	178	0.999745
92	51	0.988793
92	57	1.05692
92	74	1.013
92	78	1.07357
92	83	0.948694
92	93	0.979835
92	100	0.972002
92	129	0.960034
92	136	0.978883
92	139	0.976633
92	141	1.02811
92	143	0.993086
92	150	1.01619
92	151	0.974036
92	160	1.02624
92	163	1.00104
92	165	1.0146
92	173	0.989247
92	178	0.999395
92	180	1.00377
93	48	1.01108
93	65	1.03028
93	67	0.928141
93	73	1.0167
93	89	1.00879
93	92	0.979835
93	102	1.02391
93	144	1.04193
93	147	0.991706
93	158	1.01477
93	160	0.941547
93	161	1.01552
93	163	0.986217
93	170	1.00331
93	171	0.990145
93	172	0.990603
93	173	1.02015
93	174	1.00411
93	175	0.992872
93	176	1.0134
94	1	0.961166
94	98	0.891541
94	115	1.0252
94	116	0.996055
94	119	1.05515
94	132	1.00746
94	150	1.02039
94	155	0.972003
94	159	1.00154
94	161	0.991798
94	162	1.00165
94	163	1.00525
94	164	1.00383
94	166	0.987722
94	169	1.0128
94	171	1.02467
94	172	1.02535
94	173	0.993452
94	179	1.00718
94	180	1.00798
95	15	1.11413
95	36	1.03513
95	97	0.946603
95	102	1.00898
95	108	0.964631
95	127	0.99302
95	134	0.986114
95	142	0.93757
95	143	0.971566
95	159	0.975814
95	161	0.966072
95	162	1.04127
95	164	0.978103
95	168	1.07602
95	169	0.987072
95	171	1.06429
95	173	0.967726
95	175	1.06114
95	177	0.955021
95	179	0.981457
95	180	0.98225
96	24	0.953268
96	87	0.940546
96	102	0.988196
96	122	0.9743
96	131	0.97417
96	137	1.02311
96	143	1.0771
96	144	1.00622
96	157	0.961098
96	160	1.03621
96	162	0.971139
96	164	1.07807
96	168	0.948597
96	170	0.967595
96	171	0.954434
96	172	0.954892
96	173	1.11481
96	174	0.968401
96	176	0.977693
96	178	1.09123
96	180	1.04809
97	57	1.09406
97	67	1.15889
97	91	1.02015
97	95	0.946603
97	102	0.980069
97	104	0.994818
97	110	0.929962
97	118	0.959738
97	119	1.06586
97	139	0.956978
97	147	0.961751
97	152	0.966773
97	157	1.02505
97	159	0.97768
97	161	0.967938
97	163	0.981385
97	168	1.04711
97	169	0.988938
97	170	1.00264
97	179	0.983323
97	180	0.984116
98	8	0.86167
98	21	1.04098
98	34	1.02217
98	58	1.22993
98	72	0.858428
98	86	0.997998
98	94	0.891541
98	106	1.06189
98	111	1.00324
98	127	1.05866
98	145	0.8836
98	153	0.888769
98	154	1.0721
98	157	1.05351
98	166	0.881895
98	167	1.08985
98	172	1.0473
98	174	1.06081
98	176	1.0701
98	177	1.04354
98	178	0.881843
99	4	0.960236
99	46	1.06666
99	52	0.935376
99	76	0.895136
99	80	0.964587
99	81	1.04608
99	86	1.00302
99	114	0.947736
99	121	0.900788
99	142	1.03111
99	145	0.932055
99	151	0.932624
99	153	0.937224
99	158	0.948501
99	162	1.06857
99	167	1.09488
99	170	1.06503
99	172	1.05233
99	173	1.06127
99	179	1.075
99	180	1.0758
100	9	0.968884
100	57	1.09569
100	92	0.972002
100	110	0.933841
100	112	1.09053
100	140	0.963284
100	142	0.943314
100	148	1.06523
100	152	0.970651
100	155	0.952021
100	161	0.971816
100	164	0.983847
100	165	1.05337
100	166	0.96774
100	168	1.04874
100	169	0.992817
100	171	1.03701
100	173	0.973471
100	175	1.03385
100	179	0.987201
100	180	0.987995
101	1	1.02301
101	5	1.00284
101	26	0.956862
101	41	0.976049
101	43	0.964589
101	58	0.832785
101	60	1.05807
101	69	0.892785
101	71	1.03883
101	73	1.06937
101	87	0.898552
101	90	0.972664
101	107	1.08421
101	111	1.13127
101	113	0.926691
101	123	0.993546
101	144	1.00576
101	146	1.06068
101	149	0.994356
101	173	1.07282
101	178	1.04923
102	59	1.09041
102	68	1.11496
102	93	1.02391
102	95	1.00898
102	96	0.988196
102	97	0.980069
102	109	0.922442
102	116	0.924526
102	131	1.02541
102	143	0.945531
102	147	1.00723
102	148	0.998589
102	152	0.969889
102	158	0.977862
102	165	1.00773
102	166	0.959711
102	168	0.999837
102	170	1.01884
102	171	1.00567
102	172	1.00613
102	174	1.01964
102	175	1.0084
103	2	1.03318
103	44	1.00583
103	50	1.00628
103	54	1.00583
103	79	1.08972
103	106	1.00999
103	109	1.02616
103	111	0.951341
103	127	1.00676
103	132	1.0047
103	136	1.03323
103	140	1.00677
103	142	1.03217
103	144	0.935682
103	146	0.995902
103	147	0.949914
103	149	1.03532
103	162	0.987967
103	163	0.974105
103	164	0.971294
103	167	0.955857
103	177	0.991642
104	50	0.997027
104	51	1.01549
104	63	0.968519
104	76	0.916795
104	97	0.994818
104	113	1.04199
104	122	0.950968
104	137	1.06437
104	142	0.985785
104	143	1.01978
104	148	1.00671
104	150	1.04288
104	152	1.01312
104	155	0.994491
104	156	0.952517
104	161	1.01429
104	162	0.955468
104	164	1.02632
104	168	0.990214
104	172	0.979168
104	179	1.02967
104	180	1.03046
105	10	0.987348
105	17	0.89701
105	28	0.905192
105	43	1.07208
105	62	0.996978
105	70	0.960407
105	74	0.925578
105	119	0.909788
105	120	0.983647
105	124	0.952203
105	126	0.949153
105	132	0.927262
105	140	1.13323
105	146	0.92561
105	147	1.07638
105	154	0.942767
105	157	1.12712
105	159	1.10642
105	167	1.08232
105	172	1.13813
105	178	0.937057
105	180	1.06779
106	2	1.02519
106	7	0.983126
106	29	0.94673
106	35	1.05588
106	44	0.997844
106	50	0.9983
106	54	0.997844
106	71	0.990772
106	72	0.977756
106	79	1.08174
106	98	1.06189
106	103	1.00999
106	109	1.01817
106	111	0.943356
106	127	0.998777
106	144	0.952397
106	149	1.02734
106	154	0.946065
106	163	0.99082
106	176	1.0155
106	177	0.983658
106	178	1.00117
107	10	1.03078
107	41	1.02308
107	44	1.04031
107	46	1.03284
107	79	0.930247
107	80	1.05771
107	85	0.982812
107	101	1.08421
107	124	0.995631
107	126	0.992581
107	135	1.01684
107	148	0.95385
107	153	1.03035
107	160	1.00733
107	164	0.980714
107	165	0.962995
107	167	1.00394
107	174	0.974903
107	175	0.963662
107	176	0.984195
107	178	0.980485
107	179	0.984068
107	180	0.984861
108	36	1.01526
108	41	1.01755
108	73	0.968819
108	75	0.948087
108	77	1.06592
108	95	0.964631
108	129	0.958408
108	132	1.02721
108	142	0.957464
108	149	1.00459
108	152	0.984801
108	153	1.02481
108	155	0.966171
108	159	0.995708
108	160	1.02461
108	163	0.999413
108	165	1.06078
108	166	0.98189
108	169	1.00697
108	173	0.98762
108	174	1.02944
108	179	1.00135
108	180	1.00214
109	2	1.04136
109	19	1.03734
109	27	1.00543
109	35	1.07205
109	37	0.991732
109	44	1.01401
109	50	1.01446
109	54	1.01401
109	79	1.0979
109	102	0.922442
109	103	1.02616
109	106	1.01817
109	111	0.959519
109	123	1.04269
109	127	1.01494
109	136	1.04141
109	140	0.973535
109	147	0.916683
109	149	1.0435
109	161	0.970174
109	167	0.922626
109	177	0.999821
109	178	0.951225
109	179	0.916302
110	40	1.08445
110	86	1.15453
110	97	0.929962
110	100	0.933841
110	112	0.919244
110	115	1.0583
110	119	0.933963
110	120	1.00782
110	124	0.976379
110	126	0.973329
110	137	0.999517
110	145	0.973125
110	148	1.08599
110	153	0.971905
110	155	0.929636
110	156	1.0318
110	158	0.959612
110	162	1.03475
110	165	1.07413
110	170	1.02502
110	174	1.04279
110	178	0.961233
110	179	0.964816
110	180	0.965609
111	2	0.966541
111	35	0.997231
111	43	1.03163
111	44	0.939191
111	50	0.939646
111	53	1.09232
111	54	0.93919
111	79	1.02309
111	98	1.00324
111	101	1.13127
111	103	0.951341
111	106	0.943356
111	109	0.959519
111	123	0.967876
111	127	0.940124
111	132	0.938062
111	134	0.983574
111	136	0.966592
111	157	1.08667
111	167	1.04188
111	170	1.06426
111	172	1.09769
111	177	0.925004
111	178	1.07048
112	37	0.962925
112	47	0.963115
112	57	0.920985
112	63	1.12619
112	80	0.93929
112	84	0.907344
112	88	0.958896
112	100	1.09053
112	110	0.919244
112	121	1.01261
112	125	0.976429
112	133	0.966201
112	135	0.975111
112	141	0.959982
112	145	0.980914
112	150	1.02051
112	151	0.977253
112	153	0.979694
112	164	1.05533
112	169	1.03063
112	171	1.09503
112	174	1.08005
112	177	1.08094
112	180	1.02536
113	46	1.08789
113	58	0.823433
113	60	1.04872
113	64	1.13534
113	69	0.883433
113	76	1.04948
113	90	0.963312
113	101	0.926691
113	104	1.04199
113	120	1.03737
113	121	1.00777
113	135	0.970264
113	148	0.93754
113	151	0.972406
113	155	1.10484
113	156	0.983644
113	158	0.962554
113	166	1.07852
113	169	1.0406
113	170	0.957786
113	172	0.945083
113	176	0.967885
113	179	1.04355
113	180	1.03534
114	23	1.03085
114	31	1.02797
114	43	0.967035
114	76	1.07945
114	80	0.964421
114	99	0.947736
114	117	0.995513
114	125	1.00156
114	130	0.95206
114	131	1.03241
114	133	0.991332
114	134	1.00239
114	135	1.00024
114	139	1.00454
114	141	0.985113
114	143	0.991753
114	145	1.00605
114	151	1.00238
114	153	1.00483
114	157	1.02208
114	158	0.992532
114	162	1.00939
114	167	0.977281
114	177	1.01833
114	178	0.994153
115	30	0.936656
115	33	1.06271
115	61	0.966053
115	77	0.989511
115	83	1.03588
115	94	1.0252
115	110	1.0583
115	116	0.980369
115	122	1.01185
115	123	0.979598
115	128	0.966533
115	131	1.01171
115	153	1.02243
115	164	1.00234
115	165	0.994038
115	166	1.01555
115	168	0.986142
115	169	0.977634
115	170	1.00514
115	171	0.991979
115	172	0.992437
115	174	1.00595
115	175	0.994705
115	176	1.01524
115	179	0.980579
116	14	1.20458
116	28	1.03431
116	39	1.00457
116	42	1.00252
116	55	1.00179
116	89	0.952068
116	94	0.996055
116	102	0.924526
116	115	0.980369
116	118	0.983464
116	131	0.979836
116	140	0.983131
116	143	0.997158
116	146	0.992018
116	158	0.971513
116	159	1.00141
116	160	1.03031
116	164	1.00369
116	166	0.987588
116	169	1.01266
116	171	0.979842
116	173	0.993318
116	174	0.964865
116	179	1.00705
116	180	1.00784
117	27	1.06269
117	33	0.952102
117	42	1.00557
117	57	0.964335
117	80	0.98264
117	84	0.950694
117	114	0.995513
117	125	1.01978
117	130	0.970278
117	133	1.00955
117	135	1.01846
117	141	1.00333
117	145	1.02426
117	147	0.994383
117	151	1.0206
117	153	1.02304
117	158	1.01075
117	159	1.00399
117	163	0.998142
117	170	1.00228
117	174	1.02005
117	177	1.02094
117	178	1.01237
117	179	0.97357
117	180	0.965357
118	16	1.10734
118	19	1.0666
118	36	0.97786
118	82	1.02534
118	87	1.01917
118	97	0.959738
118	116	0.983464
118	121	0.950976
118	122	0.979498
118	139	0.968247
118	141	1.03689
118	143	0.9847
118	153	0.987413
118	157	0.996685
118	160	1.01785
118	161	0.979206
118	163	0.992654
118	164	0.991237
118	169	1.00021
118	171	1.00702
118	173	0.980861
118	174	0.992042
118	176	0.994813
118	179	0.994592
118	180	0.995385
119	6	0.859142
119	10	1.03403
119	17	0.943694
119	28	0.951876
119	62	1.04366
119	70	1.00709
119	73	1.06559
119	74	0.972262
119	94	1.05515
119	97	1.06586
119	105	0.909788
119	110	0.933963
119	120	1.03033
119	124	0.998888
119	126	0.995837
119	132	0.973946
119	134	0.958547
119	143	1.03132
119	146	0.972294
119	151	1.04778
119	154	0.989451
119	155	1.07182
119	166	1.0455
119	169	1.00758
119	177	1.0579
119	178	0.983741
120	6	0.933001
120	8	0.92717
120	12	0.916665
120	17	1.01755
120	28	1.02574
120	31	0.909365
120	62	1.11752
120	65	0.981053
120	70	1.08095
120	73	0.967478
120	74	1.04612
120	82	0.904609
120	105	0.983647
120	110	1.00782
120	113	1.03737
120	119	1.03033
120	124	1.07275
120	126	1.0697
120	132	1.04781
120	144	0.898569
120	146	1.04615
120	154	1.06331
120	161	0.966291
120	163	0.936992
120	177	0.95979
120	178	1.0576
121	11	0.940888
121	13	1.06988
121	31	1.08842
121	70	0.957207
121	80	1.02487
121	99	0.900788
121	112	1.01261
121	113	1.00777
121	118	0.950976
121	125	1.06201
121	130	1.01251
121	133	1.05178
121	135	1.06069
121	141	1.04556
121	144	0.910159
121	145	1.0665
121	146	0.970378
121	147	1.03661
121	153	1.06528
121	154	0.903826
121	159	0.954429
121	161	0.977881
121	167	0.930333
121	173	0.982516
121	177	0.97138
121	178	1.0546
122	12	1.03917
122	25	1.12163
122	27	1.04166
122	40	1.01173
122	48	1.01271
122	63	1.04515
122	77	0.98931
122	89	1.01043
122	96	0.9743
122	104	0.950968
122	115	1.01185
122	118	0.979498
122	150	0.939465
122	152	0.997685
122	155	1.01383
122	156	1.0308
122	160	0.932434
122	163	0.977104
122	165	0.993837
122	166	0.987507
122	170	1.00494
122	171	0.991778
122	172	0.992236
122	174	1.00575
122	175	0.994505
122	176	1.01504
122	180	0.944319
123	7	0.934494
123	24	1.02219
123	41	1.03355
123	57	1.03775
123	58	0.890289
123	69	0.950288
123	71	0.94214
123	79	1.10626
123	90	1.03017
123	101	0.993546
123	109	1.04269
123	111	0.967876
123	115	0.979598
123	127	1.0233
123	140	1.0107
123	146	1.01958
123	148	1.00729
123	157	0.968737
123	163	1.03268
123	171	0.979071
123	172	0.97975
123	173	1.02088
123	175	0.975915
123	176	0.966865
123	177	1.00818
123	179	1.03461
123	180	1.03541
124	6	0.901557
124	10	1.07645
124	17	0.98611
124	28	0.994292
124	34	1.12954
124	55	0.986638
124	62	1.08608
124	70	1.04951
124	74	1.01468
124	105	0.952203
124	107	0.995631
124	110	0.976379
124	119	0.998888
124	120	1.07275
124	126	1.03825
124	132	1.01636
124	134	0.902311
124	146	1.01471
124	150	0.941224
124	159	0.98471
124	166	0.989266
124	167	0.960614
124	175	1.01259
124	177	1.00166
124	178	1.02616
124	179	0.954291
124	180	0.946078
125	37	1.01232
125	57	0.970381
125	59	0.937944
125	88	1.00829
125	112	0.976429
125	114	1.00156
125	117	1.01978
125	121	1.06201
125	130	0.976325
125	133	1.0156
125	134	1.02666
125	140	1.0166
125	141	1.00938
125	145	1.03031
125	146	1.00574
125	151	1.02665
125	153	1.02909
125	158	1.0168
125	160	0.939275
125	167	0.965695
125	169	0.956426
125	170	0.988078
125	172	1.02151
125	176	1.00862
125	177	1.00674
125	178	1.01842
125	179	0.959372
126	6	0.898507
126	10	1.0734
126	28	0.991242
126	51	0.97541
126	62	1.08303
126	70	1.04646
126	74	1.01163
126	79	0.925702
126	82	0.976142
126	105	0.949153
126	107	0.992581
126	110	0.973329
126	119	0.995837
126	120	1.0697
126	124	1.03825
126	132	1.01331
126	134	0.931973
126	144	0.970103
126	146	1.01166
126	147	0.984334
126	150	0.970886
126	154	1.02882
126	166	1.01893
126	169	0.981008
126	175	1.04225
126	177	1.03132
126	178	1.02311
127	2	1.02196
127	4	1.19248
127	35	1.05265
127	44	0.994612
127	50	0.995067
127	54	0.994611
127	64	1.00057
127	68	1.09901
127	79	1.07851
127	95	0.99302
127	98	1.05866
127	103	1.00676
127	106	0.998777
127	109	1.01494
127	111	0.940124
127	123	1.0233
127	129	0.957349
127	132	0.993483
127	136	1.02201
127	144	0.894928
127	149	1.02411
127	166	0.943754
127	167	0.915102
127	170	0.937485
127	171	0.970233
127	177	0.980425
127	180	0.900566
128	33	0.883083
128	48	0.980706
128	51	1.01761
128	56	1.03938
128	65	0.976352
128	72	1.02969
128	73	0.999263
128	86	1.06277
128	115	0.966533
128	132	0.948794
128	138	1.06306
128	140	1.00788
128	145	0.94123
128	146	1.01676
128	150	1.04501
128	152	1.01525
128	159	1.02615
128	160	1.05505
128	162	0.942984
128	164	1.02844
128	166	1.01233
128	168	0.97773
128	169	1.03741
128	170	0.933257
128	175	0.962849
128	176	0.953799
128	177	1.00536
128	179	1.0318
128	180	1.03259
129	18	1.09703
129	34	0.892544
129	58	1.35017
129	82	1.00598
129	92	0.960034
129	108	0.958408
129	127	0.957349
129	130	1.08
129	134	0.979891
129	138	1.0065
129	140	0.951316
129	145	1.00385
129	146	0.960203
129	150	0.988444
129	152	0.958684
129	157	1.01829
129	159	0.96959
129	161	0.959848
129	162	1.0056
129	164	0.971879
129	166	0.955772
129	169	0.980849
129	170	0.995874
129	171	1.02862
129	172	1.0293
129	175	1.02547
129	177	0.948798
129	179	0.975234
129	180	0.976027
130	11	0.855202
130	13	0.984198
130	21	1.11298
130	25	0.857421
130	37	0.962821
130	47	0.963011
130	52	0.962389
130	76	1.05422
130	84	0.907241
130	114	0.95206
130	117	0.970278
130	121	1.01251
130	125	0.976325
130	129	1.08
130	133	0.966097
130	141	0.959878
130	142	1.11407
130	145	0.98081
130	151	0.977149
130	152	1.07659
130	153	0.97959
130	158	0.967297
130	161	1.08531
130	163	1.05601
130	171	1.09289
130	177	1.0788
130	178	0.968918
130	179	1.03143
130	180	1.02322
131	4	0.900014
131	9	1.04104
131	10	0.985926
131	33	1.06238
131	48	1.01258
131	56	1.11487
131	66	0.970486
131	73	1.0351
131	96	0.97417
131	102	1.02541
131	114	1.03241
131	115	1.01171
131	116	0.979836
131	148	0.984562
131	154	0.959862
131	156	1.03067
131	157	0.998311
131	159	1.01047
131	160	0.959949
131	162	1.00835
131	164	1.00181
131	165	0.993707
131	168	0.98581
131	169	0.9771
131	170	1.00481
131	171	0.991647
131	172	0.992105
131	175	0.994374
131	177	0.988344
131	179	0.980046
132	9	0.956169
132	68	1.15307
132	79	1.07644
132	88	0.99109
132	94	1.00746
132	103	1.0047
132	105	0.927262
132	108	1.02721
132	111	0.938062
132	119	0.973946
132	120	1.04781
132	124	1.01636
132	126	1.01331
132	127	0.993483
132	128	0.948794
132	135	1.0073
132	136	1.01995
132	144	0.94899
132	146	0.989768
132	151	1.00945
132	153	1.01189
132	155	1.02414
132	158	0.999595
132	162	1.00127
132	164	0.984602
132	167	0.969164
132	175	1.02114
132	177	0.978363
132	178	1.00122
132	179	0.96284
133	5	1.0375
133	10	0.987871
133	13	1.02347
133	31	1.04201
133	32	0.954771
133	37	1.00209
133	43	0.978068
133	47	1.00228
133	52	1.00166
133	59	0.960563
133	76	1.09349
133	82	0.97418
133	84	0.946513
133	112	0.966201
133	114	0.991332
133	117	1.00955
133	121	1.05178
133	125	1.0156
133	130	0.966097
133	138	0.944243
133	141	0.999151
133	145	1.02008
133	151	1.01642
133	156	1.01747
133	158	1.00657
133	163	1.00656
133	167	0.988314
133	169	0.979045
133	170	1.0107
133	177	1.02936
133	178	1.00819
133	180	0.973778
134	6	1.14395
134	17	0.959843
134	18	0.996475
134	41	0.901198
134	54	0.877595
134	56	1.00144
134	58	1.24962
134	81	0.960079
134	90	0.933389
134	95	0.986114
134	111	0.983574
134	114	1.00239
134	119	0.958547
134	124	0.902311
134	125	1.02666
134	126	0.931973
134	129	0.979891
134	141	1.01021
134	145	1.03114
134	153	1.02992
134	157	1.00637
134	158	1.01763
134	162	1.01641
134	163	1.0209
134	166	1.00337
134	168	0.993864
134	170	1.01286
134	171	0.999701
134	174	1.01367
134	175	1.00243
134	179	1.02283
134	180	1.02363
135	7	0.963815
135	31	1.05092
135	37	1.011
135	47	1.01119
135	52	1.01057
135	84	0.955422
135	88	1.00697
135	107	1.01684
135	112	0.975111
135	113	0.970264
135	114	1.00024
135	117	1.01846
135	121	1.06069
135	132	1.0073
135	136	0.989033
135	141	1.00806
135	145	1.02899
135	147	0.999111
135	151	1.02533
135	152	0.99209
135	153	1.02777
135	158	1.01548
135	164	0.968698
135	165	1.02475
135	167	0.95326
135	171	1.00839
135	172	1.00907
135	176	0.996186
135	177	0.994307
135	178	1.0171
135	179	0.946937
135	180	0.938724
136	13	0.976983
136	18	0.994554
136	30	0.954874
136	56	0.979141
136	63	1.05331
136	81	1.00441
136	85	1.06662
136	86	0.96135
136	92	0.978883
136	103	1.03323
136	109	1.04141
136	111	0.966592
136	127	1.02201
136	132	1.01995
136	135	0.989033
136	151	0.997941
136	152	1.00585
136	153	1.00254
136	160	0.940596
136	166	0.995668
136	167	1.0532
136	168	1.00436
136	169	0.957747
136	171	1.0102
136	172	1.01065
136	174	1.02416
136	175	1.01292
136	176	1.03346
136	177	1.00689
136	178	0.995616
136	179	0.960693
136	180	0.95248
137	18	1.0141
137	20	0.971698
137	30	1.09864
137	45	1.04608
137	48	0.961556
137	52	1.04277
137	56	0.99869
137	59	0.863972
137	62	0.844109
137	75	0.850521
137	80	1.01956
137	85	1.08617
137	86	0.980899
137	96	1.02311
137	104	1.06437
137	110	0.999517
137	138	1.08414
137	141	1.04026
137	145	1.06119
137	149	0.907029
137	153	1.05997
137	154	1.055
137	156	0.920883
137	157	0.936521
137	159	1.04724
137	164	1.04952
137	165	0.963213
137	168	0.95858
137	169	1.05849
137	172	0.947534
137	173	1.03915
137	175	0.943699
137	179	1.05288
138	2	0.909207
138	14	1.16705
138	38	1.03712
138	40	0.968987
138	60	0.85313
138	63	0.988286
138	65	0.993995
138	76	0.880611
138	87	1.07402
138	128	1.06306
138	129	1.0065
138	133	0.944243
138	137	1.08414
138	148	0.970528
138	150	1.06265
138	151	0.918098
138	152	1.03289
138	153	0.922698
138	159	1.0438
138	160	1.0727
138	161	1.03405
138	162	0.919284
138	163	1.0475
138	169	1.05505
138	171	0.942304
138	173	1.03571
138	174	0.927328
138	175	0.939149
138	176	0.930098
138	177	1.023
138	178	1.04586
138	179	1.04944
138	180	1.05023
139	4	1.23588
139	15	1.06346
139	16	1.10458
139	23	0.960227
139	43	0.979312
139	45	1.01039
139	55	0.986569
139	62	0.910884
139	75	0.917296
139	92	0.976633
139	97	0.956978
139	114	1.00454
139	118	0.968247
139	142	0.947945
139	144	1.02048
139	148	1.04185
139	151	0.989423
139	152	0.975282
139	156	0.987658
139	158	1.0053
139	159	0.986189
139	160	1.01509
139	163	0.989895
139	164	0.988478
139	166	0.972371
139	167	1.01171
139	169	0.997447
139	171	1.01363
139	172	1.01431
139	173	0.978102
139	174	0.998653
139	179	0.991832
139	180	0.992625
140	27	0.959656
140	29	0.956312
140	33	0.954362
140	62	0.934539
140	74	1.05204
140	78	1.06485
140	87	1.01884
140	100	0.963284
140	103	1.00677
140	105	1.13323
140	109	0.973535
140	116	0.983131
140	123	1.0107
140	125	1.0166
140	128	1.00788
140	129	0.951316
140	152	0.977709
140	155	0.959079
140	159	0.988616
140	160	1.01752
140	161	0.978874
140	163	0.992322
140	164	0.990905
140	165	1.05364
140	166	0.974798
140	170	1.00454
140	171	1.03728
140	172	1.03796
140	173	0.980529
140	175	1.03413
140	178	0.990676
140	179	0.994259
140	180	0.995053
141	11	0.888256
141	52	0.995442
141	57	0.953934
141	59	0.988495
141	78	0.928265
141	80	0.97224
141	84	0.940294
141	88	0.991845
141	92	1.02811
141	112	0.959982
141	114	0.985113
141	117	1.00333
141	118	1.03689
141	121	1.04556
141	125	1.00938
141	130	0.959878
141	133	0.999151
141	134	1.01021
141	135	1.00806
141	137	1.04026
141	144	0.996072
141	145	1.01386
141	146	1.05629
141	151	1.0102
141	153	1.01264
141	158	1.00035
141	159	1.04034
141	160	0.989826
141	169	1.00698
141	174	1.0564
141	175	1.06822
141	179	1.00992
141	180	1.00171
142	3	0.999736
142	5	1.01048
142	16	1.08704
142	64	0.921672
142	65	0.918846
142	66	0.98826
142	72	0.97218
142	95	0.93757
142	99	1.03111
142	100	0.943314
142	103	1.03217
142	104	0.985785
142	108	0.957464
142	130	1.11407
142	139	0.947945
142	143	0.964399
142	145	1.03791
142	149	1.02286
142	160	0.997549
142	161	0.958905
142	162	1.03967
142	163	0.972352
142	164	0.970936
142	165	1.07905
142	166	0.954829
142	169	0.979905
142	170	1.02994
142	171	1.06269
142	172	1.06337
142	173	0.960559
142	174	1.04771
142	176	1.05048
142	179	0.97429
142	180	0.975083
143	29	0.919873
143	42	1.00375
143	54	0.95037
143	68	0.926925
143	74	1.01561
143	77	1.02235
143	78	1.07888
143	80	1.0086
143	88	1.01308
143	92	0.993086
143	95	0.971566
143	96	1.0771
143	102	0.945531
143	104	1.01978
143	114	0.991753
143	116	0.997158
143	118	0.9847
143	119	1.03132
143	142	0.964399
143	147	0.986714
143	150	1.0215
143	154	1.01041
143	155	0.973105
143	159	1.00264
143	160	1.03154
143	164	1.00493
143	165	1.0172
143	166	0.988824
143	167	1.02816
143	168	1.01257
143	172	1.00153
143	173	0.994555
143	176	0.98864
143	179	1.00829
143	180	1.00908
144	1	1.09272
144	26	1.02658
144	31	0.901691
144	34	0.964136
144	36	1.04885
144	37	0.980176
144	46	0.949087
144	58	0.902502
144	60	1.12779
144	69	0.962502
144	84	1.09814
144	86	1.06296
144	90	1.04238
144	93	1.04193
144	96	1.00622
144	101	1.00576
144	103	0.935682
144	106	0.952397
144	120	0.898569
144	121	0.910159
144	126	0.970103
144	127	0.894928
144	132	0.94899
144	139	1.02048
144	141	0.996072
144	145	0.941426
144	150	1.06004
144	157	1.03036
144	158	0.957872
144	169	1.05244
144	171	1.02369
144	173	1.0331
144	174	1.03766
144	175	1.02642
144	179	1.04683
144	180	1.04762
145	11	0.909187
145	17	1.0485
145	37	1.01681
145	43	0.951354
145	47	1.017
145	57	0.974866
145	68	1.1455
145	84	0.961226
145	88	1.01278
145	98	0.8836
145	99	0.932055
145	110	0.973125
145	112	0.980914
145	114	1.00605
145	117	1.02426
145	121	1.0665
145	125	1.03031
145	128	0.94123
145	129	1.00385
145	130	0.98081
145	133	1.02008
145	134	1.03114
145	135	1.02899
145	137	1.06119
145	141	1.01386
145	142	1.03791
145	144	0.941426
145	147	1.00491
145	151	1.03113
145	153	1.03358
145	154	0.935094
145	155	1.01657
145	158	1.02128
145	161	1.00915
145	174	1.00176
145	177	1.00265
145	179	0.955277
146	21	1.04651
146	31	0.961911
146	46	1.00931
146	47	1.01222
146	52	1.00497
146	61	0.954088
146	81	1.05843
146	85	0.95928
146	90	1.03174
146	101	1.06068
146	103	0.995902
146	105	0.92561
146	116	0.992018
146	119	0.972294
146	120	1.04615
146	121	0.970378
146	123	1.01958
146	124	1.01471
146	125	1.00574
146	126	1.01166
146	128	1.01676
146	129	0.960203
146	132	0.989768
146	141	1.05629
146	148	0.972928
146	153	1.00681
146	158	1.01809
146	159	0.997503
146	164	0.999792
146	165	0.982073
146	168	0.974176
146	169	1.00876
146	170	0.993175
146	171	0.980013
146	175	0.98274
146	176	1.00327
146	178	0.999563
146	179	1.00315
147	6	1.19631
147	10	0.924858
147	28	1.03491
147	45	0.977198
147	46	0.963318
147	56	1.0538
147	69	1.13362
147	81	1.01244
147	84	0.931345
147	85	0.913292
147	86	1.07719
147	90	0.98575
147	93	0.991706
147	97	0.961751
147	102	1.00723
147	103	0.949914
147	105	1.07638
147	109	0.916683
147	117	0.994383
147	121	1.03661
147	126	0.984334
147	135	0.999111
147	143	0.986714
147	145	1.00491
147	156	1.01249
147	158	0.991401
147	161	0.98122
147	163	0.994667
147	167	1.01648
147	169	1.00222
147	170	0.986634
147	171	0.973472
147	173	0.982874
147	174	0.98744
147	176	0.996732
147	177	0.970169
147	178	0.993022
147	180	0.997398
148	4	0.873194
148	14	0.881533
148	17	1.1015
148	22	0.961364
148	23	1.06816
148	25	1.09468
148	47	1.05553
148	75	1.06658
148	77	0.962359
148	89	0.983475
148	90	1.07505
148	100	1.06523
148	102	0.998589
148	104	1.00671
148	107	0.95385
148	110	1.08599
148	113	0.93754
148	123	1.00729
148	131	0.984562
148	138	0.970528
148	139	1.04185
148	146	0.972928
148	156	1.00384
148	157	0.97149
148	160	0.988178
148	161	1.06215
148	162	0.981532
148	164	1.03004
148	165	0.966886
148	166	1.04325
148	167	1.00783
148	168	0.958989
148	169	1.00533
148	170	0.977988
148	171	0.964826
148	174	0.978794
148	175	0.967553
148	176	0.988086
148	177	0.961523
149	1	1.08132
149	7	1.05423
149	26	1.01518
149	27	1.02935
149	32	0.913006
149	35	1.08121
149	41	1.03436
149	44	1.02317
149	54	1.02317
149	55	0.972573
149	58	0.891099
149	60	1.11639
149	69	0.951099
149	83	1.05619
149	85	0.93454
149	90	1.03098
149	101	0.994356
149	103	1.03532
149	106	1.02734
149	108	1.00459
149	109	1.0435
149	127	1.02411
149	137	0.907029
149	142	1.02286
149	152	0.985379
149	154	0.920043
149	155	1.00152
149	157	1.01895
149	160	0.920129
149	161	0.994098
149	162	1.029
149	164	0.961987
149	168	1.00645
149	171	1.01229
149	173	0.998732
149	174	1.02626
149	175	1.01502
149	177	1.00899
149	178	0.975149
149	179	0.940226
149	180	0.932013
150	15	1.01682
150	21	0.987074
150	31	0.902475
150	35	0.883649
150	38	1.01907
150	39	0.991709
150	68	0.950027
150	70	0.938727
150	72	1.02928
150	82	1.06214
150	86	1.06375
150	92	1.01619
150	94	1.02039
150	104	1.04288
150	112	1.02051
150	122	0.939465
150	124	0.941224
150	126	0.970886
150	128	1.04501
150	129	0.988444
150	138	1.06265
150	143	1.0215
150	144	1.06004
150	152	1.01484
150	155	0.996207
150	157	0.956652
150	159	1.02574
150	160	1.05465
150	162	0.943964
150	164	1.02803
150	166	1.01193
150	169	1.037
150	171	0.966985
150	173	1.01766
150	174	0.952009
150	175	0.963829
150	176	0.954779
150	177	1.00495
150	178	1.0278
150	179	1.03139
150	180	1.03218
151	11	0.905526
151	13	1.03452
151	30	1.16908
151	31	1.05306
151	37	1.01315
151	47	1.01333
151	52	1.01271
151	57	0.971205
151	71	0.980369
151	75	0.920966
151	76	1.10454
151	80	0.989511
151	84	0.957565
151	88	1.00912
151	91	1.00207
151	92	0.974036
151	99	0.932624
151	112	0.977253
151	113	0.972406
151	114	1.00238
151	117	1.0206
151	119	1.04778
151	125	1.02665
151	130	0.977149
151	132	1.00945
151	133	1.01642
151	135	1.02533
151	136	0.997941
151	138	0.918098
151	139	0.989423
151	141	1.0102
151	145	1.03113
151	153	1.02991
151	158	1.01762
151	160	0.935748
151	164	0.977607
151	166	0.99082
151	173	1.01435
151	176	1.00509
151	177	1.00322
151	178	1.01924
151	180	0.947632
152	1	0.961698
152	18	1.09361
152	27	0.967024
152	42	0.997094
152	49	0.990264
152	68	0.920266
152	71	0.988274
152	80	1.03296
152	82	1.03238
152	97	0.966773
152	100	0.970651
152	102	0.969889
152	104	1.01312
152	108	0.984801
152	122	0.997685
152	128	1.01525
152	129	0.958684
152	130	1.07659
152	135	0.99209
152	136	1.00585
152	138	1.03289
152	139	0.975282
152	140	0.977709
152	149	0.985379
152	150	1.01484
152	154	1.00375
152	156	0.999233
152	157	1.01487
152	159	0.995984
152	160	1.02489
152	161	0.986242
152	163	0.999689
152	168	1.03693
152	169	1.00724
152	170	0.992457
152	173	0.987896
152	174	1.01023
152	175	1.02205
152	176	1.013
152	177	0.975191
152	178	0.998044
152	179	1.00163
152	180	1.00242
153	11	0.907968
153	13	1.03696
153	31	1.0555
153	37	1.01559
153	42	0.992446
153	47	1.01578
153	49	1.01625
153	52	1.01515
153	57	0.973646
153	76	1.10699
153	78	0.878787
153	84	0.960006
153	88	1.01156
153	98	0.888769
153	99	0.937224
153	107	1.03035
153	108	1.02481
153	110	0.971905
153	112	0.979694
153	114	1.00483
153	115	1.02243
153	117	1.02304
153	118	0.987413
153	121	1.06528
153	125	1.02909
153	130	0.97959
153	132	1.01189
153	134	1.02992
153	135	1.02777
153	136	1.00254
153	137	1.05997
153	138	0.922698
153	141	1.01264
153	145	1.03358
153	146	1.00681
153	151	1.02991
153	158	1.02006
153	161	1.01432
153	166	0.995421
153	167	0.966769
153	177	1.00782
153	178	1.02168
153	179	0.960446
153	180	0.952233
154	21	0.991308
154	28	0.984855
154	30	1.11165
154	37	0.973843
154	44	0.950221
154	45	1.01351
154	46	1.01197
154	56	0.966115
154	58	1.28142
154	62	1.07664
154	66	1.03427
154	74	1.00524
154	81	0.991381
154	85	1.05359
154	88	0.972105
154	89	0.932094
154	90	0.965185
154	98	1.0721
154	105	0.942767
154	106	0.946065
154	119	0.989451
154	120	1.06331
154	121	0.903826
154	126	1.02882
154	131	0.959862
154	137	1.055
154	143	1.01041
154	145	0.935094
154	149	0.920043
154	152	1.00375
154	155	0.985123
154	158	0.951539
154	159	1.01466
154	165	0.976227
154	166	1.00084
154	167	1.04018
154	168	0.971594
154	170	0.92712
154	171	0.959868
154	173	1.00657
154	175	0.956713
154	178	1.01672
154	179	1.0203
154	180	1.0211
155	8	0.978996
155	21	1.06144
155	22	1.03452
155	32	1.0268
155	35	0.95801
155	36	1.01219
155	38	0.970682
155	51	0.968812
155	65	0.927553
155	68	0.901636
155	78	1.05359
155	82	1.01375
155	87	1.00758
155	94	0.972003
155	100	0.952021
155	104	0.994491
155	108	0.966171
155	110	0.929636
155	113	1.10484
155	119	1.07182
155	122	1.01383
155	132	1.02414
155	140	0.959079
155	143	0.973105
155	145	1.01657
155	149	1.00152
155	150	0.996207
155	154	0.985123
155	158	1.03302
155	160	1.00626
155	161	0.967611
155	163	0.981059
155	164	0.979642
155	165	1.0577
155	166	0.963535
155	168	1.05307
155	169	0.988612
155	171	1.04135
155	172	1.04203
155	173	0.969266
155	175	1.03819
155	176	1.02914
155	179	0.982997
155	180	0.98379
156	3	1.0512
156	4	0.919297
156	5	1.05979
156	15	0.99464
156	16	0.827747
156	20	1.00422
156	32	0.92686
156	33	1.08166
156	48	1.03186
156	55	0.986427
156	63	1.0467
156	64	1.04587
156	67	0.948926
156	77	1.00846
156	82	0.946269
156	89	1.02958
156	91	1.02645
156	104	0.952517
156	110	1.0318
156	113	0.983644
156	122	1.0308
156	131	1.03067
156	133	1.01747
156	137	0.920883
156	139	0.987658
156	147	1.01249
156	148	1.00384
156	152	0.999233
156	157	1.01759
156	158	1.00721
156	161	1.00795
156	162	1.02764
156	165	1.01299
156	166	0.989055
156	168	1.00509
156	170	1.02409
156	171	1.01093
156	172	1.01139
156	173	1.01259
156	174	1.0249
156	175	1.01366
156	176	1.03419
156	179	0.95408
156	180	0.945867
157	3	1.01884
157	4	0.886943
157	9	1.02797
157	13	0.986008
157	19	0.97415
157	25	1.10842
157	51	0.961175
157	61	0.95265
157	66	0.960159
157	75	1.08033
157	83	1.02247
157	96	0.961098
157	97	1.02505
157	98	1.05351
157	105	1.12712
157	111	1.08667
157	114	1.02208
157	118	0.996685
157	123	0.968737
157	129	1.01829
157	131	0.998311
157	134	1.00637
157	137	0.936521
157	144	1.03036
157	148	0.97149
157	149	1.01895
157	150	0.956652
157	152	1.01487
157	156	1.01759
157	160	0.949621
157	162	0.995281
157	163	0.994291
157	165	0.980635
157	167	1.02158
157	168	0.972738
157	170	0.991737
157	171	0.978575
157	172	0.979034
157	173	1.02822
157	174	0.992543
157	175	0.981302
157	176	1.00184
157	177	0.975272
157	178	1.00464
157	179	0.969718
158	5	1.0387
158	11	0.895674
158	12	0.975967
158	13	1.02467
158	23	1.03161
158	31	1.04321
158	37	1.00329
158	40	1.05986
158	52	1.00286
158	57	0.961353
158	76	1.09469
158	77	1.05468
158	80	0.979658
158	84	0.947712
158	88	0.999263
158	93	1.01477
158	99	0.948501
158	102	0.977862
158	110	0.959612
158	113	0.962554
158	114	0.992532
158	116	0.971513
158	117	1.01075
158	125	1.0168
158	130	0.967297
158	132	0.999595
158	133	1.00657
158	134	1.01763
158	135	1.01548
158	139	1.0053
158	141	1.00035
158	144	0.957872
158	145	1.02128
158	146	1.01809
158	147	0.991401
158	151	1.01762
158	153	1.02006
158	154	0.951539
158	155	1.03302
158	156	1.00721
158	159	1.00214
158	162	1.01016
158	177	1.01909
158	178	1.00939
158	180	0.96351
159	3	0.94752
159	12	0.953262
159	13	0.965306
159	20	1.03531
159	27	0.977931
159	28	1.06494
159	34	0.929844
159	51	0.998349
159	59	0.927589
159	89	0.982697
159	94	1.00154
159	95	0.975814
159	97	0.97768
159	105	1.10642
159	108	0.995708
159	116	1.00141
159	117	1.00399
159	121	0.954429
159	124	0.98471
159	128	1.02615
159	129	0.96959
159	131	1.01047
159	137	1.04724
159	138	1.0438
159	139	0.986189
159	140	0.988616
159	141	1.04034
159	143	1.00264
159	146	0.997503
159	150	1.02574
159	152	0.995984
159	154	1.01466
159	158	1.00214
159	161	0.997149
159	162	0.987451
159	163	1.0106
159	164	1.00918
159	165	1.02683
159	166	0.993073
159	173	0.998803
159	174	0.995495
159	175	1.00732
159	178	1.00895
159	179	1.01253
159	180	1.01333
160	19	1.01953
160	34	0.958746
160	49	1.03007
160	50	0.978493
160	63	0.980284
160	65	0.985993
160	72	1.03933
160	78	1.11203
160	81	0.991962
160	83	0.910407
160	87	1.06602
160	92	1.02624
160	93	0.941547
160	96	1.03621
160	107	1.00733
160	108	1.02461
160	116	1.03031
160	118	1.01785
160	122	0.932434
160	125	0.939275
160	128	1.05505
160	131	0.959949
160	136	0.940596
160	138	1.0727
160	139	1.01509
160	140	1.01752
160	141	0.989826
160	142	0.997549
160	143	1.03154
160	148	0.988178
160	149	0.920129
160	150	1.05465
160	151	0.935748
160	152	1.02489
160	155	1.00626
160	157	0.949621
160	161	1.02605
160	163	1.0395
160	166	1.02197
160	168	0.97168
160	169	1.04705
160	170	0.927206
160	172	0.960634
160	173	1.02771
160	174	0.944978
160	175	0.956799
160	179	1.04144
160	180	1.04223
161	7	0.989347
161	23	0.971187
161	24	1.07705
161	27	0.968188
161	34	0.920102
161	49	0.991429
161	64	0.950174
161	73	0.970259
161	82	1.03354
161	83	0.984376
161	87	1.02737
161	90	1.03924
161	93	1.01552
161	94	0.991798
161	95	0.966072
161	97	0.967938
161	100	0.971816
161	104	1.01429
161	109	0.970174
161	118	0.979206
161	120	0.966291
161	121	0.977881
161	129	0.959848
161	130	1.08531
161	138	1.03405
161	140	0.978874
161	142	0.958905
161	145	1.00915
161	147	0.98122
161	148	1.06215
161	149	0.994098
161	152	0.986242
161	153	1.01432
161	155	0.967611
161	156	1.00795
161	159	0.997149
161	160	1.02605
161	163	1.00085
161	164	0.999437
161	165	1.05028
161	166	0.98333
161	168	1.04565
161	169	1.00841
161	171	1.03392
161	173	0.989061
161	174	1.01895
161	175	1.03077
161	176	1.02172
161	178	0.999209
161	179	1.00279
161	180	1.00358
162	14	0.905324
162	19	0.984192
162	20	0.981906
162	25	1.11847
162	29	1.05865
162	39	1.00644
162	40	1.00857
162	47	1.00429
162	59	1.07335
162	61	0.962691
162	67	0.926613
162	75	1.09037
162	77	0.986149
162	80	1.02624
162	83	1.03252
162	89	1.00727
162	91	1.00414
162	94	1.00165
162	95	1.04127
162	96	0.971139
162	99	1.06857
162	103	0.987967
162	104	0.955468
162	110	1.03475
162	114	1.00939
162	128	0.942984
162	129	1.0056
162	131	1.00835
162	132	1.00127
162	134	1.01641
162	138	0.919284
162	142	1.03967
162	148	0.981532
162	149	1.029
162	150	0.943964
162	156	1.02764
162	157	0.995281
162	158	1.01016
162	159	0.987451
162	163	0.981604
162	165	0.990676
162	168	0.98278
162	170	1.00178
162	172	0.989075
162	173	1.01554
162	174	1.00258
162	175	0.991344
162	176	1.01188
162	177	0.985314
162	178	0.991954
162	179	0.957031
162	180	0.948818
163	1	0.941117
163	8	1.01224
163	24	1.04775
163	38	1.00392
163	39	1.02935
163	42	1.01171
163	64	0.963621
163	73	0.983707
163	82	1.04699
163	83	0.955076
163	85	0.937483
163	92	1.00104
163	93	0.986217
163	94	1.00525
163	97	0.981385
163	103	0.974105
163	106	0.99082
163	108	0.999413
163	117	0.998142
163	118	0.992654
163	120	0.936992
163	122	0.977104
163	123	1.03268
163	130	1.05601
163	133	1.00656
163	134	1.0209
163	138	1.0475
163	139	0.989895
163	140	0.992322
163	142	0.972352
163	147	0.994667
163	152	0.999689
163	155	0.981059
163	157	0.994291
163	159	1.0106
163	160	1.0395
163	161	1.00085
163	162	0.981604
163	164	1.01288
163	165	1.02098
163	166	0.996778
163	167	1.03611
163	169	1.02185
163	170	0.971876
163	172	1.0053
163	173	1.00251
163	174	0.989648
163	175	1.00147
163	176	0.992418
163	178	1.01266
163	179	1.01624
163	180	1.01703
164	3	0.938862
164	19	1.06139
164	24	1.04493
164	27	0.980219
164	32	1.05863
164	37	1.01579
164	48	1.01651
164	55	1.00956
164	64	0.962205
164	65	0.959379
164	68	0.933462
164	72	1.01271
164	74	1.01657
164	79	0.882107
164	91	0.986584
164	94	1.00383
164	95	0.978103
164	96	1.07807
164	100	0.983847
164	103	0.971294
164	104	1.02632
164	107	0.980714
164	112	1.05533
164	115	1.00234
164	116	1.00369
164	118	0.991237
164	128	1.02844
164	129	0.971879
164	131	1.00181
164	132	0.984602
164	135	0.968698
164	137	1.04952
164	139	0.988478
164	140	0.990905
164	142	0.970936
164	143	1.00493
164	146	0.999792
164	148	1.03004
164	149	0.961987
164	150	1.02803
164	151	0.977607
164	155	0.979642
164	159	1.00918
164	161	0.999437
164	163	1.01288
164	166	0.995361
164	167	1.0347
164	168	1.01354
164	169	1.02044
164	172	1.00249
164	173	1.00109
164	174	0.986837
164	175	0.998657
164	179	1.01482
164	180	1.01562
165	4	0.882338
165	16	0.870077
165	19	0.969545
165	20	0.96726
165	22	0.970508
165	30	0.918648
165	33	1.04471
165	35	0.974529
165	36	0.999124
165	40	0.993925
165	44	1.04822
165	53	1.00389
165	59	1.0587
165	61	0.948045
165	71	0.999514
165	75	1.07572
165	83	1.01787
165	89	0.99262
165	91	0.989493
165	92	1.0146
165	100	1.05337
165	102	1.00773
165	107	0.962995
165	108	1.06078
165	110	1.07413
165	115	0.994038
165	122	0.993837
165	131	0.993707
165	135	1.02475
165	137	0.963213
165	140	1.05364
165	142	1.07905
165	143	1.0172
165	146	0.982073
165	148	0.966886
165	154	0.976227
165	155	1.0577
165	156	1.01299
165	157	0.980635
165	159	1.02683
165	161	1.05028
165	162	0.990676
165	163	1.02098
165	166	1.03139
165	167	1.01698
165	168	0.968134
165	169	0.993464
165	170	0.987132
165	171	0.973971
165	172	0.974429
165	174	0.987938
165	175	0.976698
165	176	0.99723
165	178	1.03133
165	179	0.99641
165	180	0.988197
166	8	0.994715
166	16	1.11147
166	23	0.967111
166	32	1.04252
166	42	0.994183
166	47	1.00083
166	49	0.987353
166	50	1.03357
166	65	0.943272
166	66	1.01269
166	67	1.13854
166	68	0.917355
166	78	1.06931
166	87	1.0233
166	91	0.999797
166	94	0.987722
166	98	0.881895
166	100	0.96774
166	102	0.959711
166	108	0.98189
166	113	1.07852
166	115	1.01555
166	116	0.987588
166	119	1.0455
166	122	0.987507
166	124	0.989266
166	126	1.01893
166	127	0.943754
166	128	1.01233
166	129	0.955772
166	134	1.00337
166	136	0.995668
166	139	0.972371
166	140	0.974798
166	142	0.954829
166	143	0.988824
166	148	1.04325
166	150	1.01193
166	151	0.99082
166	153	0.995421
166	154	1.00084
166	155	0.963535
166	156	0.989055
166	159	0.993073
166	160	1.02197
166	161	0.98333
166	163	0.996778
166	164	0.995361
166	165	1.03139
166	168	1.02675
166	169	1.00433
166	172	1.01571
166	173	0.984985
166	175	1.01187
166	176	1.00282
166	178	0.995133
166	179	0.998716
166	180	0.999509
167	2	0.953278
167	10	0.930801
167	18	0.999278
167	26	1.02333
167	30	0.959597
167	35	0.903039
167	41	0.959502
167	44	0.976728
167	45	1.03126
167	46	1.02971
167	47	0.972176
167	50	1.00491
167	56	0.983864
167	60	0.897201
167	64	0.985435
167	70	0.958118
167	81	1.00913
167	85	1.07134
167	86	0.966074
167	90	0.991692
167	98	1.08985
167	99	1.09488
167	103	0.955857
167	105	1.08232
167	107	1.00394
167	109	0.922626
167	111	1.04188
167	114	0.977281
167	121	0.930333
167	124	0.960614
167	125	0.965695
167	127	0.915102
167	132	0.969164
167	133	0.988314
167	135	0.95326
167	136	1.0532
167	139	1.01171
167	143	1.02816
167	147	1.01648
167	148	1.00783
167	153	0.966769
167	154	1.04018
167	157	1.02158
167	163	1.03611
167	164	1.0347
167	165	1.01698
167	168	1.00908
167	169	1.04367
167	170	1.02808
167	171	1.01492
167	172	1.01538
167	173	1.02432
167	174	1.02889
167	175	1.01765
167	176	1.03818
167	177	1.01162
167	179	1.03805
167	180	1.03885
168	4	0.874442
168	6	1.26911
168	9	1.01547
168	12	1.01347
168	14	0.882781
168	15	0.949784
168	16	0.865444
168	17	1.085
168	20	0.959364
168	23	1.05167
168	29	1.03611
168	30	0.910752
168	34	1.16703
168	36	0.991228
168	40	0.986028
168	43	0.976687
168	53	0.995995
168	59	1.05081
168	60	0.964057
168	64	1.08356
168	67	0.90407
168	71	0.991618
168	74	1.06799
168	75	1.06783
168	89	0.984723
168	95	1.07602
168	96	0.948597
168	97	1.04711
168	100	1.04874
168	102	0.999837
168	104	0.990214
168	115	0.986142
168	128	0.97773
168	131	0.98581
168	134	0.993864
168	136	1.00436
168	137	0.95858
168	143	1.01257
168	146	0.974176
168	148	0.958989
168	149	1.00645
168	152	1.03693
168	154	0.971594
168	155	1.05307
168	156	1.00509
168	157	0.972738
168	160	0.97168
168	161	1.04565
168	162	0.98278
168	164	1.01354
168	165	0.968134
168	166	1.02675
168	167	1.00908
168	170	0.979236
168	171	0.966074
168	172	0.966533
168	174	0.980042
168	175	0.968801
168	176	0.989334
168	177	0.962771
168	178	1.0267
168	179	0.991777
169	6	1.19298
169	7	0.93253
169	20	1.00195
169	23	0.992187
169	34	0.941102
169	40	1.00379
169	44	0.967459
169	50	0.995644
169	53	0.972416
169	60	0.887931
169	63	0.96264
169	64	0.971174
169	65	0.968348
169	66	1.03776
169	68	0.942432
169	72	1.02168
169	73	0.991259
169	77	0.998606
169	78	1.09439
169	83	0.927558
169	87	1.04837
169	94	1.0128
169	95	0.987072
169	97	0.988938
169	100	0.992817
169	108	1.00697
169	112	1.03063
169	113	1.0406
169	115	0.977634
169	116	1.01266
169	118	1.00021
169	119	1.00758
169	125	0.956426
169	126	0.981008
169	128	1.03741
169	129	0.980849
169	131	0.9771
169	133	0.979045
169	136	0.957747
169	137	1.05849
169	138	1.05505
169	139	0.997447
169	141	1.00698
169	142	0.979905
169	144	1.05244
169	146	1.00876
169	147	1.00222
169	148	1.00533
169	150	1.037
169	152	1.00724
169	155	0.988612
169	160	1.04705
169	161	1.00841
169	163	1.02185
169	164	1.02044
169	165	0.993464
169	166	1.00433
169	167	1.04367
169	170	0.944358
169	171	0.977106
169	172	0.977785
169	173	1.01006
169	174	0.96213
169	175	0.97395
169	176	0.9649
169	177	0.997356
169	178	1.02021
169	179	1.02379
169	180	1.02459
170	3	1.02534
170	9	1.03446
170	11	1.27847
170	12	1.03246
170	13	0.963593
170	14	0.901779
170	19	0.980647
170	22	0.98161
170	29	1.05511
170	30	0.92975
170	39	1.0029
170	48	1.006
170	49	1.00311
170	53	1.01499
170	59	1.06981
170	63	1.03992
170	67	0.923068
170	68	1.13753
170	71	1.01062
170	75	1.08683
170	77	0.982605
170	79	0.889052
170	81	1.04077
170	88	1.02099
170	89	1.00372
170	91	1.0006
170	93	1.00331
170	96	0.967595
170	97	1.00264
170	99	1.06503
170	102	1.01884
170	110	1.02502
170	111	1.06426
170	113	0.957786
170	115	1.00514
170	117	1.00228
170	122	1.00494
170	125	0.988078
170	127	0.937485
170	128	0.933257
170	129	0.995874
170	131	1.00481
170	133	1.0107
170	134	1.01286
170	140	1.00454
170	142	1.02994
170	146	0.993175
170	147	0.986634
170	148	0.977988
170	152	0.992457
170	154	0.92712
170	156	1.02409
170	157	0.991737
170	160	0.927206
170	162	1.00178
170	163	0.971876
170	165	0.987132
170	167	1.02808
170	168	0.979236
170	169	0.944358
170	171	0.985073
170	172	0.985531
170	173	1.00581
170	174	0.99904
170	175	0.9878
170	176	1.00833
170	177	0.98177
170	178	0.982226
170	179	0.947303
170	180	0.939091
171	3	1.01218
171	8	0.994802
171	12	1.0193
171	14	0.888618
171	20	0.9652
171	22	0.968449
171	24	0.970746
171	29	1.04194
171	36	0.997065
171	39	0.989737
171	40	0.991865
171	41	1.01463
171	51	0.971508
171	53	1.00183
171	59	1.05665
171	61	0.945986
171	70	1.01325
171	71	0.997455
171	75	1.07366
171	77	0.969444
171	83	1.01581
171	88	1.05374
171	89	0.99056
171	91	0.987434
171	93	0.990145
171	94	1.02467
171	95	1.06429
171	96	0.954434
171	100	1.03701
171	102	1.00567
171	112	1.09503
171	115	0.991979
171	116	0.979842
171	118	1.00702
171	122	0.991778
171	123	0.979071
171	127	0.970233
171	129	1.02862
171	130	1.09289
171	131	0.991647
171	134	0.999701
171	135	1.00839
171	136	1.0102
171	138	0.942304
171	139	1.01363
171	140	1.03728
171	142	1.06269
171	144	1.02369
171	146	0.980013
171	147	0.973472
171	148	0.964826
171	149	1.01229
171	150	0.966985
171	154	0.959868
171	155	1.04135
171	156	1.01093
171	157	0.978575
171	161	1.03392
171	165	0.973971
171	167	1.01492
171	168	0.966074
171	169	0.977106
171	170	0.985073
171	172	0.97237
171	173	1.03856
171	174	0.985879
171	175	0.974638
171	176	0.995171
171	177	0.968608
171	178	1.01497
171	179	0.980052
172	7	1.01431
172	9	1.02176
172	11	1.31189
172	12	1.01976
172	15	0.95608
172	20	0.965659
172	22	0.968907
172	24	0.971204
172	29	1.0424
172	32	0.953511
172	36	0.997523
172	38	0.951058
172	39	0.990196
172	40	0.992324
172	43	0.982982
172	48	0.993302
172	53	1.00229
172	54	0.991709
172	55	1.01308
172	61	0.946444
172	67	0.910365
172	71	0.997913
172	75	1.07412
172	77	0.969902
172	87	0.864973
172	89	0.991018
172	91	0.987892
172	93	0.990603
172	94	1.02535
172	96	0.954892
172	98	1.0473
172	99	1.05233
172	102	1.00613
172	104	0.979168
172	105	1.13813
172	111	1.09769
172	113	0.945083
172	115	0.992437
172	122	0.992236
172	123	0.97975
172	125	1.02151
172	129	1.0293
172	131	0.992105
172	135	1.00907
172	136	1.01065
172	137	0.947534
172	139	1.01431
172	140	1.03796
172	142	1.06337
172	143	1.00153
172	155	1.04203
172	156	1.01139
172	157	0.979034
172	160	0.960634
172	162	0.989075
172	163	1.0053
172	164	1.00249
172	165	0.974429
172	166	1.01571
172	167	1.01538
172	168	0.966533
172	169	0.977785
172	170	0.985531
172	171	0.97237
172	174	0.986337
172	175	0.975096
172	176	0.995629
172	177	0.969067
172	178	1.01565
172	179	0.980731
172	180	0.972518
173	1	0.975051
173	2	1.00546
173	5	0.986355
173	9	0.970432
173	25	0.80309
173	33	0.955636
173	34	0.921756
173	38	0.992132
173	39	1.06328
173	48	1.05326
173	51	0.990262
173	53	1.03387
173	63	0.943294
173	64	0.951828
173	66	1.01842
173	68	0.923086
173	70	1.0103
173	71	1.00163
173	72	1.00234
173	73	0.971914
173	78	1.07504
173	79	0.918852
173	81	1.07057
173	83	0.98901
173	85	0.971417
173	87	1.02903
173	92	0.989247
173	93	1.02015
173	94	0.993452
173	95	0.967726
173	96	1.11481
173	99	1.06127
173	100	0.973471
173	101	1.07282
173	108	0.98762
173	116	0.993318
173	118	0.980861
173	121	0.982516
173	123	1.02088
173	137	1.03915
173	138	1.03571
173	139	0.978102
173	140	0.980529
173	142	0.960559
173	143	0.994555
173	144	1.0331
173	147	0.982874
173	149	0.998732
173	150	1.01766
173	151	1.01435
173	152	0.987896
173	154	1.00657
173	155	0.969266
173	156	1.01259
173	157	1.02822
173	159	0.998803
173	160	1.02771
173	161	0.989061
173	162	1.01554
173	163	1.00251
173	164	1.00109
173	166	0.984985
173	167	1.02432
173	169	1.01006
173	170	1.00581
173	171	1.03856
173	174	1.02358
173	175	1.0354
173	176	1.02635
173	177	0.97801
173	178	1.00086
173	179	1.00445
173	180	1.00524
174	2	0.993433
174	7	1.02782
174	8	0.979826
174	9	1.03527
174	12	1.03327
174	15	0.969589
174	24	0.984713
174	27	1.0542
174	29	1.05591
174	30	0.930556
174	33	1.05661
174	36	1.01103
174	39	1.0037
174	40	1.00583
174	43	0.996491
174	45	1.0233
174	48	1.00681
174	51	0.956532
174	53	1.0158
174	60	0.937356
174	61	0.959953
174	62	0.923784
174	66	0.955516
174	67	0.923874
174	72	0.976583
174	75	1.08763
174	77	0.983411
174	83	1.02978
174	89	1.00453
174	91	1.0014
174	93	1.00411
174	96	0.968401
174	98	1.06081
174	102	1.01964
174	107	0.974903
174	108	1.02944
174	110	1.04279
174	112	1.08005
174	115	1.00595
174	116	0.964865
174	117	1.02005
174	118	0.992042
174	122	1.00575
174	134	1.01367
174	136	1.02416
174	138	0.927328
174	139	0.998653
174	141	1.0564
174	142	1.04771
174	144	1.03766
174	145	1.00176
174	147	0.98744
174	148	0.978794
174	149	1.02626
174	150	0.952009
174	152	1.01023
174	156	1.0249
174	157	0.992543
174	159	0.995495
174	160	0.944978
174	161	1.01895
174	162	1.00258
174	163	0.989648
174	164	0.986837
174	165	0.987938
174	167	1.02889
174	168	0.980042
174	169	0.96213
174	170	0.99904
174	171	0.985879
174	172	0.986337
174	173	1.02358
174	175	0.988605
174	176	1.00914
174	177	0.982576
174	178	0.999998
174	180	0.956863
175	3	1.01491
175	5	1.0235
175	7	1.01658
175	9	1.02403
175	15	0.958348
175	19	0.970213
175	20	0.967927
175	22	0.971176
175	24	0.973473
175	25	1.10449
175	29	1.04467
175	30	0.919316
175	33	1.04537
175	36	0.999792
175	39	0.992464
175	40	0.994592
175	53	1.00456
175	59	1.05937
175	62	0.935605
175	64	1.06868
175	67	0.912634
175	71	1.00018
175	74	1.05311
175	76	0.976657
175	81	1.07036
175	83	1.01854
175	89	0.993287
175	91	0.990161
175	93	0.992872
175	95	1.06114
175	100	1.03385
175	102	1.0084
175	107	0.963662
175	115	0.994705
175	122	0.994505
175	123	0.975915
175	124	1.01259
175	126	1.04225
175	128	0.962849
175	129	1.02547
175	131	0.994374
175	132	1.02114
175	134	1.00243
175	136	1.01292
175	137	0.943699
175	138	0.939149
175	140	1.03413
175	141	1.06822
175	144	1.02642
175	146	0.98274
175	148	0.967553
175	149	1.01502
175	150	0.963829
175	152	1.02205
175	154	0.956713
175	155	1.03819
175	156	1.01366
175	157	0.981302
175	159	1.00732
175	160	0.956799
175	161	1.03077
175	162	0.991344
175	163	1.00147
175	164	0.998657
175	165	0.976698
175	166	1.01187
175	167	1.01765
175	168	0.968801
175	169	0.97395
175	170	0.9878
175	171	0.974638
175	172	0.975096
175	173	1.0354
175	174	0.988605
175	176	0.997898
175	177	0.971335
175	178	1.01182
175	180	0.968683
176	1	0.965793
176	3	1.03544
176	4	0.903538
176	7	1.03711
176	12	1.04256
176	14	0.911878
176	15	0.978881
176	16	0.841513
176	19	0.990746
176	20	0.98846
176	22	0.991709
176	24	0.994006
176	25	1.12502
176	26	1.06626
176	29	1.0652
176	30	0.939849
176	31	0.964791
176	33	1.06591
176	36	1.02032
176	38	0.938173
176	39	1.013
176	40	1.01513
176	44	1.01965
176	48	1.0161
176	61	0.969245
176	64	1.05963
176	66	0.958286
176	69	1.18248
176	71	1.02071
176	75	1.09692
176	77	0.992704
176	79	0.909594
176	83	1.03907
176	87	0.852088
176	91	1.01069
176	93	1.0134
176	96	0.977693
176	98	1.0701
176	106	1.0155
176	107	0.984195
176	113	0.967885
176	115	1.01524
176	118	0.994813
176	122	1.01504
176	123	0.966865
176	125	1.00862
176	128	0.953799
176	135	0.996186
176	136	1.03346
176	138	0.930098
176	142	1.05048
176	143	0.98864
176	146	1.00327
176	147	0.996732
176	148	0.988086
176	150	0.954779
176	151	1.00509
176	152	1.013
176	155	1.02914
176	156	1.03419
176	157	1.00184
176	161	1.02172
176	162	1.01188
176	163	0.992418
176	165	0.99723
176	166	1.00282
176	167	1.03818
176	168	0.989334
176	169	0.9649
176	170	1.00833
176	171	0.995171
176	172	0.995629
176	173	1.02635
176	174	1.00914
176	175	0.997898
176	177	0.991868
176	178	1.00277
176	179	0.967846
176	180	0.959633
177	2	1.00684
177	7	1.01055
177	10	0.971847
177	15	0.952318
177	18	1.09582
177	19	0.964183
177	26	1.06438
177	31	0.962912
177	35	1.03753
177	42	0.987208
177	44	0.979492
177	45	1.02419
177	50	0.979948
177	52	1.00597
177	54	0.979492
177	56	1.10079
177	57	1.0861
177	60	0.938247
177	62	0.924676
177	66	1.00571
177	67	0.906604
177	68	0.910381
177	69	1.18061
177	73	0.959209
177	76	0.965728
177	77	0.966141
177	79	1.06339
177	80	1.03518
177	84	1.15936
177	85	0.960281
177	88	1.03966
177	91	0.984131
177	95	0.955021
177	98	1.04354
177	103	0.991642
177	106	0.983658
177	109	0.999821
177	111	0.925004
177	112	1.08094
177	114	1.01833
177	117	1.02094
177	119	1.0579
177	120	0.95979
177	121	0.97138
177	123	1.00818
177	124	1.00166
177	125	1.00674
177	126	1.03132
177	127	0.980425
177	128	1.00536
177	129	0.948798
177	130	1.0788
177	131	0.988344
177	132	0.978363
177	133	1.02936
177	135	0.994307
177	136	1.00689
177	138	1.023
177	145	1.00265
177	147	0.970169
177	148	0.961523
177	149	1.00899
177	150	1.00495
177	151	1.00322
177	152	0.975191
177	153	1.00782
177	157	0.975272
177	158	1.01909
177	162	0.985314
177	167	1.01162
177	168	0.962771
177	169	0.997356
177	170	0.98177
177	171	0.968608
177	172	0.969067
177	173	0.97801
177	174	0.982576
177	175	0.971335
177	176	0.991868
177	178	0.988158
177	179	0.991741
177	180	0.992534
178	6	0.886411
178	10	1.0613
178	11	0.897295
178	12	0.957765
178	13	1.02629
178	15	1.06481
178	17	0.970964
178	22	1.00815
178	25	0.779507
178	28	0.979146
178	29	0.934001
178	33	0.932052
178	42	1.01006
178	45	1.01174
178	48	1.02968
178	49	1.00323
178	60	0.9258
178	62	1.07093
178	64	0.961976
178	67	1.13848
178	70	1.03436
178	74	0.999531
178	76	1.09631
178	79	0.895269
178	80	0.981279
178	83	0.965427
178	85	0.947834
178	86	1.11174
178	91	0.999745
178	92	0.999395
178	96	1.09123
178	98	0.881843
178	101	1.04923
178	105	0.937057
178	106	1.00117
178	107	0.980485
178	109	0.951225
178	110	0.961233
178	111	1.07048
178	114	0.994153
178	117	1.01237
178	119	0.983741
178	120	1.0576
178	121	1.0546
178	124	1.02616
178	125	1.01842
178	126	1.02311
178	130	0.968918
178	132	1.00122
178	133	1.00819
178	135	1.0171
178	136	0.995616
178	138	1.04586
178	140	0.990676
178	146	0.999563
178	147	0.993022
178	149	0.975149
178	150	1.0278
178	151	1.01924
178	152	0.998044
178	153	1.02168
178	154	1.01672
178	157	1.00464
178	158	1.00939
178	159	1.00895
178	161	0.999209
178	162	0.991954
178	163	1.01266
178	165	1.03133
178	166	0.995133
178	168	1.0267
178	169	1.02021
178	170	0.982226
178	171	1.01497
178	172	1.01565
178	173	1.00086
178	174	0.999998
178	175	1.01182
178	176	1.00277
178	177	0.988158
178	179	1.01459
178	180	1.01539
179	4	1.2023
179	5	0.927848
179	8	1.01418
179	16	1.13093
179	23	0.986572
179	26	1.01701
179	27	0.983574
179	32	1.06198
179	34	0.935487
179	36	0.950893
179	37	0.994027
179	38	1.00586
179	43	1.00566
179	46	0.962937
179	49	1.00681
179	50	0.99859
179	51	1.00399
179	53	0.975362
179	55	1.01291
179	57	1.03873
179	63	0.957025
179	64	0.965559
179	65	0.962733
179	66	1.03215
179	67	1.10356
179	68	0.936816
179	72	1.01607
179	73	0.985644
179	75	0.883718
179	76	0.918358
179	77	1.00155
179	78	1.08877
179	82	1.04893
179	83	0.930504
179	84	1.11199
179	86	1.07681
179	87	1.04276
179	90	0.985369
179	94	1.00718
179	95	0.981457
179	97	0.983323
179	99	1.075
179	100	0.987201
179	104	1.02967
179	107	0.984068
179	108	1.00135
179	109	0.916302
179	110	0.964816
179	113	1.04355
179	115	0.980579
179	116	1.00705
179	117	0.97357
179	118	0.994592
179	123	1.03461
179	124	0.954291
179	125	0.959372
179	128	1.0318
179	129	0.975234
179	130	1.03143
179	131	0.980046
179	132	0.96284
179	134	1.02283
179	135	0.946937
179	136	0.960693
179	137	1.05288
179	138	1.04944
179	139	0.991832
179	140	0.994259
179	141	1.00992
179	142	0.97429
179	143	1.00829
179	144	1.04683
179	145	0.955277
179	146	1.00315
179	149	0.940226
179	150	1.03139
179	152	1.00163
179	153	0.960446
179	154	1.0203
179	155	0.982997
179	156	0.95408
179	157	0.969718
179	159	1.01253
179	160	1.04144
179	161	1.00279
179	162	0.957031
179	163	1.01624
179	164	1.01482
179	165	0.99641
179	166	0.998716
179	167	1.03805
179	168	0.991777
179	169	1.02379
179	170	0.947303
179	171	0.980052
179	172	0.980731
179	173	1.00445
179	176	0.967846
179	177	0.991741
179	178	1.01459
179	180	1.01897
180	8	1.01497
180	16	1.13172
180	20	0.996682
180	22	0.965017
180	23	0.987365
180	24	1.01496
180	27	0.984367
180	30	1.12362
180	32	1.06277
180	34	0.93628
180	38	1.00666
180	39	0.996563
180	40	0.998522
180	42	1.01444
180	43	1.00645
180	47	0.95764
180	49	1.00761
180	52	0.950385
180	53	0.967149
180	54	0.921362
180	55	1.01371
180	58	1.29339
180	61	1.04294
180	63	0.957818
180	64	0.966352
180	65	0.963526
180	66	1.03294
180	68	0.93761
180	69	1.12502
180	72	1.01686
180	73	0.986437
180	74	0.986599
180	76	0.910145
180	78	1.08956
180	79	0.852133
180	82	1.04972
180	87	1.04355
180	92	1.00377
180	94	1.00798
180	95	0.98225
180	96	1.04809
180	97	0.984116
180	99	1.0758
180	100	0.987995
180	104	1.03046
180	105	1.06779
180	107	0.984861
180	108	1.00214
180	110	0.965609
180	112	1.02536
180	113	1.03534
180	116	1.00784
180	117	0.965357
180	118	0.995385
180	122	0.944319
180	123	1.03541
180	124	0.946078
180	127	0.900566
180	128	1.03259
180	129	0.976027
180	130	1.02322
180	133	0.973778
180	134	1.02363
180	135	0.938724
180	136	0.95248
180	138	1.05023
180	139	0.992625
180	140	0.995053
180	141	1.00171
180	142	0.975083
180	143	1.00908
180	144	1.04762
180	147	0.997398
180	149	0.932013
180	150	1.03218
180	151	0.947632
180	152	1.00242
180	153	0.952233
180	154	1.0211
180	155	0.98379
180	156	0.945867
180	158	0.96351
180	159	1.01333
180	160	1.04223
180	161	1.00358
180	162	0.948818
180	163	1.01703
180	164	1.01562
180	165	0.988197
180	166	0.999509
180	167	1.03885
180	169	1.02459
180	170	0.939091
180	172	0.972518
180	173	1.00524
180	174	0.956863
180	175	0.968683
180	176	0.959633
180	177	0.992534
180	178	1.01539
180	179	1.01897
