1	2	0.847078
1	22	0.822157
1	23	0.744757
1	24	0.890422
1	35	0.890097
1	38	0.889956
1	39	0.870656
1	101	1.35512
1	144	0.779949
1	151	0.875265
1	169	0.827126
1	171	5.11468
2	1	0.847078
2	22	0.820757
2	23	0.743356
2	24	0.889021
2	35	0.888696
2	38	0.888556
2	39	0.869255
2	114	2.60559
2	144	0.778548
2	147	2.76588
2	151	0.873865
2	169	0.825725
3	70	0.863964
3	99	0.813222
3	108	0.833566
3	118	0.852171
3	119	0.8575
3	120	0.882751
3	123	0.882806
3	159	2.20108
3	169	0.80219
3	172	3.14777
3	177	0.738943
3	179	0.860838
4	74	0.962856
4	77	1.7431
4	80	0.958463
4	88	0.951297
4	102	0.965178
4	106	0.953399
4	128	0.910672
4	148	0.865535
4	163	1.58936
4	173	0.852349
4	177	3.34748
4	179	0.983361
5	42	0.906349
5	44	0.905582
5	46	0.904913
5	48	0.904377
5	51	0.962311
5	52	1.0658
5	53	0.962546
5	56	0.962347
5	136	1.68706
5	155	2.47934
5	169	2.10735
5	180	0.861944
6	7	0.815178
6	14	0.801666
6	27	0.87111
6	28	0.870879
6	29	0.870929
6	30	0.871189
6	31	0.871567
6	32	0.871962
6	77	1.47302
6	157	0.792955
6	171	4.60194
6	180	0.777162
7	6	0.815178
7	14	0.80006
7	27	0.869504
7	28	0.869273
7	29	0.869323
7	30	0.869583
7	31	0.869961
7	32	0.870356
7	141	2.62548
7	157	0.791349
7	169	2.7426
7	180	0.775556
8	14	0.812857
8	27	0.882302
8	28	0.88207
8	29	0.882121
8	30	0.88238
8	31	0.882758
8	32	0.883154
8	109	2.2514
8	136	2.71116
8	157	0.804146
8	180	0.788353
9	92	0.313225
9	111	0.939908
9	122	0.0154128
9	149	0.994912
9	155	0.949309
9	164	0.962511
9	166	0.938205
9	167	0.910129
9	172	0.912095
9	174	0.919373
9	175	0.906891
9	178	0.887782
10	42	0.906349
10	44	0.905582
10	46	0.904913
10	48	0.904377
10	51	0.962311
10	52	1.0658
10	53	0.962546
10	56	0.962347
10	154	0.950187
10	175	3.03155
10	176	2.33685
10	180	0.861944
11	78	0.861994
11	112	0.98313
11	122	0.973405
11	127	0.968449
11	129	0.935711
11	142	0.966846
11	143	0.931283
11	162	0.825515
11	169	2.13504
11	173	0.836425
11	176	3.10543
11	179	0.967437
12	43	0.840717
12	45	0.820813
12	82	0.842224
12	87	0.956545
12	88	0.826583
12	91	0.871908
12	102	0.840464
12	106	0.828685
12	165	3.16044
12	170	2.35462
12	173	0.727636
12	179	0.858648
13	15	0.976447
13	16	0.976007
13	20	0.94673
13	21	0.920259
13	25	0.899861
13	26	0.89838
13	60	1.64756
13	90	0.896403
13	113	0.872624
13	115	1.6642
13	131	2.97646
13	151	0.912986
13	157	0.846523
14	6	0.801666
14	7	0.80006
14	8	0.812857
14	27	0.855992
14	28	0.855761
14	29	0.855811
14	30	0.856071
14	31	0.856449
14	32	0.856845
14	146	2.66557
14	157	0.777837
14	161	2.91608
14	180	0.762044
15	13	0.976447
15	16	1.02853
15	20	0.999256
15	21	0.972785
15	25	0.952387
15	26	0.950906
15	117	0.940552
15	151	0.965512
15	157	0.899049
15	171	4.13042
15	180	1.31987
16	13	0.976007
16	15	1.02853
16	20	0.998817
16	21	0.972345
16	25	0.951947
16	26	0.950466
16	151	0.965073
16	157	0.89861
16	174	1.93952
16	175	2.41661
16	176	1.72191
17	22	0.914876
17	23	0.837476
17	24	0.983141
17	35	0.982816
17	38	0.982676
17	39	0.963375
17	144	0.872668
17	148	2.34506
17	151	0.967984
17	153	1.41434
17	169	0.919845
17	173	3.05324
18	34	0.852335
18	43	0.835888
18	75	0.851488
18	80	0.82892
18	82	0.837395
18	88	0.821754
18	91	0.867079
18	102	0.835635
18	106	0.823856
18	131	1.6856
18	173	0.722806
18	178	3.93115
18	179	0.853818
19	58	2.1804
19	109	0.911872
19	127	0.691601
19	153	0.828258
19	158	0.829635
19	161	0.824851
19	164	0.859899
19	165	0.801768
19	170	0.819434
19	171	0.785237
19	174	0.816761
19	176	0.817159
19	178	0.78517
20	13	0.94673
20	15	0.999256
20	16	0.998817
20	21	0.943068
20	25	0.92267
20	26	0.921189
20	49	4.8
20	113	0.895434
20	130	2.17622
20	151	0.935796
20	156	2.77607
20	157	0.869333
21	13	0.920259
21	15	0.972785
21	16	0.972345
21	20	0.943068
21	25	0.896199
21	26	0.894718
21	69	0.898898
21	100	1.38938
21	113	0.868962
21	147	1.82672
21	151	0.909324
21	157	0.842861
21	162	6.02473
22	1	0.822157
22	2	0.820757
22	17	0.914876
22	23	0.718436
22	24	0.8641
22	35	0.863776
22	38	0.863635
22	39	0.844334
22	94	2.41587
22	144	0.753627
22	151	0.848944
22	168	3.38913
22	169	0.800805
23	1	0.744757
23	2	0.743356
23	17	0.837476
23	22	0.718436
23	24	0.7867
23	35	0.786375
23	38	0.786235
23	39	0.766934
23	69	0.761117
23	144	0.676227
23	151	0.771543
23	154	4.77143
23	169	0.723404
24	1	0.890422
24	2	0.889021
24	17	0.983141
24	22	0.8641
24	23	0.7867
24	35	0.93204
24	38	0.931899
24	39	0.912599
24	136	0.948645
24	141	1.25182
24	144	0.821891
24	151	0.917208
24	169	0.869069
24	173	4.8147
25	13	0.899861
25	15	0.952387
25	16	0.951947
25	20	0.92267
25	21	0.896199
25	26	0.87432
25	69	0.8785
25	90	0.872344
25	113	0.848564
25	132	1.0609
25	151	0.888926
25	157	0.822463
25	164	2.63422
25	169	2.77123
26	13	0.89838
26	15	0.950906
26	16	0.950466
26	20	0.921189
26	21	0.894718
26	25	0.87432
26	69	0.877019
26	90	0.870863
26	94	1.48084
26	113	0.847083
26	128	1.89121
26	151	0.887445
26	157	0.820982
26	177	3.72097
27	6	0.87111
27	7	0.869504
27	8	0.882302
27	14	0.855992
27	28	0.925205
27	29	0.925256
27	30	0.925516
27	31	0.925893
27	32	0.926289
27	86	1.66801
27	128	3.5146
27	132	1.22875
27	157	0.847281
27	180	0.831488
28	6	0.870879
28	7	0.869273
28	8	0.88207
28	14	0.855761
28	27	0.925205
28	29	0.925024
28	30	0.925284
28	31	0.925662
28	32	0.926057
28	101	2.01951
28	136	2.33973
28	149	2.10223
28	157	0.84705
28	180	0.831257
29	6	0.870929
29	7	0.869323
29	8	0.882121
29	14	0.855811
29	27	0.925256
29	28	0.925024
29	30	0.925334
29	31	0.925712
29	32	0.926108
29	117	2.87282
29	132	1.54124
29	138	2.04102
29	157	0.8471
29	180	0.831307
30	6	0.871189
30	7	0.869583
30	8	0.88238
30	14	0.856071
30	27	0.925516
30	28	0.925284
30	29	0.925334
30	31	0.925972
30	32	0.926368
30	151	1.39755
30	157	0.84736
30	166	2.39364
30	172	2.98951
30	180	0.831567
31	6	0.871567
31	7	0.869961
31	8	0.882758
31	14	0.856449
31	27	0.925893
31	28	0.925662
31	29	0.925712
31	30	0.925972
31	32	0.926745
31	90	1.41798
31	138	0.807872
31	157	0.847738
31	178	4.46268
31	180	0.831945
32	6	0.871962
32	7	0.870356
32	8	0.883154
32	14	0.856845
32	27	0.926289
32	28	0.926057
32	29	0.926108
32	30	0.926368
32	31	0.926745
32	90	1.48967
32	152	2.17234
32	157	0.848133
32	176	3.0605
32	180	0.83234
33	63	0.841755
33	96	0.781811
33	98	0.836581
33	99	0.791439
33	108	0.811783
33	118	0.830387
33	119	0.835716
33	120	0.860967
33	123	0.861022
33	135	3.66595
33	138	2.19689
33	169	0.780406
33	177	0.717159
33	179	0.839054
34	18	0.852335
34	58	0.881314
34	75	0.919256
34	80	0.896688
34	82	0.905162
34	91	0.934847
34	102	0.903403
34	106	0.891624
34	116	0.847364
34	144	0.81576
34	148	0.80376
34	152	1.98234
34	173	0.790574
34	177	4.3054
34	179	0.921586
35	1	0.890097
35	2	0.888696
35	17	0.982816
35	22	0.863776
35	23	0.786375
35	24	0.93204
35	38	0.931575
35	39	0.912274
35	93	1.39581
35	144	0.821567
35	151	0.916884
35	155	1.76471
35	169	0.868745
35	178	3.83698
36	78	2.09524
36	112	0.920196
36	122	0.910471
36	126	0.875928
36	127	0.905515
36	129	0.872777
36	132	1.65795
36	139	0.869312
36	142	0.903912
36	143	0.868349
36	145	0.898803
36	154	2.95201
36	173	0.773492
36	177	0.782609
36	179	0.904504
37	67	0.813192
37	91	3.68652
37	94	0.781809
37	146	0.759361
37	147	0.755245
37	150	0.739207
37	154	0.75999
37	160	0.777414
37	166	0.751192
37	170	0.735033
37	172	0.725082
37	174	0.73236
37	175	0.719878
37	176	0.732758
37	178	0.700768
38	1	0.889956
38	2	0.888556
38	17	0.982676
38	22	0.863635
38	23	0.786235
38	24	0.931899
38	35	0.931575
38	39	0.912133
38	86	1.38052
38	144	0.821426
38	151	0.916743
38	156	6.13381
38	160	1.81454
38	169	0.868604
39	1	0.870656
39	2	0.869255
39	17	0.963375
39	22	0.844334
39	23	0.766934
39	24	0.912599
39	35	0.912274
39	38	0.912133
39	69	0.887016
39	100	1.75116
39	128	2.90205
39	133	2.40007
39	144	0.802126
39	151	0.897442
39	169	0.849303
40	42	0.906349
40	44	0.905582
40	46	0.904913
40	48	0.904377
40	51	0.962311
40	52	1.0658
40	53	0.962546
40	56	0.962347
40	85	1.27674
40	157	2.15071
40	165	3.40913
40	180	0.861944
41	69	0.86587
41	73	0.764662
41	119	1.65728
41	134	0.799346
41	135	0.827346
41	142	1.51833
41	150	0.808287
41	152	0.832438
41	168	0.799338
41	171	0.769916
41	172	0.794162
41	174	0.80144
41	175	0.788958
41	176	0.801838
41	177	0.76491
41	178	0.769848
42	5	0.906349
42	10	0.906349
42	40	0.906349
42	44	0.825583
42	46	0.824914
42	48	0.824377
42	51	0.882312
42	52	0.985801
42	53	0.882547
42	56	0.882347
42	113	0.823839
42	114	0.789424
42	135	1.62918
42	148	4.10825
42	153	2.05441
42	180	0.781945
43	12	0.840717
43	18	0.835888
43	45	0.867305
43	58	0.864867
43	74	0.884634
43	75	0.902809
43	88	0.873074
43	91	0.9184
43	102	0.886956
43	106	0.875176
43	110	1.53201
43	125	3.52843
43	144	0.799313
43	149	2.12486
43	173	0.774127
43	179	0.905139
44	5	0.905582
44	10	0.905582
44	40	0.905582
44	42	0.825583
44	46	0.824147
44	48	0.82361
44	51	0.881545
44	52	0.985033
44	53	0.88178
44	56	0.88158
44	85	2.29161
44	110	1.95767
44	113	0.823072
44	114	0.788657
44	124	2.75712
44	180	0.781178
45	12	0.820813
45	43	0.867305
45	58	0.844963
45	74	0.86473
45	80	0.860338
45	82	0.868812
45	85	1.48743
45	87	0.983132
45	88	0.853171
45	91	0.898496
45	102	0.867052
45	106	0.855273
45	153	3.08787
45	166	2.77045
45	173	0.754224
45	179	0.885236
46	5	0.904913
46	10	0.904913
46	40	0.904913
46	42	0.824914
46	44	0.824147
46	48	0.822941
46	51	0.880876
46	52	0.984365
46	53	0.881111
46	56	0.880911
46	113	0.822403
46	114	0.787988
46	132	2.05501
46	162	4.96308
46	171	2.69423
46	180	0.780509
47	59	0.846033
47	79	0.875175
47	93	1.0628
47	96	0.829464
47	98	0.884234
47	99	0.839092
47	108	0.859436
47	118	0.87804
47	119	0.883369
47	120	0.90862
47	123	0.908675
47	169	0.828059
47	173	4.50548
47	174	2.24771
47	177	0.764812
47	179	0.886707
48	5	0.904377
48	10	0.904377
48	40	0.904377
48	42	0.824377
48	44	0.82361
48	46	0.822941
48	51	0.880339
48	52	0.983828
48	53	0.880575
48	56	0.880375
48	113	0.821866
48	114	0.787451
48	133	1.27031
48	150	2.55157
48	178	3.64103
48	180	0.779972
49	20	4.8
49	78	0.83711
49	130	0.817968
49	137	0.714403
49	141	0.776665
49	147	0.749178
49	159	0.749454
49	160	0.771348
49	165	0.7113
49	166	0.745126
49	167	0.717049
49	170	0.728967
49	172	0.719016
49	174	0.726294
49	176	0.726692
49	178	0.694702
50	63	0.949428
50	96	0.889484
50	98	0.944254
50	99	0.899112
50	108	0.919456
50	118	0.93806
50	119	0.943389
50	120	0.96864
50	123	0.968695
50	128	0.992139
50	140	2.84486
50	148	3.1542
50	162	0.804805
50	167	2.20001
50	169	0.888079
50	177	0.824832
50	179	0.946727
51	5	0.962311
51	10	0.962311
51	40	0.962311
51	42	0.882312
51	44	0.881545
51	46	0.880876
51	48	0.880339
51	52	1.04176
51	53	0.938509
51	56	0.938309
51	109	1.33975
51	113	0.879801
51	114	0.845386
51	141	2.10269
51	160	2.22679
51	163	2.86697
51	180	0.837907
52	5	1.0658
52	10	1.0658
52	40	1.0658
52	42	0.985801
52	44	0.985033
52	46	0.984365
52	48	0.983828
52	51	1.04176
52	53	1.042
52	56	1.0418
52	64	1.22622
52	133	2.00148
52	141	1.81082
52	144	2.95783
52	154	1.51167
52	180	0.941396
53	5	0.962546
53	10	0.962546
53	40	0.962546
53	42	0.882547
53	44	0.88178
53	46	0.881111
53	48	0.880575
53	51	0.938509
53	52	1.042
53	56	0.938545
53	93	2.15532
53	113	0.880036
53	114	0.845621
53	115	1.03869
53	131	2.35095
53	172	3.11442
53	180	0.838142
54	65	0.960383
54	89	0.895958
54	95	0.939653
54	104	0.926673
54	121	0.914488
54	127	0.941443
54	129	0.908705
54	139	0.90524
54	142	0.93984
54	143	0.904277
54	145	0.934731
54	155	1.77851
54	160	1.4135
54	170	2.51516
54	173	0.80942
54	175	3.07162
54	179	0.940432
55	72	0.859897
55	89	0.914419
55	92	0.964194
55	121	0.932949
55	126	0.930317
55	127	0.959904
55	129	0.927166
55	139	0.923701
55	143	0.922738
55	144	2.85383
55	145	0.953192
55	151	1.19415
55	155	2.19593
55	158	2.17945
55	162	0.816971
55	177	0.836998
55	179	0.958893
56	5	0.962347
56	10	0.962347
56	40	0.962347
56	42	0.882347
56	44	0.88158
56	46	0.880911
56	48	0.880375
56	51	0.938309
56	52	1.0418
56	53	0.938545
56	97	1.23736
56	113	0.879836
56	114	0.845421
56	156	6.09012
56	157	1.39215
56	164	1.52701
56	180	0.837942
57	79	0.877523
57	96	0.831813
57	98	0.886582
57	99	0.84144
57	108	0.861784
57	118	0.880388
57	119	0.885718
57	120	0.910968
57	123	0.911023
57	149	1.94418
57	151	1.97219
57	156	0.756841
57	162	0.747133
57	169	0.830407
57	176	3.57236
57	177	0.76716
57	179	0.889055
58	19	2.1804
58	34	0.881314
58	43	0.864867
58	45	0.844963
58	72	2.72721
58	82	0.866374
58	87	0.980695
58	88	0.850733
58	91	0.896058
58	102	0.864615
58	106	0.852835
58	128	0.810108
58	144	0.776972
58	148	0.764972
58	151	1.79447
58	173	0.751786
58	179	0.882798
59	47	0.846033
59	79	0.870864
59	96	0.825153
59	98	0.879923
59	99	0.83478
59	108	0.855124
59	118	0.873729
59	119	0.879058
59	120	0.904309
59	123	0.904364
59	134	3.41695
59	135	2.44861
59	154	1.77382
59	162	0.740474
59	169	0.823748
59	177	0.760501
59	179	0.882396
60	13	1.64756
60	89	0.810107
60	122	0.973338
60	153	0.855979
60	155	0.874418
60	159	0.867643
60	160	0.889537
60	161	0.852572
60	163	0.863216
60	168	0.842381
60	170	0.847156
60	171	0.812959
60	172	0.837205
60	175	0.832001
60	176	0.844881
60	177	0.807953
60	180	0.837083
61	72	0.817398
61	111	1.84636
61	129	0.811116
61	133	0.884298
61	137	0.819138
61	149	0.906567
61	155	0.860963
61	160	0.876082
61	161	0.839117
61	165	0.816034
61	167	0.821783
61	168	0.828926
61	171	0.799504
61	172	0.82375
61	174	0.831028
61	175	0.818546
61	176	0.831426
61	179	0.375197
62	63	0.932759
62	67	1.71566
62	79	0.918527
62	96	0.872816
62	97	2.03342
62	98	0.927585
62	99	0.882443
62	108	0.902787
62	118	0.921392
62	119	0.926721
62	120	0.951972
62	123	0.952026
62	151	1.7708
62	162	0.788137
62	169	0.87141
62	176	3.37098
62	177	0.808164
62	179	0.930059
63	33	0.841755
63	50	0.949428
63	62	0.932759
63	70	0.928896
63	79	0.914238
63	96	0.868528
63	108	0.898499
63	118	0.917103
63	119	0.922433
63	120	0.947683
63	123	0.947738
63	155	1.90382
63	156	0.793556
63	158	1.88734
63	161	2.01676
63	175	3.19693
63	177	0.803875
63	179	0.92577
64	52	1.22622
64	74	0.933297
64	80	0.928905
64	106	0.92384
64	108	1.01458
64	118	0.00286039
64	123	0.619882
64	126	0.925228
64	139	0.918611
64	143	0.917648
64	145	0.948102
64	150	0.875285
64	166	0.887269
64	167	0.859193
64	172	0.861159
64	173	0.822791
64	178	0.836846
64	179	0.953803
65	54	0.960383
65	85	1.24422
65	92	0.948323
65	111	0.909093
65	122	0.948989
65	129	0.911295
65	130	1.61591
65	139	0.90783
65	142	0.94243
65	143	0.906867
65	144	3.1908
65	145	0.937321
65	146	2.39533
65	148	0.825196
65	156	0.810807
65	173	0.81201
65	177	0.821127
65	179	0.943022
66	77	2.78388
66	84	0.911721
66	93	1.98607
66	104	0.918359
66	105	0.910968
66	107	0.910808
66	121	0.906175
66	122	0.938086
66	129	0.900392
66	130	1.43798
66	139	0.896927
66	142	0.931527
66	143	0.895964
66	145	0.926417
66	148	0.814292
66	170	3.09162
66	177	0.810223
66	179	0.932118
67	37	0.813192
67	62	1.71566
67	96	0.60605
67	142	1.26435
67	154	0.8608
67	155	0.863106
67	160	0.878225
67	161	0.84126
67	164	0.876309
67	166	0.852003
67	167	0.823926
67	168	0.831069
67	170	0.835844
67	171	0.801647
67	174	0.833171
67	175	0.820689
67	176	0.833569
67	178	0.801579
68	118	4.84463
68	125	0.730899
68	131	0.762406
68	132	0.84456
68	133	0.779816
68	135	0.752453
68	144	0.706086
68	150	0.733394
68	153	0.738043
68	154	0.754176
68	163	0.74528
68	166	0.745379
68	167	0.717302
68	168	0.724445
68	170	0.72922
68	171	0.695023
68	175	0.714065
68	176	0.726945
68	178	0.694955
69	21	0.898898
69	23	0.761117
69	25	0.8785
69	26	0.877019
69	39	0.887016
69	41	0.86587
69	70	1.31459
69	111	1.65706
69	144	0.796309
69	151	0.891626
69	157	0.825163
69	169	0.843486
69	170	0.819442
69	171	0.785245
69	172	0.809491
69	174	0.816769
69	176	0.817167
69	179	0.18589
70	3	0.863964
70	63	0.928896
70	69	1.31459
70	86	1.41449
70	96	0.868953
70	98	0.923723
70	99	0.878581
70	108	0.898924
70	118	0.917529
70	119	0.922858
70	120	0.948109
70	123	0.948164
70	156	0.793981
70	159	2.70106
70	162	0.784274
70	164	2.54855
70	169	0.867548
70	177	0.804301
70	179	0.926196
71	84	0.900353
71	92	0.926052
71	95	0.919972
71	105	0.8996
71	107	0.899441
71	111	0.886822
71	113	0.86988
71	122	0.926718
71	129	0.889024
71	137	3.01479
71	139	0.885559
71	142	0.920159
71	143	0.884596
71	145	0.91505
71	147	1.48141
71	156	0.788536
71	165	2.53836
71	167	2.4073
71	177	0.798856
72	55	0.859897
72	58	2.72721
72	61	0.817398
72	84	0.803676
72	102	2.13058
72	117	0.81643
72	118	0.815407
72	120	0.845987
72	123	0.846042
72	139	0.788883
72	145	0.818373
72	158	0.751583
72	166	0.757541
72	171	0.707185
72	173	0.693062
72	175	0.726227
72	177	0.702179
72	178	0.707117
72	179	0.824074
73	41	0.764662
73	83	0.827443
73	85	0.818353
73	97	0.79543
73	124	0.746933
73	127	4.67128
73	149	0.7911
73	153	0.727057
73	160	0.760615
73	167	0.706316
73	168	0.713459
73	170	0.718234
73	171	0.684037
73	172	0.708283
73	174	0.715561
73	175	0.703079
73	176	0.715959
73	178	0.683969
73	180	0.708161
74	4	0.962856
74	43	0.884634
74	45	0.86473
74	64	0.933297
74	75	0.900234
74	80	0.877666
74	82	0.886141
74	87	1.00046
74	88	0.8705
74	91	0.915825
74	102	0.884381
74	106	0.872602
74	148	0.784738
74	154	1.50022
74	164	1.77948
74	168	3.0549
74	172	2.87867
74	173	0.771552
74	179	0.902564
75	18	0.851488
75	34	0.919256
75	43	0.902809
75	74	0.900234
75	82	0.904316
75	87	1.01864
75	88	0.888675
75	91	0.934
75	102	0.902556
75	106	0.890777
75	128	0.84805
75	137	3.49658
75	144	0.814914
75	148	0.802913
75	155	1.47769
75	170	2.21433
75	173	0.789727
75	174	2.2937
75	179	0.920739
76	84	0.856707
76	105	0.855954
76	111	0.843176
76	121	0.851161
76	122	0.883071
76	126	0.848529
76	129	0.845378
76	132	1.15732
76	139	0.841913
76	142	0.876513
76	143	0.84095
76	144	3.89754
76	145	0.871403
76	148	0.759278
76	159	2.88315
76	162	0.735182
76	173	0.746092
76	177	0.755209
76	179	0.877104
77	4	1.7431
77	6	1.47302
77	66	2.78388
77	144	0.795156
77	149	0.891155
77	150	0.822464
77	154	0.843246
77	158	0.82849
77	160	0.86067
77	161	0.823706
77	164	0.858754
77	165	0.800623
77	168	0.813515
77	170	0.818289
77	172	0.808338
77	174	0.815616
77	175	0.803134
77	176	0.816014
77	177	0.779087
77	178	0.784025
78	11	0.861994
78	36	2.09524
78	49	0.83711
78	92	1.1283
78	124	0.894528
78	138	0.948125
78	140	0.845751
78	150	0.870003
78	158	0.87603
78	159	0.886316
78	160	0.90821
78	164	0.906294
78	166	0.881988
78	168	0.861054
78	170	0.865829
78	172	0.855878
78	174	0.863156
78	175	0.850674
78	178	0.831564
78	179	0.283814
79	47	0.875175
79	57	0.877523
79	59	0.870864
79	62	0.918527
79	63	0.914238
79	81	1.25593
79	96	0.854295
79	108	0.884266
79	118	0.902871
79	119	0.9082
79	120	0.933451
79	123	0.933506
79	148	4.79249
79	152	2.13713
79	156	0.779323
79	162	0.769616
79	164	1.91789
79	169	0.85289
79	177	0.789643
79	179	0.911538
80	4	0.958463
80	18	0.82892
80	34	0.896688
80	45	0.860338
80	64	0.928905
80	74	0.877666
80	82	0.881748
80	87	0.996069
80	88	0.866107
80	91	0.911433
80	102	0.879989
80	106	0.868209
80	144	0.792346
80	148	0.780346
80	150	2.68414
80	157	1.98537
80	169	1.32934
80	173	0.76716
80	177	3.73462
80	179	0.898172
81	79	1.25593
81	113	0.892498
81	138	0.945495
81	142	0.453502
81	143	0.881685
81	146	0.887526
81	152	0.891524
81	155	0.890461
81	158	0.8734
81	160	0.90558
81	161	0.868615
81	163	0.879259
81	164	0.903664
81	165	0.845532
81	168	0.858424
81	171	0.829002
81	172	0.853248
81	175	0.848044
81	176	0.860924
81	178	0.828934
82	12	0.842224
82	18	0.837395
82	34	0.905162
82	45	0.868812
82	58	0.866374
82	74	0.886141
82	75	0.904316
82	80	0.881748
82	87	1.00454
82	91	0.919907
82	102	0.888463
82	106	0.876683
82	128	0.833956
82	148	0.78882
82	167	2.969
82	170	2.29424
82	172	2.14778
82	173	0.775634
82	174	2.37361
82	179	0.906646
83	73	0.827443
83	88	0.260796
83	99	0.914118
83	105	0.429352
83	124	0.895594
83	132	0.982235
83	152	0.89522
83	154	0.891851
83	158	0.877096
83	160	0.909275
83	163	0.882955
83	168	0.86212
83	169	0.890939
83	171	0.832698
83	173	0.818575
83	174	0.864222
83	175	0.851739
83	176	0.864619
83	178	0.83263
83	179	0.385298
84	66	0.911721
84	71	0.900353
84	72	0.803676
84	76	0.856707
84	89	0.858198
84	92	0.907973
84	95	0.901894
84	111	0.868744
84	112	0.918365
84	115	0.898458
84	117	1.63325
84	121	0.876729
84	126	0.874097
84	142	0.902081
84	143	0.866518
84	145	0.896971
84	158	2.36751
84	177	0.780777
84	178	4.45627
84	179	0.902672
85	40	1.27674
85	44	2.29161
85	45	1.48743
85	65	1.24422
85	73	0.818353
85	116	0.959069
85	125	0.859483
85	149	0.93067
85	154	0.882761
85	155	0.885066
85	158	0.868005
85	159	0.878291
85	165	0.840137
85	168	0.853029
85	170	0.857804
85	171	0.823607
85	172	0.847853
85	174	0.855131
85	175	0.842649
85	176	0.855529
85	178	0.82354
86	27	1.66801
86	38	1.38052
86	70	1.41449
86	125	0.858553
86	138	0.93917
86	139	0.947482
86	147	0.877085
86	152	0.885199
86	153	0.865697
86	158	0.867075
86	159	0.877361
86	161	0.86229
86	165	0.839207
86	166	0.873033
86	168	0.852099
86	170	0.856874
86	172	0.846922
86	174	0.854201
86	175	0.841719
86	176	0.854598
86	178	0.822609
87	12	0.956545
87	45	0.983132
87	58	0.980695
87	74	1.00046
87	75	1.01864
87	80	0.996069
87	82	1.00454
87	88	0.988902
87	91	1.03423
87	97	1.38907
87	102	1.00278
87	106	0.991004
87	109	0.876189
87	136	1.33595
87	144	0.915141
87	148	0.903141
87	158	2.11175
87	169	1.75624
87	173	0.889955
87	177	4.16153
87	179	1.02097
88	4	0.951297
88	12	0.826583
88	18	0.821754
88	43	0.873074
88	45	0.853171
88	58	0.850733
88	74	0.8705
88	75	0.888675
88	80	0.866107
88	83	0.260796
88	87	0.988902
88	91	0.904266
88	102	0.872822
88	106	0.861042
88	128	0.818315
88	144	0.785179
88	162	6.11219
88	168	1.05193
88	173	0.759993
88	177	2.3188
88	179	0.891005
89	54	0.895958
89	55	0.914419
89	60	0.810107
89	84	0.858198
89	95	0.877817
89	104	0.864837
89	105	0.857446
89	107	0.857286
89	111	0.844667
89	112	0.894289
89	122	0.884563
89	126	0.850021
89	127	0.879607
89	128	0.805906
89	134	3.16716
89	139	0.843404
89	142	0.878005
89	143	0.842442
89	145	0.872895
89	164	1.80328
89	170	3.04893
90	13	0.896403
90	25	0.872344
90	26	0.870863
90	31	1.41798
90	32	1.48967
90	105	0.874828
90	118	0.680277
90	121	0.870034
90	122	0.901945
90	123	1.2973
90	140	0.793208
90	142	0.895386
90	143	0.859824
90	151	0.885469
90	157	0.819006
90	160	0.855666
90	164	0.853751
90	170	0.813286
90	174	0.810613
90	175	0.79813
90	176	0.81101
90	179	0.895978
91	12	0.871908
91	18	0.867079
91	34	0.934847
91	37	3.68652
91	43	0.9184
91	45	0.898496
91	58	0.896058
91	74	0.915825
91	75	0.934
91	80	0.911433
91	82	0.919907
91	87	1.03423
91	88	0.904266
91	102	0.918147
91	106	0.906368
91	117	1.17501
91	148	0.818504
91	151	0.923977
91	161	2.03868
91	163	2.20093
91	173	0.805318
91	179	0.93633
92	9	0.313225
92	55	0.964194
92	65	0.948323
92	71	0.926052
92	78	1.1283
92	84	0.907973
92	104	0.914612
92	107	0.907061
92	111	0.894442
92	121	0.902427
92	122	0.934338
92	126	0.899796
92	127	0.929382
92	142	0.927779
92	143	0.892217
92	145	0.92267
92	151	1.77155
92	164	2.26433
92	173	0.797359
92	174	3.58934
92	177	0.806476
92	179	0.928371
93	35	1.39581
93	47	1.0628
93	53	2.15532
93	66	1.98607
93	100	0.901611
93	125	0.849149
93	149	0.920336
93	150	0.851645
93	154	0.872427
93	159	0.867957
93	160	0.889851
93	161	0.852887
93	166	0.863629
93	167	0.835553
93	168	0.842696
93	170	0.84747
93	171	0.813273
93	172	0.837519
93	174	0.844797
93	175	0.832315
93	176	0.845195
93	178	0.813206
94	22	2.41587
94	26	1.48084
94	37	0.781809
94	120	1.80921
94	132	0.919801
94	136	0.863998
94	147	0.824673
94	150	0.808636
94	152	0.832787
94	153	0.813284
94	154	0.829418
94	159	0.824948
94	162	0.745232
94	164	0.844926
94	170	0.804461
94	171	0.770264
94	172	0.79451
94	173	0.756142
94	174	0.801788
94	175	0.789306
94	176	0.802186
94	178	0.770197
95	54	0.939653
95	71	0.919972
95	84	0.901894
95	89	0.877817
95	103	1.33566
95	105	0.901141
95	107	0.900981
95	109	1.27401
95	111	0.888362
95	121	0.896348
95	122	0.928258
95	126	0.893716
95	127	0.923302
95	139	0.8871
95	142	0.9217
95	143	0.886137
95	145	0.91659
95	146	2.38847
95	159	2.16956
95	167	3.93745
95	173	0.791279
95	177	0.800396
95	179	0.922291
96	33	0.781811
96	47	0.829464
96	50	0.889484
96	57	0.831813
96	59	0.825153
96	62	0.872816
96	63	0.868528
96	67	0.60605
96	70	0.868953
96	79	0.854295
96	98	0.863354
96	99	0.818212
96	108	0.838556
96	118	0.85716
96	119	0.862489
96	120	0.88774
96	123	0.887795
96	162	0.723905
96	169	0.807179
96	173	4.73675
96	174	2.47899
96	176	2.26138
96	177	0.743932
96	179	0.865827
97	56	1.23736
97	62	2.03342
97	73	0.79543
97	87	1.38907
97	105	1.23374
97	116	0.936147
97	136	0.894418
97	137	0.820318
97	138	0.917178
97	152	0.863207
97	158	0.845082
97	160	0.877262
97	163	0.850942
97	164	0.875346
97	165	0.817215
97	166	0.85104
97	168	0.830107
97	172	0.82493
97	174	0.832208
97	175	0.819726
97	176	0.832606
97	177	0.795679
97	178	0.800617
98	33	0.836581
98	47	0.884234
98	50	0.944254
98	57	0.886582
98	59	0.879923
98	62	0.927585
98	70	0.923723
98	96	0.863354
98	99	0.872981
98	108	0.893325
98	118	0.91193
98	119	0.917259
98	120	0.94251
98	123	0.942564
98	138	0.976674
98	140	3.86996
98	156	0.788382
98	162	0.778675
98	163	2.08887
98	166	1.80802
98	169	0.861949
98	175	3.1068
98	177	0.798702
98	179	0.920597
99	3	0.813222
99	33	0.791439
99	47	0.839092
99	50	0.899112
99	57	0.84144
99	59	0.83478
99	62	0.882443
99	70	0.878581
99	83	0.914118
99	96	0.818212
99	98	0.872981
99	108	0.848183
99	118	0.866787
99	119	0.872117
99	120	0.897367
99	123	0.897422
99	125	2.83145
99	156	0.74324
99	160	2.09266
99	162	0.733532
99	165	4.00014
99	169	0.816806
99	177	0.753559
99	179	0.875455
100	21	1.38938
100	39	1.75116
100	93	0.901611
100	109	0.904263
100	110	0.90308
100	124	0.840526
100	126	1.25103
100	132	0.927166
100	141	0.859524
100	142	1.37392
100	147	0.832038
100	148	0.776692
100	149	0.884692
100	154	0.836783
100	157	0.817546
100	159	0.832313
100	165	0.794159
100	167	0.799908
100	170	0.811826
100	171	0.777629
100	172	0.801875
100	174	0.809153
100	175	0.796671
100	178	0.777561
100	180	0.801753
101	1	1.35512
101	28	2.01951
101	112	1.15382
101	119	1.34773
101	134	0.828123
101	136	0.892427
101	140	0.812813
101	141	0.880589
101	148	0.797757
101	153	0.841714
101	157	0.838611
101	158	0.843091
101	160	0.875271
101	161	0.838307
101	165	0.815224
101	167	0.820973
101	168	0.828116
101	170	0.83289
101	171	0.798693
101	172	0.822939
101	174	0.830217
101	175	0.817735
101	176	0.830615
101	178	0.798626
101	180	0.822817
102	4	0.965178
102	12	0.840464
102	18	0.835635
102	34	0.903403
102	43	0.886956
102	45	0.867052
102	58	0.864615
102	72	2.13058
102	74	0.884381
102	75	0.902556
102	80	0.879989
102	82	0.888463
102	87	1.00278
102	88	0.872822
102	91	0.918147
102	106	0.874924
102	128	0.832197
102	130	1.28262
102	144	0.799061
102	148	0.787061
102	149	1.16984
102	152	1.90985
102	173	0.773875
102	178	4.27189
102	179	0.904887
103	95	1.33566
103	112	1.07594
103	135	0.852317
103	136	0.888621
103	143	1.55907
103	152	0.85741
103	153	0.837907
103	155	0.856347
103	158	0.839285
103	159	0.849571
103	160	0.871465
103	161	0.834501
103	163	0.845145
103	164	0.869549
103	166	0.845243
103	167	0.817167
103	171	0.794887
103	172	0.819133
103	174	0.826411
103	175	0.813929
103	176	0.826809
103	178	0.79482
103	179	0.73846
103	180	0.819011
104	54	0.926673
104	66	0.918359
104	89	0.864837
104	92	0.914612
104	105	0.888161
104	107	0.888001
104	111	0.875382
104	116	1.19634
104	121	0.883367
104	126	0.880736
104	127	0.910322
104	128	0.836621
104	129	0.877585
104	139	0.87412
104	141	2.13198
104	142	0.90872
104	143	0.873157
104	145	0.90361
104	148	0.791485
104	158	2.60461
104	166	2.61541
104	173	0.778299
104	176	3.21949
104	177	0.787416
104	179	0.909311
105	66	0.910968
105	71	0.8996
105	76	0.855954
105	83	0.429352
105	89	0.857446
105	90	0.874828
105	95	0.901141
105	97	1.23374
105	104	0.888161
105	112	0.917612
105	113	0.851048
105	121	0.875976
105	122	0.907887
105	127	0.902931
105	129	0.870193
105	139	0.866728
105	142	0.901328
105	143	0.865765
105	145	0.896219
105	162	0.759997
105	167	3.3843
105	168	2.73932
105	172	2.56309
105	177	0.780024
105	179	0.901919
106	4	0.953399
106	12	0.828685
106	18	0.823856
106	34	0.891624
106	43	0.875176
106	45	0.855273
106	58	0.852835
106	64	0.92384
106	74	0.872602
106	75	0.890777
106	80	0.868209
106	82	0.876683
106	87	0.991004
106	88	0.861042
106	91	0.906368
106	102	0.874924
106	128	0.820418
106	144	0.787281
106	148	0.775281
106	149	1.14812
106	166	2.17222
106	169	1.80591
106	173	0.762095
106	177	4.2112
106	179	0.893107
106	180	2.92518
107	66	0.910808
107	71	0.899441
107	89	0.857286
107	92	0.907061
107	95	0.900981
107	104	0.888001
107	111	0.867831
107	112	0.917452
107	121	0.875816
107	122	0.907727
107	126	0.873185
107	129	0.870034
107	139	0.866568
107	140	4.08518
107	142	0.901168
107	143	0.865606
107	145	0.896059
107	154	1.24066
107	156	0.769545
107	159	1.67243
107	162	0.759838
107	168	2.79534
107	172	2.61911
107	173	0.770748
107	177	0.779865
107	179	0.90176
108	3	0.833566
108	33	0.811783
108	47	0.859436
108	50	0.919456
108	57	0.861784
108	59	0.855124
108	62	0.902787
108	63	0.898499
108	64	1.01458
108	70	0.898924
108	79	0.884266
108	96	0.838556
108	98	0.893325
108	99	0.848183
108	118	0.887131
108	119	0.892461
108	120	0.917711
108	123	0.917766
108	124	1.84125
108	147	3.14994
108	159	2.30794
108	161	2.77736
108	162	0.753876
108	169	0.83715
108	177	0.773903
108	179	0.895798
109	8	2.2514
109	19	0.911872
109	51	1.33975
109	87	0.876189
109	95	1.27401
109	100	0.904263
109	122	1.22347
109	133	0.900719
109	135	0.873355
109	136	0.909659
109	141	0.897821
109	147	0.870334
109	153	0.858946
109	155	0.877385
109	159	0.870609
109	161	0.855539
109	163	0.866183
109	164	0.890588
109	167	0.838205
109	170	0.850123
109	172	0.840171
109	174	0.847449
109	175	0.834967
109	176	0.847847
109	177	0.81092
109	178	0.815858
110	43	1.53201
110	44	1.95767
110	100	0.90308
110	119	0.837595
110	123	0.647094
110	124	0.877638
110	136	0.908475
110	145	0.524162
110	149	0.921805
110	152	0.877264
110	153	0.857762
110	154	0.873895
110	155	0.876201
110	160	0.89132
110	162	0.789709
110	163	0.864999
110	165	0.831272
110	166	0.865098
110	167	0.837021
110	168	0.844164
110	170	0.848939
110	171	0.814742
110	172	0.838988
110	174	0.846266
110	175	0.833784
110	176	0.846664
110	178	0.814674
111	9	0.939908
111	61	1.84636
111	65	0.909093
111	69	1.65706
111	71	0.886822
111	76	0.843176
111	84	0.868744
111	89	0.844667
111	92	0.894442
111	95	0.888362
111	104	0.875382
111	107	0.867831
111	112	0.904834
111	116	1.97527
111	121	0.863198
111	126	0.860566
111	127	0.890152
111	129	0.857415
111	139	0.85395
111	142	0.88855
111	143	0.852987
111	145	0.88344
111	155	3.40001
111	156	0.756927
111	162	0.747219
111	173	0.758129
111	179	0.889141
112	11	0.98313
112	36	0.920196
112	84	0.918365
112	89	0.894289
112	101	1.15382
112	103	1.07594
112	105	0.917612
112	107	0.917452
112	111	0.904834
112	121	0.912819
112	122	0.94473
112	125	2.64011
112	126	0.910187
112	127	0.939774
112	128	0.866073
112	139	0.903571
112	141	1.77722
112	142	0.938171
112	143	0.902608
112	145	0.933062
112	156	0.806548
112	160	1.90131
112	162	0.79684
112	173	0.80775
112	177	0.816867
112	179	0.938762
112	180	3.0136
113	13	0.872624
113	20	0.895434
113	21	0.868962
113	25	0.848564
113	26	0.847083
113	42	0.823839
113	44	0.823072
113	46	0.822403
113	48	0.821866
113	51	0.879801
113	53	0.880036
113	56	0.879836
113	71	0.86988
113	81	0.892498
113	105	0.851048
113	127	0.87321
113	131	2.58699
113	133	2.46182
113	139	0.837007
113	142	0.871607
113	143	0.836044
113	145	0.866498
113	151	0.86169
113	153	3.07202
113	157	0.795227
113	163	3.03545
113	179	0.872199
113	180	0.779434
114	2	2.60559
114	42	0.789424
114	44	0.788657
114	46	0.787988
114	48	0.787451
114	51	0.845386
114	53	0.845621
114	56	0.845421
114	118	0.829117
114	119	0.834446
114	120	0.859697
114	122	2.80073
114	123	0.859752
114	127	0.829781
114	130	0.844093
114	150	0.759266
114	162	0.695862
114	163	0.771152
114	167	0.743174
114	170	0.755092
114	171	0.720894
114	175	0.739936
114	176	0.752816
114	177	0.715889
114	178	0.720827
114	179	0.837784
114	180	0.745019
115	13	1.6642
115	53	1.03869
115	84	0.898458
115	120	0.530519
115	133	0.940979
115	134	0.885616
115	137	0.87582
115	140	0.870305
115	143	1.26392
115	152	0.918709
115	153	0.899206
115	154	0.91534
115	155	0.917645
115	158	0.900584
115	159	0.91087
115	161	0.895799
115	165	0.872716
115	166	0.906542
115	167	0.878465
115	168	0.885608
115	170	0.890383
115	171	0.856186
115	172	0.880432
115	175	0.875228
115	176	0.888108
115	177	0.85118
115	178	0.856118
115	179	0.443309
116	34	0.847364
116	85	0.959069
116	97	0.936147
116	104	1.19634
116	111	1.97527
116	120	0.591312
116	135	0.882183
116	140	0.838873
116	141	0.906649
116	143	1.32472
116	149	0.931816
116	153	0.867774
116	154	0.883907
116	158	0.869152
116	159	0.879437
116	160	0.901331
116	161	0.864367
116	163	0.875011
116	164	0.899416
116	165	0.841284
116	169	0.882995
116	170	0.858951
116	171	0.824753
116	172	0.848999
116	174	0.856277
116	175	0.843795
116	176	0.856675
116	177	0.819748
116	178	0.824686
116	179	0.504102
117	15	0.940552
117	29	2.87282
117	72	0.81643
117	84	1.63325
117	91	1.17501
117	123	1.51898
117	124	0.861433
117	134	0.827967
117	136	0.89227
117	137	0.81817
117	140	0.812656
117	141	0.880432
117	149	0.905599
117	152	0.861059
117	153	0.841557
117	154	0.85769
117	158	0.842935
117	160	0.875114
117	161	0.83815
117	165	0.815067
117	166	0.848892
117	167	0.820816
117	168	0.827959
117	170	0.832734
117	171	0.798536
117	172	0.822782
117	174	0.83006
117	175	0.817578
117	176	0.830458
117	178	0.798469
118	3	0.852171
118	33	0.830387
118	47	0.87804
118	50	0.93806
118	57	0.880388
118	59	0.873729
118	62	0.921392
118	63	0.917103
118	64	0.00286039
118	68	4.84463
118	70	0.917529
118	72	0.815407
118	79	0.902871
118	90	0.680277
118	96	0.85716
118	98	0.91193
118	99	0.866787
118	108	0.887131
118	114	0.829117
118	119	0.911065
118	120	0.936316
118	123	0.936371
118	150	2.63552
118	156	0.782188
118	162	0.772481
118	164	1.1437
118	169	0.855755
118	176	2.25111
118	177	0.792508
118	179	0.914403
119	3	0.8575
119	33	0.835716
119	41	1.65728
119	47	0.883369
119	50	0.943389
119	57	0.885718
119	59	0.879058
119	62	0.926721
119	63	0.922433
119	70	0.922858
119	79	0.9082
119	96	0.862489
119	98	0.917259
119	99	0.872117
119	101	1.34773
119	108	0.892461
119	110	0.837595
119	114	0.834446
119	118	0.911065
119	120	0.941645
119	123	0.9417
119	130	1.54323
119	156	0.787518
119	157	2.74427
119	162	0.77781
119	169	0.861084
119	177	0.797837
119	179	0.919732
119	180	3.20751
120	3	0.882751
120	33	0.860967
120	47	0.90862
120	50	0.96864
120	57	0.910968
120	59	0.904309
120	62	0.951972
120	63	0.947683
120	70	0.948109
120	72	0.845987
120	79	0.933451
120	94	1.80921
120	96	0.88774
120	98	0.94251
120	99	0.897367
120	108	0.917711
120	114	0.859697
120	115	0.530519
120	116	0.591312
120	118	0.936316
120	119	0.941645
120	123	0.966951
120	149	0.986276
120	152	1.72629
120	156	0.812768
120	161	2.12899
120	162	0.803061
120	169	0.886335
120	173	5.08983
120	177	0.823088
120	179	0.944983
121	54	0.914488
121	55	0.932949
121	66	0.906175
121	76	0.851161
121	84	0.876729
121	90	0.870034
121	92	0.902427
121	95	0.896348
121	104	0.883367
121	105	0.875976
121	107	0.875816
121	111	0.863198
121	112	0.912819
121	126	0.868551
121	127	0.898137
121	129	0.8654
121	132	1.19883
121	139	0.861935
121	142	0.896535
121	143	0.860972
121	145	0.891425
121	148	0.7793
121	153	2.86122
121	156	0.764912
121	161	2.6624
121	162	0.755204
121	166	2.54379
121	169	2.17748
121	175	3.84257
121	177	0.775231
121	179	0.897126
122	9	0.0154128
122	11	0.973405
122	36	0.910471
122	60	0.973338
122	65	0.948989
122	66	0.938086
122	71	0.926718
122	76	0.883071
122	89	0.884563
122	90	0.901945
122	92	0.934338
122	95	0.928258
122	105	0.907887
122	107	0.907727
122	109	1.22347
122	112	0.94473
122	114	2.80073
122	126	0.900462
122	127	0.930048
122	129	0.897311
122	139	0.893846
122	142	0.928446
122	143	0.892883
122	145	0.923336
122	151	1.47374
122	160	2.11051
122	162	0.787115
122	168	3.24193
122	173	0.798025
122	177	0.807142
122	179	0.929037
123	3	0.882806
123	33	0.861022
123	47	0.908675
123	50	0.968695
123	57	0.911023
123	59	0.904364
123	62	0.952026
123	63	0.947738
123	64	0.619882
123	70	0.948164
123	72	0.846042
123	79	0.933506
123	90	1.2973
123	96	0.887795
123	98	0.942564
123	99	0.897422
123	108	0.917766
123	110	0.647094
123	114	0.859752
123	117	1.51898
123	118	0.936371
123	119	0.9417
123	120	0.966951
123	135	2.15626
123	136	1.47745
123	137	4.28863
123	156	0.812823
123	162	0.803116
123	169	0.88639
123	177	0.823143
123	179	0.945038
124	44	2.75712
124	73	0.746933
124	78	0.894528
124	83	0.895594
124	100	0.840526
124	108	1.84125
124	110	0.877638
124	117	0.861433
124	125	0.788064
124	129	1.54158
124	137	0.771821
124	142	1.4981
124	146	0.810712
124	148	0.751251
124	149	0.859251
124	150	0.790559
124	153	0.795208
124	155	0.813647
124	158	0.796586
124	161	0.791801
124	163	0.802445
124	164	0.82685
124	165	0.768718
124	167	0.774467
124	170	0.786385
124	171	0.752188
124	172	0.776434
124	174	0.783712
124	176	0.78411
124	178	0.75212
124	180	0.776312
125	43	3.52843
125	68	0.730899
125	85	0.859483
125	86	0.858553
125	93	0.849149
125	99	2.83145
125	112	2.64011
125	124	0.788064
125	135	0.782597
125	141	0.807063
125	144	0.736231
125	146	0.783692
125	147	0.779576
125	153	0.768187
125	155	0.786627
125	158	0.769565
125	160	0.801745
125	161	0.764781
125	163	0.775425
125	164	0.799829
125	165	0.741697
125	166	0.775523
125	167	0.747447
125	168	0.75459
125	170	0.759364
125	174	0.756691
125	175	0.744209
125	176	0.757089
125	178	0.7251
125	180	0.749291
126	36	0.875928
126	55	0.930317
126	64	0.925228
126	76	0.848529
126	84	0.874097
126	89	0.850021
126	92	0.899796
126	95	0.893716
126	100	1.25103
126	104	0.880736
126	107	0.873185
126	111	0.860566
126	112	0.910187
126	121	0.868551
126	122	0.900462
126	127	0.895506
126	129	0.862768
126	139	0.859303
126	142	0.893903
126	143	0.85834
126	145	0.888794
126	148	0.776669
126	150	3.1812
126	153	2.51014
126	156	0.76228
126	157	2.48243
126	160	1.83338
126	162	0.752573
126	173	0.763483
126	177	0.7726
126	179	0.894495
126	180	2.94567
127	11	0.968449
127	19	0.691601
127	36	0.905515
127	54	0.941443
127	55	0.959904
127	73	4.67128
127	89	0.879607
127	92	0.929382
127	95	0.923302
127	104	0.910322
127	105	0.902931
127	111	0.890152
127	112	0.939774
127	113	0.87321
127	114	0.829781
127	121	0.898137
127	122	0.930048
127	126	0.895506
127	129	0.892355
127	139	0.88889
127	142	0.92349
127	143	0.887927
127	145	0.91838
127	148	0.806255
127	149	1.47356
127	151	1.50157
127	156	0.791867
127	171	4.45874
127	173	0.793069
127	175	2.19401
127	177	0.802186
127	179	0.924081
128	4	0.910672
128	26	1.89121
128	27	3.5146
128	39	2.90205
128	50	0.992139
128	58	0.810108
128	75	0.84805
128	82	0.833956
128	88	0.818315
128	89	0.805906
128	102	0.832197
128	104	0.836621
128	106	0.820418
128	112	0.866073
128	137	0.753124
128	139	0.815189
128	142	0.849789
128	143	0.814226
128	145	0.844679
128	149	0.840554
128	159	0.788175
128	165	0.750021
128	167	0.75577
128	172	0.757737
128	173	0.719368
128	174	0.765015
128	175	0.752533
128	176	0.765413
128	177	0.728485
128	178	0.733423
128	179	0.85038
129	11	0.935711
129	36	0.872777
129	54	0.908705
129	55	0.927166
129	61	0.811116
129	65	0.911295
129	66	0.900392
129	71	0.889024
129	76	0.845378
129	104	0.877585
129	105	0.870193
129	107	0.870034
129	111	0.857415
129	121	0.8654
129	122	0.897311
129	124	1.54158
129	126	0.862768
129	127	0.892355
129	133	2.06632
129	139	0.856152
129	142	0.890752
129	143	0.855189
129	145	0.885643
129	146	2.22719
129	148	0.773518
129	150	3.34758
129	156	0.759129
129	162	0.749422
129	173	0.760332
129	177	0.769448
129	179	0.891344
129	180	3.11204
130	20	2.17622
130	49	0.817968
130	65	1.61591
130	66	1.43798
130	102	1.28262
130	114	0.844093
130	119	1.54323
130	131	0.879873
130	134	0.84192
130	138	0.928983
130	140	0.826609
130	149	0.919553
130	150	0.850861
130	154	0.871643
130	155	0.873949
130	158	0.856888
130	159	0.867174
130	160	0.889067
130	161	0.852103
130	163	0.862747
130	164	0.887152
130	165	0.82902
130	166	0.862846
130	167	0.834769
130	168	0.841912
130	170	0.846687
130	171	0.81249
130	172	0.836736
130	174	0.844014
130	175	0.831532
130	176	0.844412
130	178	0.812422
130	179	1.01185
131	13	2.97646
131	18	1.6856
131	53	2.35095
131	68	0.762406
131	113	2.58699
131	130	0.879873
131	136	0.850408
131	141	0.83857
131	146	0.815199
131	149	0.863738
131	150	0.795046
131	152	0.819197
131	155	0.818134
131	156	0.74135
131	158	0.801073
131	159	0.811359
131	160	0.833253
131	163	0.806932
131	164	0.831337
131	166	0.807031
131	167	0.778954
131	168	0.786097
131	170	0.790872
131	171	0.756675
131	172	0.780921
131	173	0.742552
131	174	0.788199
131	175	0.775717
131	176	0.788597
131	177	0.751669
131	178	0.756607
131	180	0.780799
132	25	1.0609
132	27	1.22875
132	29	1.54124
132	36	1.65795
132	46	2.05501
132	68	0.84456
132	76	1.15732
132	83	0.982235
132	94	0.919801
132	100	0.927166
132	121	1.19883
132	135	0.896258
132	137	0.858462
132	141	0.920723
132	146	0.897353
132	147	0.893237
132	149	0.945891
132	151	0.945208
132	153	0.881848
132	154	0.897982
132	155	0.900287
132	158	0.883226
132	161	0.878441
132	163	0.889085
132	167	0.861107
132	170	0.873025
132	171	0.838828
132	173	0.824705
132	174	0.870352
132	175	0.85787
132	176	0.87075
132	178	0.838761
132	180	0.862952
133	39	2.40007
133	48	1.27031
133	52	2.00148
133	61	0.884298
133	68	0.779816
133	109	0.900719
133	113	2.46182
133	115	0.940979
133	129	2.06632
133	136	0.867818
133	137	0.793718
133	140	0.788204
133	146	0.832609
133	147	0.828493
133	150	0.812456
133	152	0.836607
133	154	0.833238
133	156	0.758759
133	159	0.828769
133	160	0.850662
133	161	0.813698
133	163	0.824342
133	164	0.848747
133	165	0.790615
133	166	0.824441
133	167	0.796364
133	168	0.803507
133	170	0.808282
133	171	0.774085
133	172	0.79833
133	174	0.805609
133	175	0.793126
133	177	0.769079
133	178	0.774017
134	41	0.799346
134	59	3.41695
134	89	3.16716
134	101	0.828123
134	115	0.885616
134	117	0.827967
134	130	0.84192
134	137	0.738355
134	141	0.800617
134	147	0.77313
134	148	0.717785
134	149	0.825784
134	150	0.757093
134	154	0.777875
134	155	0.780181
134	156	0.703396
134	157	0.758639
134	158	0.76312
134	160	0.795299
134	161	0.758335
134	162	0.693689
134	163	0.768979
134	164	0.793383
134	166	0.769077
134	168	0.748144
134	171	0.718721
134	172	0.742967
134	173	0.704599
134	174	0.750245
134	175	0.737763
134	176	0.750643
134	177	0.713716
134	178	0.718654
134	179	2.78372
135	33	3.66595
135	41	0.827346
135	42	1.62918
135	59	2.44861
135	68	0.752453
135	103	0.852317
135	109	0.873355
135	116	0.882183
135	123	2.15626
135	125	0.782597
135	132	0.896258
135	146	0.805246
135	147	0.80113
135	152	0.809244
135	155	0.80818
135	159	0.801405
135	160	0.823299
135	163	0.796978
135	164	0.821383
135	165	0.763251
135	166	0.797077
135	167	0.769
135	168	0.776143
135	170	0.780918
135	171	0.746721
135	172	0.770967
135	173	0.732598
135	174	0.778245
135	175	0.765763
135	176	0.778643
135	177	0.741715
135	178	0.746653
135	180	0.770845
136	5	1.68706
136	8	2.71116
136	24	0.948645
136	28	2.33973
136	87	1.33595
136	94	0.863998
136	97	0.894418
136	101	0.892427
136	103	0.888621
136	109	0.909659
136	110	0.908475
136	117	0.89227
136	123	1.47745
136	131	0.850408
136	133	0.867818
136	137	0.802658
136	138	0.899518
136	141	0.86492
136	147	0.837433
136	149	0.890088
136	150	0.821396
136	152	0.845547
136	153	0.826045
136	161	0.822638
136	163	0.833282
136	165	0.799555
136	166	0.83338
136	167	0.805304
136	168	0.812447
136	171	0.783024
136	172	0.80727
136	174	0.814548
136	175	0.802066
136	176	0.814946
136	178	0.782957
137	49	0.714403
137	61	0.819138
137	71	3.01479
137	75	3.49658
137	97	0.820318
137	115	0.87582
137	117	0.81817
137	123	4.28863
137	124	0.771821
137	128	0.753124
137	132	0.858462
137	133	0.793718
137	134	0.738355
137	136	0.802658
137	140	0.723044
137	147	0.763333
137	148	0.707988
137	151	0.815305
137	153	0.751945
137	155	0.770384
137	159	0.763609
137	160	0.785503
137	161	0.748538
137	163	0.759182
137	164	0.783587
137	165	0.725455
137	166	0.759281
137	167	0.731204
137	168	0.738347
137	171	0.708925
137	172	0.733171
137	173	0.694802
137	174	0.740449
137	175	0.727967
137	176	0.740847
137	178	0.708857
138	29	2.04102
138	31	0.807872
138	33	2.19689
138	78	0.948125
138	81	0.945495
138	86	0.93917
138	97	0.917178
138	98	0.976674
138	130	0.928983
138	136	0.899518
138	139	1.008
138	140	0.819904
138	143	1.16692
138	146	0.864309
138	147	0.860193
138	150	0.844156
138	152	0.868307
138	153	0.848805
138	154	0.864938
138	158	0.850183
138	159	0.860469
138	160	0.882362
138	161	0.845398
138	163	0.856042
138	164	0.880447
138	166	0.85614
138	167	0.828064
138	168	0.835207
138	170	0.839982
138	171	0.805784
138	172	0.83003
138	174	0.837308
138	175	0.824826
138	176	0.837706
138	178	0.805717
138	179	0.346306
138	180	0.829909
139	36	0.869312
139	54	0.90524
139	55	0.923701
139	64	0.918611
139	65	0.90783
139	66	0.896927
139	71	0.885559
139	72	0.788883
139	76	0.841913
139	86	0.947482
139	89	0.843404
139	95	0.8871
139	104	0.87412
139	105	0.866728
139	107	0.866568
139	111	0.85395
139	112	0.903571
139	113	0.837007
139	121	0.861935
139	122	0.893846
139	126	0.859303
139	127	0.88889
139	128	0.815189
139	129	0.856152
139	138	1.008
139	142	0.887287
139	143	0.851724
139	145	0.882178
139	147	3.07605
139	152	2.30078
139	156	0.755664
139	160	2.22553
139	162	0.745956
139	164	2.08154
139	167	4.00194
139	173	0.756866
139	177	0.765983
139	179	0.887878
140	50	2.84486
140	78	0.845751
140	90	0.793208
140	98	3.86996
140	101	0.812813
140	107	4.08518
140	115	0.870305
140	116	0.838873
140	117	0.812656
140	130	0.826609
140	133	0.788204
140	137	0.723044
140	138	0.819904
140	146	0.761935
140	147	0.757819
140	148	0.702474
140	152	0.765933
140	153	0.746431
140	155	0.76487
140	156	0.688085
140	157	0.743328
140	159	0.758095
140	160	0.779988
140	161	0.743024
140	163	0.753668
140	164	0.778073
140	166	0.753767
140	167	0.72569
140	168	0.732833
140	170	0.737608
140	172	0.727656
140	174	0.734935
140	175	0.722452
140	176	0.735332
140	177	0.698405
140	178	0.703343
141	7	2.62548
141	24	1.25182
141	49	0.776665
141	51	2.10269
141	52	1.81082
141	100	0.859524
141	101	0.880589
141	104	2.13198
141	109	0.897821
141	112	1.77722
141	116	0.906649
141	117	0.880432
141	125	0.807063
141	131	0.83857
141	132	0.920723
141	134	0.800617
141	136	0.86492
141	151	0.877567
141	153	0.814207
141	154	0.83034
141	155	0.832646
141	159	0.825871
141	160	0.847764
141	161	0.8108
141	163	0.821444
141	164	0.845849
141	165	0.787717
141	166	0.821542
141	167	0.793466
141	168	0.800609
141	170	0.805384
141	171	0.771186
141	172	0.795432
141	174	0.80271
141	175	0.790228
141	176	0.803108
141	177	0.766181
141	178	0.771119
141	180	0.795311
142	11	0.966846
142	36	0.903912
142	41	1.51833
142	54	0.93984
142	65	0.94243
142	66	0.931527
142	67	1.26435
142	71	0.920159
142	76	0.876513
142	81	0.453502
142	84	0.902081
142	89	0.878005
142	90	0.895386
142	92	0.927779
142	95	0.9217
142	100	1.37392
142	104	0.90872
142	105	0.901328
142	107	0.901168
142	111	0.88855
142	112	0.938171
142	113	0.871607
142	121	0.896535
142	122	0.928446
142	124	1.4981
142	126	0.893903
142	127	0.92349
142	128	0.849789
142	129	0.890752
142	139	0.887287
142	143	0.886324
142	145	0.916778
142	148	0.804652
142	156	0.790264
142	158	2.3048
142	159	1.96478
142	162	0.780556
142	163	2.59645
142	173	0.791466
142	174	3.13729
142	177	0.800583
142	179	0.922478
143	11	0.931283
143	36	0.868349
143	54	0.904277
143	55	0.922738
143	64	0.917648
143	65	0.906867
143	66	0.895964
143	71	0.884596
143	76	0.84095
143	81	0.881685
143	84	0.866518
143	89	0.842442
143	90	0.859824
143	92	0.892217
143	95	0.886137
143	103	1.55907
143	104	0.873157
143	105	0.865765
143	107	0.865606
143	111	0.852987
143	112	0.902608
143	113	0.836044
143	115	1.26392
143	116	1.32472
143	121	0.860972
143	122	0.892883
143	126	0.85834
143	127	0.887927
143	128	0.814226
143	129	0.855189
143	138	1.16692
143	139	0.851724
143	142	0.886324
143	145	0.881215
143	148	0.769089
143	149	1.71968
143	156	0.754701
143	162	0.744993
143	165	4.29193
143	172	3.33965
143	173	0.755903
143	177	0.76502
143	179	0.886916
144	1	0.779949
144	2	0.778548
144	17	0.872668
144	22	0.753627
144	23	0.676227
144	24	0.821891
144	34	0.81576
144	35	0.821567
144	38	0.821426
144	39	0.802126
144	43	0.799313
144	52	2.95783
144	55	2.85383
144	58	0.776972
144	65	3.1908
144	68	0.706086
144	69	0.796309
144	75	0.814914
144	76	3.89754
144	77	0.795156
144	80	0.792346
144	87	0.915141
144	88	0.785179
144	102	0.799061
144	106	0.787281
144	125	0.736231
144	150	0.738726
144	151	0.806735
144	155	0.761814
144	158	0.744753
144	160	0.776933
144	163	0.750612
144	165	0.716885
144	168	0.729777
144	169	0.758596
144	170	0.734552
144	171	0.700355
144	173	0.686232
144	174	0.731879
144	175	0.719397
144	176	0.732277
144	178	0.700287
144	179	0.817244
145	36	0.898803
145	54	0.934731
145	55	0.953192
145	64	0.948102
145	65	0.937321
145	66	0.926417
145	71	0.91505
145	72	0.818373
145	76	0.871403
145	84	0.896971
145	89	0.872895
145	92	0.92267
145	95	0.91659
145	104	0.90361
145	105	0.896219
145	107	0.896059
145	110	0.524162
145	111	0.88344
145	112	0.933062
145	113	0.866498
145	121	0.891425
145	122	0.923336
145	126	0.888794
145	127	0.91838
145	128	0.844679
145	129	0.885643
145	139	0.882178
145	142	0.916778
145	143	0.881215
145	148	0.799543
145	156	0.785154
145	160	1.78179
145	161	2.25973
145	162	0.775447
145	163	2.42197
145	166	2.14112
145	169	1.77481
145	170	2.88344
145	173	0.786357
145	174	2.96281
145	175	3.4399
145	177	0.795474
145	179	0.917369
146	14	2.66557
146	37	0.759361
146	65	2.39533
146	81	0.887526
146	95	2.38847
146	124	0.810712
146	125	0.783692
146	129	2.22719
146	131	0.815199
146	132	0.897353
146	133	0.832609
146	135	0.805246
146	138	0.864309
146	140	0.761935
146	147	0.802224
146	149	0.854879
146	150	0.786187
146	152	0.810338
146	154	0.806969
146	155	0.809275
146	157	0.787733
146	158	0.792214
146	159	0.8025
146	160	0.824393
146	161	0.787429
146	162	0.722783
146	163	0.798073
146	165	0.764346
146	166	0.798172
146	167	0.770095
146	168	0.777238
146	169	0.806057
146	170	0.782013
146	171	0.747816
146	172	0.772062
146	174	0.77934
146	175	0.766858
146	176	0.779738
146	177	0.74281
146	178	0.747748
146	179	1.79127
147	2	2.76588
147	21	1.82672
147	37	0.755245
147	49	0.749178
147	71	1.48141
147	86	0.877085
147	94	0.824673
147	100	0.832038
147	108	3.14994
147	109	0.870334
147	125	0.779576
147	132	0.893237
147	133	0.828493
147	134	0.77313
147	135	0.80113
147	136	0.837433
147	137	0.763333
147	138	0.860193
147	139	3.07605
147	140	0.757819
147	146	0.802224
147	149	0.850763
147	150	0.782071
147	154	0.802853
147	157	0.783617
147	158	0.788098
147	161	0.783313
147	163	0.793957
147	164	0.818362
147	165	0.76023
147	166	0.794056
147	167	0.765979
147	168	0.773122
147	169	0.801941
147	170	0.777897
147	171	0.7437
147	172	0.767946
147	174	0.775224
147	175	0.762742
147	176	0.775622
147	178	0.743632
148	4	0.865535
148	17	2.34506
148	34	0.80376
148	42	4.10825
148	50	3.1542
148	58	0.764972
148	65	0.825196
148	66	0.814292
148	74	0.784738
148	75	0.802913
148	76	0.759278
148	79	4.79249
148	80	0.780346
148	82	0.78882
148	87	0.903141
148	91	0.818504
148	100	0.776692
148	101	0.797757
148	102	0.787061
148	104	0.791485
148	106	0.775281
148	121	0.7793
148	124	0.751251
148	126	0.776669
148	127	0.806255
148	129	0.773518
148	134	0.717785
148	137	0.707988
148	140	0.702474
148	142	0.804652
148	143	0.769089
148	145	0.799543
148	149	0.795418
148	152	0.750877
148	153	0.731375
148	159	0.743039
148	162	0.663322
148	165	0.704885
148	167	0.710634
148	169	0.746596
148	171	0.688354
148	173	0.674232
148	174	0.719878
148	175	0.707396
148	176	0.720276
148	177	0.683349
148	178	0.688287
148	179	0.805244
149	9	0.994912
149	28	2.10223
149	43	2.12486
149	57	1.94418
149	61	0.906567
149	73	0.7911
149	77	0.891155
149	85	0.93067
149	93	0.920336
149	100	0.884692
149	102	1.16984
149	106	1.14812
149	110	0.921805
149	116	0.931816
149	117	0.905599
149	120	0.986276
149	124	0.859251
149	127	1.47356
149	128	0.840554
149	130	0.919553
149	131	0.863738
149	132	0.945891
149	134	0.825784
149	136	0.890088
149	143	1.71968
149	146	0.854879
149	147	0.850763
149	148	0.795418
149	150	0.834726
149	152	0.858877
149	153	0.839374
149	154	0.855508
149	158	0.840752
149	160	0.872932
149	161	0.835968
149	163	0.846612
149	165	0.812884
149	166	0.84671
149	167	0.818634
149	168	0.825777
149	169	0.854595
149	171	0.796354
149	172	0.8206
149	174	0.827878
149	175	0.815396
149	176	0.828276
149	178	0.796287
149	179	0.899066
150	37	0.739207
150	41	0.808287
150	48	2.55157
150	64	0.875285
150	68	0.733394
150	77	0.822464
150	78	0.870003
150	80	2.68414
150	93	0.851645
150	94	0.808636
150	114	0.759266
150	118	2.63552
150	124	0.790559
150	126	3.1812
150	129	3.34758
150	130	0.850861
150	131	0.795046
150	133	0.812456
150	134	0.757093
150	136	0.821396
150	138	0.844156
150	144	0.738726
150	146	0.786187
150	147	0.782071
150	149	0.834726
150	152	0.790185
150	153	0.770683
150	154	0.786816
150	156	0.712337
150	157	0.76758
150	158	0.772061
150	159	0.782347
150	161	0.767276
150	163	0.77792
150	164	0.802325
150	165	0.744193
150	166	0.778019
150	167	0.749942
150	168	0.757085
150	170	0.76186
150	171	0.727663
150	172	0.751908
150	173	0.71354
150	174	0.759187
150	175	0.746704
150	176	0.759584
150	178	0.727595
150	180	0.751787
151	1	0.875265
151	2	0.873865
151	13	0.912986
151	15	0.965512
151	16	0.965073
151	17	0.967984
151	20	0.935796
151	21	0.909324
151	22	0.848944
151	23	0.771543
151	24	0.917208
151	25	0.888926
151	26	0.887445
151	30	1.39755
151	35	0.916884
151	38	0.916743
151	39	0.897442
151	55	1.19415
151	57	1.97219
151	58	1.79447
151	62	1.7708
151	69	0.891626
151	90	0.885469
151	91	0.923977
151	92	1.77155
151	113	0.86169
151	122	1.47374
151	127	1.50157
151	132	0.945208
151	137	0.815305
151	141	0.877567
151	144	0.806735
151	152	0.858194
151	157	0.835589
151	161	0.835285
151	163	0.845929
151	164	0.870334
151	169	0.853913
151	170	0.829869
151	171	0.795671
151	172	0.819917
151	174	0.827195
151	175	0.814713
151	176	0.827593
151	178	0.795604
151	180	0.819796
152	32	2.17234
152	34	1.98234
152	41	0.832438
152	79	2.13713
152	81	0.891524
152	83	0.89522
152	86	0.885199
152	94	0.832787
152	97	0.863207
152	102	1.90985
152	103	0.85741
152	110	0.877264
152	115	0.918709
152	117	0.861059
152	120	1.72629
152	131	0.819197
152	133	0.836607
152	135	0.809244
152	136	0.845547
152	138	0.868307
152	139	2.30078
152	140	0.765933
152	146	0.810338
152	148	0.750877
152	149	0.858877
152	150	0.790185
152	151	0.858194
152	153	0.794834
152	155	0.813273
152	159	0.806498
152	160	0.828391
152	161	0.791427
152	163	0.802071
152	164	0.826476
152	165	0.768344
152	166	0.80217
152	167	0.774093
152	168	0.781236
152	169	0.810055
152	170	0.786011
152	171	0.751814
152	172	0.77606
152	173	0.737691
152	174	0.783338
152	175	0.770856
152	176	0.783736
152	178	0.751746
152	179	1.63908
152	180	0.775938
153	17	1.41434
153	19	0.828258
153	42	2.05441
153	45	3.08787
153	60	0.855979
153	68	0.738043
153	73	0.727057
153	86	0.865697
153	94	0.813284
153	101	0.841714
153	103	0.837907
153	109	0.858946
153	110	0.857762
153	113	3.07202
153	115	0.899206
153	116	0.867774
153	117	0.841557
153	121	2.86122
153	124	0.795208
153	125	0.768187
153	126	2.51014
153	132	0.881848
153	136	0.826045
153	137	0.751945
153	138	0.848805
153	140	0.746431
153	141	0.814207
153	148	0.731375
153	149	0.839374
153	150	0.770683
153	152	0.794834
153	154	0.791465
153	155	0.793771
153	159	0.786995
153	163	0.782569
153	164	0.806974
153	165	0.748842
153	166	0.782667
153	167	0.754591
153	168	0.761734
153	169	0.790553
153	170	0.766509
153	171	0.732311
153	172	0.756557
153	174	0.763835
153	175	0.751353
153	176	0.764233
153	177	0.727306
153	178	0.732244
153	180	0.756436
154	10	0.950187
154	23	4.77143
154	36	2.95201
154	37	0.75999
154	52	1.51167
154	59	1.77382
154	67	0.8608
154	68	0.754176
154	74	1.50022
154	77	0.843246
154	83	0.891851
154	85	0.882761
154	93	0.872427
154	94	0.829418
154	100	0.836783
154	107	1.24066
154	110	0.873895
154	115	0.91534
154	116	0.883907
154	117	0.85769
154	130	0.871643
154	132	0.897982
154	133	0.833238
154	134	0.777875
154	138	0.864938
154	141	0.83034
154	146	0.806969
154	147	0.802853
154	149	0.855508
154	150	0.786816
154	153	0.791465
154	155	0.809904
154	156	0.73312
154	158	0.792843
154	159	0.803129
154	161	0.788058
154	163	0.798702
154	164	0.823107
154	165	0.764975
154	166	0.798801
154	167	0.770724
154	169	0.806686
154	170	0.782642
154	171	0.748445
154	172	0.772691
154	174	0.779969
154	175	0.767487
154	176	0.780367
154	178	0.748377
155	5	2.47934
155	9	0.949309
155	35	1.76471
155	54	1.77851
155	55	2.19593
155	60	0.874418
155	61	0.860963
155	63	1.90382
155	67	0.863106
155	75	1.47769
155	81	0.890461
155	85	0.885066
155	103	0.856347
155	109	0.877385
155	110	0.876201
155	111	3.40001
155	115	0.917645
155	124	0.813647
155	125	0.786627
155	130	0.873949
155	131	0.818134
155	132	0.900287
155	134	0.780181
155	135	0.80818
155	137	0.770384
155	140	0.76487
155	141	0.832646
155	144	0.761814
155	146	0.809275
155	152	0.813273
155	153	0.793771
155	154	0.809904
155	158	0.795149
155	159	0.805434
155	161	0.790364
155	162	0.725718
155	164	0.825413
155	165	0.767281
155	166	0.801106
155	167	0.77303
155	168	0.780173
155	170	0.784948
155	172	0.774996
155	173	0.736628
155	174	0.782274
155	175	0.769792
155	176	0.782672
155	177	0.745745
155	178	0.750683
155	180	0.774875
156	20	2.77607
156	38	6.13381
156	56	6.09012
156	57	0.756841
156	63	0.793556
156	65	0.810807
156	70	0.793981
156	71	0.788536
156	79	0.779323
156	98	0.788382
156	99	0.74324
156	107	0.769545
156	111	0.756927
156	112	0.806548
156	118	0.782188
156	119	0.787518
156	120	0.812768
156	121	0.764912
156	123	0.812823
156	126	0.76228
156	127	0.791867
156	129	0.759129
156	131	0.74135
156	133	0.758759
156	134	0.703396
156	139	0.755664
156	140	0.688085
156	142	0.790264
156	143	0.754701
156	145	0.785154
156	150	0.712337
156	154	0.73312
156	159	0.72865
156	160	0.750544
156	161	0.713579
156	162	0.648933
156	165	0.690496
156	166	0.724322
156	167	0.696245
156	169	0.732207
156	170	0.708163
156	171	0.673966
156	172	0.698212
156	173	0.659843
156	174	0.70549
156	176	0.705888
156	177	0.66896
156	178	0.673898
156	179	0.790855
156	180	0.69809
157	6	0.792955
157	7	0.791349
157	8	0.804146
157	13	0.846523
157	14	0.777837
157	15	0.899049
157	16	0.89861
157	20	0.869333
157	21	0.842861
157	25	0.822463
157	26	0.820982
157	27	0.847281
157	28	0.84705
157	29	0.8471
157	30	0.84736
157	31	0.847738
157	32	0.848133
157	40	2.15071
157	56	1.39215
157	69	0.825163
157	80	1.98537
157	90	0.819006
157	100	0.817546
157	101	0.838611
157	113	0.795227
157	119	2.74427
157	126	2.48243
157	134	0.758639
157	140	0.743328
157	146	0.787733
157	147	0.783617
157	150	0.76758
157	151	0.835589
157	158	0.773607
157	159	0.783892
157	163	0.779466
157	166	0.779564
157	167	0.751488
157	168	0.758631
157	170	0.763406
157	172	0.753454
157	174	0.760732
157	176	0.76113
157	178	0.729141
157	179	2.21289
157	180	0.753333
158	19	0.829635
158	55	2.17945
158	63	1.88734
158	72	0.751583
158	77	0.82849
158	78	0.87603
158	81	0.8734
158	83	0.877096
158	84	2.36751
158	85	0.868005
158	86	0.867075
158	87	2.11175
158	97	0.845082
158	101	0.843091
158	103	0.839285
158	104	2.60461
158	115	0.900584
158	116	0.869152
158	117	0.842935
158	124	0.796586
158	125	0.769565
158	130	0.856888
158	131	0.801073
158	132	0.883226
158	134	0.76312
158	138	0.850183
158	142	2.3048
158	144	0.744753
158	146	0.792214
158	147	0.788098
158	149	0.840752
158	150	0.772061
158	154	0.792843
158	155	0.795149
158	157	0.773607
158	159	0.788373
158	160	0.810267
158	161	0.773303
158	163	0.783947
158	164	0.808351
158	166	0.784045
158	167	0.755969
158	168	0.763112
158	169	0.791931
158	170	0.767887
158	171	0.733689
158	172	0.757935
158	174	0.765213
158	175	0.752731
158	176	0.765611
158	177	0.728684
158	178	0.733622
158	179	1.91236
158	180	0.757814
159	3	2.20108
159	49	0.749454
159	60	0.867643
159	70	2.70106
159	76	2.88315
159	78	0.886316
159	85	0.878291
159	86	0.877361
159	93	0.867957
159	94	0.824948
159	95	2.16956
159	100	0.832313
159	103	0.849571
159	107	1.67243
159	108	2.30794
159	109	0.870609
159	115	0.91087
159	116	0.879437
159	128	0.788175
159	130	0.867174
159	131	0.811359
159	133	0.828769
159	135	0.801405
159	137	0.763609
159	138	0.860469
159	140	0.758095
159	141	0.825871
159	142	1.96478
159	146	0.8025
159	148	0.743039
159	150	0.782347
159	152	0.806498
159	153	0.786995
159	154	0.803129
159	155	0.805434
159	156	0.72865
159	157	0.783892
159	158	0.788373
159	160	0.820553
159	161	0.783589
159	163	0.794233
159	164	0.818637
159	165	0.760505
159	166	0.794331
159	167	0.766255
159	168	0.773398
159	170	0.778172
159	171	0.743975
159	174	0.775499
159	175	0.763017
159	176	0.775897
159	177	0.738969
159	178	0.743908
160	37	0.777414
160	38	1.81454
160	49	0.771348
160	51	2.22679
160	54	1.4135
160	60	0.889537
160	61	0.876082
160	67	0.878225
160	73	0.760615
160	77	0.86067
160	78	0.90821
160	81	0.90558
160	83	0.909275
160	90	0.855666
160	93	0.889851
160	97	0.877262
160	99	2.09266
160	101	0.875271
160	103	0.871465
160	110	0.89132
160	112	1.90131
160	116	0.901331
160	117	0.875114
160	122	2.11051
160	125	0.801745
160	126	1.83338
160	130	0.889067
160	131	0.833253
160	133	0.850662
160	134	0.795299
160	135	0.823299
160	137	0.785503
160	138	0.882362
160	139	2.22553
160	140	0.779988
160	141	0.847764
160	144	0.776933
160	145	1.78179
160	146	0.824393
160	149	0.872932
160	152	0.828391
160	156	0.750544
160	158	0.810267
160	159	0.820553
160	162	0.740836
160	164	0.840531
160	165	0.782399
160	166	0.816225
160	167	0.788148
160	168	0.795291
160	170	0.800066
160	171	0.765869
160	172	0.790115
160	173	0.751746
160	174	0.797393
160	175	0.784911
160	176	0.797791
160	178	0.765801
161	14	2.91608
161	19	0.824851
161	60	0.852572
161	61	0.839117
161	63	2.01676
161	67	0.84126
161	77	0.823706
161	81	0.868615
161	86	0.86229
161	91	2.03868
161	93	0.852887
161	101	0.838307
161	103	0.834501
161	108	2.77736
161	109	0.855539
161	115	0.895799
161	116	0.864367
161	117	0.83815
161	120	2.12899
161	121	2.6624
161	124	0.791801
161	125	0.764781
161	130	0.852103
161	132	0.878441
161	133	0.813698
161	134	0.758335
161	136	0.822638
161	137	0.748538
161	138	0.845398
161	140	0.743024
161	141	0.8108
161	145	2.25973
161	146	0.787429
161	147	0.783313
161	149	0.835968
161	150	0.767276
161	151	0.835285
161	152	0.791427
161	154	0.788058
161	155	0.790364
161	156	0.713579
161	158	0.773303
161	159	0.783589
161	164	0.803567
161	165	0.745435
161	166	0.77926
161	168	0.758327
161	170	0.763102
161	171	0.728904
161	172	0.75315
161	173	0.714782
161	174	0.760428
161	175	0.747946
161	176	0.760826
161	178	0.728837
161	180	0.753029
162	11	0.825515
162	21	6.02473
162	46	4.96308
162	50	0.804805
162	55	0.816971
162	57	0.747133
162	59	0.740474
162	62	0.788137
162	70	0.784274
162	76	0.735182
162	79	0.769616
162	88	6.11219
162	94	0.745232
162	96	0.723905
162	98	0.778675
162	99	0.733532
162	105	0.759997
162	107	0.759838
162	108	0.753876
162	110	0.789709
162	111	0.747219
162	112	0.79684
162	114	0.695862
162	118	0.772481
162	119	0.77781
162	120	0.803061
162	121	0.755204
162	122	0.787115
162	123	0.803116
162	126	0.752573
162	129	0.749422
162	134	0.693689
162	139	0.745956
162	142	0.780556
162	143	0.744993
162	145	0.775447
162	146	0.722783
162	148	0.663322
162	155	0.725718
162	156	0.648933
162	160	0.740836
162	164	0.738921
162	165	0.680789
162	166	0.714614
162	167	0.686538
162	168	0.693681
162	169	0.7225
162	170	0.698456
162	171	0.664258
162	172	0.688504
162	173	0.650136
162	174	0.695782
162	175	0.6833
162	176	0.69618
162	177	0.659253
162	178	0.664191
162	179	0.781148
163	4	1.58936
163	51	2.86697
163	60	0.863216
163	68	0.74528
163	81	0.879259
163	83	0.882955
163	91	2.20093
163	97	0.850942
163	98	2.08887
163	103	0.845145
163	109	0.866183
163	110	0.864999
163	113	3.03545
163	114	0.771152
163	116	0.875011
163	124	0.802445
163	125	0.775425
163	130	0.862747
163	131	0.806932
163	132	0.889085
163	133	0.824342
163	134	0.768979
163	135	0.796978
163	136	0.833282
163	137	0.759182
163	138	0.856042
163	140	0.753668
163	141	0.821444
163	142	2.59645
163	144	0.750612
163	145	2.42197
163	146	0.798073
163	147	0.793957
163	149	0.846612
163	150	0.77792
163	151	0.845929
163	152	0.802071
163	153	0.782569
163	154	0.798702
163	157	0.779466
163	158	0.783947
163	159	0.794233
163	165	0.756079
163	166	0.789904
163	167	0.761828
163	168	0.768971
163	170	0.773746
163	171	0.739548
163	172	0.763794
163	173	0.725426
163	174	0.771072
163	175	0.75859
163	176	0.77147
163	177	0.734543
163	178	0.739481
163	180	0.763673
164	9	0.962511
164	19	0.859899
164	25	2.63422
164	56	1.52701
164	67	0.876309
164	70	2.54855
164	74	1.77948
164	77	0.858754
164	78	0.906294
164	79	1.91789
164	81	0.903664
164	89	1.80328
164	90	0.853751
164	92	2.26433
164	94	0.844926
164	97	0.875346
164	103	0.869549
164	109	0.890588
164	116	0.899416
164	118	1.1437
164	124	0.82685
164	125	0.799829
164	130	0.887152
164	131	0.831337
164	133	0.848747
164	134	0.793383
164	135	0.821383
164	137	0.783587
164	138	0.880447
164	139	2.08154
164	140	0.778073
164	141	0.845849
164	147	0.818362
164	150	0.802325
164	151	0.870334
164	152	0.826476
164	153	0.806974
164	154	0.823107
164	155	0.825413
164	158	0.808351
164	159	0.818637
164	160	0.840531
164	161	0.803567
164	162	0.738921
164	165	0.780484
164	166	0.814309
164	167	0.786233
164	168	0.793376
164	169	0.822195
164	170	0.79815
164	171	0.763953
164	172	0.788199
164	173	0.749831
164	174	0.795477
164	175	0.782995
164	176	0.795875
164	177	0.758948
164	178	0.763886
164	180	0.788077
165	12	3.16044
165	19	0.801768
165	40	3.40913
165	49	0.7113
165	61	0.816034
165	71	2.53836
165	77	0.800623
165	81	0.845532
165	85	0.840137
165	86	0.839207
165	97	0.817215
165	99	4.00014
165	100	0.794159
165	101	0.815224
165	110	0.831272
165	115	0.872716
165	116	0.841284
165	117	0.815067
165	124	0.768718
165	125	0.741697
165	128	0.750021
165	130	0.82902
165	133	0.790615
165	135	0.763251
165	136	0.799555
165	137	0.725455
165	141	0.787717
165	143	4.29193
165	144	0.716885
165	146	0.764346
165	147	0.76023
165	148	0.704885
165	149	0.812884
165	150	0.744193
165	152	0.768344
165	153	0.748842
165	154	0.764975
165	155	0.767281
165	156	0.690496
165	159	0.760505
165	160	0.782399
165	161	0.745435
165	162	0.680789
165	163	0.756079
165	164	0.780484
165	166	0.756177
165	167	0.728101
165	168	0.735244
165	170	0.740019
165	171	0.705821
165	172	0.730067
165	173	0.691699
165	174	0.737345
165	175	0.724863
165	176	0.737743
165	177	0.700816
165	178	0.705754
165	180	0.729946
166	9	0.938205
166	30	2.39364
166	37	0.751192
166	45	2.77045
166	49	0.745126
166	64	0.887269
166	67	0.852003
166	68	0.745379
166	72	0.757541
166	78	0.881988
166	86	0.873033
166	93	0.863629
166	97	0.85104
166	98	1.80802
166	103	0.845243
166	104	2.61541
166	106	2.17222
166	110	0.865098
166	115	0.906542
166	117	0.848892
166	121	2.54379
166	125	0.775523
166	130	0.862846
166	131	0.807031
166	133	0.824441
166	134	0.769077
166	135	0.797077
166	136	0.83338
166	137	0.759281
166	138	0.85614
166	140	0.753767
166	141	0.821542
166	145	2.14112
166	146	0.798172
166	147	0.794056
166	149	0.84671
166	150	0.778019
166	152	0.80217
166	153	0.782667
166	154	0.798801
166	155	0.801106
166	156	0.724322
166	157	0.779564
166	158	0.784045
166	159	0.794331
166	160	0.816225
166	161	0.77926
166	162	0.714614
166	163	0.789904
166	164	0.814309
166	165	0.756177
166	167	0.761926
166	168	0.769069
166	169	0.797888
166	170	0.773844
166	171	0.739647
166	172	0.763893
166	174	0.771171
166	175	0.758689
166	176	0.771569
166	177	0.734641
166	178	0.73958
166	179	1.92317
166	180	0.763771
167	9	0.910129
167	49	0.717049
167	50	2.20001
167	61	0.821783
167	64	0.859193
167	67	0.823926
167	68	0.717302
167	71	2.4073
167	73	0.706316
167	82	2.969
167	93	0.835553
167	95	3.93745
167	100	0.799908
167	101	0.820973
167	103	0.817167
167	105	3.3843
167	109	0.838205
167	110	0.837021
167	114	0.743174
167	115	0.878465
167	117	0.820816
167	124	0.774467
167	125	0.747447
167	128	0.75577
167	130	0.834769
167	131	0.778954
167	132	0.861107
167	133	0.796364
167	135	0.769
167	136	0.805304
167	137	0.731204
167	138	0.828064
167	139	4.00194
167	140	0.72569
167	141	0.793466
167	146	0.770095
167	147	0.765979
167	148	0.710634
167	149	0.818634
167	150	0.749942
167	152	0.774093
167	153	0.754591
167	154	0.770724
167	155	0.77303
167	156	0.696245
167	157	0.751488
167	158	0.755969
167	159	0.766255
167	160	0.788148
167	162	0.686538
167	163	0.761828
167	164	0.786233
167	165	0.728101
167	166	0.761926
167	168	0.740993
167	170	0.745768
167	171	0.71157
167	172	0.735816
167	173	0.697448
167	174	0.743094
167	175	0.730612
167	176	0.743492
167	178	0.711503
168	22	3.38913
168	41	0.799338
168	60	0.842381
168	61	0.828926
168	67	0.831069
168	68	0.724445
168	73	0.713459
168	74	3.0549
168	77	0.813515
168	78	0.861054
168	81	0.858424
168	83	0.86212
168	85	0.853029
168	86	0.852099
168	88	1.05193
168	93	0.842696
168	97	0.830107
168	101	0.828116
168	105	2.73932
168	107	2.79534
168	110	0.844164
168	115	0.885608
168	117	0.827959
168	122	3.24193
168	125	0.75459
168	130	0.841912
168	131	0.786097
168	133	0.803507
168	134	0.748144
168	135	0.776143
168	136	0.812447
168	137	0.738347
168	138	0.835207
168	140	0.732833
168	141	0.800609
168	144	0.729777
168	146	0.777238
168	147	0.773122
168	149	0.825777
168	150	0.757085
168	152	0.781236
168	153	0.761734
168	155	0.780173
168	157	0.758631
168	158	0.763112
168	159	0.773398
168	160	0.795291
168	161	0.758327
168	162	0.693681
168	163	0.768971
168	164	0.793376
168	165	0.735244
168	166	0.769069
168	167	0.740993
168	169	0.776955
168	170	0.752911
168	171	0.718713
168	172	0.742959
168	173	0.704591
168	174	0.750237
168	175	0.737755
168	176	0.750635
168	177	0.713708
168	178	0.718646
168	179	2.69526
168	180	0.742838
169	1	0.827126
169	2	0.825725
169	3	0.80219
169	5	2.10735
169	7	2.7426
169	11	2.13504
169	17	0.919845
169	22	0.800805
169	23	0.723404
169	24	0.869069
169	25	2.77123
169	33	0.780406
169	35	0.868745
169	38	0.868604
169	39	0.849303
169	47	0.828059
169	50	0.888079
169	57	0.830407
169	59	0.823748
169	62	0.87141
169	69	0.843486
169	70	0.867548
169	79	0.85289
169	80	1.32934
169	83	0.890939
169	87	1.75624
169	96	0.807179
169	98	0.861949
169	99	0.816806
169	106	1.80591
169	108	0.83715
169	116	0.882995
169	118	0.855755
169	119	0.861084
169	120	0.886335
169	121	2.17748
169	123	0.88639
169	144	0.758596
169	145	1.77481
169	146	0.806057
169	147	0.801941
169	148	0.746596
169	149	0.854595
169	151	0.853913
169	152	0.810055
169	153	0.790553
169	154	0.806686
169	156	0.732207
169	158	0.791931
169	162	0.7225
169	164	0.822195
169	166	0.797888
169	168	0.776955
169	170	0.78173
169	171	0.747532
169	172	0.771778
169	174	0.779056
169	175	0.766574
169	176	0.779454
169	177	0.742527
169	178	0.747465
169	179	0.864422
170	12	2.35462
170	19	0.819434
170	37	0.735033
170	49	0.728967
170	54	2.51516
170	60	0.847156
170	66	3.09162
170	67	0.835844
170	68	0.72922
170	69	0.819442
170	73	0.718234
170	75	2.21433
170	77	0.818289
170	78	0.865829
170	82	2.29424
170	85	0.857804
170	86	0.856874
170	89	3.04893
170	90	0.813286
170	93	0.84747
170	94	0.804461
170	100	0.811826
170	101	0.83289
170	109	0.850123
170	110	0.848939
170	114	0.755092
170	115	0.890383
170	116	0.858951
170	117	0.832734
170	124	0.786385
170	125	0.759364
170	130	0.846687
170	131	0.790872
170	132	0.873025
170	133	0.808282
170	135	0.780918
170	138	0.839982
170	140	0.737608
170	141	0.805384
170	144	0.734552
170	145	2.88344
170	146	0.782013
170	147	0.777897
170	150	0.76186
170	151	0.829869
170	152	0.786011
170	153	0.766509
170	154	0.782642
170	155	0.784948
170	156	0.708163
170	157	0.763406
170	158	0.767887
170	159	0.778172
170	160	0.800066
170	161	0.763102
170	162	0.698456
170	163	0.773746
170	164	0.79815
170	165	0.740019
170	166	0.773844
170	167	0.745768
170	168	0.752911
170	169	0.78173
170	171	0.723488
170	172	0.747734
170	173	0.709366
170	174	0.755012
170	175	0.74253
170	176	0.75541
170	177	0.718483
170	178	0.723421
170	179	2.66549
170	180	0.747613
171	1	5.11468
171	6	4.60194
171	15	4.13042
171	19	0.785237
171	41	0.769916
171	46	2.69423
171	60	0.812959
171	61	0.799504
171	67	0.801647
171	68	0.695023
171	69	0.785245
171	72	0.707185
171	73	0.684037
171	81	0.829002
171	83	0.832698
171	85	0.823607
171	93	0.813273
171	94	0.770264
171	100	0.777629
171	101	0.798693
171	103	0.794887
171	110	0.814742
171	114	0.720894
171	115	0.856186
171	116	0.824753
171	117	0.798536
171	124	0.752188
171	127	4.45874
171	130	0.81249
171	131	0.756675
171	132	0.838828
171	133	0.774085
171	134	0.718721
171	135	0.746721
171	136	0.783024
171	137	0.708925
171	138	0.805784
171	141	0.771186
171	144	0.700355
171	146	0.747816
171	147	0.7437
171	148	0.688354
171	149	0.796354
171	150	0.727663
171	151	0.795671
171	152	0.751814
171	153	0.732311
171	154	0.748445
171	156	0.673966
171	158	0.733689
171	159	0.743975
171	160	0.765869
171	161	0.728904
171	162	0.664258
171	163	0.739548
171	164	0.763953
171	165	0.705821
171	166	0.739647
171	167	0.71157
171	168	0.718713
171	169	0.747532
171	170	0.723488
171	172	0.713537
171	173	0.675168
171	174	0.720815
171	175	0.708333
171	176	0.721213
171	177	0.684285
171	178	0.689224
171	180	0.713415
172	3	3.14777
172	9	0.912095
172	30	2.98951
172	37	0.725082
172	41	0.794162
172	49	0.719016
172	53	3.11442
172	60	0.837205
172	61	0.82375
172	64	0.861159
172	69	0.809491
172	73	0.708283
172	74	2.87867
172	77	0.808338
172	78	0.855878
172	81	0.853248
172	82	2.14778
172	85	0.847853
172	86	0.846922
172	93	0.837519
172	94	0.79451
172	97	0.82493
172	100	0.801875
172	101	0.822939
172	103	0.819133
172	105	2.56309
172	107	2.61911
172	109	0.840171
172	110	0.838988
172	115	0.880432
172	116	0.848999
172	117	0.822782
172	124	0.776434
172	128	0.757737
172	130	0.836736
172	131	0.780921
172	133	0.79833
172	134	0.742967
172	135	0.770967
172	136	0.80727
172	137	0.733171
172	138	0.83003
172	140	0.727656
172	141	0.795432
172	143	3.33965
172	146	0.772062
172	147	0.767946
172	149	0.8206
172	150	0.751908
172	151	0.819917
172	152	0.77606
172	153	0.756557
172	154	0.772691
172	155	0.774996
172	156	0.698212
172	157	0.753454
172	158	0.757935
172	160	0.790115
172	161	0.75315
172	162	0.688504
172	163	0.763794
172	164	0.788199
172	165	0.730067
172	166	0.763893
172	167	0.735816
172	168	0.742959
172	169	0.771778
172	170	0.747734
172	171	0.713537
172	173	0.699414
172	174	0.745061
172	175	0.732579
172	176	0.745459
172	177	0.708531
172	178	0.713469
172	180	0.737661
173	4	0.852349
173	11	0.836425
173	12	0.727636
173	17	3.05324
173	18	0.722806
173	24	4.8147
173	34	0.790574
173	36	0.773492
173	43	0.774127
173	45	0.754224
173	47	4.50548
173	54	0.80942
173	58	0.751786
173	64	0.822791
173	65	0.81201
173	72	0.693062
173	74	0.771552
173	75	0.789727
173	76	0.746092
173	80	0.76716
173	82	0.775634
173	83	0.818575
173	87	0.889955
173	88	0.759993
173	91	0.805318
173	92	0.797359
173	94	0.756142
173	95	0.791279
173	96	4.73675
173	102	0.773875
173	104	0.778299
173	106	0.762095
173	107	0.770748
173	111	0.758129
173	112	0.80775
173	120	5.08983
173	122	0.798025
173	126	0.763483
173	127	0.793069
173	128	0.719368
173	129	0.760332
173	131	0.742552
173	132	0.824705
173	134	0.704599
173	135	0.732598
173	137	0.694802
173	139	0.756866
173	142	0.791466
173	143	0.755903
173	144	0.686232
173	145	0.786357
173	148	0.674232
173	150	0.71354
173	152	0.737691
173	155	0.736628
173	156	0.659843
173	160	0.751746
173	161	0.714782
173	162	0.650136
173	163	0.725426
173	164	0.749831
173	165	0.691699
173	167	0.697448
173	168	0.704591
173	170	0.709366
173	171	0.675168
173	172	0.699414
173	174	0.706692
173	175	0.69421
173	176	0.70709
173	177	0.670163
173	178	0.675101
173	179	0.792058
173	180	0.699293
174	9	0.919373
174	16	1.93952
174	19	0.816761
174	37	0.73236
174	41	0.80144
174	47	2.24771
174	49	0.726294
174	61	0.831028
174	67	0.833171
174	69	0.816769
174	73	0.715561
174	75	2.2937
174	77	0.815616
174	78	0.863156
174	82	2.37361
174	83	0.864222
174	85	0.855131
174	86	0.854201
174	90	0.810613
174	92	3.58934
174	93	0.844797
174	94	0.801788
174	96	2.47899
174	97	0.832208
174	100	0.809153
174	101	0.830217
174	103	0.826411
174	109	0.847449
174	110	0.846266
174	116	0.856277
174	117	0.83006
174	124	0.783712
174	125	0.756691
174	128	0.765015
174	130	0.844014
174	131	0.788199
174	132	0.870352
174	133	0.805609
174	134	0.750245
174	135	0.778245
174	136	0.814548
174	137	0.740449
174	138	0.837308
174	140	0.734935
174	141	0.80271
174	142	3.13729
174	144	0.731879
174	145	2.96281
174	146	0.77934
174	147	0.775224
174	148	0.719878
174	149	0.827878
174	150	0.759187
174	151	0.827195
174	152	0.783338
174	153	0.763835
174	154	0.779969
174	155	0.782274
174	156	0.70549
174	157	0.760732
174	158	0.765213
174	159	0.775499
174	160	0.797393
174	161	0.760428
174	162	0.695782
174	163	0.771072
174	164	0.795477
174	165	0.737345
174	166	0.771171
174	167	0.743094
174	168	0.750237
174	169	0.779056
174	170	0.755012
174	171	0.720815
174	172	0.745061
174	173	0.706692
174	175	0.739857
174	176	0.752737
174	177	0.715809
174	178	0.720748
174	179	2.74486
174	180	0.744939
175	9	0.906891
175	10	3.03155
175	16	2.41661
175	37	0.719878
175	41	0.788958
175	54	3.07162
175	60	0.832001
175	61	0.818546
175	63	3.19693
175	67	0.820689
175	68	0.714065
175	72	0.726227
175	73	0.703079
175	77	0.803134
175	78	0.850674
175	81	0.848044
175	83	0.851739
175	85	0.842649
175	86	0.841719
175	90	0.79813
175	93	0.832315
175	94	0.789306
175	97	0.819726
175	98	3.1068
175	100	0.796671
175	101	0.817735
175	103	0.813929
175	109	0.834967
175	110	0.833784
175	114	0.739936
175	115	0.875228
175	116	0.843795
175	117	0.817578
175	121	3.84257
175	125	0.744209
175	127	2.19401
175	128	0.752533
175	130	0.831532
175	131	0.775717
175	132	0.85787
175	133	0.793126
175	134	0.737763
175	135	0.765763
175	136	0.802066
175	137	0.727967
175	138	0.824826
175	140	0.722452
175	141	0.790228
175	144	0.719397
175	145	3.4399
175	146	0.766858
175	147	0.762742
175	148	0.707396
175	149	0.815396
175	150	0.746704
175	151	0.814713
175	152	0.770856
175	153	0.751353
175	154	0.767487
175	155	0.769792
175	158	0.752731
175	159	0.763017
175	160	0.784911
175	161	0.747946
175	162	0.6833
175	163	0.75859
175	164	0.782995
175	165	0.724863
175	166	0.758689
175	167	0.730612
175	168	0.737755
175	169	0.766574
175	170	0.74253
175	171	0.708333
175	172	0.732579
175	173	0.69421
175	174	0.739857
175	176	0.740255
175	177	0.703327
175	178	0.708265
175	180	0.732457
176	10	2.33685
176	11	3.10543
176	16	1.72191
176	19	0.817159
176	32	3.0605
176	37	0.732758
176	41	0.801838
176	49	0.726692
176	57	3.57236
176	60	0.844881
176	61	0.831426
176	62	3.37098
176	67	0.833569
176	68	0.726945
176	69	0.817167
176	73	0.715959
176	77	0.816014
176	81	0.860924
176	83	0.864619
176	85	0.855529
176	86	0.854598
176	90	0.81101
176	93	0.845195
176	94	0.802186
176	96	2.26138
176	97	0.832606
176	101	0.830615
176	103	0.826809
176	104	3.21949
176	109	0.847847
176	110	0.846664
176	114	0.752816
176	115	0.888108
176	116	0.856675
176	117	0.830458
176	118	2.25111
176	124	0.78411
176	125	0.757089
176	128	0.765413
176	130	0.844412
176	131	0.788597
176	132	0.87075
176	134	0.750643
176	135	0.778643
176	136	0.814946
176	137	0.740847
176	138	0.837706
176	140	0.735332
176	141	0.803108
176	144	0.732277
176	146	0.779738
176	147	0.775622
176	148	0.720276
176	149	0.828276
176	150	0.759584
176	151	0.827593
176	152	0.783736
176	153	0.764233
176	154	0.780367
176	155	0.782672
176	156	0.705888
176	157	0.76113
176	158	0.765611
176	159	0.775897
176	160	0.797791
176	161	0.760826
176	162	0.69618
176	163	0.77147
176	164	0.795875
176	165	0.737743
176	166	0.771569
176	167	0.743492
176	168	0.750635
176	169	0.779454
176	170	0.75541
176	171	0.721213
176	172	0.745459
176	173	0.70709
176	174	0.752737
176	175	0.740255
176	177	0.716207
176	178	0.721145
176	180	0.745337
177	3	0.738943
177	4	3.34748
177	26	3.72097
177	33	0.717159
177	34	4.3054
177	36	0.782609
177	41	0.76491
177	47	0.764812
177	50	0.824832
177	55	0.836998
177	57	0.76716
177	59	0.760501
177	60	0.807953
177	62	0.808164
177	63	0.803875
177	65	0.821127
177	66	0.810223
177	70	0.804301
177	71	0.798856
177	72	0.702179
177	76	0.755209
177	77	0.779087
177	79	0.789643
177	80	3.73462
177	84	0.780777
177	87	4.16153
177	88	2.3188
177	92	0.806476
177	95	0.800396
177	96	0.743932
177	97	0.795679
177	98	0.798702
177	99	0.753559
177	104	0.787416
177	105	0.780024
177	106	4.2112
177	107	0.779865
177	108	0.773903
177	109	0.81092
177	112	0.816867
177	114	0.715889
177	115	0.85118
177	116	0.819748
177	118	0.792508
177	119	0.797837
177	120	0.823088
177	121	0.775231
177	122	0.807142
177	123	0.823143
177	126	0.7726
177	127	0.802186
177	128	0.728485
177	129	0.769448
177	131	0.751669
177	133	0.769079
177	134	0.713716
177	135	0.741715
177	139	0.765983
177	140	0.698405
177	141	0.766181
177	142	0.800583
177	143	0.76502
177	145	0.795474
177	146	0.74281
177	148	0.683349
177	153	0.727306
177	155	0.745745
177	156	0.66896
177	158	0.728684
177	159	0.738969
177	162	0.659253
177	163	0.734543
177	164	0.758948
177	165	0.700816
177	166	0.734641
177	168	0.713708
177	169	0.742527
177	170	0.718483
177	171	0.684285
177	172	0.708531
177	173	0.670163
177	174	0.715809
177	175	0.703327
177	176	0.716207
177	178	0.684218
177	179	0.801175
178	9	0.887782
178	18	3.93115
178	19	0.78517
178	31	4.46268
178	35	3.83698
178	37	0.700768
178	41	0.769848
178	48	3.64103
178	49	0.694702
178	64	0.836846
178	67	0.801579
178	68	0.694955
178	72	0.707117
178	73	0.683969
178	77	0.784025
178	78	0.831564
178	81	0.828934
178	83	0.83263
178	84	4.45627
178	85	0.82354
178	86	0.822609
178	93	0.813206
178	94	0.770197
178	97	0.800617
178	100	0.777561
178	101	0.798626
178	102	4.27189
178	103	0.79482
178	109	0.815858
178	110	0.814674
178	114	0.720827
178	115	0.856118
178	116	0.824686
178	117	0.798469
178	124	0.75212
178	125	0.7251
178	128	0.733423
178	130	0.812422
178	131	0.756607
178	132	0.838761
178	133	0.774017
178	134	0.718654
178	135	0.746653
178	136	0.782957
178	137	0.708857
178	138	0.805717
178	140	0.703343
178	141	0.771119
178	144	0.700287
178	146	0.747748
178	147	0.743632
178	148	0.688287
178	149	0.796287
178	150	0.727595
178	151	0.795604
178	152	0.751746
178	153	0.732244
178	154	0.748377
178	155	0.750683
178	156	0.673898
178	157	0.729141
178	158	0.733622
178	159	0.743908
178	160	0.765801
178	161	0.728837
178	162	0.664191
178	163	0.739481
178	164	0.763886
178	165	0.705754
178	166	0.73958
178	167	0.711503
178	168	0.718646
178	169	0.747465
178	170	0.723421
178	171	0.689224
178	172	0.713469
178	173	0.675101
178	174	0.720748
178	175	0.708265
178	176	0.721145
178	177	0.684218
178	180	0.713348
179	3	0.860838
179	4	0.983361
179	11	0.967437
179	12	0.858648
179	18	0.853818
179	33	0.839054
179	34	0.921586
179	36	0.904504
179	43	0.905139
179	45	0.885236
179	47	0.886707
179	50	0.946727
179	54	0.940432
179	55	0.958893
179	57	0.889055
179	58	0.882798
179	59	0.882396
179	61	0.375197
179	62	0.930059
179	63	0.92577
179	64	0.953803
179	65	0.943022
179	66	0.932118
179	69	0.18589
179	70	0.926196
179	72	0.824074
179	74	0.902564
179	75	0.920739
179	76	0.877104
179	78	0.283814
179	79	0.911538
179	80	0.898172
179	82	0.906646
179	83	0.385298
179	84	0.902672
179	87	1.02097
179	88	0.891005
179	90	0.895978
179	91	0.93633
179	92	0.928371
179	95	0.922291
179	96	0.865827
179	98	0.920597
179	99	0.875455
179	102	0.904887
179	103	0.73846
179	104	0.909311
179	105	0.901919
179	106	0.893107
179	107	0.90176
179	108	0.895798
179	111	0.889141
179	112	0.938762
179	113	0.872199
179	114	0.837784
179	115	0.443309
179	116	0.504102
179	118	0.914403
179	119	0.919732
179	120	0.944983
179	121	0.897126
179	122	0.929037
179	123	0.945038
179	126	0.894495
179	127	0.924081
179	128	0.85038
179	129	0.891344
179	130	1.01185
179	134	2.78372
179	138	0.346306
179	139	0.887878
179	142	0.922478
179	143	0.886916
179	144	0.817244
179	145	0.917369
179	146	1.79127
179	148	0.805244
179	149	0.899066
179	152	1.63908
179	156	0.790855
179	157	2.21289
179	158	1.91236
179	162	0.781148
179	166	1.92317
179	168	2.69526
179	169	0.864422
179	170	2.66549
179	173	0.792058
179	174	2.74486
179	177	0.801175
179	180	2.67613
180	5	0.861944
180	6	0.777162
180	7	0.775556
180	8	0.788353
180	10	0.861944
180	14	0.762044
180	15	1.31987
180	27	0.831488
180	28	0.831257
180	29	0.831307
180	30	0.831567
180	31	0.831945
180	32	0.83234
180	40	0.861944
180	42	0.781945
180	44	0.781178
180	46	0.780509
180	48	0.779972
180	51	0.837907
180	52	0.941396
180	53	0.838142
180	56	0.837942
180	60	0.837083
180	73	0.708161
180	100	0.801753
180	101	0.822817
180	103	0.819011
180	106	2.92518
180	112	3.0136
180	113	0.779434
180	114	0.745019
180	119	3.20751
180	124	0.776312
180	125	0.749291
180	126	2.94567
180	129	3.11204
180	131	0.780799
180	132	0.862952
180	135	0.770845
180	138	0.829909
180	141	0.795311
180	150	0.751787
180	151	0.819796
180	152	0.775938
180	153	0.756436
180	155	0.774875
180	156	0.69809
180	157	0.753333
180	158	0.757814
180	161	0.753029
180	163	0.763673
180	164	0.788077
180	165	0.729946
180	166	0.763771
180	168	0.742838
180	170	0.747613
180	171	0.713415
180	172	0.737661
180	173	0.699293
180	174	0.744939
180	175	0.732457
180	176	0.745337
180	178	0.713348
180	179	2.67613
