1	9	1.15053
1	22	1.12371
1	23	1.11372
1	37	0.980226
1	46	1.055
1	50	1.06857
1	72	1.02919
1	76	1.02932
1	95	1.07593
1	148	3.10531
1	157	1.07799
1	176	1.24923
2	27	0.949804
2	53	0.973738
2	61	0.973435
2	64	0.97324
2	77	1.0398
2	78	2.14467
2	125	0.948243
2	126	1.4732
2	129	0.995914
2	131	0.903994
2	176	0.967547
2	178	0.897932
3	39	1.08715
3	62	1.06512
3	82	1.04153
3	85	1.02384
3	90	1.07942
3	96	1.0674
3	97	1.05334
3	98	1.11244
3	135	2.04795
3	143	0.806067
3	152	1.08229
3	154	1.49871
4	51	0.984144
4	62	0.957499
4	82	0.93391
4	83	1.77849
4	85	0.916217
4	90	0.971802
4	96	0.959785
4	97	0.945724
4	98	1.00482
4	113	0.969203
4	151	1.8362
4	152	0.974667
5	8	1.05175
5	16	1.05108
5	18	1.04914
5	21	1.1503
5	33	1.03546
5	47	1.11253
5	73	1.07325
5	133	2.30236
5	134	1.10706
5	149	0.828562
5	170	1.88657
5	174	1.01557
6	8	1.04048
6	16	1.03982
6	33	1.02419
6	57	1.08932
6	73	1.06199
6	75	1.15157
6	95	1.10763
6	127	0.729656
6	134	1.09579
6	153	1.44776
6	167	2.32839
6	174	1.00431
7	26	1.2675
7	100	0.956954
7	101	0.944784
7	104	0.944343
7	106	0.988898
7	109	0.974987
7	111	0.975189
7	112	0.975411
7	115	0.975636
7	152	0.976776
7	170	0.869707
7	180	2.45413
8	5	1.05175
8	6	1.04048
8	16	0.882023
8	43	0.952602
8	47	0.943468
8	57	0.93153
8	63	1.0317
8	75	0.993771
8	134	0.938
8	155	2.44651
8	171	1.45794
8	174	0.846514
9	1	1.15053
9	11	1.03214
9	23	1.12937
9	32	1.09708
9	37	0.995877
9	46	1.07065
9	72	1.04485
9	76	1.04498
9	120	1.09499
9	139	1.06313
9	147	1.30654
9	169	1.96531
10	35	1.10029
10	53	1.07212
10	61	1.07181
10	64	1.07162
10	77	1.13818
10	83	0.669485
10	117	2.6244
10	129	1.09429
10	131	1.00237
10	154	1.155
10	176	1.06593
10	178	0.996311
11	9	1.03214
11	22	1.00533
11	23	0.995337
11	29	0.976307
11	46	0.936609
11	50	0.950179
11	72	0.910808
11	76	0.910938
11	102	0.988893
11	139	0.92909
11	168	1.70783
11	173	2.2972
12	34	1.83514
12	54	0.800129
12	89	0.915024
12	136	0.971209
12	151	0.91161
12	154	0.88842
12	161	0.840992
12	162	0.827847
12	167	0.87064
12	171	0.87851
12	179	0.841722
12	180	0.863905
13	19	1.01684
13	34	1.09148
13	70	1.13916
13	87	1.09672
13	91	1.08208
13	93	1.0819
13	132	0.9937
13	145	0.890023
13	149	1.07927
13	150	1.06126
13	158	1.55219
13	175	2.10956
14	41	0.832264
14	85	1.59017
14	120	0.940865
14	124	0.961699
14	138	0.914414
14	147	0.870046
14	157	0.894211
14	159	0.850562
14	160	0.868702
14	165	0.841023
14	178	0.816509
14	180	0.83556
15	35	1.10645
15	53	1.07828
15	61	1.07798
15	64	1.07779
15	77	1.14434
15	125	1.05279
15	131	1.00854
15	137	1.04333
15	138	1.29773
15	169	2.02969
15	176	1.07209
15	178	1.00248
16	5	1.05108
16	6	1.03982
16	8	0.882023
16	21	0.980577
16	33	0.865731
16	43	0.951934
16	57	0.930862
16	63	1.03103
16	73	0.903529
16	134	0.937331
16	146	1.51069
16	163	2.45437
16	174	0.845846
17	39	1.05258
17	44	1.0433
17	51	1.05719
17	85	0.989264
17	90	1.04485
17	96	1.03283
17	97	1.01877
17	98	1.07787
17	107	1.08222
17	130	1.04885
17	141	3.36942
17	152	1.04771
17	156	0.819593
18	5	1.04914
18	21	0.97864
18	33	0.863794
18	47	0.940863
18	57	0.928925
18	63	1.02909
18	73	0.901592
18	75	0.991166
18	95	0.947229
18	125	1.68671
18	128	2.23612
18	134	0.935395
18	174	0.843909
19	13	1.01684
19	31	0.969932
19	45	0.935707
19	52	0.927734
19	70	0.995031
19	87	0.952591
19	91	0.93795
19	93	0.937764
19	116	2.91374
19	139	0.916392
19	149	0.935139
19	150	0.917123
19	176	1.16052
20	24	0.9988
20	56	1.11403
20	58	1.03169
20	60	1.01643
20	69	1.0037
20	80	1.07722
20	81	1.05927
20	86	1.05359
20	94	1.03475
20	99	1.01963
20	105	2.00454
20	124	0.735277
20	155	2.08581
21	5	1.1503
21	16	0.980577
21	18	0.97864
21	43	1.05116
21	47	1.04202
21	57	1.03008
21	63	1.13025
21	73	1.00275
21	75	1.09232
21	124	0.685063
21	156	1.36667
21	174	0.945068
21	178	2.58697
22	1	1.12371
22	11	1.00533
22	29	1.08353
22	32	1.07027
22	37	0.969063
22	46	1.04383
22	50	1.0574
22	72	1.01803
22	76	1.01816
22	113	0.861785
22	139	1.03631
22	157	1.31803
22	161	2.6759
23	1	1.11372
23	9	1.12937
23	11	0.995337
23	29	1.07354
23	32	1.06028
23	37	0.959071
23	50	1.04741
23	72	1.00804
23	76	1.00817
23	92	1.37573
23	136	1.23458
23	139	1.02632
23	180	2.08972
24	20	0.9988
24	25	0.935348
24	30	0.904794
24	48	0.972102
24	55	0.963587
24	58	0.962859
24	71	1.1675
24	86	0.98476
24	94	0.965921
24	99	0.950801
24	127	0.956074
24	141	0.852935
24	159	2.57033
25	24	0.935348
25	38	0.915747
25	48	0.97748
25	55	0.968965
25	58	0.968237
25	60	0.952976
25	66	0.973426
25	69	0.940244
25	81	0.995823
25	99	0.956179
25	141	0.858313
25	164	1.92119
25	167	2.18782
26	7	1.2675
26	68	0.961556
26	99	0.616809
26	116	0.93388
26	123	0.986576
26	126	1.04454
26	157	0.993574
26	166	0.896593
26	172	0.926094
26	173	0.91837
26	177	0.908064
26	179	0.91274
26	180	0.934923
27	2	0.949804
27	35	0.981308
27	53	0.953139
27	61	0.952836
27	64	0.952641
27	77	1.0192
27	121	2.93859
27	124	0.910027
27	125	0.927644
27	129	0.975315
27	131	0.883395
27	176	0.946948
27	178	0.877333
28	44	1.05096
28	85	0.996923
28	97	1.02643
28	98	1.08553
28	109	1.05358
28	110	2.70322
28	111	1.05379
28	112	1.05401
28	115	1.05423
28	149	0.819833
28	152	1.05537
28	157	1.50588
28	170	0.948303
29	11	0.976307
29	22	1.08353
29	23	1.07354
29	32	1.04125
29	37	0.940041
29	46	1.01481
29	72	0.989009
29	76	0.989139
29	95	1.03574
29	102	1.06709
29	139	1.00729
29	157	1.28517
29	163	1.70508
29	172	2.07146
30	24	0.904794
30	48	0.946927
30	56	1.02003
30	58	0.937683
30	66	0.942873
30	69	0.909691
30	80	0.983213
30	86	0.959585
30	94	0.940746
30	99	0.925626
30	127	0.930898
30	141	0.82776
30	157	1.84942
30	158	2.51995
31	19	0.969932
31	40	1.06538
31	45	1.03293
31	87	1.04981
31	91	1.03517
31	93	1.03499
31	123	1.08414
31	130	1.03543
31	132	0.946789
31	139	1.01361
31	149	1.03236
31	150	1.01435
31	175	2.3693
31	180	1.35744
32	9	1.09708
32	22	1.07027
32	23	1.06028
32	29	1.04125
32	37	0.926779
32	42	1.45146
32	46	1.00155
32	50	1.01512
32	72	0.975747
32	76	0.975877
32	102	1.05383
32	113	1.66055
32	139	0.994029
32	176	1.65579
33	5	1.03546
33	6	1.02419
33	16	0.865731
33	18	0.863794
33	43	0.93631
33	47	0.927175
33	57	0.915238
33	63	1.0154
33	73	0.887905
33	75	0.977479
33	134	0.921707
33	156	1.8498
33	171	2.37693
33	174	0.830222
34	12	1.83514
34	13	1.09148
34	45	1.01034
34	52	1.00237
34	70	1.06966
34	87	1.02722
34	91	1.01258
34	93	1.0124
34	118	1.31619
34	130	1.01284
34	137	0.92994
34	139	0.991024
34	149	1.00977
34	150	0.991755
35	10	1.10029
35	15	1.10645
35	27	0.981308
35	53	1.00524
35	61	1.00494
35	64	1.00474
35	77	1.0713
35	125	0.979747
35	129	1.02742
35	137	1.55464
35	149	1.58064
35	150	1.77159
35	176	0.999052
35	178	0.929437
36	100	1.01171
36	101	0.999537
36	103	1.05462
36	104	0.999096
36	106	1.04365
36	109	1.02974
36	111	1.02994
36	112	1.03016
36	115	1.03039
36	152	1.03153
36	153	0.980595
36	170	0.92446
36	179	2.79435
36	180	1.23713
37	1	0.980226
37	9	0.995877
37	22	0.969063
37	23	0.959071
37	29	0.940041
37	32	0.926779
37	50	0.913913
37	72	0.874542
37	76	0.874672
37	95	0.921276
37	102	0.952627
37	139	0.892824
37	149	1.48884
37	158	2.84542
38	25	0.915747
38	48	0.952501
38	55	0.943986
38	58	0.943258
38	66	0.948447
38	69	0.915265
38	80	0.988787
38	81	0.970843
38	94	0.94632
38	99	0.9312
38	122	1.13579
38	127	0.936473
38	141	0.833334
38	174	3.1278
39	3	1.08715
39	17	1.05258
39	44	1.00189
39	62	0.989136
39	74	1.06435
39	90	1.00344
39	96	0.991423
39	97	0.977361
39	98	1.03646
39	122	1.38017
39	130	1.00744
39	144	1.18742
39	152	1.0063
39	163	2.30837
40	31	1.06538
40	45	1.03116
40	52	1.02318
40	87	1.04804
40	91	1.0334
40	93	1.03321
40	113	0.768482
40	114	0.976733
40	130	1.03366
40	132	0.945014
40	149	1.03059
40	150	1.01257
40	169	1.49904
40	174	2.70845
41	14	0.832264
41	49	1.92658
41	105	0.858835
41	123	0.911922
41	145	0.912626
41	146	0.912311
41	150	0.909255
41	164	0.865146
41	166	0.821939
41	172	0.851439
41	177	0.833409
41	179	0.838086
41	180	0.860268
42	32	1.45146
42	71	0.979626
42	87	0.932554
42	118	0.957617
42	135	0.908332
42	144	1.00036
42	146	0.946477
42	154	0.918949
42	157	0.953085
42	158	0.881955
42	162	0.858376
42	167	0.901169
42	176	0.944998
42	179	0.872251
42	180	0.894434
43	8	0.952602
43	16	0.951934
43	21	1.05116
43	33	0.93631
43	47	1.01338
43	57	1.00144
43	63	1.10161
43	73	0.974108
43	75	1.06368
43	95	1.01975
43	134	1.00791
43	157	0.951606
43	172	1.7379
43	174	0.916425
43	179	2.72487
44	17	1.0433
44	28	1.05096
44	39	1.00189
44	51	1.0065
44	74	1.05506
44	82	0.956263
44	85	0.938571
44	90	0.994155
44	96	0.982138
44	97	0.968077
44	98	1.02718
44	124	0.881074
44	132	2.7328
44	146	1.4576
44	152	0.99702
45	19	0.935707
45	31	1.03293
45	34	1.01034
45	40	1.03116
45	52	0.990731
45	70	1.05803
45	89	1.04535
45	91	1.00095
45	93	1.00076
45	130	1.00121
45	139	0.97939
45	149	0.998137
45	150	0.980121
45	170	2.4052
45	177	2.40824
46	1	1.055
46	9	1.07065
46	11	0.936609
46	22	1.04383
46	29	1.01481
46	32	1.00155
46	50	0.988682
46	72	0.949311
46	76	0.949442
46	95	0.996045
46	102	1.0274
46	107	1.56335
46	139	0.967593
46	143	1.4631
46	176	1.81898
47	5	1.11253
47	8	0.943468
47	18	0.940863
47	21	1.04202
47	33	0.927175
47	43	1.01338
47	57	0.992306
47	63	1.09247
47	73	0.964973
47	75	1.05455
47	114	1.2378
47	120	0.862925
47	134	0.998776
47	174	0.907291
47	177	3.0484
48	24	0.972102
48	25	0.97748
48	30	0.946927
48	38	0.952501
48	55	1.00572
48	56	1.08733
48	58	1.00499
48	60	0.98973
48	80	1.05052
48	81	1.03258
48	83	1.15203
48	94	1.00805
48	99	0.992933
48	119	1.97139
48	153	1.94099
49	41	1.92658
49	67	1.00771
49	100	0.993899
49	101	0.981729
49	103	1.03681
49	104	0.981288
49	106	1.02584
49	109	1.01193
49	111	1.01213
49	112	1.01236
49	115	1.01258
49	143	1.01329
49	145	1.36888
49	152	1.01372
49	170	0.906652
50	1	1.06857
50	11	0.950179
50	22	1.0574
50	23	1.04741
50	32	1.01512
50	37	0.913913
50	46	0.988682
50	72	0.962881
50	76	0.963012
50	95	1.00961
50	102	1.04097
50	139	0.981163
50	148	2.70699
50	150	0.870404
50	173	1.86875
51	4	0.984144
51	17	1.05719
51	44	1.0065
51	62	0.993746
51	82	0.970157
51	85	0.952465
51	90	1.00805
51	96	0.996032
51	97	0.981971
51	98	1.04107
51	113	1.00545
51	137	1.43106
51	138	1.68547
51	147	1.75865
51	152	1.01091
52	19	0.927734
52	34	1.00237
52	40	1.02318
52	45	0.990731
52	70	1.05005
52	84	1.32529
52	87	1.00761
52	91	0.992974
52	93	0.992788
52	108	1.47809
52	130	0.993234
52	132	0.90459
52	139	0.971416
52	147	2.16436
52	149	0.990163
52	150	0.972147
53	2	0.973738
53	10	1.07212
53	15	1.07828
53	27	0.953139
53	35	1.00524
53	61	0.976771
53	64	0.976575
53	77	1.04313
53	108	0.870574
53	125	0.951578
53	129	0.999249
53	131	0.90733
53	154	1.81706
53	165	2.53918
53	176	0.970883
53	178	0.901267
54	12	0.800129
54	105	0.798355
54	108	0.924789
54	121	0.776465
54	133	0.781669
54	142	0.802783
54	155	0.803853
54	161	0.776875
54	168	0.818956
54	174	0.773175
54	175	0.776078
54	176	0.850352
54	177	0.772929
54	178	0.780737
54	179	0.777606
54	180	0.799788
55	24	0.963587
55	25	0.968965
55	38	0.943986
55	48	1.00572
55	56	1.07882
55	60	0.981215
55	69	0.968483
55	81	1.02406
55	86	1.01838
55	94	0.999538
55	99	0.984418
55	126	1.05728
55	127	0.989691
55	141	0.886552
55	156	1.705
55	180	2.33973
56	20	1.11403
56	30	1.02003
56	48	1.08733
56	55	1.07882
56	60	1.06283
56	69	1.0501
56	81	1.10568
56	86	1.09999
56	94	1.08115
56	99	1.06603
56	120	1.06148
56	127	1.0713
56	131	1.99464
56	138	1.19985
56	141	0.968166
56	159	1.51852
57	6	1.08932
57	8	0.93153
57	16	0.930862
57	18	0.928925
57	21	1.03008
57	33	0.915238
57	43	1.00144
57	47	0.992306
57	63	1.08053
57	73	0.953036
57	75	1.04261
57	88	1.79977
57	95	0.998673
57	117	2.5756
57	125	0.969541
57	174	0.895353
58	20	1.03169
58	24	0.962859
58	25	0.968237
58	30	0.937683
58	38	0.943258
58	48	1.00499
58	66	1.00094
58	80	1.04128
58	81	1.02333
58	86	1.01765
58	92	0.981649
58	94	0.99881
58	99	0.98369
58	141	0.885824
58	165	2.07747
58	172	2.26589
59	67	0.989444
59	79	1.03281
59	100	0.975635
59	101	0.963465
59	103	1.01854
59	104	0.963024
59	106	1.00758
59	109	0.993668
59	111	0.99387
59	112	0.994092
59	115	0.994317
59	152	0.995457
59	156	1.27356
59	170	0.888388
59	173	2.88132
59	176	1.23124
60	20	1.01643
60	25	0.952976
60	48	0.98973
60	55	0.981215
60	56	1.06283
60	66	0.985676
60	69	0.952494
60	80	1.02602
60	81	1.00807
60	86	1.00239
60	94	0.983549
60	99	0.968429
60	138	1.24037
60	141	0.870563
60	144	0.996975
60	161	3.05589
61	2	0.973435
61	10	1.07181
61	15	1.07798
61	27	0.952836
61	35	1.00494
61	53	0.976771
61	64	0.976273
61	77	1.04283
61	105	2.79546
61	125	0.951275
61	126	0.713302
61	129	0.998946
61	131	0.907027
61	153	1.73922
61	176	0.97058
61	178	0.900965
62	3	1.06512
62	4	0.957499
62	39	0.989136
62	51	0.993746
62	74	1.04231
62	82	0.943512
62	85	0.925819
62	96	0.969387
62	97	0.955326
62	98	1.01442
62	113	0.978805
62	130	0.985406
62	142	2.63726
62	144	1.20617
62	152	0.984269
62	176	1.4462
63	8	1.0317
63	16	1.03103
63	18	1.02909
63	21	1.13025
63	33	1.0154
63	43	1.10161
63	47	1.09247
63	57	1.08053
63	73	1.0532
63	75	1.14278
63	116	2.08626
63	134	1.087
63	145	0.802406
63	149	0.861898
63	174	0.995518
63	179	2.56731
64	2	0.97324
64	10	1.07162
64	15	1.07779
64	27	0.952641
64	35	1.00474
64	53	0.976575
64	61	0.976273
64	77	1.04264
64	108	1.11937
64	125	0.95108
64	129	0.998751
64	131	0.906831
64	140	1.82072
64	160	2.05107
64	176	0.970385
64	178	0.900769
65	93	1.17701
65	94	0.738802
65	114	0.91103
65	140	0.921471
65	144	1.00381
65	153	0.934559
65	157	0.956533
65	160	0.931024
65	163	0.895889
65	167	0.904617
65	171	0.912487
65	172	0.889053
65	174	0.871268
65	175	0.874172
65	179	0.875699
65	180	0.897882
66	25	0.973426
66	30	0.942873
66	38	0.948447
66	58	1.00094
66	60	0.985676
66	69	0.972945
66	80	1.04647
66	81	1.02852
66	86	1.02284
66	94	1.004
66	99	0.98888
66	113	1.70918
66	122	1.65714
66	125	1.90452
66	127	0.994152
66	141	0.891014
67	49	1.00771
67	59	0.989444
67	100	0.975602
67	101	0.963432
67	103	1.01851
67	104	0.962991
67	106	1.00755
67	109	0.993635
67	111	0.993837
67	112	0.994059
67	115	0.994285
67	152	0.995424
67	168	1.87385
67	170	0.888355
67	174	2.75787
67	176	0.813139
68	26	0.961556
68	94	0.904709
68	114	0.903345
68	122	0.939998
68	134	1.16035
68	140	0.913786
68	143	0.995801
68	148	0.867803
68	153	0.926875
68	157	0.948848
68	162	0.854139
68	163	0.888204
68	164	0.895074
68	172	0.881368
68	173	0.873644
68	177	0.863338
68	180	0.890197
69	20	1.0037
69	25	0.940244
69	30	0.909691
69	38	0.915265
69	55	0.968483
69	56	1.0501
69	60	0.952494
69	66	0.972945
69	80	1.01328
69	81	0.995341
69	86	0.989656
69	94	0.970817
69	99	0.955697
69	127	0.96097
69	140	1.94406
69	146	1.78968
69	151	1.54171
70	13	1.13916
70	19	0.995031
70	34	1.06966
70	45	1.05803
70	52	1.05005
70	87	1.07491
70	91	1.06027
70	93	1.06009
70	114	1.00361
70	123	1.48562
70	132	0.971887
70	136	0.903769
70	139	1.03871
70	149	1.05746
70	150	1.03944
70	160	1.40384
70	167	2.38301
71	24	1.1675
71	42	0.979626
71	83	1.02739
71	97	1.06723
71	126	1.05837
71	130	0.488948
71	137	1.03907
71	147	0.983243
71	151	0.996461
71	155	0.952821
71	159	0.963758
71	166	0.910427
71	167	0.955491
71	172	0.939927
71	173	0.932203
71	179	0.926573
71	180	0.948756
72	1	1.02919
72	9	1.04485
72	11	0.910808
72	22	1.01803
72	23	1.00804
72	29	0.989009
72	32	0.975747
72	37	0.874542
72	46	0.949311
72	50	0.962881
72	76	0.923641
72	95	0.970244
72	102	1.0016
72	139	0.941792
72	143	1.18635
72	159	1.86427
72	180	2.21929
73	5	1.07325
73	6	1.06199
73	16	0.903529
73	18	0.901592
73	21	1.00275
73	33	0.887905
73	43	0.974108
73	47	0.964973
73	57	0.953036
73	63	1.0532
73	75	1.01528
73	95	0.97134
73	134	0.959506
73	154	1.54213
73	164	2.23988
73	171	1.77482
73	174	0.86802
74	39	1.06435
74	44	1.05506
74	62	1.04231
74	82	1.01872
74	85	1.00103
74	90	1.05661
74	92	1.03125
74	96	1.0446
74	97	1.03054
74	98	1.08963
74	113	1.05402
74	118	1.14415
74	130	1.06062
74	143	0.653064
74	152	1.05948
74	168	2.06966
74	178	2.27156
75	6	1.15157
75	8	0.993771
75	18	0.991166
75	21	1.09232
75	33	0.977479
75	43	1.06368
75	47	1.05455
75	57	1.04261
75	63	1.14278
75	73	1.01528
75	95	1.06091
75	120	1.00271
75	134	1.04908
75	142	1.29955
75	155	1.66651
75	174	0.957594
75	177	2.36847
76	1	1.02932
76	9	1.04498
76	11	0.910938
76	22	1.01816
76	23	1.00817
76	29	0.989139
76	32	0.975877
76	37	0.874672
76	46	0.949442
76	50	0.963012
76	72	0.923641
76	95	0.970374
76	102	1.00173
76	139	0.941923
76	148	2.1877
76	166	2.79763
76	167	1.00052
77	2	1.0398
77	10	1.13818
77	15	1.14434
77	27	1.0192
77	35	1.0713
77	53	1.04313
77	61	1.04283
77	64	1.04264
77	125	1.01764
77	129	1.06531
77	131	0.973389
77	132	1.28042
77	143	1.26078
77	170	2.32491
77	176	1.03694
77	178	0.967327
77	179	2.30224
78	2	2.14467
78	105	0.904201
78	115	0.544299
78	117	0.906535
78	123	0.957288
78	132	0.887063
78	143	1.01124
78	158	0.893155
78	161	0.882721
78	164	0.910512
78	165	0.911097
78	166	0.867305
78	171	0.920239
78	175	0.881924
78	177	0.878775
78	179	0.883452
78	180	0.905634
79	59	1.03281
79	100	1.01897
79	101	1.0068
79	103	1.06188
79	104	1.00636
79	106	1.05092
79	109	1.037
79	111	1.03721
79	112	1.03743
79	115	1.03765
79	129	1.04879
79	134	1.03473
79	136	1.14169
79	152	1.03879
79	166	2.89634
79	168	0.858798
79	170	0.931725
79	179	2.03235
80	20	1.07722
80	30	0.983213
80	38	0.988787
80	48	1.05052
80	58	1.04128
80	60	1.02602
80	66	1.04647
80	69	1.01328
80	81	1.06886
80	86	1.06318
80	88	2.00023
80	94	1.04434
80	99	1.02922
80	123	1.37364
80	127	1.03449
80	137	0.718848
80	141	0.931354
80	178	2.23251
81	20	1.05927
81	25	0.995823
81	38	0.970843
81	48	1.03258
81	55	1.02406
81	56	1.10568
81	58	1.02333
81	60	1.00807
81	66	1.02852
81	69	0.995341
81	80	1.06886
81	86	1.04523
81	94	1.0264
81	99	1.01128
81	123	1.8566
81	140	1.54448
81	147	1.5294
81	151	1.14212
82	3	1.04153
82	4	0.93391
82	44	0.956263
82	51	0.970157
82	62	0.943512
82	74	1.01872
82	85	0.902231
82	90	0.957815
82	92	0.932449
82	96	0.945799
82	97	0.931737
82	98	0.990835
82	110	2.09678
82	113	0.955217
82	130	0.961818
82	136	0.966513
82	141	3.03058
82	152	0.96068
83	4	1.77849
83	10	0.669485
83	48	1.15203
83	71	1.02739
83	126	1.05182
83	148	0.919808
83	153	0.97888
83	154	0.966718
83	156	1.00695
83	158	0.929723
83	159	0.957204
83	165	0.947665
83	171	0.956807
83	172	0.933373
83	173	0.925649
83	174	0.915589
83	179	0.92002
83	180	0.942202
84	52	1.32529
84	95	0.958156
84	103	0.276595
84	118	1.01093
84	132	0.929174
84	143	1.05335
84	148	0.925351
84	154	0.97226
84	158	0.935266
84	161	0.924832
84	162	0.911687
84	168	0.966913
84	169	0.963303
84	172	0.938916
84	173	0.931192
84	175	0.924035
84	177	0.920886
84	179	0.925562
84	180	0.947745
85	3	1.02384
85	4	0.916217
85	14	1.59017
85	17	0.989264
85	28	0.996923
85	44	0.938571
85	51	0.952465
85	62	0.925819
85	74	1.00103
85	82	0.902231
85	90	0.940122
85	92	0.914756
85	96	0.928106
85	97	0.914044
85	98	0.973142
85	130	0.944125
85	152	0.942988
85	160	1.09425
85	162	3.11552
86	20	1.05359
86	24	0.98476
86	30	0.959585
86	55	1.01838
86	56	1.09999
86	58	1.01765
86	60	1.00239
86	66	1.02284
86	69	0.989656
86	80	1.06318
86	81	1.04523
86	94	1.02071
86	99	1.00559
86	127	1.01086
86	132	2.18678
86	141	0.907726
86	146	0.911577
86	156	1.01666
86	173	2.62442
87	13	1.09672
87	19	0.952591
87	31	1.04981
87	34	1.02722
87	40	1.04804
87	42	0.932554
87	52	1.00761
87	70	1.07491
87	91	1.01783
87	93	1.01765
87	114	0.961166
87	130	1.01809
87	131	1.93505
87	132	0.929447
87	135	2.02289
87	139	0.996273
87	144	0.896858
87	149	1.01502
87	150	0.997004
88	57	1.79977
88	80	2.00023
88	122	0.921433
88	133	0.853513
88	136	0.978936
88	138	0.950487
88	149	0.938635
88	153	0.90831
88	157	0.930283
88	159	0.886634
88	160	0.904775
88	163	0.869639
88	165	0.877096
88	167	0.878368
88	168	0.890801
88	175	0.847922
88	177	0.844773
88	179	0.84945
88	180	0.871633
89	12	0.915024
89	45	1.04535
89	91	1.18401
89	105	0.913249
89	109	0.539739
89	124	1.04082
89	144	1.02061
89	145	0.967041
89	147	0.949169
89	153	0.95136
89	156	0.979432
89	160	0.947825
89	162	0.878625
89	163	0.91269
89	167	0.921418
89	168	0.933851
89	175	0.890973
89	176	0.965247
89	179	0.8925
89	180	0.914683
90	3	1.07942
90	4	0.971802
90	17	1.04485
90	39	1.00344
90	44	0.994155
90	51	1.00805
90	74	1.05661
90	82	0.957815
90	85	0.940122
90	92	0.970341
90	96	0.98369
90	97	0.969629
90	98	1.02873
90	113	0.993108
90	130	0.999709
90	147	1.24104
90	149	0.939457
90	152	0.998572
90	171	1.73395
90	175	2.8534
91	13	1.08208
91	19	0.93795
91	31	1.03517
91	34	1.01258
91	40	1.0334
91	45	1.00095
91	52	0.992974
91	70	1.06027
91	87	1.01783
91	89	1.18401
91	93	1.003
91	114	0.946525
91	127	1.32339
91	130	1.00345
91	132	0.914806
91	139	0.981632
91	149	1.00038
91	150	0.982364
91	151	1.31025
91	160	1.94295
92	23	1.37573
92	58	0.981649
92	74	1.03125
92	82	0.932449
92	85	0.914756
92	90	0.970341
92	96	0.958324
92	97	0.944262
92	103	1.00218
92	110	0.886023
92	130	0.974343
92	133	0.88615
92	144	1.01019
92	152	0.973206
92	156	0.969019
92	157	0.96292
92	158	0.89179
92	161	0.881356
92	167	0.911004
92	180	0.904269
93	13	1.0819
93	19	0.937764
93	31	1.03499
93	34	1.0124
93	40	1.03321
93	45	1.00076
93	52	0.992788
93	65	1.17701
93	70	1.06009
93	87	1.01765
93	91	1.003
93	114	0.946339
93	126	0.620325
93	128	1.97524
93	130	1.00326
93	132	0.91462
93	139	0.981446
93	149	1.00019
93	150	0.982178
93	163	2.10665
94	20	1.03475
94	24	0.965921
94	30	0.940746
94	38	0.94632
94	48	1.00805
94	55	0.999538
94	56	1.08115
94	58	0.99881
94	60	0.983549
94	65	0.738802
94	66	1.004
94	68	0.904709
94	69	0.970817
94	80	1.04434
94	81	1.0264
94	86	1.02071
94	99	0.986753
94	127	0.992025
94	160	1.10949
94	175	2.47642
95	1	1.07593
95	6	1.10763
95	18	0.947229
95	29	1.03574
95	37	0.921276
95	43	1.01975
95	46	0.996045
95	50	1.00961
95	57	0.998673
95	72	0.970244
95	73	0.97134
95	75	1.06091
95	76	0.970374
95	84	0.958156
95	126	1.11528
95	134	1.00514
95	139	0.988526
95	145	2.19005
95	150	1.68659
95	174	0.913657
96	3	1.0674
96	4	0.959785
96	17	1.03283
96	39	0.991423
96	44	0.982138
96	51	0.996032
96	62	0.969387
96	74	1.0446
96	82	0.945799
96	85	0.928106
96	90	0.98369
96	92	0.958324
96	97	0.957612
96	98	1.01671
96	108	0.869543
96	113	0.981092
96	130	0.987693
96	145	1.94864
96	146	1.41651
96	152	0.986555
96	172	2.72656
97	3	1.05334
97	4	0.945724
97	17	1.01877
97	28	1.02643
97	39	0.977361
97	44	0.968077
97	51	0.981971
97	62	0.955326
97	71	1.06723
97	74	1.03054
97	82	0.931737
97	85	0.914044
97	90	0.969629
97	92	0.944262
97	96	0.957612
97	98	1.00265
97	113	0.96703
97	124	1.50874
97	127	1.85044
97	130	0.973631
97	151	1.8373
97	152	0.972494
98	3	1.11244
98	4	1.00482
98	17	1.07787
98	28	1.08553
98	39	1.03646
98	44	1.02718
98	51	1.04107
98	62	1.01442
98	74	1.08963
98	82	0.990835
98	85	0.973142
98	90	1.02873
98	96	1.01671
98	97	1.00265
98	113	1.02613
98	130	1.03273
98	144	0.814688
98	152	1.03159
98	161	1.68002
98	162	2.8862
98	165	0.920018
98	174	1.80587
99	20	1.01963
99	24	0.950801
99	25	0.956179
99	26	0.616809
99	30	0.925626
99	38	0.9312
99	48	0.992933
99	55	0.984418
99	56	1.06603
99	58	0.98369
99	60	0.968429
99	66	0.98888
99	69	0.955697
99	80	1.02922
99	81	1.01128
99	86	1.00559
99	94	0.986753
99	127	0.976905
99	141	0.873767
99	156	1.16871
99	159	1.44843
99	170	3.38333
100	7	0.956954
100	36	1.01171
100	49	0.993899
100	59	0.975635
100	67	0.975602
100	79	1.01897
100	101	0.949623
100	103	1.0047
100	104	0.949182
100	106	0.993737
100	109	0.979826
100	111	0.980028
100	112	0.98025
100	115	0.980476
100	118	1.62776
100	127	1.19497
100	129	0.991609
100	134	0.977551
100	152	0.981615
100	170	0.874546
100	171	2.06201
100	180	2.16961
101	7	0.944784
101	36	0.999537
101	49	0.981729
101	59	0.963465
101	67	0.963432
101	79	1.0068
101	100	0.949623
101	102	1.00857
101	103	0.992532
101	104	0.937012
101	106	0.981567
101	107	1.2208
101	109	0.967656
101	111	0.967858
101	112	0.96808
101	115	0.968305
101	129	0.979439
101	134	0.965381
101	152	0.969445
101	159	1.79846
101	160	1.7984
101	170	0.862376
101	180	2.15348
102	11	0.988893
102	29	1.06709
102	32	1.05383
102	37	0.952627
102	46	1.0274
102	50	1.04097
102	72	1.0016
102	76	1.00173
102	101	1.00857
102	103	1.06365
102	104	1.00813
102	106	1.05268
102	109	1.03877
102	111	1.03897
102	112	1.03919
102	115	1.03942
102	127	0.901536
102	139	1.01988
102	140	1.29074
102	150	1.16503
102	167	2.50026
102	168	2.25983
102	170	0.93349
103	36	1.05462
103	49	1.03681
103	59	1.01854
103	67	1.01851
103	79	1.06188
103	84	0.276595
103	92	1.00218
103	100	1.0047
103	101	0.992532
103	102	1.06365
103	104	0.992091
103	106	1.03665
103	109	1.02273
103	111	1.02294
103	112	1.02316
103	115	1.02338
103	125	1.23923
103	128	1.78864
103	129	1.03452
103	134	1.02046
103	152	1.02452
103	170	0.917455
103	178	2.30174
104	7	0.944343
104	36	0.999096
104	49	0.981288
104	59	0.963024
104	67	0.962991
104	79	1.00636
104	100	0.949182
104	101	0.937012
104	102	1.00813
104	103	0.992091
104	106	0.981126
104	109	0.967215
104	111	0.967417
104	112	0.967639
104	115	0.967864
104	129	0.978998
104	134	0.96494
104	152	0.969004
104	157	1.41191
104	158	2.08244
104	164	1.98542
104	170	0.861935
104	172	2.1982
105	20	2.00454
105	41	0.858835
105	54	0.798355
105	61	2.79546
105	78	0.904201
105	89	0.913249
105	121	0.838806
105	122	0.911931
105	128	0.86126
105	142	0.865124
105	144	0.968056
105	154	0.886646
105	155	0.866195
105	156	0.92688
105	159	0.877132
105	164	0.867008
105	166	0.823801
105	167	0.868865
105	171	0.876735
105	173	0.845577
105	174	0.835517
105	176	0.912694
105	179	0.839947
105	180	0.86213
106	7	0.988898
106	36	1.04365
106	49	1.02584
106	59	1.00758
106	67	1.00755
106	79	1.05092
106	100	0.993737
106	101	0.981567
106	102	1.05268
106	103	1.03665
106	104	0.981126
106	109	1.01177
106	111	1.01197
106	112	1.01219
106	115	1.01242
106	119	1.27582
106	129	1.02355
106	133	3.49764
106	134	1.00949
106	152	1.01356
106	169	1.56022
106	170	0.90649
106	171	1.39436
106	176	0.824905
107	17	1.08222
107	46	1.56335
107	101	1.2208
107	115	0.2226
107	120	1.06452
107	121	0.935894
107	128	0.958347
107	142	0.962212
107	148	0.936824
107	154	0.983733
107	157	1.01787
107	158	0.946739
107	160	0.99236
107	161	0.936304
107	163	0.957224
107	166	0.920888
107	167	0.965953
107	169	0.974776
107	173	0.942664
107	175	0.935507
107	177	0.932358
107	178	0.940166
107	179	0.937035
107	180	0.959218
108	52	1.47809
108	53	0.870574
108	54	0.924789
108	64	1.11937
108	96	0.869543
108	127	1.04787
108	133	0.970446
108	137	1.07888
108	138	1.06742
108	140	1.01215
108	143	1.09417
108	146	1.04061
108	148	0.966171
108	152	0.518148
108	154	1.01308
108	157	1.04722
108	161	0.965651
108	162	0.952506
108	164	0.993442
108	169	1.00412
108	170	0.950432
108	173	0.972012
108	175	0.964854
108	179	0.966382
108	180	0.988565
109	7	0.974987
109	28	1.05358
109	36	1.02974
109	49	1.01193
109	59	0.993668
109	67	0.993635
109	79	1.037
109	89	0.539739
109	100	0.979826
109	101	0.967656
109	102	1.03877
109	103	1.02273
109	104	0.967215
109	106	1.01177
109	111	0.998061
109	112	0.998283
109	115	0.998508
109	118	1.11191
109	129	1.00964
109	134	0.995583
109	146	0.913948
109	152	0.999648
109	164	2.01122
109	170	0.892579
109	177	3.23669
110	28	2.70322
110	82	2.09678
110	92	0.886023
110	113	0.908791
110	119	0.877024
110	124	0.971457
110	126	0.954932
110	145	0.897675
110	151	0.893023
110	153	0.881995
110	155	0.849383
110	156	0.910067
110	157	0.903969
110	162	0.80926
110	164	0.850195
110	166	0.806989
110	167	0.852053
110	169	0.860876
110	171	0.859922
110	172	0.836489
110	176	0.895882
110	177	0.818459
110	179	0.823135
110	180	0.845318
111	7	0.975189
111	28	1.05379
111	36	1.02994
111	49	1.01213
111	59	0.99387
111	67	0.993837
111	79	1.03721
111	100	0.980028
111	101	0.967858
111	102	1.03897
111	103	1.02294
111	104	0.967417
111	106	1.01197
111	109	0.998061
111	112	0.998485
111	115	0.998711
111	126	1.0206
111	129	1.00984
111	134	0.995786
111	150	1.06833
111	152	0.99985
111	165	2.1613
111	170	0.892781
111	175	2.79133
111	180	1.77947
112	7	0.975411
112	28	1.05401
112	36	1.03016
112	49	1.01236
112	59	0.994092
112	67	0.994059
112	79	1.03743
112	100	0.98025
112	101	0.96808
112	102	1.03919
112	103	1.02316
112	104	0.967639
112	106	1.01219
112	109	0.998283
112	111	0.998485
112	115	0.998932
112	129	1.01007
112	134	0.996008
112	144	1.26578
112	149	1.28077
112	152	1.00007
112	153	1.92632
112	154	1.84257
112	169	2.24112
112	170	0.893003
113	4	0.969203
113	22	0.861785
113	32	1.66055
113	40	0.768482
113	51	1.00545
113	62	0.978805
113	66	1.70918
113	74	1.05402
113	82	0.955217
113	90	0.993108
113	96	0.981092
113	97	0.96703
113	98	1.02613
113	110	0.908791
113	152	0.995973
113	162	0.890979
113	165	0.9325
113	166	0.888708
113	170	0.888904
113	173	0.910484
113	175	0.903327
113	176	0.977601
113	177	0.900178
113	179	0.904854
113	180	0.927037
114	40	0.976733
114	47	1.2378
114	65	0.91103
114	68	0.903345
114	70	1.00361
114	87	0.961166
114	91	0.946525
114	93	0.946339
114	115	0.927611
114	129	1.4226
114	130	0.946786
114	132	0.858141
114	135	0.89061
114	139	0.924967
114	149	0.943715
114	150	0.925699
114	155	0.880777
114	158	0.864233
114	162	0.840654
114	167	0.883447
114	169	0.89227
114	171	0.891317
114	175	0.853002
114	179	0.854529
114	180	0.876712
115	7	0.975636
115	28	1.05423
115	36	1.03039
115	49	1.01258
115	59	0.994317
115	67	0.994285
115	78	0.544299
115	79	1.03765
115	100	0.980476
115	101	0.968305
115	102	1.03942
115	103	1.02338
115	104	0.967864
115	106	1.01242
115	107	0.2226
115	109	0.998508
115	111	0.998711
115	112	0.998932
115	114	0.927611
115	129	1.01029
115	134	0.996233
115	152	1.0003
115	170	0.893228
115	173	2.12831
115	177	2.73821
116	19	2.91374
116	26	0.93388
116	63	2.08626
116	122	0.912321
116	128	0.86165
116	136	0.969824
116	141	0.818689
116	142	0.865515
116	146	0.914564
116	148	0.840127
116	155	0.866586
116	156	0.92727
116	159	0.877523
116	161	0.839607
116	162	0.826463
116	163	0.860527
116	164	0.867398
116	168	0.881689
116	169	0.878079
116	173	0.845968
116	175	0.83881
116	177	0.835662
116	178	0.843469
116	179	0.840338
116	180	0.862521
117	10	2.6244
117	57	2.5756
117	78	0.906535
117	119	0.896171
117	123	0.916118
117	128	0.863594
117	142	0.867459
117	145	0.916822
117	148	0.842071
117	151	0.91217
117	153	0.901142
117	158	0.851986
117	161	0.841551
117	162	0.828407
117	164	0.869342
117	166	0.826136
117	168	0.883633
117	170	0.826332
117	172	0.855636
117	173	0.847912
117	175	0.840754
117	176	0.915029
117	177	0.837606
117	178	0.845413
117	179	0.842282
117	180	0.864465
118	34	1.31619
118	42	0.957617
118	74	1.14415
118	84	1.01093
118	100	1.62776
118	109	1.11191
118	123	0.9784
118	144	1.03267
118	145	0.979105
118	153	0.963424
118	154	0.951262
118	160	0.959889
118	162	0.890689
118	163	0.924754
118	164	0.931624
118	165	0.93221
118	166	0.888418
118	167	0.933482
118	168	0.945915
118	169	0.942305
118	172	0.917918
118	173	0.910194
118	176	0.977311
118	177	0.899888
118	178	0.907696
118	180	0.926747
119	48	1.97139
119	106	1.27582
119	110	0.877024
119	117	0.896171
119	132	0.876699
119	133	0.877151
119	139	1.19552
119	143	1.00087
119	147	0.929756
119	149	0.962272
119	151	0.942974
119	155	0.899335
119	157	0.953921
119	158	0.882791
119	159	0.910272
119	162	0.859212
119	164	0.900147
119	165	0.900733
119	168	0.914438
119	169	0.910828
119	170	0.857137
119	171	0.909874
119	177	0.868411
119	178	0.876218
119	179	0.873087
119	180	0.89527
120	9	1.09499
120	14	0.940865
120	47	0.862925
120	56	1.06148
120	75	1.00271
120	107	1.06452
120	121	0.945546
120	130	0.87277
120	141	0.925038
120	142	0.971864
120	146	1.02091
120	147	1.00336
120	148	0.946475
120	149	1.03587
120	153	1.00555
120	157	1.02752
120	161	0.945956
120	162	0.932811
120	163	0.966876
120	165	0.974332
120	168	0.988038
120	171	0.983474
120	173	0.952316
120	175	0.945159
120	177	0.94201
120	178	0.949818
120	179	0.946687
120	180	0.968869
121	27	2.93859
121	54	0.776465
121	105	0.838806
121	107	0.935894
121	120	0.945546
121	132	0.821669
121	136	0.947544
121	143	0.945844
121	146	0.892283
121	147	0.874727
121	148	0.817846
121	152	1.95858
121	153	0.876918
121	154	0.864756
121	156	0.90499
121	157	0.898891
121	158	0.827761
121	159	0.855242
121	160	0.873383
121	161	0.817327
121	163	0.838247
121	164	0.845118
121	167	0.846975
121	171	0.854845
121	175	0.81653
121	177	0.813381
121	179	0.818058
121	180	0.84024
122	38	1.13579
122	39	1.38017
122	66	1.65714
122	68	0.939998
122	88	0.921433
122	105	0.911931
122	116	0.912321
122	123	0.965018
122	129	0.925944
122	131	0.900375
122	133	0.895245
122	145	0.965722
122	149	0.980367
122	153	0.950042
122	154	0.93788
122	156	0.978114
122	157	0.972015
122	159	0.928366
122	160	0.946507
122	163	0.911371
122	164	0.918242
122	166	0.875035
122	171	0.927969
122	173	0.896811
122	175	0.889654
122	176	0.963929
122	177	0.886505
122	179	0.891182
122	180	0.913365
123	26	0.986576
123	31	1.08414
123	41	0.911922
123	70	1.48562
123	78	0.957288
123	80	1.37364
123	81	1.8566
123	117	0.916118
123	118	0.9784
123	122	0.965018
123	128	0.914347
123	133	0.897098
123	145	0.967575
123	146	0.96726
123	147	0.949704
123	151	0.962922
123	155	0.919282
123	161	0.892304
123	162	0.879159
123	163	0.913224
123	167	0.921952
123	168	0.934385
123	169	0.930775
123	171	0.929822
123	172	0.906388
123	173	0.898664
123	177	0.888358
123	179	0.893034
123	180	0.915217
124	14	0.961699
124	20	0.735277
124	21	0.685063
124	27	0.910027
124	44	0.881074
124	89	1.04082
124	97	1.50874
124	110	0.971457
124	126	1.09932
124	134	0.403868
124	137	1.08001
124	140	1.01329
124	143	1.09531
124	146	1.04175
124	151	1.03741
124	154	1.01422
124	158	0.977224
124	159	1.0047
124	161	0.966789
124	163	0.98771
124	165	0.995166
124	168	1.00887
124	171	1.00431
124	175	0.965992
124	176	1.04027
124	177	0.962844
124	178	0.970652
124	179	0.96752
124	180	0.989703
125	2	0.948243
125	15	1.05279
125	18	1.68671
125	27	0.927644
125	35	0.979747
125	53	0.951578
125	57	0.969541
125	61	0.951275
125	64	0.95108
125	66	1.90452
125	77	1.01764
125	103	1.23923
125	129	0.973754
125	131	0.881834
125	135	0.908722
125	142	0.897818
125	153	0.931501
125	156	0.959573
125	159	0.909825
125	160	0.927966
125	171	0.909428
125	172	0.885994
125	173	0.87827
125	175	0.871113
125	176	0.945387
125	177	0.867964
125	178	0.875772
125	179	0.872641
125	180	0.894823
126	2	1.4732
126	26	1.04454
126	55	1.05728
126	61	0.713302
126	71	1.05837
126	83	1.05182
126	93	0.620325
126	95	1.11528
126	110	0.954932
126	111	1.0206
126	124	1.09932
126	131	0.960189
126	136	1.08048
126	137	1.06349
126	149	1.04018
126	151	1.02088
126	154	0.997694
126	155	0.977243
126	160	1.00632
126	161	0.950265
126	163	0.971185
126	168	0.992347
126	172	0.96435
126	173	0.956625
126	175	0.949468
126	176	1.02374
126	177	0.946319
126	178	0.954127
126	179	0.950996
126	180	0.973179
127	6	0.729656
127	24	0.956074
127	30	0.930898
127	38	0.936473
127	55	0.989691
127	56	1.0713
127	66	0.994152
127	69	0.96097
127	80	1.03449
127	86	1.01086
127	91	1.32339
127	94	0.992025
127	97	1.85044
127	99	0.976905
127	100	1.19497
127	102	0.901536
127	108	1.04787
127	132	0.9043
127	140	0.94646
127	141	0.879039
127	153	0.959548
127	154	0.947386
127	157	0.981522
127	160	0.956013
127	161	0.899957
127	169	0.938429
127	171	0.937475
127	172	0.914042
127	177	0.896012
127	180	0.922871
128	18	2.23612
128	93	1.97524
128	103	1.78864
128	105	0.86126
128	107	0.958347
128	116	0.86165
128	117	0.863594
128	123	0.914347
128	135	0.876592
128	142	0.865688
128	143	0.968297
128	144	0.968619
128	145	0.915051
128	147	0.89718
128	150	0.91168
128	151	0.910398
128	154	0.887209
128	155	0.866758
128	156	0.927443
128	157	0.921344
128	160	0.895836
128	162	0.826635
128	163	0.8607
128	167	0.869429
128	168	0.881862
128	169	0.878252
128	172	0.853865
128	173	0.84614
128	175	0.838983
128	180	0.862694
129	2	0.995914
129	10	1.09429
129	27	0.975315
129	35	1.02742
129	53	0.999249
129	61	0.998946
129	64	0.998751
129	77	1.06531
129	79	1.04879
129	100	0.991609
129	101	0.979439
129	103	1.03452
129	104	0.978998
129	106	1.02355
129	109	1.00964
129	111	1.00984
129	112	1.01007
129	114	1.4226
129	115	1.01029
129	122	0.925944
129	125	0.973754
129	131	0.929505
129	137	0.722179
129	138	0.976584
129	143	0.617342
129	152	1.01143
129	162	3.99828
129	170	0.904361
129	176	0.993058
129	178	0.923443
130	17	1.04885
130	31	1.03543
130	34	1.01284
130	39	1.00744
130	40	1.03366
130	45	1.00121
130	52	0.993234
130	62	0.985406
130	71	0.488948
130	74	1.06062
130	82	0.961818
130	85	0.944125
130	87	1.01809
130	90	0.999709
130	91	1.00345
130	92	0.974343
130	93	1.00326
130	96	0.987693
130	97	0.973631
130	98	1.03273
130	114	0.946786
130	120	0.87277
130	136	0.829678
130	139	0.981893
130	149	1.00064
130	150	0.982624
130	152	1.00257
130	154	1.34454
130	164	2.04229
130	166	4.10603
131	2	0.903994
131	10	1.00237
131	15	1.00854
131	27	0.883395
131	53	0.90733
131	56	1.99464
131	61	0.907027
131	64	0.906831
131	77	0.973389
131	87	1.93505
131	122	0.900375
131	125	0.881834
131	126	0.960189
131	129	0.929505
131	133	0.832456
131	140	0.874164
131	144	0.9565
131	152	1.36747
131	155	0.85464
131	158	0.838096
131	162	0.814517
131	167	0.85731
131	168	0.869743
131	172	0.841746
131	173	0.834022
131	175	0.826864
131	176	0.901139
131	178	0.831523
131	179	0.828392
131	180	0.850575
132	13	0.9937
132	31	0.946789
132	40	0.945014
132	44	2.7328
132	52	0.90459
132	70	0.971887
132	77	1.28042
132	78	0.887063
132	84	0.929174
132	86	2.18678
132	87	0.929447
132	91	0.914806
132	93	0.91462
132	114	0.858141
132	119	0.876699
132	121	0.821669
132	127	0.9043
132	139	0.893248
132	148	0.822599
132	149	0.911996
132	150	0.89398
132	154	0.869508
132	155	0.849058
132	159	0.859995
132	164	0.84987
132	169	0.860551
132	171	0.859598
132	174	0.818379
132	177	0.818134
132	179	0.82281
132	180	0.844993
133	5	2.30236
133	54	0.781669
133	88	0.853513
133	92	0.88615
133	106	3.49764
133	108	0.970446
133	119	0.877151
133	122	0.895245
133	123	0.897098
133	131	0.832456
133	141	0.801613
133	151	0.89315
133	153	0.882122
133	156	0.910194
133	157	0.904096
133	160	0.878587
133	162	0.809387
133	163	0.843452
133	164	0.850322
133	165	0.850908
133	168	0.864613
133	169	0.861003
133	170	0.807312
133	171	0.86005
133	173	0.828892
133	177	0.818586
133	178	0.826394
133	179	0.823262
133	180	0.845445
134	5	1.10706
134	6	1.09579
134	8	0.938
134	16	0.937331
134	18	0.935395
134	33	0.921707
134	43	1.00791
134	47	0.998776
134	63	1.087
134	68	1.16035
134	73	0.959506
134	75	1.04908
134	79	1.03473
134	95	1.00514
134	100	0.977551
134	101	0.965381
134	103	1.02046
134	104	0.96494
134	106	1.00949
134	109	0.995583
134	111	0.995786
134	112	0.996008
134	115	0.996233
134	124	0.403868
134	135	1.92916
134	151	0.732426
134	152	0.997373
134	155	2.60118
134	165	2.10204
134	170	0.890303
134	174	0.901823
135	3	2.04795
135	42	0.908332
135	87	2.02289
135	114	0.89061
135	125	0.908722
135	128	0.876592
135	134	1.92916
135	136	0.984766
135	143	0.983066
135	144	0.983388
135	147	0.911949
135	148	0.855068
135	155	0.881527
135	158	0.864983
135	161	0.854549
135	163	0.875469
135	164	0.88234
135	165	0.882925
135	167	0.884197
135	168	0.89663
135	169	0.893021
135	170	0.83933
135	171	0.892067
135	172	0.868633
135	174	0.850849
135	175	0.853752
135	177	0.850603
135	178	0.858411
135	179	0.85528
135	180	0.877462
136	12	0.971209
136	23	1.23458
136	70	0.903769
136	79	1.14169
136	82	0.966513
136	88	0.978936
136	116	0.969824
136	121	0.947544
136	126	1.08048
136	130	0.829678
136	135	0.984766
136	139	0.566505
136	142	0.973862
136	143	1.07647
136	144	1.07679
136	145	1.02323
136	147	1.00535
136	148	0.948474
136	155	0.974932
136	156	1.03562
136	159	0.98587
136	160	1.00401
136	161	0.947954
136	162	0.934809
136	164	0.975745
136	166	0.932538
136	170	0.932735
136	171	0.985472
136	172	0.962039
136	175	0.947157
136	178	0.951816
136	180	0.970868
137	15	1.04333
137	34	0.92994
137	35	1.55464
137	51	1.43106
137	71	1.03907
137	80	0.718848
137	108	1.07888
137	124	1.08001
137	126	1.06349
137	129	0.722179
137	140	0.977465
137	142	0.95687
137	143	1.05948
137	144	1.0598
137	146	1.00592
137	147	0.988362
137	153	0.990553
137	154	0.978391
137	155	0.95794
137	156	1.01862
137	159	0.968877
137	163	0.951882
137	165	0.959338
137	166	0.915546
137	169	0.969434
137	170	0.915743
137	171	0.96848
137	175	0.930165
137	177	0.927016
137	178	0.934824
137	179	0.931693
137	180	0.953875
138	14	0.914414
138	15	1.29773
138	51	1.68547
138	56	1.19985
138	60	1.24037
138	88	0.950487
138	108	1.06742
138	129	0.976584
138	141	0.898587
138	142	0.945413
138	146	0.994461
138	147	0.976905
138	149	1.00942
138	153	0.979096
138	154	0.966934
138	158	0.92994
138	161	0.919505
138	162	0.90636
138	163	0.940425
138	164	0.947296
138	166	0.904089
138	167	0.949154
138	168	0.961587
138	170	0.904286
138	171	0.957023
138	173	0.925865
138	174	0.915805
138	175	0.918708
138	176	0.992983
138	177	0.91556
138	179	0.920236
138	180	0.942419
139	9	1.06313
139	11	0.92909
139	19	0.916392
139	22	1.03631
139	23	1.02632
139	29	1.00729
139	31	1.01361
139	32	0.994029
139	34	0.991024
139	37	0.892824
139	45	0.97939
139	46	0.967593
139	50	0.981163
139	52	0.971416
139	70	1.03871
139	72	0.941792
139	76	0.941923
139	87	0.996273
139	91	0.981632
139	93	0.981446
139	95	0.988526
139	102	1.01988
139	114	0.924967
139	119	1.19552
139	130	0.981893
139	132	0.893248
139	136	0.566505
139	149	0.978822
139	150	0.960806
139	153	1.16512
139	163	1.62553
139	178	2.00722
139	179	2.97887
140	64	1.82072
140	65	0.921471
140	68	0.913786
140	69	1.94406
140	81	1.54448
140	102	1.29074
140	108	1.01215
140	124	1.01329
140	127	0.94646
140	131	0.874164
140	137	0.977465
140	144	0.993079
140	145	0.939511
140	148	0.864759
140	150	0.93614
140	151	0.934858
140	153	0.923831
140	154	0.911669
140	155	0.891218
140	159	0.902155
140	160	0.920296
140	161	0.86424
140	166	0.848824
140	167	0.893888
140	169	0.902712
140	170	0.84902
140	171	0.901758
140	172	0.878324
140	173	0.8706
140	175	0.863443
140	177	0.860294
140	179	0.86497
140	180	0.887153
141	17	3.36942
141	24	0.852935
141	25	0.858313
141	30	0.82776
141	38	0.833334
141	55	0.886552
141	56	0.968166
141	58	0.885824
141	60	0.870563
141	66	0.891014
141	80	0.931354
141	82	3.03058
141	86	0.907726
141	99	0.873767
141	116	0.818689
141	120	0.925038
141	127	0.879039
141	133	0.801613
141	138	0.898587
141	148	0.797338
141	153	0.85641
141	155	0.823797
141	156	0.884482
141	160	0.852875
141	161	0.796819
141	167	0.826467
141	170	0.7816
141	171	0.834337
141	174	0.793119
141	177	0.792873
141	179	0.79755
141	180	0.819732
142	54	0.802783
142	62	2.63726
142	75	1.29955
142	105	0.865124
142	107	0.962212
142	116	0.865515
142	117	0.867459
142	120	0.971864
142	125	0.897818
142	128	0.865688
142	136	0.973862
142	137	0.95687
142	138	0.945413
142	146	0.918601
142	148	0.844164
142	152	1.76036
142	158	0.854079
142	160	0.899701
142	161	0.843645
142	163	0.864565
142	165	0.872021
142	166	0.828229
142	167	0.873293
142	168	0.885726
142	171	0.881163
142	172	0.857729
142	174	0.839945
142	175	0.842848
142	176	0.917122
142	178	0.847507
142	179	0.844375
142	180	0.866558
143	3	0.806067
143	46	1.4631
143	49	1.01329
143	68	0.995801
143	72	1.18635
143	74	0.653064
143	77	1.26078
143	78	1.01124
143	84	1.05335
143	108	1.09417
143	119	1.00087
143	121	0.945844
143	124	1.09531
143	128	0.968297
143	129	0.617342
143	135	0.983066
143	136	1.07647
143	137	1.05948
143	144	1.07509
143	151	1.01687
143	153	1.00585
143	158	0.956689
143	159	0.98417
143	161	0.946254
143	164	0.974045
143	165	0.974631
143	168	0.988336
143	169	0.984726
143	171	0.983772
143	172	0.960339
143	175	0.945457
143	176	1.01973
143	177	0.942309
143	179	0.946985
143	180	0.969168
144	39	1.18742
144	42	1.00036
144	60	0.996975
144	62	1.20617
144	65	1.00381
144	87	0.896858
144	89	1.02061
144	92	1.01019
144	98	0.814688
144	105	0.968056
144	112	1.26578
144	118	1.03267
144	128	0.968619
144	131	0.9565
144	135	0.983388
144	136	1.07679
144	137	1.0598
144	140	0.993079
144	143	1.07509
144	146	1.02153
144	151	1.01719
144	152	0.329279
144	158	0.957011
144	160	1.00263
144	161	0.946576
144	162	0.933432
144	163	0.967496
144	166	0.93116
144	168	0.988658
144	169	0.985048
144	172	0.960661
144	173	0.952937
144	174	0.942876
144	175	0.945779
144	177	0.942631
144	179	0.947307
144	180	0.96949
145	13	0.890023
145	41	0.912626
145	49	1.36888
145	63	0.802406
145	89	0.967041
145	95	2.19005
145	96	1.94864
145	110	0.897675
145	117	0.916822
145	118	0.979105
145	122	0.965722
145	123	0.967575
145	128	0.915051
145	136	1.02323
145	140	0.939511
145	146	0.967964
145	151	0.963626
145	157	0.974573
145	158	0.903443
145	159	0.930923
145	160	0.949064
145	161	0.893008
145	162	0.879863
145	163	0.913928
145	164	0.920799
145	165	0.921385
145	166	0.877592
145	167	0.922657
145	169	0.93148
145	171	0.930526
145	173	0.899368
145	175	0.892211
145	177	0.889063
145	178	0.89687
145	179	0.893739
145	180	0.915922
146	16	1.51069
146	41	0.912311
146	42	0.946477
146	44	1.4576
146	69	1.78968
146	86	0.911577
146	96	1.41651
146	108	1.04061
146	109	0.913948
146	116	0.914564
146	120	1.02091
146	121	0.892283
146	123	0.96726
146	124	1.04175
146	137	1.00592
146	138	0.994461
146	142	0.918601
146	144	1.02153
146	145	0.967964
146	147	0.950093
146	148	0.893213
146	151	0.963312
146	153	0.952284
146	155	0.919672
146	156	0.980356
146	157	0.974258
146	158	0.903128
146	160	0.948749
146	161	0.892693
146	163	0.913613
146	165	0.92107
146	166	0.877277
146	167	0.922342
146	169	0.931165
146	174	0.888993
146	175	0.891896
146	177	0.888748
146	178	0.896555
146	179	0.893424
146	180	0.915607
147	9	1.30654
147	14	0.870046
147	51	1.75865
147	52	2.16436
147	71	0.983243
147	81	1.5294
147	89	0.949169
147	90	1.24104
147	119	0.929756
147	120	1.00336
147	121	0.874727
147	123	0.949704
147	128	0.89718
147	135	0.911949
147	136	1.00535
147	137	0.988362
147	138	0.976905
147	146	0.950093
147	148	0.875657
147	155	0.902115
147	156	0.9628
147	158	0.885572
147	159	0.913052
147	160	0.931193
147	161	0.875137
147	162	0.861992
147	163	0.896057
147	164	0.902928
147	165	0.903514
147	166	0.859721
147	167	0.904786
147	168	0.917219
147	169	0.913609
147	170	0.859918
147	172	0.889222
147	173	0.881497
147	174	0.871437
147	177	0.871191
147	178	0.878999
147	180	0.898051
148	1	3.10531
148	50	2.70699
148	68	0.867803
148	76	2.1877
148	83	0.919808
148	84	0.925351
148	107	0.936824
148	108	0.966171
148	116	0.840127
148	117	0.842071
148	120	0.946475
148	121	0.817846
148	132	0.822599
148	135	0.855068
148	136	0.948474
148	140	0.864759
148	141	0.797338
148	142	0.844164
148	146	0.893213
148	147	0.875657
148	149	0.908173
148	153	0.877847
148	154	0.865686
148	155	0.845235
148	157	0.899821
148	158	0.828691
148	159	0.856172
148	160	0.874312
148	161	0.818257
148	163	0.839177
148	167	0.847905
148	168	0.860338
148	169	0.856728
148	171	0.855775
148	172	0.832341
148	173	0.824617
148	175	0.81746
148	177	0.814311
148	179	0.818987
148	180	0.84117
149	5	0.828562
149	13	1.07927
149	19	0.935139
149	28	0.819833
149	31	1.03236
149	34	1.00977
149	35	1.58064
149	37	1.48884
149	40	1.03059
149	45	0.998137
149	52	0.990163
149	63	0.861898
149	70	1.05746
149	87	1.01502
149	88	0.938635
149	90	0.939457
149	91	1.00038
149	93	1.00019
149	112	1.28077
149	114	0.943715
149	119	0.962272
149	120	1.03587
149	122	0.980367
149	126	1.04018
149	130	1.00064
149	132	0.911996
149	138	1.00942
149	139	0.978822
149	148	0.908173
149	150	0.979553
149	151	0.978271
149	154	0.955082
149	158	0.918088
149	164	0.935444
149	166	0.892237
149	172	0.921738
149	177	0.903708
149	179	0.908384
149	180	0.930567
150	13	1.06126
150	19	0.917123
150	31	1.01435
150	34	0.991755
150	35	1.77159
150	40	1.01257
150	41	0.909255
150	45	0.980121
150	50	0.870404
150	52	0.972147
150	70	1.03944
150	87	0.997004
150	91	0.982364
150	93	0.982178
150	95	1.68659
150	102	1.16503
150	111	1.06833
150	114	0.925699
150	128	0.91168
150	130	0.982624
150	132	0.89398
150	139	0.960806
150	140	0.93614
150	149	0.979553
150	152	0.535218
150	154	0.937066
150	156	0.9773
150	159	0.927552
150	162	0.876492
150	165	0.918014
150	169	0.928109
150	170	0.874418
150	172	0.903722
150	173	0.895997
150	175	0.88884
150	177	0.885692
150	178	0.893499
150	179	0.890368
150	180	0.912551
151	4	1.8362
151	12	0.91161
151	69	1.54171
151	71	0.996461
151	81	1.14212
151	91	1.31025
151	97	1.8373
151	110	0.893023
151	117	0.91217
151	119	0.942974
151	123	0.962922
151	124	1.03741
151	126	1.02088
151	128	0.910398
151	133	0.89315
151	134	0.732426
151	140	0.934858
151	143	1.01687
151	144	1.01719
151	145	0.963626
151	146	0.963312
151	149	0.978271
151	153	0.947946
151	154	0.935784
151	155	0.915334
151	156	0.976018
151	158	0.89879
151	162	0.875211
151	163	0.909275
151	164	0.916146
151	165	0.916732
151	166	0.872939
151	168	0.930437
151	169	0.926827
151	170	0.873136
151	171	0.925873
151	172	0.90244
151	173	0.894716
151	175	0.887558
151	177	0.88441
151	179	0.889086
151	180	0.911269
152	3	1.08229
152	4	0.974667
152	7	0.976776
152	17	1.04771
152	28	1.05537
152	36	1.03153
152	39	1.0063
152	44	0.99702
152	49	1.01372
152	51	1.01091
152	59	0.995457
152	62	0.984269
152	67	0.995424
152	74	1.05948
152	79	1.03879
152	82	0.96068
152	85	0.942988
152	90	0.998572
152	92	0.973206
152	96	0.986555
152	97	0.972494
152	98	1.03159
152	100	0.981615
152	101	0.969445
152	103	1.02452
152	104	0.969004
152	106	1.01356
152	108	0.518148
152	109	0.999648
152	111	0.99985
152	112	1.00007
152	113	0.995973
152	115	1.0003
152	121	1.95858
152	129	1.01143
152	130	1.00257
152	131	1.36747
152	134	0.997373
152	142	1.76036
152	144	0.329279
152	150	0.535218
152	161	2.38819
152	168	1.63002
152	169	1.30463
152	170	0.894368
153	6	1.44776
153	36	0.980595
153	48	1.94099
153	61	1.73922
153	65	0.934559
153	68	0.926875
153	83	0.97888
153	88	0.90831
153	89	0.95136
153	110	0.881995
153	112	1.92632
153	117	0.901142
153	118	0.963424
153	120	1.00555
153	121	0.876918
153	122	0.950042
153	125	0.931501
153	127	0.959548
153	133	0.882122
153	137	0.990553
153	138	0.979096
153	139	1.16512
153	140	0.923831
153	141	0.85641
153	143	1.00585
153	146	0.952284
153	148	0.877847
153	151	0.947946
153	154	0.924757
153	158	0.887763
153	159	0.915243
153	163	0.898248
153	164	0.905119
153	166	0.861912
153	167	0.906977
153	168	0.91941
153	169	0.9158
153	170	0.862109
153	171	0.914846
153	173	0.883688
153	175	0.876531
153	176	0.950806
153	177	0.873382
153	178	0.88119
153	179	0.878059
153	180	0.900242
154	3	1.49871
154	10	1.155
154	12	0.88842
154	42	0.918949
154	53	1.81706
154	73	1.54213
154	83	0.966718
154	84	0.97226
154	105	0.886646
154	107	0.983733
154	108	1.01308
154	112	1.84257
154	118	0.951262
154	121	0.864756
154	122	0.93788
154	124	1.01422
154	126	0.997694
154	127	0.947386
154	128	0.887209
154	130	1.34454
154	132	0.869508
154	137	0.978391
154	138	0.966934
154	140	0.911669
154	148	0.865686
154	149	0.955082
154	150	0.937066
154	151	0.935784
154	153	0.924757
154	155	0.892144
154	156	0.952829
154	157	0.94673
154	160	0.921222
154	161	0.865166
154	163	0.886086
154	164	0.892957
154	165	0.893543
154	166	0.84975
154	168	0.907248
154	172	0.879251
154	173	0.871526
154	175	0.864369
154	176	0.938644
154	177	0.86122
154	179	0.865897
154	180	0.88808
155	8	2.44651
155	20	2.08581
155	54	0.803853
155	71	0.952821
155	75	1.66651
155	105	0.866195
155	110	0.849383
155	114	0.880777
155	116	0.866586
155	119	0.899335
155	123	0.919282
155	126	0.977243
155	128	0.866758
155	131	0.85464
155	132	0.849058
155	134	2.60118
155	135	0.881527
155	136	0.974932
155	137	0.95794
155	140	0.891218
155	141	0.823797
155	146	0.919672
155	147	0.902115
155	148	0.845235
155	151	0.915334
155	154	0.892144
155	158	0.85515
155	159	0.882631
155	160	0.900771
155	161	0.844715
155	162	0.831571
155	165	0.873092
155	167	0.874364
155	168	0.886797
155	169	0.883187
155	170	0.829496
155	171	0.882233
155	173	0.851076
155	174	0.841015
155	175	0.843918
155	176	0.918193
155	177	0.84077
155	179	0.845446
155	180	0.867629
156	17	0.819593
156	21	1.36667
156	33	1.8498
156	55	1.705
156	59	1.27356
156	83	1.00695
156	86	1.01666
156	89	0.979432
156	92	0.969019
156	99	1.16871
156	105	0.92688
156	110	0.910067
156	116	0.92727
156	121	0.90499
156	122	0.978114
156	125	0.959573
156	128	0.927443
156	133	0.910194
156	136	1.03562
156	137	1.01862
156	141	0.884482
156	146	0.980356
156	147	0.9628
156	150	0.9773
156	151	0.976018
156	154	0.952829
156	157	0.986964
156	158	0.915835
156	160	0.961456
156	161	0.9054
156	163	0.92632
156	164	0.933191
156	165	0.933777
156	166	0.889984
156	168	0.947482
156	169	0.943872
156	171	0.942918
156	172	0.919485
156	173	0.91176
156	174	0.9017
156	175	0.904603
156	176	0.978878
156	177	0.901454
156	178	0.909262
156	179	0.906131
156	180	0.928314
157	1	1.07799
157	14	0.894211
157	22	1.31803
157	26	0.993574
157	28	1.50588
157	29	1.28517
157	30	1.84942
157	42	0.953085
157	43	0.951606
157	65	0.956533
157	68	0.948848
157	88	0.930283
157	92	0.96292
157	104	1.41191
157	107	1.01787
157	108	1.04722
157	110	0.903969
157	119	0.953921
157	120	1.02752
157	121	0.898891
157	122	0.972015
157	127	0.981522
157	128	0.921344
157	133	0.904096
157	145	0.974573
157	146	0.974258
157	148	0.899821
157	154	0.94673
157	156	0.986964
157	159	0.937217
157	160	0.955357
157	161	0.899301
157	162	0.886157
157	164	0.927092
157	165	0.927678
157	166	0.883886
157	167	0.92895
157	168	0.941383
157	169	0.937773
157	171	0.936819
157	172	0.913386
157	173	0.905662
157	174	0.895601
157	175	0.898505
157	177	0.895356
157	179	0.900032
157	180	0.922215
158	13	1.55219
158	30	2.51995
158	37	2.84542
158	42	0.881955
158	78	0.893155
158	83	0.929723
158	84	0.935266
158	92	0.89179
158	104	2.08244
158	107	0.946739
158	114	0.864233
158	117	0.851986
158	119	0.882791
158	121	0.827761
158	124	0.977224
158	131	0.838096
158	135	0.864983
158	138	0.92994
158	142	0.854079
158	143	0.956689
158	144	0.957011
158	145	0.903443
158	146	0.903128
158	147	0.885572
158	148	0.828691
158	149	0.918088
158	151	0.89879
158	153	0.887763
158	155	0.85515
158	156	0.915835
158	160	0.884228
158	162	0.815027
158	164	0.855962
158	165	0.856548
158	166	0.812756
158	167	0.85782
158	169	0.866643
158	170	0.812952
158	172	0.842256
158	173	0.834532
158	174	0.824472
158	176	0.901649
158	177	0.824226
158	179	0.828902
158	180	0.851085
159	14	0.850562
159	24	2.57033
159	56	1.51852
159	71	0.963758
159	72	1.86427
159	83	0.957204
159	88	0.886634
159	99	1.44843
159	101	1.79846
159	105	0.877132
159	116	0.877523
159	119	0.910272
159	121	0.855242
159	122	0.928366
159	124	1.0047
159	125	0.909825
159	132	0.859995
159	136	0.98587
159	137	0.968877
159	140	0.902155
159	143	0.98417
159	145	0.930923
159	147	0.913052
159	148	0.856172
159	150	0.927552
159	153	0.915243
159	155	0.882631
159	157	0.937217
159	160	0.911708
159	161	0.855652
159	162	0.842508
159	163	0.876573
159	164	0.883443
159	165	0.884029
159	166	0.840237
159	167	0.885301
159	168	0.897734
159	169	0.894124
159	172	0.869737
159	173	0.862013
159	174	0.851952
159	175	0.854855
159	177	0.851707
159	178	0.859515
159	179	0.856383
159	180	0.878566
160	14	0.868702
160	64	2.05107
160	65	0.931024
160	70	1.40384
160	85	1.09425
160	88	0.904775
160	89	0.947825
160	91	1.94295
160	94	1.10949
160	101	1.7984
160	107	0.99236
160	118	0.959889
160	121	0.873383
160	122	0.946507
160	125	0.927966
160	126	1.00632
160	127	0.956013
160	128	0.895836
160	133	0.878587
160	136	1.00401
160	140	0.920296
160	141	0.852875
160	142	0.899701
160	144	1.00263
160	145	0.949064
160	146	0.948749
160	147	0.931193
160	148	0.874312
160	154	0.921222
160	155	0.900771
160	156	0.961456
160	157	0.955357
160	158	0.884228
160	159	0.911708
160	163	0.894713
160	164	0.901584
160	166	0.858377
160	167	0.903442
160	168	0.915875
160	169	0.912265
160	172	0.887878
160	173	0.880153
160	175	0.872996
160	177	0.869847
160	178	0.877655
160	179	0.874524
160	180	0.896707
161	12	0.840992
161	22	2.6759
161	54	0.776875
161	60	3.05589
161	78	0.882721
161	84	0.924832
161	92	0.881356
161	98	1.68002
161	107	0.936304
161	108	0.965651
161	116	0.839607
161	117	0.841551
161	120	0.945956
161	121	0.817327
161	123	0.892304
161	124	0.966789
161	126	0.950265
161	127	0.899957
161	135	0.854549
161	136	0.947954
161	138	0.919505
161	140	0.86424
161	141	0.796819
161	142	0.843645
161	143	0.946254
161	144	0.946576
161	145	0.893008
161	146	0.892693
161	147	0.875137
161	148	0.818257
161	152	2.38819
161	154	0.865166
161	155	0.844715
161	156	0.9054
161	157	0.899301
161	159	0.855652
161	162	0.804592
161	163	0.838657
161	164	0.845528
161	165	0.846114
161	166	0.802321
161	168	0.859819
161	169	0.856209
161	171	0.855255
161	173	0.824097
161	174	0.814037
161	175	0.81694
161	178	0.821599
161	180	0.840651
162	12	0.827847
162	42	0.858376
162	68	0.854139
162	84	0.911687
162	85	3.11552
162	89	0.878625
162	98	2.8862
162	108	0.952506
162	110	0.80926
162	113	0.890979
162	114	0.840654
162	116	0.826463
162	117	0.828407
162	118	0.890689
162	119	0.859212
162	120	0.932811
162	123	0.879159
162	128	0.826635
162	129	3.99828
162	131	0.814517
162	133	0.809387
162	136	0.934809
162	138	0.90636
162	144	0.933432
162	145	0.879863
162	147	0.861992
162	150	0.876492
162	151	0.875211
162	155	0.831571
162	157	0.886157
162	158	0.815027
162	159	0.842508
162	161	0.804592
162	163	0.825513
162	164	0.832383
162	165	0.832969
162	166	0.789177
162	167	0.834241
162	168	0.846674
162	169	0.843064
162	171	0.84211
162	172	0.818677
162	173	0.810953
162	174	0.800892
162	175	0.803795
162	176	0.87807
162	177	0.800647
162	178	0.808455
162	179	0.805323
162	180	0.827506
163	16	2.45437
163	29	1.70508
163	39	2.30837
163	65	0.895889
163	68	0.888204
163	88	0.869639
163	89	0.91269
163	93	2.10665
163	107	0.957224
163	116	0.860527
163	118	0.924754
163	120	0.966876
163	121	0.838247
163	122	0.911371
163	123	0.913224
163	124	0.98771
163	126	0.971185
163	128	0.8607
163	133	0.843452
163	135	0.875469
163	137	0.951882
163	138	0.940425
163	139	1.62553
163	142	0.864565
163	144	0.967496
163	145	0.913928
163	146	0.913613
163	147	0.896057
163	148	0.839177
163	151	0.909275
163	153	0.898248
163	154	0.886086
163	156	0.92632
163	159	0.876573
163	160	0.894713
163	161	0.838657
163	162	0.825513
163	164	0.866448
163	165	0.867034
163	166	0.823241
163	167	0.868306
163	168	0.880739
163	171	0.876175
163	172	0.852742
163	173	0.845018
163	174	0.834957
163	175	0.83786
163	177	0.834712
163	178	0.842519
163	179	0.839388
163	180	0.861571
164	25	1.92119
164	41	0.865146
164	68	0.895074
164	73	2.23988
164	78	0.910512
164	104	1.98542
164	105	0.867008
164	108	0.993442
164	109	2.01122
164	110	0.850195
164	116	0.867398
164	117	0.869342
164	118	0.931624
164	119	0.900147
164	121	0.845118
164	122	0.918242
164	130	2.04229
164	132	0.84987
164	133	0.850322
164	135	0.88234
164	136	0.975745
164	138	0.947296
164	143	0.974045
164	145	0.920799
164	147	0.902928
164	149	0.935444
164	151	0.916146
164	153	0.905119
164	154	0.892957
164	156	0.933191
164	157	0.927092
164	158	0.855962
164	159	0.883443
164	160	0.901584
164	161	0.845528
164	162	0.832383
164	163	0.866448
164	165	0.873904
164	166	0.830112
164	167	0.875176
164	168	0.887609
164	169	0.884
164	171	0.883046
164	172	0.859612
164	173	0.851888
164	174	0.841828
164	175	0.844731
164	177	0.841582
164	178	0.84939
164	179	0.846259
164	180	0.868441
165	14	0.841023
165	53	2.53918
165	58	2.07747
165	78	0.911097
165	83	0.947665
165	88	0.877096
165	98	0.920018
165	111	2.1613
165	113	0.9325
165	118	0.93221
165	119	0.900733
165	120	0.974332
165	124	0.995166
165	133	0.850908
165	134	2.10204
165	135	0.882925
165	137	0.959338
165	142	0.872021
165	143	0.974631
165	145	0.921385
165	146	0.92107
165	147	0.903514
165	150	0.918014
165	151	0.916732
165	154	0.893543
165	155	0.873092
165	156	0.933777
165	157	0.927678
165	158	0.856548
165	159	0.884029
165	161	0.846114
165	162	0.832969
165	163	0.867034
165	164	0.873904
165	166	0.830698
165	167	0.875762
165	168	0.888195
165	169	0.884585
165	170	0.830894
165	171	0.883632
165	172	0.860198
165	173	0.852474
165	174	0.842414
165	175	0.845317
165	176	0.919591
165	177	0.842168
165	178	0.849976
165	179	0.846844
165	180	0.869027
166	26	0.896593
166	41	0.821939
166	71	0.910427
166	76	2.79763
166	78	0.867305
166	79	2.89634
166	105	0.823801
166	107	0.920888
166	110	0.806989
166	113	0.888708
166	117	0.826136
166	118	0.888418
166	122	0.875035
166	130	4.10603
166	136	0.932538
166	137	0.915546
166	138	0.904089
166	140	0.848824
166	142	0.828229
166	144	0.93116
166	145	0.877592
166	146	0.877277
166	147	0.859721
166	149	0.892237
166	151	0.872939
166	153	0.861912
166	154	0.84975
166	156	0.889984
166	157	0.883886
166	158	0.812756
166	159	0.840237
166	160	0.858377
166	161	0.802321
166	162	0.789177
166	163	0.823241
166	164	0.830112
166	165	0.830698
166	167	0.83197
166	168	0.844403
166	169	0.840793
166	171	0.839839
166	172	0.816406
166	173	0.808682
166	174	0.798621
166	175	0.801524
166	177	0.798376
166	178	0.806183
166	179	0.803052
166	180	0.825235
167	6	2.32839
167	12	0.87064
167	25	2.18782
167	42	0.901169
167	65	0.904617
167	70	2.38301
167	71	0.955491
167	76	1.00052
167	88	0.878368
167	89	0.921418
167	92	0.911004
167	102	2.50026
167	105	0.868865
167	107	0.965953
167	110	0.852053
167	114	0.883447
167	118	0.933482
167	121	0.846975
167	123	0.921952
167	128	0.869429
167	131	0.85731
167	135	0.884197
167	138	0.949154
167	140	0.893888
167	141	0.826467
167	142	0.873293
167	145	0.922657
167	146	0.922342
167	147	0.904786
167	148	0.847905
167	153	0.906977
167	155	0.874364
167	157	0.92895
167	158	0.85782
167	159	0.885301
167	160	0.903442
167	162	0.834241
167	163	0.868306
167	164	0.875176
167	165	0.875762
167	166	0.83197
167	168	0.889467
167	169	0.885857
167	171	0.884904
167	172	0.86147
167	173	0.853746
167	174	0.843686
167	175	0.846589
167	176	0.920863
167	177	0.84344
167	179	0.848116
167	180	0.870299
168	11	1.70783
168	54	0.818956
168	67	1.87385
168	74	2.06966
168	79	0.858798
168	84	0.966913
168	88	0.890801
168	89	0.933851
168	102	2.25983
168	116	0.881689
168	117	0.883633
168	118	0.945915
168	119	0.914438
168	120	0.988038
168	123	0.934385
168	124	1.00887
168	126	0.992347
168	128	0.881862
168	131	0.869743
168	133	0.864613
168	135	0.89663
168	138	0.961587
168	142	0.885726
168	143	0.988336
168	144	0.988658
168	147	0.917219
168	148	0.860338
168	151	0.930437
168	152	1.63002
168	153	0.91941
168	154	0.907248
168	155	0.886797
168	156	0.947482
168	157	0.941383
168	159	0.897734
168	160	0.915875
168	161	0.859819
168	162	0.846674
168	163	0.880739
168	164	0.887609
168	165	0.888195
168	166	0.844403
168	167	0.889467
168	169	0.89829
168	171	0.897337
168	172	0.873903
168	174	0.856119
168	175	0.859022
168	177	0.855873
168	178	0.863681
168	179	0.860549
168	180	0.882732
169	9	1.96531
169	15	2.02969
169	40	1.49904
169	84	0.963303
169	106	1.56022
169	107	0.974776
169	108	1.00412
169	110	0.860876
169	112	2.24112
169	114	0.89227
169	116	0.878079
169	118	0.942305
169	119	0.910828
169	123	0.930775
169	127	0.938429
169	128	0.878252
169	132	0.860551
169	133	0.861003
169	135	0.893021
169	137	0.969434
169	140	0.902712
169	143	0.984726
169	144	0.985048
169	145	0.93148
169	146	0.931165
169	147	0.913609
169	148	0.856728
169	150	0.928109
169	151	0.926827
169	152	1.30463
169	153	0.9158
169	155	0.883187
169	156	0.943872
169	157	0.937773
169	158	0.866643
169	159	0.894124
169	160	0.912265
169	161	0.856209
169	162	0.843064
169	164	0.884
169	165	0.884585
169	166	0.840793
169	167	0.885857
169	168	0.89829
169	170	0.84099
169	172	0.870293
169	173	0.862569
169	174	0.852509
169	175	0.855412
169	176	0.929686
169	177	0.852263
169	179	0.85694
169	180	0.879122
170	5	1.88657
170	7	0.869707
170	28	0.948303
170	36	0.92446
170	45	2.4052
170	49	0.906652
170	59	0.888388
170	67	0.888355
170	77	2.32491
170	79	0.931725
170	99	3.38333
170	100	0.874546
170	101	0.862376
170	102	0.93349
170	103	0.917455
170	104	0.861935
170	106	0.90649
170	108	0.950432
170	109	0.892579
170	111	0.892781
170	112	0.893003
170	113	0.888904
170	115	0.893228
170	117	0.826332
170	119	0.857137
170	129	0.904361
170	133	0.807312
170	134	0.890303
170	135	0.83933
170	136	0.932735
170	137	0.915743
170	138	0.904286
170	140	0.84902
170	141	0.7816
170	147	0.859918
170	150	0.874418
170	151	0.873136
170	152	0.894368
170	153	0.862109
170	155	0.829496
170	158	0.812952
170	165	0.830894
170	169	0.84099
170	172	0.816602
170	173	0.808878
170	175	0.801721
170	177	0.798572
170	178	0.80638
170	179	0.803249
170	180	0.825431
171	8	1.45794
171	12	0.87851
171	33	2.37693
171	65	0.912487
171	73	1.77482
171	78	0.920239
171	83	0.956807
171	90	1.73395
171	100	2.06201
171	105	0.876735
171	106	1.39436
171	110	0.859922
171	114	0.891317
171	119	0.909874
171	120	0.983474
171	121	0.854845
171	122	0.927969
171	123	0.929822
171	124	1.00431
171	125	0.909428
171	127	0.937475
171	132	0.859598
171	133	0.86005
171	135	0.892067
171	136	0.985472
171	137	0.96848
171	138	0.957023
171	140	0.901758
171	141	0.834337
171	142	0.881163
171	143	0.983772
171	145	0.930526
171	148	0.855775
171	151	0.925873
171	153	0.914846
171	155	0.882233
171	156	0.942918
171	157	0.936819
171	161	0.855255
171	162	0.84211
171	163	0.876175
171	164	0.883046
171	165	0.883632
171	166	0.839839
171	167	0.884904
171	168	0.897337
171	173	0.861615
171	174	0.851555
171	175	0.854458
171	176	0.928733
171	177	0.85131
171	178	0.859117
171	179	0.855986
171	180	0.878169
172	26	0.926094
172	29	2.07146
172	41	0.851439
172	43	1.7379
172	58	2.26589
172	65	0.889053
172	68	0.881368
172	71	0.939927
172	83	0.933373
172	84	0.938916
172	96	2.72656
172	104	2.1982
172	110	0.836489
172	117	0.855636
172	118	0.917918
172	123	0.906388
172	125	0.885994
172	126	0.96435
172	127	0.914042
172	128	0.853865
172	131	0.841746
172	135	0.868633
172	136	0.962039
172	140	0.878324
172	142	0.857729
172	143	0.960339
172	144	0.960661
172	147	0.889222
172	148	0.832341
172	149	0.921738
172	150	0.903722
172	151	0.90244
172	154	0.879251
172	156	0.919485
172	157	0.913386
172	158	0.842256
172	159	0.869737
172	160	0.887878
172	162	0.818677
172	163	0.852742
172	164	0.859612
172	165	0.860198
172	166	0.816406
172	167	0.86147
172	168	0.873903
172	169	0.870293
172	170	0.816602
172	173	0.838182
172	174	0.828122
172	175	0.831025
172	176	0.905299
172	177	0.827876
172	178	0.835684
172	179	0.832552
172	180	0.854735
173	11	2.2972
173	26	0.91837
173	50	1.86875
173	59	2.88132
173	68	0.873644
173	71	0.932203
173	83	0.925649
173	84	0.931192
173	86	2.62442
173	105	0.845577
173	107	0.942664
173	108	0.972012
173	113	0.910484
173	115	2.12831
173	116	0.845968
173	117	0.847912
173	118	0.910194
173	120	0.952316
173	122	0.896811
173	123	0.898664
173	125	0.87827
173	126	0.956625
173	128	0.84614
173	131	0.834022
173	133	0.828892
173	138	0.925865
173	140	0.8706
173	144	0.952937
173	145	0.899368
173	147	0.881497
173	148	0.824617
173	150	0.895997
173	151	0.894716
173	153	0.883688
173	154	0.871526
173	155	0.851076
173	156	0.91176
173	157	0.905662
173	158	0.834532
173	159	0.862013
173	160	0.880153
173	161	0.824097
173	162	0.810953
173	163	0.845018
173	164	0.851888
173	165	0.852474
173	166	0.808682
173	167	0.853746
173	169	0.862569
173	170	0.808878
173	171	0.861615
173	172	0.838182
173	174	0.820397
173	175	0.8233
173	176	0.897575
173	177	0.820152
173	178	0.82796
173	179	0.824828
173	180	0.847011
174	5	1.01557
174	6	1.00431
174	8	0.846514
174	16	0.845846
174	18	0.843909
174	21	0.945068
174	33	0.830222
174	38	3.1278
174	40	2.70845
174	43	0.916425
174	47	0.907291
174	54	0.773175
174	57	0.895353
174	63	0.995518
174	65	0.871268
174	67	2.75787
174	73	0.86802
174	75	0.957594
174	83	0.915589
174	95	0.913657
174	98	1.80587
174	105	0.835517
174	132	0.818379
174	134	0.901823
174	135	0.850849
174	138	0.915805
174	141	0.793119
174	142	0.839945
174	144	0.942876
174	146	0.888993
174	147	0.871437
174	155	0.841015
174	156	0.9017
174	157	0.895601
174	158	0.824472
174	159	0.851952
174	161	0.814037
174	162	0.800892
174	163	0.834957
174	164	0.841828
174	165	0.842414
174	166	0.798621
174	167	0.843686
174	168	0.856119
174	169	0.852509
174	171	0.851555
174	172	0.828122
174	173	0.820397
174	177	0.810091
174	178	0.817899
174	179	0.814768
174	180	0.836951
175	13	2.10956
175	31	2.3693
175	54	0.776078
175	65	0.874172
175	78	0.881924
175	84	0.924035
175	88	0.847922
175	89	0.890973
175	90	2.8534
175	94	2.47642
175	107	0.935507
175	108	0.964854
175	111	2.79133
175	113	0.903327
175	114	0.853002
175	116	0.83881
175	117	0.840754
175	120	0.945159
175	121	0.81653
175	122	0.889654
175	124	0.965992
175	125	0.871113
175	126	0.949468
175	128	0.838983
175	131	0.826864
175	135	0.853752
175	136	0.947157
175	137	0.930165
175	138	0.918708
175	140	0.863443
175	142	0.842848
175	143	0.945457
175	144	0.945779
175	145	0.892211
175	146	0.891896
175	148	0.81746
175	150	0.88884
175	151	0.887558
175	153	0.876531
175	154	0.864369
175	155	0.843918
175	156	0.904603
175	157	0.898505
175	159	0.854855
175	160	0.872996
175	161	0.81694
175	162	0.803795
175	163	0.83786
175	164	0.844731
175	165	0.845317
175	166	0.801524
175	167	0.846589
175	168	0.859022
175	169	0.855412
175	170	0.801721
175	171	0.854458
175	172	0.831025
175	173	0.8233
175	176	0.890418
175	177	0.812995
175	178	0.820802
175	179	0.817671
175	180	0.839854
176	1	1.24923
176	2	0.967547
176	10	1.06593
176	15	1.07209
176	19	1.16052
176	27	0.946948
176	32	1.65579
176	35	0.999052
176	42	0.944998
176	46	1.81898
176	53	0.970883
176	54	0.850352
176	59	1.23124
176	61	0.97058
176	62	1.4462
176	64	0.970385
176	67	0.813139
176	77	1.03694
176	89	0.965247
176	105	0.912694
176	106	0.824905
176	110	0.895882
176	113	0.977601
176	117	0.915029
176	118	0.977311
176	122	0.963929
176	124	1.04027
176	125	0.945387
176	126	1.02374
176	129	0.993058
176	131	0.901139
176	138	0.992983
176	142	0.917122
176	143	1.01973
176	153	0.950806
176	154	0.938644
176	155	0.918193
176	156	0.978878
176	158	0.901649
176	162	0.87807
176	165	0.919591
176	167	0.920863
176	169	0.929686
176	171	0.928733
176	172	0.905299
176	173	0.897575
176	175	0.890418
176	177	0.887269
176	178	0.895077
176	179	0.891945
176	180	0.914128
177	26	0.908064
177	41	0.833409
177	45	2.40824
177	47	3.0484
177	54	0.772929
177	68	0.863338
177	75	2.36847
177	78	0.878775
177	84	0.920886
177	88	0.844773
177	107	0.932358
177	109	3.23669
177	110	0.818459
177	113	0.900178
177	115	2.73821
177	116	0.835662
177	117	0.837606
177	118	0.899888
177	119	0.868411
177	120	0.94201
177	121	0.813381
177	122	0.886505
177	123	0.888358
177	124	0.962844
177	125	0.867964
177	126	0.946319
177	127	0.896012
177	132	0.818134
177	133	0.818586
177	135	0.850603
177	137	0.927016
177	138	0.91556
177	140	0.860294
177	141	0.792873
177	143	0.942309
177	144	0.942631
177	145	0.889063
177	146	0.888748
177	147	0.871191
177	148	0.814311
177	149	0.903708
177	150	0.885692
177	151	0.88441
177	153	0.873382
177	154	0.86122
177	155	0.84077
177	156	0.901454
177	157	0.895356
177	158	0.824226
177	159	0.851707
177	160	0.869847
177	162	0.800647
177	163	0.834712
177	164	0.841582
177	165	0.842168
177	166	0.798376
177	167	0.84344
177	168	0.855873
177	169	0.852263
177	170	0.798572
177	171	0.85131
177	172	0.827876
177	173	0.820152
177	174	0.810091
177	175	0.812995
177	176	0.887269
177	178	0.817654
177	179	0.814522
177	180	0.836705
178	2	0.897932
178	10	0.996311
178	14	0.816509
178	15	1.00248
178	21	2.58697
178	27	0.877333
178	35	0.929437
178	53	0.901267
178	54	0.780737
178	61	0.900965
178	64	0.900769
178	74	2.27156
178	77	0.967327
178	80	2.23251
178	103	2.30174
178	107	0.940166
178	116	0.843469
178	117	0.845413
178	118	0.907696
178	119	0.876218
178	120	0.949818
178	124	0.970652
178	125	0.875772
178	126	0.954127
178	129	0.923443
178	131	0.831523
178	133	0.826394
178	135	0.858411
178	136	0.951816
178	137	0.934824
178	139	2.00722
178	142	0.847507
178	145	0.89687
178	146	0.896555
178	147	0.878999
178	150	0.893499
178	153	0.88119
178	156	0.909262
178	159	0.859515
178	160	0.877655
178	161	0.821599
178	162	0.808455
178	163	0.842519
178	164	0.84939
178	165	0.849976
178	166	0.806183
178	168	0.863681
178	170	0.80638
178	171	0.859117
178	172	0.835684
178	173	0.82796
178	174	0.817899
178	175	0.820802
178	176	0.895077
178	177	0.817654
178	179	0.82233
178	180	0.844513
179	12	0.841722
179	26	0.91274
179	36	2.79435
179	41	0.838086
179	42	0.872251
179	43	2.72487
179	54	0.777606
179	63	2.56731
179	65	0.875699
179	71	0.926573
179	77	2.30224
179	78	0.883452
179	79	2.03235
179	83	0.92002
179	84	0.925562
179	88	0.84945
179	89	0.8925
179	105	0.839947
179	107	0.937035
179	108	0.966382
179	110	0.823135
179	113	0.904854
179	114	0.854529
179	116	0.840338
179	117	0.842282
179	119	0.873087
179	120	0.946687
179	121	0.818058
179	122	0.891182
179	123	0.893034
179	124	0.96752
179	125	0.872641
179	126	0.950996
179	131	0.828392
179	132	0.82281
179	133	0.823262
179	135	0.85528
179	137	0.931693
179	138	0.920236
179	139	2.97887
179	140	0.86497
179	141	0.79755
179	142	0.844375
179	143	0.946985
179	144	0.947307
179	145	0.893739
179	146	0.893424
179	148	0.818987
179	149	0.908384
179	150	0.890368
179	151	0.889086
179	153	0.878059
179	154	0.865897
179	155	0.845446
179	156	0.906131
179	157	0.900032
179	158	0.828902
179	159	0.856383
179	160	0.874524
179	162	0.805323
179	163	0.839388
179	164	0.846259
179	165	0.846844
179	166	0.803052
179	167	0.848116
179	168	0.860549
179	169	0.85694
179	170	0.803249
179	171	0.855986
179	172	0.832552
179	173	0.824828
179	174	0.814768
179	175	0.817671
179	176	0.891945
179	177	0.814522
179	178	0.82233
179	180	0.841381
180	7	2.45413
180	12	0.863905
180	14	0.83556
180	23	2.08972
180	26	0.934923
180	31	1.35744
180	36	1.23713
180	41	0.860268
180	42	0.894434
180	54	0.799788
180	55	2.33973
180	65	0.897882
180	68	0.890197
180	71	0.948756
180	72	2.21929
180	78	0.905634
180	83	0.942202
180	84	0.947745
180	88	0.871633
180	89	0.914683
180	92	0.904269
180	100	2.16961
180	101	2.15348
180	105	0.86213
180	107	0.959218
180	108	0.988565
180	110	0.845318
180	111	1.77947
180	113	0.927037
180	114	0.876712
180	116	0.862521
180	117	0.864465
180	118	0.926747
180	119	0.89527
180	120	0.968869
180	121	0.84024
180	122	0.913365
180	123	0.915217
180	124	0.989703
180	125	0.894823
180	126	0.973179
180	127	0.922871
180	128	0.862694
180	131	0.850575
180	132	0.844993
180	133	0.845445
180	135	0.877462
180	136	0.970868
180	137	0.953875
180	138	0.942419
180	140	0.887153
180	141	0.819732
180	142	0.866558
180	143	0.969168
180	144	0.96949
180	145	0.915922
180	146	0.915607
180	147	0.898051
180	148	0.84117
180	149	0.930567
180	150	0.912551
180	151	0.911269
180	153	0.900242
180	154	0.88808
180	155	0.867629
180	156	0.928314
180	157	0.922215
180	158	0.851085
180	159	0.878566
180	160	0.896707
180	161	0.840651
180	162	0.827506
180	163	0.861571
180	164	0.868441
180	165	0.869027
180	166	0.825235
180	167	0.870299
180	168	0.882732
180	169	0.879122
180	170	0.825431
180	171	0.878169
180	172	0.854735
180	173	0.847011
180	174	0.836951
180	175	0.839854
180	176	0.914128
180	177	0.836705
180	178	0.844513
180	179	0.841381
