1	51	1.09991
1	55	1.16507
1	96	0.974968
1	112	0.964481
1	118	1.01413
1	155	0.989487
1	156	0.982776
1	163	1.0206
1	165	0.994615
1	168	0.944038
1	172	0.99196
1	174	1.01878
2	32	1.14079
2	116	1.24391
2	137	1.18883
2	153	0.921518
2	161	0.91214
2	173	0.93857
2	174	0.926754
2	175	1.09684
2	177	0.882991
2	178	0.876758
2	179	0.841571
2	180	0.899698
3	12	1.05404
3	86	0.897292
3	97	0.999924
3	106	1.01839
3	112	0.99166
3	118	1.04131
3	140	1.07554
3	157	1.05624
3	162	0.967118
3	169	0.880304
3	172	1.01914
3	179	1.15983
4	39	0.933689
4	62	0.99132
4	72	0.908561
4	75	1.01011
4	92	0.980353
4	141	1.00717
4	154	1.01021
4	157	0.987156
4	171	1.09235
4	175	1.10848
4	176	1.15562
4	180	0.97828
5	69	1.12271
5	121	1.137
5	124	1.2002
5	126	1.20961
5	157	0.914397
5	162	0.950578
5	166	0.90973
5	174	0.926259
5	177	0.882495
5	178	0.876263
5	179	0.841076
5	180	0.899202
6	16	0.860153
6	35	0.879757
6	38	0.939605
6	88	0.898458
6	92	0.83877
6	141	0.865589
6	148	1.16566
6	161	1.17212
6	171	0.95077
6	175	0.966898
6	176	1.3736
6	177	1.21839
7	107	1.00964
7	120	1.0112
7	123	0.920486
7	126	1.01775
7	129	1.0272
7	136	1.0391
7	143	0.987718
7	147	0.973158
7	153	1.00956
7	158	1.1074
7	166	1.03845
7	174	1.01768
8	12	1.05002
8	22	1.01579
8	97	0.995903
8	106	1.01436
8	118	1.03729
8	125	0.00287546
8	140	1.07151
8	152	1.28935
8	153	1.20611
8	163	1.21605
8	172	1.01512
8	180	1.24191
9	107	1.00745
9	119	0.933695
9	120	1.009
9	129	1.025
9	130	1.01248
9	131	1.0044
9	142	1.02496
9	149	1.03789
9	150	0.929509
9	156	0.916307
9	175	1.10377
9	176	1.15734
10	70	0.959204
10	103	0.990985
10	108	0.990985
10	133	0.949035
10	137	1.03679
10	140	1.0485
10	154	0.940386
10	158	1.10156
10	166	0.986948
10	167	0.913101
10	169	1.07198
10	176	1.1712
11	98	1.01363
11	102	1.05413
11	116	1.01594
11	122	1.00639
11	127	1.03798
11	129	1.0455
11	143	1.00602
11	149	1.05839
11	151	0.94097
11	156	0.950177
11	165	0.962015
11	178	1.0698
12	3	1.05404
12	8	1.05002
12	30	1.06528
12	72	0.964105
12	100	0.920099
12	106	0.987456
12	118	1.01038
12	140	1.04461
12	159	0.947939
12	165	0.981969
12	172	0.988209
12	179	1.14629
13	82	1.02224
13	111	0.996182
13	121	1.07329
13	125	1.03375
13	126	1.02659
13	128	1.0147
13	142	1.00527
13	147	1.03325
13	160	1.01065
13	162	0.88006
13	164	0.991922
13	179	1.07278
14	26	0.961561
14	35	0.938755
14	125	0.947075
14	128	0.936602
14	136	1.06892
14	140	0.853913
14	143	1.01755
14	149	1.06991
14	167	1.06535
14	177	1.00099
14	179	0.959572
14	180	1.0177
15	22	1.01897
15	59	0.966663
15	69	1.07601
15	106	1.01754
15	109	1.0867
15	148	0.954304
15	155	1.01582
15	171	0.79692
15	172	1.0183
15	176	1.16225
15	177	1.00704
15	178	1.04085
16	6	0.860153
16	38	1.0353
16	83	0.93512
16	87	0.935423
16	92	0.934464
16	141	0.961284
16	144	1.00109
16	154	0.964321
16	160	1.10909
16	171	1.04646
16	175	1.06259
16	176	1.23608
16	177	1.08086
17	46	0.947599
17	67	1.05951
17	76	0.962207
17	84	0.940439
17	99	1.06871
17	103	0.958479
17	108	0.958479
17	134	0.969004
17	137	1.00428
17	168	0.974891
17	173	1.01467
17	174	1.04963
17	176	1.25466
18	27	1.11082
18	65	0.959096
18	68	1.07269
18	76	0.958094
18	84	0.936327
18	103	0.954366
18	108	0.954366
18	134	0.964892
18	135	1.05331
18	137	1.00017
18	152	1.14974
18	170	1.13223
18	171	0.914311
19	33	0.945106
19	61	0.99644
19	73	0.907955
19	78	1.02328
19	80	1.00737
19	85	0.980068
19	94	0.957861
19	115	0.981919
19	152	1.15382
19	160	1.15674
19	168	1.00396
19	169	0.939331
19	180	1.10639
20	47	0.907748
20	54	0.974415
20	70	0.906928
20	71	0.942848
20	74	1.00285
20	140	0.996224
20	146	1.07896
20	158	1.04928
20	165	1.02514
20	166	1.07008
20	167	0.996231
20	169	1.01971
20	179	1.18946
21	48	0.91514
21	53	0.988049
21	108	1.0276
21	110	1.1061
21	131	1.00034
21	159	1.03233
21	168	1.04244
21	170	0.959771
21	176	0.913607
21	177	0.970701
21	178	0.964468
21	179	0.929281
21	180	0.987408
22	8	1.01579
22	15	1.01897
22	97	0.934758
22	109	1.02238
22	112	0.926494
22	118	0.976143
22	155	0.9515
22	161	1.06164
22	170	1.11571
22	171	0.89779
22	172	0.953974
22	173	1.02314
22	176	1.26312
23	39	1.04724
23	72	1.1428
23	76	1.11194
23	79	1.1199
23	84	1.09018
23	103	1.10822
23	108	1.10822
23	110	0.00806774
23	127	1.11594
23	134	1.11874
23	146	1.0938
23	157	1.10071
23	173	1.02918
24	93	1.00139
24	110	0.995646
24	111	0.93237
24	113	0.968667
24	121	1.00947
24	124	0.971625
24	125	0.969941
24	128	0.95089
24	132	1.07014
24	152	1.08873
24	177	1.06342
24	178	1.09723
24	180	1.0413
25	98	0.929563
25	102	0.970063
25	130	0.948918
25	136	0.973332
25	138	1.00827
25	143	0.921955
25	144	1.07304
25	149	0.974324
25	158	1.04164
25	162	1.05044
25	170	1.16062
25	173	1.06804
25	175	1.04021
26	14	0.961561
26	41	0.94905
26	60	1.06973
26	61	0.963833
26	77	0.979233
26	78	0.990675
26	80	0.97476
26	85	0.947461
26	94	0.925254
26	100	1.01778
26	135	1.08251
26	164	1.16312
26	174	1.10382
27	18	1.11082
27	63	1.08631
27	85	1.13356
27	118	1.1409
27	138	1.01264
27	152	0.904887
27	158	0.998906
27	162	0.99075
27	174	0.966431
27	176	0.865573
27	177	0.922667
27	178	0.916434
27	179	0.881247
27	180	0.939374
28	115	0.921311
28	116	0.919266
28	117	1.19221
28	120	0.932819
28	122	0.909711
28	123	1.08478
28	129	0.948822
28	130	0.936303
28	136	0.960717
28	138	1.08725
28	143	0.909341
28	149	0.96171
28	154	1.15619
28	170	1.23959
29	34	0.950641
29	45	1.18461
29	66	0.920536
29	95	0.918592
29	98	0.906555
29	104	0.973335
29	116	0.908872
29	130	0.92591
29	143	0.898947
29	149	0.951316
29	158	1.01863
29	171	1.01925
29	178	1.26318
29	179	1.31971
30	12	1.06528
30	51	1.13833
30	96	1.01339
30	97	1.01116
30	109	1.09878
30	112	1.0029
30	134	1.03978
30	153	0.965779
30	161	0.977438
30	163	0.975717
30	168	0.899154
30	172	1.03038
30	174	0.973895
30	180	1.00158
31	75	1.07262
31	78	1.10823
31	109	1.07651
31	114	1.118
31	129	1.06158
31	148	0.975794
31	159	0.993361
31	160	0.939416
31	170	0.920803
31	176	0.874639
31	177	0.931733
31	178	0.9255
31	179	0.890313
31	180	0.94844
32	2	1.14079
32	33	0.991655
32	60	1.14889
32	77	1.05839
32	78	1.06983
32	80	1.05392
32	85	1.02662
32	101	1.02224
32	115	1.02847
32	156	0.925681
32	162	0.909127
32	163	0.963507
32	170	1.0193
32	171	0.801381
33	19	0.945106
33	32	0.991655
33	41	0.919704
33	61	0.934486
33	72	1.10475
33	78	0.961328
33	85	0.918115
33	94	0.895907
33	101	0.913734
33	115	0.919965
33	146	1.17643
33	150	1.12398
33	152	1.2219
33	172	1.1331
34	29	0.950641
34	95	1.00418
34	107	1.00645
34	114	1.01442
34	122	0.984902
34	126	1.01456
34	131	1.00341
34	132	1.06241
34	138	0.91115
34	143	0.984531
34	148	1.00296
34	149	1.0369
34	164	1.06518
34	174	1.00588
34	179	1.14603
35	6	0.879757
35	14	0.938755
35	50	1.05635
35	58	1.00885
35	87	0.955027
35	88	1.01376
35	92	0.954069
35	132	1.13755
35	148	1.07809
35	150	1.05821
35	154	0.983926
35	168	1.00627
35	169	0.941641
35	171	1.06607
35	175	1.0822
36	45	1.04432
36	66	0.996265
36	94	0.962589
36	98	0.982284
36	107	0.9966
36	119	1.02065
36	122	0.975047
36	131	0.993558
36	135	1.01795
36	136	1.02605
36	143	0.974677
36	144	1.0093
36	148	1.03634
36	175	1.09293
36	180	1.06695
37	62	1.0042
37	114	1.03301
37	119	0.949481
37	136	1.05449
37	143	1.00312
37	149	1.05548
37	154	1.02309
37	164	1.0274
37	165	0.943931
37	166	0.988872
37	167	0.915026
37	171	1.10524
37	174	0.968096
37	175	1.12137
38	6	0.939605
38	16	1.0353
38	62	1.02488
38	87	1.01487
38	88	1.0736
38	152	0.993974
38	154	1.04377
38	157	0.955418
38	160	0.996888
38	161	0.922395
38	164	0.978157
38	171	1.12592
38	175	1.14204
38	180	0.946543
39	4	0.933689
39	23	1.04724
39	42	0.926304
39	75	0.999497
39	121	0.933002
39	122	1.00035
39	143	0.99998
39	149	1.05235
39	155	1.02999
39	175	1.11823
39	176	0.926332
39	177	0.983426
39	178	0.977194
39	179	0.942006
39	180	1.00013
40	46	0.964669
40	65	0.980279
40	67	1.07658
40	72	1.01013
40	84	0.957509
40	100	0.946106
40	103	0.975549
40	104	1.07366
40	108	0.975549
40	134	0.986074
40	139	1.03347
40	144	1.00218
40	160	1.11018
40	172	1.01846
40	177	1.08195
41	26	0.94905
41	33	0.919704
41	61	0.971038
41	77	0.986437
41	78	0.997879
41	80	0.981965
41	85	0.954666
41	90	1.09692
41	94	0.932459
41	101	0.950285
41	115	0.956517
41	151	1.12014
41	169	1.02598
41	171	1.00505
41	172	1.15168
41	180	1.19304
42	39	0.926304
42	50	1.10858
42	58	1.06108
42	75	1.03605
42	88	1.06599
42	92	1.0063
42	141	1.03312
42	147	0.898688
42	152	1.01833
42	154	1.03616
42	157	0.979771
42	168	0.868464
42	171	1.1183
42	172	0.929527
42	175	1.13443
42	180	0.970895
43	47	1.00261
43	52	1.04108
43	54	1.06928
43	70	1.00179
43	71	1.03771
43	74	1.09771
43	104	0.741451
43	135	0.926361
43	140	1.09109
43	144	0.917705
43	158	1.14414
43	160	1.02571
43	164	1.00697
43	169	1.11457
43	178	1.03129
43	180	0.97536
44	96	1.046
44	97	1.04378
44	106	1.06224
44	109	1.1314
44	112	1.03551
44	118	1.08516
44	127	0.995421
44	132	1.00016
44	134	1.0724
44	144	0.913659
44	153	0.935508
44	155	1.06052
44	164	1.00293
44	168	0.868883
44	172	1.06299
44	173	0.908666
45	29	1.18461
45	36	1.04432
45	69	0.940663
45	74	0.976755
45	90	0.997518
45	91	1.0714
45	155	1.05194
45	157	0.970928
45	163	0.965817
45	165	0.999678
45	167	1.00339
45	173	0.994606
45	176	0.881932
45	178	0.932794
45	179	0.897607
45	180	0.955733
46	17	0.947599
46	40	0.964669
46	65	0.944917
46	68	1.05851
46	76	0.943915
46	79	0.951874
46	84	0.922148
46	103	0.940187
46	108	0.940187
46	135	1.06545
46	137	0.985989
46	139	1.08809
46	145	1.14903
46	159	1.02856
46	162	1.0342
46	179	1.22692
47	20	0.907748
47	43	1.00261
47	52	0.927613
47	54	0.955811
47	70	0.888324
47	71	0.924245
47	74	0.984245
47	140	0.977621
47	158	1.03068
47	161	1.08668
47	169	1.0011
47	171	0.922839
47	174	1.08314
47	178	1.16677
47	179	1.2233
47	180	1.11083
48	21	0.91514
48	64	0.887111
48	114	1.06414
48	115	1.04622
48	116	1.04418
48	120	1.05773
48	130	1.06121
48	131	1.05313
48	143	1.03425
48	146	0.971015
48	149	1.08662
48	163	0.943181
48	164	1.00066
48	173	0.906402
48	175	1.1525
48	180	0.969049
49	57	0.988751
49	93	0.993666
49	110	0.987926
49	111	0.92465
49	113	0.960948
49	124	0.963906
49	125	0.962221
49	128	0.943171
49	141	0.941971
49	151	1.06597
49	155	0.932789
49	159	1.05298
49	166	1.13195
49	168	1.03644
49	174	1.11118
49	178	1.1948
50	35	1.05635
50	42	1.10858
50	75	1.04512
50	87	1.01632
50	89	1.05985
50	90	1.13212
50	92	1.01536
50	104	0.994334
50	109	0.00205666
50	138	1.10583
50	141	1.04218
50	154	1.04522
50	159	1.14236
50	171	1.12736
50	172	1.18688
50	175	1.14349
51	1	1.09991
51	30	1.13833
51	59	1.00962
51	96	1.04426
51	100	0.857843
51	112	1.03377
51	117	0.954114
51	118	1.08342
51	133	0.926742
51	134	1.07066
51	148	0.940959
51	154	0.918093
51	155	1.05878
51	172	1.06125
51	174	0.943878
51	179	1.08404
52	43	1.04108
52	47	0.927613
52	54	0.99428
52	70	0.926793
52	71	0.962713
52	74	1.02271
52	86	0.902129
52	132	1.08105
52	140	1.01609
52	142	1.09716
52	145	1.08679
52	153	1.0164
52	158	1.06914
52	169	1.03957
52	172	1.01083
53	21	0.988049
53	57	1.04275
53	90	0.945836
53	105	1.00077
53	110	1.04192
53	111	0.978645
53	113	1.01494
53	121	1.05575
53	124	1.0179
53	125	1.01622
53	128	0.997166
53	137	1.03394
53	148	1.01135
53	154	0.988484
53	156	0.978266
53	161	1.01781
53	177	1.06408
54	20	0.974415
54	43	1.06928
54	47	0.955811
54	52	0.99428
54	70	0.954991
54	71	0.990911
54	74	1.05091
54	140	1.04429
54	144	1.00198
54	158	1.09734
54	159	0.973754
54	163	1.03377
54	165	1.00778
54	168	0.957208
54	169	1.06777
54	172	1.01827
54	174	1.03195
55	1	1.16507
55	96	1.10942
55	97	1.10719
55	106	1.12566
55	109	1.19481
55	112	1.09893
55	118	1.14858
55	123	0.811896
55	138	0.81436
55	147	0.864568
55	155	1.12394
55	167	0.856016
55	170	0.966706
55	172	1.12641
55	173	0.874128
55	174	0.909086
55	177	0.958898
56	101	1.16649
56	105	0.900249
56	107	0.900426
56	114	0.908394
56	120	0.901981
56	123	1.07699
56	124	0.917379
56	125	0.915694
56	128	0.896644
56	137	0.93342
56	142	1.24683
56	149	0.930872
56	156	1.13818
56	158	0.998188
56	173	1.13922
56	175	0.996753
56	177	1.22399
57	49	0.988751
57	53	1.04275
57	91	1.01601
57	105	1.01831
57	113	1.03248
57	124	1.03544
57	125	1.03375
57	128	1.0147
57	133	1.14884
57	141	1.0135
57	155	1.00432
57	161	1.16952
57	171	1.00567
57	173	1.13102
57	175	0.00720019
57	176	1.371
57	180	1.19366
58	35	1.00885
58	42	1.06108
58	75	0.997613
58	87	0.968817
58	88	1.02755
58	92	0.967859
58	94	0.0133423
58	141	0.994678
58	147	1.11982
58	150	1.14153
58	154	0.997716
58	165	1.14017
58	166	1.18511
58	171	1.07986
58	172	1.15066
58	175	1.09599
58	177	1.21415
59	15	0.966663
59	51	1.00962
59	96	0.884679
59	104	0.987224
59	106	0.900918
59	109	0.970075
59	112	0.874192
59	118	0.923841
59	127	1.24524
59	134	0.911078
59	140	0.958067
59	144	1.16348
59	151	1.14823
59	155	0.899197
59	161	1.19699
59	170	1.25106
59	172	0.901671
60	26	1.06973
60	32	1.14889
60	61	1.09172
60	73	1.00324
60	77	1.10712
60	80	1.10265
60	83	0.901368
60	85	1.07535
60	94	1.05314
60	101	1.07097
60	115	1.0772
60	151	0.952088
60	156	0.961296
60	159	0.939103
60	169	0.857927
60	171	0.836995
60	172	0.98362
60	180	1.02499
61	19	0.99644
61	26	0.963833
61	33	0.934486
61	41	0.971038
61	60	1.09172
61	73	0.897336
61	77	1.00122
61	78	1.01266
61	80	0.996748
61	83	0.965969
61	85	0.969449
61	99	1.08098
61	101	0.965068
61	132	1.11843
61	150	1.0391
61	172	1.04822
61	174	1.0619
61	177	1.11171
62	4	0.99132
62	37	1.0042
62	38	1.02488
62	75	0.953803
62	87	0.925007
62	88	0.983737
62	92	0.924048
62	138	0.973411
62	141	0.950868
62	150	1.04534
62	154	0.953905
62	163	1.06996
62	167	1.01507
62	168	0.993395
62	171	1.03605
62	175	1.05218
62	177	1.11795
62	179	1.20829
63	27	1.08631
63	66	0.959456
63	114	0.967759
63	120	0.961346
63	122	0.938238
63	129	0.977349
63	130	0.96483
63	136	0.989245
63	143	0.937868
63	144	1.02014
63	149	0.990237
63	150	1.0273
63	151	1.00489
63	158	1.05755
63	160	1.12814
63	165	1.02594
63	175	1.05612
63	177	1.09991
64	48	0.887111
64	77	0.96618
64	95	1.0239
64	116	1.01056
64	128	1.02461
64	134	1.14411
64	137	0.955481
64	156	1.02883
64	161	0.988816
64	165	1.02032
64	166	0.986902
64	170	0.948737
64	173	1.01525
64	174	1.00343
64	177	0.959667
64	178	0.953434
64	179	0.918247
64	180	0.976374
65	18	0.959096
65	40	0.980279
65	46	0.944917
65	67	1.05683
65	68	1.07412
65	79	0.967484
65	84	0.937757
65	101	1.03892
65	103	0.955797
65	108	0.955797
65	134	0.966322
65	137	1.0016
65	138	0.951885
65	142	1.11926
65	157	1.08318
65	160	1.12465
65	172	1.03293
65	180	1.0743
66	29	0.920536
66	36	0.996265
66	63	0.959456
66	98	0.962033
66	99	1.06538
66	122	0.954796
66	129	0.993907
66	131	0.973307
66	132	1.10284
66	136	1.0058
66	138	0.951579
66	143	0.954426
66	149	1.0068
66	156	1.0103
66	168	0.971563
66	175	1.07268
66	176	1.25133
66	180	1.07399
67	17	1.05951
67	40	1.07658
67	65	1.05683
67	68	1.17042
67	76	1.05583
67	79	1.06379
67	101	0.925599
67	103	1.0521
67	104	1.15021
67	108	1.0521
67	134	1.06263
67	135	0.911982
67	150	0.91049
67	161	0.936833
67	166	0.954067
67	167	0.880221
67	172	0.919612
67	178	1.01691
68	18	1.07269
68	46	1.05851
68	65	1.07412
68	67	1.17042
68	76	1.07312
68	79	1.08108
68	84	1.05135
68	101	0.964018
68	103	1.06939
68	108	1.06939
68	133	0.954573
68	134	1.07992
68	147	0.927192
68	150	0.948909
68	167	0.91864
68	171	0.811406
68	172	0.958031
68	174	0.97171
69	5	1.12271
69	15	1.07601
69	45	0.940663
69	83	1.10789
69	96	0.994026
69	97	0.991803
69	106	1.01026
69	109	1.07942
69	118	1.03319
69	127	0.987407
69	134	1.02042
69	135	0.914301
69	139	0.936942
69	140	1.06741
69	154	0.909825
69	155	1.00854
69	164	0.994914
69	172	1.01102
69	177	0.985422
70	10	0.959204
70	20	0.906928
70	43	1.00179
70	47	0.888324
70	52	0.926793
70	54	0.954991
70	71	0.923425
70	73	0.848178
70	74	0.983425
70	135	1.06496
70	140	0.9768
70	146	1.11592
70	158	1.02986
70	160	1.1643
70	161	1.08981
70	169	1.00028
70	173	1.05131
70	179	1.22642
70	180	1.11396
71	20	0.942848
71	43	1.03771
71	47	0.924245
71	52	0.962713
71	54	0.990911
71	70	0.923425
71	73	0.884098
71	74	1.01934
71	100	0.976867
71	140	1.01272
71	157	1.09947
71	158	1.06578
71	159	1.00471
71	164	1.12221
71	167	1.00983
71	169	1.0362
71	170	1.12052
71	180	1.09059
72	4	0.908561
72	12	0.964105
72	23	1.1428
72	33	1.10475
72	40	1.01013
72	79	0.997334
72	103	0.985647
72	108	0.985647
72	111	1.01863
72	114	1.01975
72	121	0.907874
72	123	1.02862
72	137	1.03145
72	143	1.03817
72	164	0.965642
72	174	1.00374
72	175	0.875707
72	178	0.953746
72	179	0.918559
72	180	0.976685
73	19	0.907955
73	60	1.00324
73	61	0.897336
73	70	0.848178
73	71	0.884098
73	74	0.944098
73	77	0.912735
73	78	0.924177
73	80	0.908263
73	85	0.880964
73	90	1.12989
73	127	1.25012
73	140	0.937474
73	147	1.15381
73	151	1.15311
73	153	1.19021
73	158	0.990529
73	161	1.20187
73	162	1.14577
73	169	0.960958
74	20	1.00285
74	43	1.09771
74	45	0.976755
74	47	0.984245
74	52	1.02271
74	54	1.05091
74	70	0.983425
74	71	1.01934
74	73	0.944098
74	140	1.07272
74	146	1.00136
74	151	0.926491
74	153	0.963585
74	158	1.12578
74	159	0.913506
74	162	0.919144
74	165	0.947537
74	169	1.0962
74	176	1.17673
75	4	1.01011
75	31	1.07262
75	39	0.999497
75	42	1.03605
75	50	1.04512
75	58	0.997613
75	62	0.953803
75	87	0.943795
75	88	1.00252
75	92	0.942836
75	100	0.930364
75	141	0.969655
75	142	1.08905
75	147	0.971881
75	148	1.01348
75	154	0.972693
75	171	1.05484
75	174	1.0164
75	175	1.07096
75	178	1.10002
76	17	0.962207
76	18	0.958094
76	23	1.11194
76	46	0.943915
76	67	1.05583
76	68	1.07312
76	79	0.966481
76	103	0.954794
76	104	1.05291
76	108	0.954794
76	117	1.03136
76	134	0.96532
76	137	1.0006
76	154	0.995334
76	160	1.09916
76	165	0.996955
76	171	0.860816
76	172	1.00744
76	178	1.10474
76	179	1.16128
77	26	0.979233
77	32	1.05839
77	41	0.986437
77	60	1.10712
77	61	1.00122
77	64	0.96618
77	73	0.912735
77	78	1.02806
77	80	1.01215
77	85	0.984848
77	94	0.962641
77	101	0.980468
77	115	0.986699
77	142	1.09308
77	148	1.01751
77	152	1.09555
77	165	0.996264
77	168	0.945687
77	172	1.00675
77	178	1.10405
78	19	1.02328
78	26	0.990675
78	31	1.10823
78	32	1.06983
78	33	0.961328
78	41	0.997879
78	61	1.01266
78	73	0.924177
78	77	1.02806
78	80	1.02359
78	85	0.99629
78	86	0.929622
78	94	0.974083
78	115	0.998141
78	146	1.08166
78	147	1.00749
78	163	1.05383
78	169	0.912634
78	174	1.05201
78	180	1.0797
79	23	1.1199
79	46	0.951874
79	65	0.967484
79	67	1.06379
79	68	1.08108
79	72	0.997334
79	76	0.966481
79	84	0.944714
79	103	0.962754
79	108	0.962754
79	134	0.973279
79	137	1.00856
79	138	0.966327
79	159	1.00286
79	162	1.00849
79	170	1.11867
79	171	0.900749
79	173	1.0261
79	178	1.14468
79	180	1.08874
80	19	1.00737
80	26	0.97476
80	32	1.05392
80	41	0.981965
80	60	1.10265
80	61	0.996748
80	73	0.908263
80	77	1.01215
80	78	1.02359
80	85	0.980376
80	101	0.975995
80	115	0.982227
80	146	1.04609
80	150	0.99363
80	153	1.00832
80	159	0.958236
80	170	1.07405
80	172	1.00275
80	174	1.01643
80	179	1.15659
81	91	0.986286
81	93	1.03547
81	104	0.864244
81	105	0.988578
81	110	1.02973
81	111	0.966453
81	121	1.04356
81	124	1.00571
81	125	1.00402
81	126	0.99686
81	128	0.984973
81	133	1.05333
81	139	1.07179
81	141	0.983773
81	148	1.06754
81	150	1.04766
81	155	0.974592
81	167	1.01739
81	173	1.0355
81	180	1.09815
82	13	1.02224
82	91	0.977967
82	93	1.02715
82	105	0.980259
82	110	1.02141
82	111	0.958134
82	113	0.994431
82	121	1.03524
82	124	0.997389
82	125	0.995704
82	128	0.976654
82	137	1.01343
82	142	1.07558
82	157	1.0395
82	162	0.950375
82	171	0.84263
82	174	1.00293
82	176	1.20796
82	177	1.05275
82	178	1.08656
83	16	0.93512
83	60	0.901368
83	61	0.965969
83	69	1.10789
83	84	1.0236
83	112	1.02269
83	114	0.965846
83	137	0.913798
83	140	1.10657
83	149	0.910442
83	152	1.00561
83	155	1.0477
83	170	1.01245
83	172	1.05017
83	175	0.821806
83	176	0.966291
83	177	1.02339
83	178	1.01715
83	180	1.04009
84	17	0.940439
84	18	0.936327
84	23	1.09018
84	40	0.957509
84	46	0.922148
84	65	0.937757
84	68	1.05135
84	79	0.944714
84	83	1.0236
84	103	0.933027
84	104	1.03114
84	108	0.933027
84	123	1.02234
84	134	0.943553
84	137	0.978829
84	147	1.07501
84	151	1.07432
84	162	1.06697
84	168	1.04479
84	177	1.16934
84	180	1.14722
85	19	0.980068
85	26	0.947461
85	27	1.13356
85	32	1.02662
85	33	0.918115
85	41	0.954666
85	60	1.07535
85	61	0.969449
85	73	0.880964
85	77	0.984848
85	78	0.99629
85	80	0.980376
85	94	0.93087
85	115	0.954928
85	135	1.07604
85	152	1.17247
85	154	1.07157
85	164	1.15666
85	166	1.11813
85	169	0.95798
85	171	0.937049
86	3	0.897292
86	52	0.902129
86	78	0.929622
86	88	0.868237
86	96	0.96237
86	124	0.890717
86	128	0.956476
86	140	0.873787
86	145	1.0234
86	152	1.01221
86	155	0.924505
86	165	1.09064
86	166	1.05722
86	168	1.10172
86	170	1.01906
86	171	1.14866
86	174	1.07375
86	176	0.972894
86	177	1.02999
86	178	1.02376
86	180	1.04669
87	16	0.935423
87	35	0.955027
87	38	1.01487
87	50	1.01632
87	58	0.968817
87	62	0.925007
87	75	0.943795
87	88	0.973729
87	92	0.91404
87	100	1.00666
87	135	1.07139
87	141	0.940859
87	151	1.04749
87	153	1.08458
87	154	0.943897
87	156	1.0567
87	161	1.09624
87	164	1.152
87	171	1.02604
87	175	1.04217
87	177	1.14251
88	6	0.898458
88	35	1.01376
88	38	1.0736
88	42	1.06599
88	58	1.02755
88	62	0.983737
88	75	1.00252
88	86	0.868237
88	87	0.973729
88	92	0.97277
88	141	0.999589
88	154	1.00263
88	159	0.932424
88	162	0.938062
88	164	1.04992
88	168	0.915879
88	170	1.04824
88	171	1.08477
88	172	0.976942
88	175	1.1009
88	176	1.19565
88	179	1.13078
89	50	1.05985
89	95	0.937439
89	96	0.944046
89	97	1.08591
89	102	0.938894
89	123	1.06192
89	126	0.881799
89	129	0.864653
89	134	1.05765
89	142	1.00922
89	164	0.998943
89	165	1.05393
89	167	1.05764
89	168	1.06501
89	170	0.982349
89	173	1.04886
89	174	1.03704
89	175	0.777029
89	176	0.936185
89	178	0.987046
89	179	0.951859
89	180	1.00999
90	41	1.09692
90	45	0.997518
90	50	1.13212
90	53	0.945836
90	73	1.12989
90	99	0.978452
90	112	1.01557
90	118	1.03626
90	119	1.01848
90	138	1.04819
90	139	0.99415
90	145	0.951635
90	149	0.93794
90	158	0.894266
90	164	0.963886
90	168	1.02996
90	173	1.0138
90	174	1.00199
90	175	0.849303
90	177	0.958222
90	178	0.951989
90	179	0.916802
90	180	0.974929
91	45	1.0714
91	57	1.01601
91	81	0.986286
91	82	0.977967
91	105	0.974038
91	111	0.951912
91	113	0.98821
91	121	1.02902
91	124	0.991167
91	125	0.989483
91	128	0.970432
91	137	1.00721
91	141	0.969233
91	142	1.139
91	144	1.03638
91	147	0.988985
91	154	1.04056
91	155	0.960051
91	161	1.06989
91	167	1.01328
91	169	0.926977
91	174	1.06635
91	180	1.09404
92	4	0.980353
92	6	0.83877
92	16	0.934464
92	35	0.954069
92	42	1.0063
92	50	1.01536
92	58	0.967859
92	62	0.924048
92	75	0.942836
92	87	0.91404
92	88	0.97277
92	123	1.00654
92	132	1.16026
92	135	1.08242
92	141	0.939901
92	145	1.166
92	154	0.942938
92	159	1.04553
92	161	1.10727
92	163	1.10555
92	168	1.02899
92	171	1.02508
92	175	1.04121
92	178	1.18735
93	24	1.00139
93	49	0.993666
93	81	1.03547
93	82	1.02715
93	99	1.02039
93	104	0.795096
93	105	1.02322
93	111	1.00109
93	113	1.03739
93	121	1.0782
93	124	1.04035
93	125	1.03867
93	128	1.01962
93	135	0.980006
93	137	1.05639
93	147	1.03817
93	151	0.956105
93	155	1.00923
93	156	0.965312
93	161	1.00486
93	165	0.97715
93	166	1.02209
93	170	1.05893
93	179	1.14147
94	19	0.957861
94	26	0.925254
94	33	0.895907
94	36	0.962589
94	41	0.932459
94	58	0.0133423
94	60	1.05314
94	77	0.962641
94	78	0.974083
94	85	0.93087
94	104	1.06668
94	114	0.950641
94	116	0.930675
94	123	1.17571
94	131	0.939632
94	136	0.972127
94	139	1.27423
94	149	0.973119
94	152	1.34802
94	156	1.2369
94	163	1.27472
94	169	1.13353
94	170	1.33052
94	175	1.039
95	29	0.918592
95	34	1.00418
95	64	1.0239
95	89	0.937439
95	98	0.96009
95	102	1.00059
95	107	0.974405
95	115	0.964453
95	116	0.962407
95	120	0.97596
95	122	0.952852
95	126	0.98251
95	129	0.991963
95	130	0.979445
95	131	0.971364
95	136	1.00386
95	143	0.952482
95	146	1.1078
95	149	1.00485
95	151	1.03294
95	152	1.15327
95	153	1.07003
95	159	1.01995
95	167	1.02508
95	168	1.00341
95	176	1.28317
96	1	0.974968
96	30	1.01339
96	44	1.046
96	51	1.04426
96	55	1.10942
96	59	0.884679
96	69	0.994026
96	86	0.96237
96	89	0.944046
96	97	0.917097
96	99	1.10383
96	100	0.998718
96	106	0.935559
96	109	1.00472
96	112	0.908833
96	118	0.958482
96	134	0.945719
96	139	1.08609
96	140	0.992708
96	142	1.1574
96	148	1.08183
96	153	1.07664
96	155	0.933838
96	172	0.936312
96	177	1.13457
96	180	1.11244
97	3	0.999924
97	8	0.995903
97	22	0.934758
97	30	1.01116
97	44	1.04378
97	55	1.10719
97	69	0.991803
97	89	1.08591
97	96	0.917097
97	106	0.933335
97	109	1.00249
97	112	0.906609
97	118	0.956259
97	127	1.27842
97	134	0.943496
97	140	0.990485
97	145	1.28889
97	152	1.30174
97	155	0.931615
97	158	0.00827719
97	159	1.16842
97	163	1.22844
97	167	1.17355
97	169	1.08725
97	171	1.06632
97	172	0.934089
98	11	1.01363
98	25	0.929563
98	29	0.906555
98	36	0.982284
98	66	0.962033
98	95	0.96009
98	119	1.05091
98	120	0.963923
98	122	0.940815
98	123	0.972332
98	126	0.970472
98	130	0.967407
98	131	0.959326
98	133	1.05238
98	136	0.991821
98	143	0.940445
98	145	1.13179
98	149	0.992814
98	157	1.10609
98	158	1.06013
98	160	1.14756
98	167	1.01645
98	172	1.05584
98	174	1.06952
98	175	1.0587
98	177	1.11933
99	17	1.06871
99	61	1.08098
99	66	1.06538
99	90	0.978452
99	93	1.02039
99	96	1.10383
99	103	1.04416
99	112	1.10308
99	116	1.08388
99	126	1.04158
99	149	1.02545
99	150	0.970409
99	151	0.979756
99	152	0.90218
99	156	0.989119
99	161	0.949109
99	165	0.980612
99	166	0.947195
99	167	0.984321
99	170	0.90903
99	171	1.03864
99	172	0.946747
99	173	0.975539
99	177	0.91996
99	178	0.913727
99	179	0.87854
99	180	0.936667
100	12	0.920099
100	26	1.01778
100	40	0.946106
100	51	0.857843
100	71	0.976867
100	75	0.930364
100	87	1.00666
100	96	0.998718
100	107	1.00899
100	118	1.01866
100	126	1.0171
100	129	1.02655
100	130	1.01403
100	131	1.00595
100	134	1.11233
100	137	0.923694
100	143	0.987068
100	158	1.10675
100	169	1.07718
100	170	0.959584
100	173	1.02609
100	174	1.01428
100	175	1.10532
100	177	0.970514
100	178	0.964281
100	179	0.929094
100	180	0.987221
101	32	1.02224
101	33	0.913734
101	41	0.950285
101	56	1.16649
101	60	1.07097
101	61	0.965068
101	65	1.03892
101	67	0.925599
101	68	0.964018
101	77	0.980468
101	80	0.975995
101	114	1.05409
101	115	0.950547
101	120	1.05023
101	125	1.08164
101	133	0.977044
101	134	1.19067
101	141	1.1899
101	145	0.915436
101	158	0.955008
101	160	0.929706
101	165	0.982675
101	174	0.965787
101	176	0.864929
101	178	0.91579
101	179	0.880603
101	180	0.93873
102	11	1.05413
102	25	0.970063
102	89	0.938894
102	95	1.00059
102	104	0.873383
102	107	1.00287
102	114	1.01084
102	116	0.99087
102	120	1.00442
102	122	0.981315
102	126	1.01097
102	129	1.02043
102	130	1.00791
102	131	0.999826
102	136	1.03232
102	143	0.980945
102	147	1.03508
102	149	1.03331
102	151	1.03439
102	154	1.05382
102	156	1.0436
102	165	1.05544
102	168	1.00486
102	169	0.94023
102	171	0.919299
102	175	1.0992
102	179	1.21976
103	10	0.990985
103	17	0.958479
103	18	0.954366
103	23	1.10822
103	40	0.975549
103	46	0.940187
103	65	0.955797
103	67	1.0521
103	68	1.06939
103	72	0.985647
103	76	0.954794
103	79	0.962754
103	84	0.933027
103	99	1.04416
103	104	1.04918
103	108	0.951067
103	117	1.03531
103	134	0.961592
103	137	0.996869
103	138	0.930354
103	139	1.02641
103	144	0.995114
103	146	1.05473
103	170	1.0827
103	173	0.990122
103	174	1.02508
103	176	1.23011
103	178	1.1087
104	29	0.973335
104	40	1.07366
104	43	0.741451
104	50	0.994334
104	59	0.987224
104	67	1.15021
104	76	1.05291
104	81	0.864244
104	84	1.03114
104	93	0.795096
104	94	1.06668
104	102	0.873383
104	103	1.04918
104	108	1.04918
104	110	0.926099
104	112	0.877785
104	122	0.988705
104	123	1.09215
104	137	1.09498
104	141	0.991374
104	161	1.05266
104	164	1.02917
104	168	1.09524
104	176	0.966416
104	177	1.02351
104	178	1.01728
104	179	0.982091
104	180	1.04022
105	53	1.00077
105	56	0.900249
105	57	1.01831
105	81	0.988578
105	82	0.980259
105	91	0.974038
105	93	1.02322
105	110	1.01748
105	111	0.954205
105	113	0.990502
105	117	1.045
105	121	1.03131
105	124	0.99346
105	125	0.991775
105	128	0.972725
105	135	1.01346
105	137	1.0095
105	147	0.991277
105	155	0.962344
105	156	0.998764
105	157	1.07133
105	165	1.0106
105	166	1.05554
105	167	0.981698
105	173	0.99981
105	177	1.08458
105	178	1.11839
105	179	1.17493
106	3	1.01839
106	8	1.01436
106	12	0.987456
106	15	1.01754
106	44	1.06224
106	55	1.12566
106	59	0.900918
106	69	1.01026
106	96	0.935559
106	97	0.933335
106	109	1.02095
106	112	0.925071
106	117	1.05718
106	118	0.97472
106	123	0.949751
106	133	1.0298
106	134	0.961957
106	140	1.00895
106	146	1.0766
106	155	0.950077
106	160	1.12498
106	161	1.05048
106	168	0.972199
106	170	1.10456
106	172	0.952551
106	173	1.01198
106	174	1.04694
106	178	1.13056
107	7	1.00964
107	9	1.00745
107	34	1.00645
107	36	0.9966
107	56	0.900426
107	95	0.974405
107	100	1.00899
107	102	1.00287
107	115	0.966731
107	116	0.964685
107	120	0.978238
107	129	0.994242
107	130	0.981723
107	131	0.973642
107	133	1.16399
107	136	1.00614
107	139	1.18245
107	141	0.00973511
107	143	0.95476
107	147	1.1366
107	152	1.25624
107	154	1.15534
107	164	1.24043
107	167	1.12805
107	168	1.10638
107	171	1.02082
107	173	1.14616
107	175	1.07301
108	10	0.990985
108	17	0.958479
108	18	0.954366
108	21	1.0276
108	23	1.10822
108	40	0.975549
108	46	0.940187
108	65	0.955797
108	67	1.0521
108	68	1.06939
108	72	0.985647
108	76	0.954794
108	79	0.962754
108	84	0.933027
108	103	0.951067
108	104	1.04918
108	119	1.03521
108	134	0.961592
108	137	0.996869
108	146	1.08348
108	151	1.00861
108	157	1.09039
108	160	1.13186
108	162	1.00126
108	163	1.05564
108	165	1.02966
108	172	1.04014
108	173	1.01887
109	15	1.0867
109	22	1.02238
109	30	1.09878
109	31	1.07651
109	44	1.1314
109	50	0.00205666
109	55	1.19481
109	59	0.970075
109	69	1.07942
109	96	1.00472
109	97	1.00249
109	106	1.02095
109	112	0.994229
109	118	1.04388
109	132	1.07683
109	133	1.00316
109	134	1.03111
109	140	1.0781
109	142	1.09294
109	144	0.990327
109	155	1.01923
109	156	0.984289
109	168	0.945551
109	172	1.02171
109	173	0.985334
109	176	1.22532
109	177	1.0701
109	178	1.10392
110	21	1.1061
110	23	0.00806774
110	24	0.995646
110	49	0.987926
110	53	1.04192
110	81	1.02973
110	82	1.02141
110	104	0.926099
110	105	1.01748
110	111	0.995355
110	113	1.03165
110	121	1.07246
110	124	1.03461
110	125	1.03293
110	126	1.02576
110	128	1.01388
110	133	1.11518
110	137	1.05065
110	141	1.01268
110	147	1.03243
110	153	1.1242
110	155	1.00349
110	163	1.13414
110	166	1.15309
110	167	1.07925
110	169	0.992946
110	170	1.18994
110	171	0.972015
110	172	1.11864
111	13	0.996182
111	24	0.93237
111	49	0.92465
111	53	0.978645
111	72	1.01863
111	81	0.966453
111	82	0.958134
111	91	0.951912
111	93	1.00109
111	105	0.954205
111	110	0.995355
111	113	0.968377
111	121	1.00918
111	124	0.971334
111	125	0.96965
111	126	0.962486
111	128	0.950599
111	139	1.06199
111	145	1.12293
111	147	0.969152
111	148	1.05774
111	151	1.01545
111	155	0.940218
111	159	1.00246
111	163	1.06248
111	173	1.0257
111	176	1.26568
111	179	1.20081
111	180	1.08835
112	1	0.964481
112	3	0.99166
112	22	0.926494
112	30	1.0029
112	44	1.03551
112	51	1.03377
112	55	1.09893
112	59	0.874192
112	83	1.02269
112	90	1.01557
112	96	0.908833
112	97	0.906609
112	99	1.10308
112	104	0.877785
112	106	0.925071
112	109	0.994229
112	118	0.947995
112	134	0.935232
112	138	0.989278
112	140	0.982221
112	142	1.15665
112	153	1.07589
112	155	0.923351
112	157	1.12057
112	162	1.03145
112	167	1.03093
112	172	0.925825
112	176	1.28903
112	178	1.16763
113	24	0.968667
113	49	0.960948
113	53	1.01494
113	57	1.03248
113	82	0.994431
113	91	0.98821
113	93	1.03739
113	105	0.990502
113	110	1.03165
113	111	0.968377
113	121	1.04548
113	123	0.950102
113	124	1.00763
113	125	1.00595
113	126	0.998783
113	128	0.986897
113	138	0.952566
113	141	0.985697
113	147	1.00545
113	154	1.02151
113	155	0.976515
113	156	1.01129
113	157	1.08386
113	161	1.05083
113	162	0.994734
113	163	1.04911
113	164	1.1066
113	166	1.06807
113	169	0.90792
113	179	1.18745
114	31	1.118
114	34	1.01442
114	37	1.03301
114	48	1.06414
114	56	0.908394
114	63	0.967759
114	72	1.01975
114	83	0.965846
114	94	0.950641
114	101	1.05409
114	102	1.01084
114	116	0.972654
114	120	0.986207
114	122	0.963099
114	129	1.00221
114	130	0.989691
114	131	0.98161
114	136	1.01411
114	143	0.962729
114	149	1.0151
114	151	1.01657
114	154	1.03599
114	157	1.09834
114	158	1.08241
114	168	0.987035
114	169	0.922405
114	171	0.901473
114	172	1.0481
114	175	1.08098
114	180	1.08947
115	19	0.981919
115	28	0.921311
115	32	1.02847
115	33	0.919965
115	41	0.956517
115	48	1.04622
115	60	1.0772
115	77	0.986699
115	78	0.998141
115	80	0.982227
115	85	0.954928
115	95	0.964453
115	101	0.950547
115	107	0.966731
115	116	0.954733
115	117	1.05661
115	130	0.97177
115	136	0.996185
115	143	0.944808
115	147	1.00186
115	149	0.997177
115	152	1.1215
115	156	1.01037
115	164	1.10568
115	170	1.10399
115	171	0.886072
115	173	1.01142
115	177	1.09619
115	178	1.13
115	179	1.18653
115	180	1.07406
116	2	1.24391
116	11	1.01594
116	28	0.919266
116	29	0.908872
116	48	1.04418
116	64	1.01056
116	94	0.930675
116	95	0.962407
116	99	1.08388
116	102	0.99087
116	107	0.964685
116	114	0.972654
116	115	0.954733
116	120	0.96624
116	122	0.943133
116	129	0.982243
116	130	0.969725
116	131	0.961644
116	136	0.994139
116	139	1.06614
116	148	1.06188
116	149	0.995132
116	158	1.06245
116	159	1.00661
116	160	1.14284
116	162	1.01225
116	165	1.04064
116	166	1.08558
116	171	0.904501
116	173	1.02985
116	175	1.06101
117	28	1.19221
117	51	0.954114
117	76	1.03136
117	103	1.03531
117	105	1.045
117	106	1.05718
117	115	1.05661
117	118	1.11493
117	130	1.15976
117	132	0.952221
117	138	1.02114
117	140	1.00641
117	142	0.947114
117	148	0.975232
117	152	0.913391
117	153	0.969698
117	155	1.05712
117	156	1.00033
117	159	0.992799
117	163	0.957961
117	164	0.936834
117	166	0.958405
117	167	0.995532
117	171	1.04985
117	173	0.98675
117	174	0.974934
117	175	0.927972
117	176	0.874076
117	177	0.931171
117	178	0.924938
117	179	0.889751
117	180	0.947877
118	1	1.01413
118	3	1.04131
118	8	1.03729
118	12	1.01038
118	22	0.976143
118	27	1.1409
118	44	1.08516
118	51	1.08342
118	55	1.14858
118	59	0.923841
118	69	1.03319
118	90	1.03626
118	96	0.958482
118	97	0.956259
118	100	1.01866
118	106	0.97472
118	109	1.04388
118	112	0.947995
118	117	1.11493
118	127	1.15649
118	130	0.00630141
118	132	1.16123
118	134	0.984881
118	140	1.03187
118	155	0.973
118	166	1.12547
118	169	0.965321
118	171	0.94439
118	172	0.975474
118	173	1.06974
118	174	1.10469
118	179	1.24485
119	9	0.933695
119	36	1.02065
119	37	0.949481
119	90	1.01848
119	98	1.05091
119	108	1.03521
119	120	1.0393
119	123	1.02863
119	126	1.00389
119	129	0.986745
119	132	0.981041
119	143	1.06158
119	145	0.953403
119	149	0.987758
119	151	1.01979
119	155	1.02827
119	158	0.944085
119	159	1.02162
119	160	0.967674
119	162	1.02807
119	163	0.986781
119	164	0.965654
119	166	0.987225
119	168	1.03172
119	171	1.07867
119	173	1.01557
119	174	1.00375
119	175	0.899122
119	176	0.902896
119	177	0.959991
119	178	0.953758
119	179	0.918571
119	180	0.976697
120	7	1.0112
120	9	1.009
120	28	0.932819
120	48	1.05773
120	56	0.901981
120	63	0.961346
120	95	0.97596
120	98	0.963923
120	101	1.05023
120	102	1.00442
120	107	0.978238
120	114	0.986207
120	116	0.96624
120	119	1.0393
120	122	0.956686
120	129	0.995796
120	131	0.975197
120	133	1.04078
120	136	1.00769
120	139	1.05925
120	143	0.956315
120	147	1.0134
120	149	1.00868
120	153	1.0498
120	157	1.09448
120	158	1.076
120	160	1.13595
120	163	1.05974
120	169	0.918546
120	171	0.897614
120	175	1.07457
120	177	1.10773
120	180	1.08561
121	5	1.137
121	13	1.07329
121	24	1.00947
121	39	0.933002
121	53	1.05575
121	72	0.907874
121	81	1.04356
121	82	1.03524
121	91	1.02902
121	93	1.0782
121	105	1.03131
121	110	1.07246
121	111	1.00918
121	113	1.04548
121	124	1.04844
121	125	1.04675
121	126	1.03959
121	127	1.0017
121	128	1.0277
121	137	1.06448
121	138	0.855178
121	139	0.951235
121	141	1.0265
121	146	0.979559
121	147	1.04626
121	155	1.01732
121	161	0.953446
121	163	0.951726
121	170	1.00752
121	173	0.914946
121	174	0.949904
121	178	1.03353
121	180	0.977593
122	11	1.00639
122	28	0.909711
122	34	0.984902
122	36	0.975047
122	39	1.00035
122	63	0.938238
122	66	0.954796
122	95	0.952852
122	98	0.940815
122	102	0.981315
122	104	0.988705
122	114	0.963099
122	116	0.943133
122	120	0.956686
122	129	0.972689
122	130	0.96017
122	131	0.952089
122	134	0.00231848
122	136	0.984584
122	143	0.933207
122	147	1.15041
122	149	0.985577
122	154	1.16914
122	158	1.05289
122	162	1.14237
122	164	1.25423
122	166	1.2157
122	167	1.14185
122	169	1.05555
122	171	1.03462
122	175	1.05146
122	177	1.24474
122	179	1.33508
122	180	1.22261
123	7	0.920486
123	28	1.08478
123	55	0.811896
123	56	1.07699
123	72	1.02862
123	84	1.02234
123	89	1.06192
123	92	1.00654
123	94	1.17571
123	98	0.972332
123	104	1.09215
123	106	0.949751
123	113	0.950102
123	119	1.02863
123	125	0.992142
123	135	1.02458
123	137	0.912539
123	140	0.89898
123	141	1.1004
123	145	0.961787
123	146	0.997997
123	157	1.00028
123	159	1.03
123	160	0.976058
123	162	1.03646
123	164	0.974038
123	168	1.04011
123	170	0.957444
123	173	1.02395
123	174	1.01214
123	176	0.91128
123	177	0.968374
123	178	0.962141
123	179	0.926954
123	180	0.985081
124	5	1.2002
124	24	0.971625
124	49	0.963906
124	53	1.0179
124	56	0.917379
124	57	1.03544
124	81	1.00571
124	82	0.997389
124	86	0.890717
124	91	0.991167
124	93	1.04035
124	105	0.99346
124	110	1.03461
124	111	0.971334
124	113	1.00763
124	121	1.04844
124	125	1.0089
124	126	1.00174
124	128	0.989854
124	135	0.991791
124	137	1.02663
124	141	0.988655
124	142	1.08575
124	144	0.983135
124	147	1.00841
124	154	0.987315
124	155	0.979473
124	156	0.977097
124	163	1.01492
124	165	0.988935
124	169	0.873728
124	170	1.07072
124	176	1.21813
124	177	1.06291
124	180	1.04079
125	8	0.00287546
125	13	1.03375
125	14	0.947075
125	24	0.969941
125	49	0.962221
125	53	1.01622
125	56	0.915694
125	57	1.03375
125	81	1.00402
125	82	0.995704
125	91	0.989483
125	93	1.03867
125	101	1.08164
125	105	0.991775
125	110	1.03293
125	111	0.96965
125	113	1.00595
125	121	1.04675
125	123	0.992142
125	124	1.0089
125	128	0.98817
125	137	1.02495
125	141	0.98697
125	144	1.05937
125	145	1.15161
125	147	1.00672
125	148	1.08641
125	153	1.08122
125	155	0.977788
125	157	1.1259
125	172	1.07565
125	173	1.05437
125	176	1.29436
125	178	1.17296
125	179	1.22949
126	5	1.20961
126	7	1.01775
126	13	1.02659
126	34	1.01456
126	81	0.99686
126	89	0.881799
126	95	0.98251
126	98	0.970472
126	99	1.04158
126	100	1.0171
126	102	1.01097
126	110	1.02576
126	111	0.962486
126	113	0.998783
126	119	1.00389
126	121	1.03959
126	124	1.00174
126	128	0.981006
126	129	1.00235
126	130	0.989828
126	131	0.981747
126	132	1.07904
126	136	1.01424
126	139	1.02384
126	141	0.979807
126	142	1.09515
126	145	1.08478
126	149	1.01523
126	154	0.996721
126	155	0.970625
126	165	0.998342
126	167	0.969437
126	168	0.947766
126	169	0.883135
126	178	1.10613
127	11	1.03798
127	23	1.11594
127	44	0.995421
127	59	1.24524
127	69	0.987407
127	73	1.25012
127	97	1.27842
127	118	1.15649
127	121	1.0017
127	132	0.918612
127	133	0.952583
127	134	1.25016
127	139	0.93349
127	143	1.132
127	149	1.05817
127	150	0.948011
127	151	0.957358
127	152	0.879782
127	153	0.936089
127	160	0.905245
127	162	0.965645
127	163	0.924353
127	166	0.924797
127	167	0.961923
127	168	0.969296
127	169	1.00423
127	172	0.924349
127	173	0.953141
127	174	0.941326
127	176	0.840468
127	177	0.897562
127	178	0.891329
127	179	0.856142
127	180	0.914269
128	13	1.0147
128	14	0.936602
128	24	0.95089
128	49	0.943171
128	53	0.997166
128	56	0.896644
128	57	1.0147
128	64	1.02461
128	81	0.984973
128	82	0.976654
128	86	0.956476
128	91	0.970432
128	93	1.01962
128	105	0.972725
128	110	1.01388
128	111	0.950599
128	113	0.986897
128	121	1.0277
128	124	0.989854
128	125	0.98817
128	126	0.981006
128	137	1.0059
128	138	0.984134
128	139	1.08019
128	141	0.96792
128	145	1.14113
128	147	0.987672
128	151	1.03365
128	152	1.15398
128	155	0.958738
128	165	1.05469
128	167	1.02579
128	169	0.939487
128	170	1.13648
128	172	1.06518
128	179	1.21902
129	7	1.0272
129	9	1.025
129	11	1.0455
129	28	0.948822
129	31	1.06158
129	63	0.977349
129	66	0.993907
129	89	0.864653
129	95	0.991963
129	100	1.02655
129	102	1.02043
129	107	0.994242
129	114	1.00221
129	116	0.982243
129	119	0.986745
129	120	0.995796
129	122	0.972689
129	126	1.00235
129	130	0.999281
129	131	0.9912
129	136	1.0237
129	139	1.00669
129	143	0.972318
129	145	1.06763
129	149	1.02469
129	153	0.997244
129	157	1.04193
129	158	1.092
129	160	1.0834
129	162	0.952802
129	163	1.00718
129	167	0.952291
129	172	0.991682
129	173	0.970403
129	175	1.09057
129	177	1.05517
129	179	1.14552
130	9	1.01248
130	25	0.948918
130	28	0.936303
130	29	0.92591
130	48	1.06121
130	63	0.96483
130	95	0.979445
130	98	0.967407
130	100	1.01403
130	102	1.00791
130	107	0.981723
130	114	0.989691
130	115	0.97177
130	116	0.969725
130	117	1.15976
130	118	0.00630141
130	122	0.96017
130	126	0.989828
130	129	0.999281
130	131	0.978681
130	136	1.01118
130	138	1.0548
130	143	0.9598
130	147	1.105
130	148	1.1466
130	149	1.01217
130	153	1.14141
130	154	1.12374
130	158	1.07948
130	162	1.09696
130	163	1.15134
130	168	1.07478
130	171	0.989219
130	172	1.13584
130	173	1.11456
130	174	1.14952
130	175	1.07805
130	177	1.19933
131	9	1.0044
131	21	1.00034
131	34	1.00341
131	36	0.993558
131	48	1.05313
131	66	0.973307
131	94	0.939632
131	95	0.971364
131	98	0.959326
131	100	1.00595
131	102	0.999826
131	107	0.973642
131	114	0.98161
131	116	0.961644
131	120	0.975197
131	122	0.952089
131	126	0.981747
131	129	0.9912
131	130	0.978681
131	135	1.00526
131	136	1.0031
131	142	1.09921
131	143	0.951719
131	149	1.00409
131	152	1.10169
131	156	0.990561
131	158	1.0714
131	159	0.968369
131	161	1.03011
131	163	1.02839
131	166	1.04734
131	171	0.866261
131	172	1.01289
131	173	0.991607
131	175	1.06997
131	176	1.23159
131	178	1.11019
131	179	1.16672
132	24	1.07014
132	34	1.06241
132	35	1.13755
132	44	1.00016
132	52	1.08105
132	61	1.11843
132	66	1.10284
132	92	1.16026
132	109	1.07683
132	117	0.952221
132	118	1.16123
132	119	0.981041
132	126	1.07904
132	127	0.918612
132	136	1.05934
132	139	0.956709
132	142	0.936724
132	151	0.980576
132	157	0.952682
132	158	1.01923
132	159	0.982409
132	160	0.928464
132	161	0.94993
132	164	0.926444
132	165	0.981432
132	166	0.948015
132	167	0.985142
132	168	0.992515
132	169	1.02745
132	170	0.90985
132	172	0.947568
132	173	0.97636
132	174	0.964544
132	175	0.974271
132	176	0.863686
132	177	0.920781
132	179	0.879361
132	180	0.937487
133	10	0.949035
133	51	0.926742
133	57	1.14884
133	68	0.954573
133	81	1.05333
133	98	1.05238
133	101	0.977044
133	106	1.0298
133	107	1.16399
133	109	1.00316
133	110	1.11518
133	120	1.04078
133	127	0.952583
133	136	0.985672
133	139	0.990679
133	140	0.979034
133	144	1.00911
133	148	0.998812
133	149	0.989237
133	150	1.0052
133	151	1.01455
133	153	0.993278
133	156	1.02391
133	157	0.986653
133	158	0.945563
133	160	0.962435
133	162	1.02283
133	163	0.981542
133	165	1.0154
133	166	0.981986
133	167	1.01911
133	168	1.02649
133	170	0.943821
133	173	1.01033
133	174	0.998515
133	175	0.9006
133	176	0.897657
133	177	0.954751
133	178	0.948518
133	179	0.913331
133	180	0.971458
134	17	0.969004
134	18	0.964892
134	23	1.11874
134	30	1.03978
134	40	0.986074
134	44	1.0724
134	51	1.07066
134	59	0.911078
134	64	1.14411
134	65	0.966322
134	67	1.06263
134	68	1.07992
134	69	1.02042
134	76	0.96532
134	79	0.973279
134	84	0.943553
134	89	1.05765
134	96	0.945719
134	97	0.943496
134	100	1.11233
134	101	1.19067
134	103	0.961592
134	106	0.961957
134	108	0.961592
134	109	1.03111
134	112	0.935232
134	118	0.984881
134	122	0.00231848
134	127	1.25016
134	137	1.00739
134	141	0.00485273
134	144	1.1684
134	150	1.17556
134	155	0.960237
134	159	1.14017
134	162	1.1458
134	165	1.1742
134	169	1.05899
134	170	1.25598
134	171	1.03806
134	172	0.962711
134	178	1.28199
134	179	1.33852
135	18	1.05331
135	26	1.08251
135	36	1.01795
135	43	0.926361
135	46	1.06545
135	67	0.911982
135	69	0.914301
135	70	1.06496
135	85	1.07604
135	87	1.07139
135	92	1.08242
135	93	0.980006
135	105	1.01346
135	123	1.02458
135	124	0.991791
135	131	1.00526
135	136	0.981499
135	138	1.0459
135	139	0.991861
135	144	1.0103
135	146	0.985556
135	150	1.00638
135	151	1.01573
135	152	0.938153
135	153	0.994461
135	156	1.02509
135	161	0.985083
135	162	1.02402
135	163	0.982724
135	165	1.01658
135	166	0.983168
135	167	1.02029
135	168	1.02767
135	170	0.945003
135	171	1.07461
135	173	1.01151
135	174	0.999697
135	175	0.896428
135	176	0.898839
135	177	0.955934
135	178	0.949701
135	179	0.914514
135	180	0.97264
136	7	1.0391
136	14	1.06892
136	25	0.973332
136	28	0.960717
136	36	1.02605
136	37	1.05449
136	63	0.989245
136	66	1.0058
136	94	0.972127
136	95	1.00386
136	98	0.991821
136	102	1.03232
136	107	1.00614
136	114	1.01411
136	115	0.996185
136	116	0.994139
136	120	1.00769
136	122	0.984584
136	126	1.01424
136	129	1.0237
136	130	1.01118
136	131	1.0031
136	132	1.05934
136	133	0.985672
136	135	0.981499
136	143	0.984214
136	145	1.06508
136	146	1.03246
136	147	0.958291
136	149	1.03658
136	151	0.957598
136	154	0.977023
136	156	0.966805
136	158	1.1039
136	160	1.08084
136	165	0.978644
136	166	1.02358
136	167	0.949739
136	168	0.928067
136	173	0.967851
136	175	1.10246
136	177	1.05262
136	178	1.08643
136	180	1.0305
137	2	1.18883
137	10	1.03679
137	17	1.00428
137	18	1.00017
137	46	0.985989
137	53	1.03394
137	56	0.93342
137	64	0.955481
137	65	1.0016
137	72	1.03145
137	76	1.0006
137	79	1.00856
137	82	1.01343
137	83	0.913798
137	84	0.978829
137	91	1.00721
137	93	1.05639
137	100	0.923694
137	103	0.996869
137	104	1.09498
137	105	1.0095
137	108	0.996869
137	110	1.05065
137	121	1.06448
137	123	0.912539
137	124	1.02663
137	125	1.02495
137	128	1.0059
137	134	1.00739
137	138	0.915003
137	139	1.01106
137	141	1.0047
137	145	1.072
137	147	1.02445
137	148	1.00681
137	150	0.986928
137	157	1.04629
137	164	1.06903
137	166	1.03051
137	169	0.870357
137	173	0.974771
137	174	1.00973
137	178	1.09335
137	180	1.03742
138	25	1.00827
138	27	1.01264
138	28	1.08725
138	34	0.91115
138	50	1.10583
138	55	0.81436
138	62	0.973411
138	65	0.951885
138	66	0.951579
138	79	0.966327
138	90	1.04819
138	103	0.930354
138	112	0.989278
138	113	0.952566
138	117	1.02114
138	121	0.855178
138	128	0.984134
138	130	1.0548
138	135	1.0459
138	137	0.915003
138	139	1.02563
138	141	1.10287
138	143	0.985472
138	145	0.983114
138	146	1.01932
138	148	1.03376
138	156	1.05886
138	157	1.0216
138	159	1.05133
138	160	0.997385
138	161	1.01885
138	164	0.995365
138	166	1.01694
138	167	1.05406
138	168	1.06144
138	170	0.978771
138	172	1.01649
138	173	1.04528
138	174	1.03346
138	176	0.932607
138	177	0.989701
138	178	0.983468
138	179	0.948281
138	180	1.00641
139	40	1.03347
139	46	1.08809
139	69	0.936942
139	81	1.07179
139	90	0.99415
139	94	1.27423
139	96	1.08609
139	103	1.02641
139	107	1.18245
139	111	1.06199
139	116	1.06614
139	120	1.05925
139	121	0.951235
139	126	1.02384
139	127	0.93349
139	128	1.08019
139	129	1.00669
139	132	0.956709
139	133	0.990679
139	135	0.991861
139	137	1.01106
139	138	1.02563
139	145	0.929071
139	146	0.965281
139	147	0.988905
139	148	0.97972
139	149	1.0077
139	152	0.917878
139	153	0.974186
139	157	0.96756
139	160	0.943342
139	161	0.964808
139	162	1.00374
139	164	0.941322
139	165	0.99631
139	168	1.00739
139	169	1.04233
139	170	0.924728
139	173	0.991237
139	174	0.979422
139	176	0.878564
139	177	0.935659
139	178	0.929426
139	179	0.894239
139	180	0.952365
140	3	1.07554
140	8	1.07151
140	10	1.0485
140	12	1.04461
140	14	0.853913
140	20	0.996224
140	43	1.09109
140	47	0.977621
140	52	1.01609
140	54	1.04429
140	59	0.958067
140	69	1.06741
140	70	0.9768
140	71	1.01272
140	73	0.937474
140	74	1.07272
140	83	1.10657
140	86	0.873787
140	96	0.992708
140	97	0.990485
140	106	1.00895
140	109	1.0781
140	112	0.982221
140	117	1.00641
140	118	1.03187
140	123	0.89898
140	133	0.979034
140	145	1.05844
140	147	0.951652
140	148	0.993251
140	154	0.970385
140	157	1.03274
140	158	1.11915
140	159	0.937974
140	161	0.999713
140	162	0.943612
140	166	1.01695
140	167	0.9431
140	169	1.08958
140	170	1.05379
140	172	1.0097
140	178	1.07979
140	180	1.02386
141	4	1.00717
141	6	0.865589
141	16	0.961284
141	42	1.03312
141	49	0.941971
141	50	1.04218
141	57	1.0135
141	58	0.994678
141	62	0.950868
141	75	0.969655
141	81	0.983773
141	87	0.940859
141	88	0.999589
141	91	0.969233
141	92	0.939901
141	101	1.1899
141	104	0.991374
141	107	0.00973511
141	110	1.01268
141	113	0.985697
141	121	1.0265
141	123	1.1004
141	124	0.988655
141	125	0.98697
141	126	0.979807
141	128	0.96792
141	134	0.00485273
141	137	1.0047
141	138	1.10287
141	145	1.25987
141	146	1.22725
141	147	0.986472
141	150	1.17479
141	153	1.18948
141	154	0.969758
141	155	0.957539
141	159	1.1394
141	162	1.14504
141	164	1.2569
141	167	1.14452
141	168	1.12285
141	171	1.0519
141	172	1.18391
141	175	1.06803
141	177	1.24741
141	179	1.33775
142	9	1.02496
142	13	1.00527
142	52	1.09716
142	56	1.24683
142	65	1.11926
142	75	1.08905
142	77	1.09308
142	82	1.07558
142	89	1.00922
142	91	1.139
142	96	1.1574
142	109	1.09294
142	112	1.15665
142	117	0.947114
142	124	1.08575
142	126	1.09515
142	131	1.09921
142	132	0.936724
142	144	0.970037
142	145	0.909086
142	146	0.945296
142	148	0.959735
142	150	0.966122
142	152	0.897894
142	153	0.954201
142	154	0.952206
142	156	0.984832
142	157	0.947575
142	159	0.977301
142	160	0.923357
142	161	0.944823
142	162	0.983756
142	163	0.942464
142	167	0.980034
142	170	0.904743
142	172	0.94246
142	173	0.971253
142	174	0.959437
142	175	0.990384
142	176	0.858579
142	177	0.915674
142	178	0.909441
142	179	0.874254
142	180	0.93238
143	7	0.987718
143	11	1.00602
143	14	1.01755
143	25	0.921955
143	28	0.909341
143	29	0.898947
143	34	0.984531
143	36	0.974677
143	37	1.00312
143	39	0.99998
143	48	1.03425
143	63	0.937868
143	66	0.954426
143	72	1.03817
143	95	0.952482
143	98	0.940445
143	100	0.987068
143	102	0.980945
143	107	0.95476
143	114	0.962729
143	115	0.944808
143	119	1.06158
143	120	0.956315
143	122	0.933207
143	127	1.132
143	129	0.972318
143	130	0.9598
143	131	0.951719
143	136	0.984214
143	138	0.985472
143	144	1.05023
143	148	1.07728
143	149	0.985207
143	150	1.0574
143	153	1.07208
143	154	1.05441
143	158	1.05252
143	159	1.022
143	160	1.15823
143	164	1.1395
143	166	1.10097
143	169	0.940826
143	170	1.13782
143	171	0.919895
143	174	1.0802
143	175	1.05109
143	179	1.22036
144	16	1.00109
144	25	1.07304
144	36	1.0093
144	40	1.00218
144	43	0.917705
144	44	0.913659
144	54	1.00198
144	59	1.16348
144	63	1.02014
144	91	1.03638
144	103	0.995114
144	109	0.990327
144	124	0.983135
144	125	1.05937
144	133	1.00911
144	134	1.1684
144	135	1.0103
144	142	0.970037
144	143	1.05023
144	145	0.947506
144	146	0.983716
144	148	0.998155
144	151	1.01389
144	153	0.992621
144	154	0.990626
144	155	1.01692
144	157	0.985995
144	158	0.932735
144	159	1.01572
144	160	0.961777
144	161	0.983243
144	162	1.02218
144	163	0.980885
144	165	1.01475
144	166	0.981328
144	167	1.01845
144	168	1.02583
144	169	1.06076
144	170	0.943163
144	173	1.00967
144	174	0.997857
144	176	0.896999
144	177	0.954094
144	178	0.947861
144	179	0.912674
144	180	0.970801
145	46	1.14903
145	52	1.08679
145	86	1.0234
145	90	0.951635
145	92	1.166
145	97	1.28889
145	98	1.13179
145	101	0.915436
145	111	1.12293
145	119	0.953403
145	123	0.961787
145	125	1.15161
145	126	1.08478
145	128	1.14113
145	129	1.06763
145	136	1.06508
145	137	1.072
145	138	0.983114
145	139	0.929071
145	140	1.05844
145	141	1.25987
145	142	0.909086
145	144	0.947506
145	146	0.922765
145	148	0.937204
145	151	0.952939
145	153	0.93167
145	155	1.10916
145	156	0.962302
145	157	0.925045
145	159	0.954771
145	160	0.900826
145	162	0.961226
145	163	0.919934
145	164	0.898807
145	165	0.953795
145	166	0.920378
145	167	0.957504
145	173	0.948722
145	175	0.98001
145	176	0.836049
145	177	0.893143
145	178	0.88691
145	179	0.851723
145	180	0.90985
146	20	1.07896
146	23	1.0938
146	33	1.17643
146	48	0.971015
146	70	1.11592
146	74	1.00136
146	78	1.08166
146	80	1.04609
146	95	1.1078
146	103	1.05473
146	106	1.0766
146	108	1.08348
146	121	0.979559
146	123	0.997997
146	135	0.985556
146	136	1.03246
146	138	1.01932
146	139	0.965281
146	141	1.22725
146	142	0.945296
146	144	0.983716
146	145	0.922765
146	149	1.03603
146	151	0.989148
146	152	0.911573
146	153	0.96788
146	156	0.998512
146	157	0.961254
146	158	0.992355
146	159	0.990981
146	160	0.937036
146	161	0.958502
146	162	0.997435
146	163	0.956143
146	164	0.935016
146	165	0.990004
146	166	0.956587
146	167	0.993714
146	168	1.00109
146	170	0.918422
146	173	0.984932
146	174	0.973116
146	175	0.947392
146	176	0.872258
146	177	0.929353
146	178	0.92312
146	179	0.887933
146	180	0.946059
147	7	0.973158
147	13	1.03325
147	42	0.898688
147	55	0.864568
147	58	1.11982
147	68	0.927192
147	73	1.15381
147	75	0.971881
147	78	1.00749
147	84	1.07501
147	91	0.988985
147	93	1.03817
147	102	1.03508
147	105	0.991277
147	107	1.1366
147	110	1.03243
147	111	0.969152
147	113	1.00545
147	115	1.00186
147	120	1.0134
147	121	1.04626
147	122	1.15041
147	124	1.00841
147	125	1.00672
147	128	0.987672
147	130	1.105
147	136	0.958291
147	137	1.02445
147	139	0.988905
147	140	0.951652
147	141	0.986472
147	150	1.00343
147	151	1.01277
147	153	0.991504
147	155	0.97729
147	158	0.918182
147	161	0.982126
147	164	0.958641
147	165	1.01363
147	168	1.02471
147	170	0.942047
147	173	1.00856
147	174	0.996741
147	175	0.873219
147	177	0.952977
147	178	0.946744
147	179	0.911557
147	180	0.969684
148	6	1.16566
148	15	0.954304
148	31	0.975794
148	34	1.00296
148	35	1.07809
148	36	1.03634
148	51	0.940959
148	53	1.01135
148	75	1.01348
148	77	1.01751
148	81	1.06754
148	96	1.08183
148	111	1.05774
148	116	1.06188
148	117	0.975232
148	125	1.08641
148	130	1.1466
148	133	0.998812
148	137	1.00681
148	138	1.03376
148	139	0.97972
148	140	0.993251
148	142	0.959735
148	143	1.07728
148	144	0.998155
148	145	0.937204
148	150	0.99424
148	151	1.00359
148	152	0.926012
148	156	1.01295
148	159	1.00542
148	160	0.951475
148	162	1.01187
148	163	0.970582
148	164	0.949455
148	166	0.971026
148	167	1.00815
148	168	1.01553
148	170	0.932861
148	172	0.970579
148	173	0.999371
148	174	0.987555
148	176	0.886697
148	177	0.943792
148	178	0.937559
148	179	0.902372
148	180	0.960498
149	9	1.03789
149	11	1.05839
149	14	1.06991
149	25	0.974324
149	28	0.96171
149	29	0.951316
149	34	1.0369
149	37	1.05548
149	39	1.05235
149	48	1.08662
149	56	0.930872
149	63	0.990237
149	66	1.0068
149	83	0.910442
149	90	0.93794
149	94	0.973119
149	95	1.00485
149	98	0.992814
149	99	1.02545
149	102	1.03331
149	114	1.0151
149	115	0.997177
149	116	0.995132
149	119	0.987758
149	120	1.00868
149	122	0.985577
149	126	1.01523
149	127	1.05817
149	129	1.02469
149	130	1.01217
149	131	1.00409
149	133	0.989237
149	136	1.03658
149	139	1.0077
149	143	0.985207
149	146	1.03603
149	150	0.983572
149	151	0.961163
149	154	0.980588
149	156	0.97037
149	159	0.948178
149	162	0.953815
149	165	0.982208
149	166	1.02715
149	169	0.867001
149	175	1.10346
149	176	1.2114
149	177	1.05619
149	178	1.09
150	9	0.929509
150	33	1.12398
150	35	1.05821
150	58	1.14153
150	61	1.0391
150	62	1.04534
150	63	1.0273
150	67	0.91049
150	68	0.948909
150	80	0.99363
150	81	1.04766
150	99	0.970409
150	127	0.948011
150	133	1.0052
150	134	1.17556
150	135	1.00638
150	137	0.986928
150	141	1.17479
150	142	0.966122
150	143	1.0574
150	147	1.00343
150	148	0.99424
150	149	0.983572
150	152	0.932399
150	155	1.02409
150	156	1.01934
150	157	0.98208
150	158	0.939899
150	159	1.01181
150	160	0.957862
150	161	0.979328
150	162	1.01826
150	163	0.97697
150	164	0.955843
150	165	1.01083
150	166	0.977414
150	167	1.01454
150	168	1.02191
150	170	0.939249
150	171	1.06885
150	172	0.976966
150	173	1.00576
150	174	0.993943
150	175	0.894936
150	176	0.893085
150	177	0.950179
150	178	0.943946
150	179	0.908759
150	180	0.966886
151	11	0.94097
151	41	1.12014
151	49	1.06597
151	59	1.14823
151	60	0.952088
151	63	1.00489
151	73	1.15311
151	74	0.926491
151	84	1.07432
151	87	1.04749
151	93	0.956105
151	95	1.03294
151	99	0.979756
151	102	1.03439
151	108	1.00861
151	111	1.01545
151	114	1.01657
151	119	1.01979
151	127	0.957358
151	128	1.03365
151	132	0.980576
151	133	1.01455
151	135	1.01573
151	136	0.957598
151	144	1.01389
151	145	0.952939
151	146	0.989148
151	147	1.01277
151	148	1.00359
151	149	0.961163
151	152	0.941746
151	153	0.998053
151	156	1.02868
151	157	0.991427
151	158	0.917489
151	159	1.02115
151	161	0.988675
151	163	0.986317
151	164	0.96519
151	165	1.02018
151	166	0.986761
151	167	1.02389
151	168	1.03126
151	170	0.948596
151	173	1.01511
151	174	1.00329
151	176	0.902432
151	177	0.959526
151	178	0.953293
151	179	0.918106
151	180	0.976233
152	8	1.28935
152	18	1.14974
152	19	1.15382
152	24	1.08873
152	27	0.904887
152	33	1.2219
152	38	0.993974
152	42	1.01833
152	77	1.09555
152	83	1.00561
152	85	1.17247
152	86	1.01221
152	94	1.34802
152	95	1.15327
152	97	1.30174
152	99	0.90218
152	107	1.25624
152	115	1.1215
152	117	0.913391
152	127	0.879782
152	128	1.15398
152	131	1.10169
152	135	0.938153
152	139	0.917878
152	142	0.897894
152	146	0.911573
152	148	0.926012
152	150	0.932399
152	151	0.941746
152	153	0.920478
152	155	1.12201
152	159	0.943578
152	160	0.889634
152	161	0.9111
152	162	0.950033
152	163	0.908741
152	164	0.887614
152	165	0.942602
152	166	0.909185
152	167	0.946311
152	168	0.953685
152	169	0.988618
152	170	0.87102
152	172	0.908737
152	173	0.937529
152	174	0.925714
152	175	0.992858
152	176	0.824856
152	177	0.881951
152	178	0.875718
152	179	0.840531
152	180	0.898657
153	2	0.921518
153	7	1.00956
153	8	1.20611
153	30	0.965779
153	44	0.935508
153	52	1.0164
153	73	1.19021
153	74	0.963585
153	80	1.00832
153	87	1.08458
153	95	1.07003
153	96	1.07664
153	110	1.1242
153	112	1.07589
153	117	0.969698
153	120	1.0498
153	125	1.08122
153	127	0.936089
153	129	0.997244
153	130	1.14141
153	133	0.993278
153	135	0.994461
153	139	0.974186
153	141	1.18948
153	142	0.954201
153	143	1.07208
153	144	0.992621
153	145	0.93167
153	146	0.96788
153	147	0.991504
153	151	0.998053
153	152	0.920478
153	154	0.97479
153	156	1.00742
153	157	0.970159
153	159	0.999886
153	160	0.945941
153	161	0.967407
153	162	1.00634
153	163	0.965048
153	164	0.943921
153	165	0.998909
153	166	0.965492
153	167	1.00262
153	170	0.927327
153	173	0.993837
153	174	0.982021
153	175	0.909621
153	176	0.881163
153	177	0.938258
153	178	0.932025
153	179	0.896838
153	180	0.954964
154	4	1.01021
154	10	0.940386
154	16	0.964321
154	28	1.15619
154	35	0.983926
154	37	1.02309
154	38	1.04377
154	42	1.03616
154	50	1.04522
154	51	0.918093
154	53	0.988484
154	58	0.997716
154	62	0.953905
154	69	0.909825
154	75	0.972693
154	76	0.995334
154	85	1.07157
154	87	0.943897
154	88	1.00263
154	91	1.04056
154	92	0.942938
154	102	1.05382
154	107	1.15534
154	113	1.02151
154	114	1.03599
154	122	1.16914
154	124	0.987315
154	126	0.996721
154	130	1.12374
154	136	0.977023
154	140	0.970385
154	141	0.969758
154	142	0.952206
154	143	1.05441
154	144	0.990626
154	149	0.980588
154	153	0.97479
154	155	1.0211
154	157	0.968164
154	162	1.00435
154	163	0.963054
154	165	0.996915
154	166	0.963498
154	167	1.00062
154	168	1.008
154	169	1.04293
154	170	0.925333
154	171	1.05494
154	175	1.07107
154	176	0.879169
154	177	0.936263
154	178	0.93003
154	179	0.894843
154	180	0.95297
155	1	0.989487
155	15	1.01582
155	22	0.9515
155	39	1.02999
155	44	1.06052
155	45	1.05194
155	49	0.932789
155	51	1.05878
155	55	1.12394
155	57	1.00432
155	59	0.899197
155	69	1.00854
155	81	0.974592
155	83	1.0477
155	86	0.924505
155	91	0.960051
155	93	1.00923
155	96	0.933838
155	97	0.931615
155	105	0.962344
155	106	0.950077
155	109	1.01923
155	110	1.00349
155	111	0.940218
155	112	0.923351
155	113	0.976515
155	117	1.05712
155	118	0.973
155	119	1.02827
155	121	1.01732
155	124	0.979473
155	125	0.977788
155	126	0.970625
155	128	0.958738
155	134	0.960237
155	141	0.957539
155	144	1.01692
155	145	1.10916
155	147	0.97729
155	150	1.02409
155	152	1.12201
155	154	1.0211
155	156	1.01089
155	161	1.05043
155	164	1.10619
155	165	1.02272
155	167	0.993819
155	168	0.972147
155	171	0.886585
155	172	0.950831
155	174	1.04689
155	176	1.25192
155	177	1.0967
155	178	1.13051
156	1	0.982776
156	9	0.916307
156	11	0.950177
156	32	0.925681
156	53	0.978266
156	56	1.13818
156	60	0.961296
156	64	1.02883
156	66	1.0103
156	87	1.0567
156	93	0.965312
156	94	1.2369
156	99	0.989119
156	102	1.0436
156	105	0.998764
156	109	0.984289
156	113	1.01129
156	115	1.01037
156	117	1.00033
156	124	0.977097
156	131	0.990561
156	133	1.02391
156	135	1.02509
156	136	0.966805
156	138	1.05886
156	142	0.984832
156	145	0.962302
156	146	0.998512
156	148	1.01295
156	149	0.97037
156	150	1.01934
156	151	1.02868
156	153	1.00742
156	155	1.01089
156	157	1.00079
156	159	1.03052
156	160	0.976573
156	161	0.998038
156	162	1.03697
156	163	0.99568
156	164	0.974553
156	165	1.02954
156	166	0.996124
156	167	1.03325
156	168	1.04062
156	170	0.957959
156	172	0.995676
156	173	1.02447
156	174	1.01265
156	175	0.881734
156	176	0.911795
156	177	0.968889
156	178	0.962657
156	179	0.92747
156	180	0.985596
157	3	1.05624
157	4	0.987156
157	5	0.914397
157	23	1.10071
157	38	0.955418
157	42	0.979771
157	45	0.970928
157	65	1.08318
157	71	1.09947
157	82	1.0395
157	98	1.10609
157	105	1.07133
157	108	1.09039
157	112	1.12057
157	113	1.08386
157	114	1.09834
157	120	1.09448
157	123	1.00028
157	125	1.1259
157	129	1.04193
157	132	0.952682
157	133	0.986653
157	137	1.04629
157	138	1.0216
157	139	0.96756
157	140	1.03274
157	142	0.947575
157	144	0.985995
157	145	0.925045
157	146	0.961254
157	150	0.98208
157	151	0.991427
157	153	0.970159
157	154	0.968164
157	156	1.00079
157	159	0.99326
157	161	0.960781
157	162	0.999715
157	163	0.958423
157	164	0.937296
157	165	0.992283
157	166	0.958867
157	167	0.995993
157	168	1.00337
157	170	0.920702
157	173	0.987211
157	174	0.975396
157	175	0.954302
157	176	0.874538
157	177	0.931632
157	178	0.925399
157	179	0.890212
157	180	0.948339
158	7	1.1074
158	10	1.10156
158	20	1.04928
158	25	1.04164
158	27	0.998906
158	29	1.01863
158	43	1.14414
158	47	1.03068
158	52	1.06914
158	54	1.09734
158	56	0.998188
158	63	1.05755
158	70	1.02986
158	71	1.06578
158	73	0.990529
158	74	1.12578
158	90	0.894266
158	97	0.00827719
158	98	1.06013
158	100	1.10675
158	101	0.955008
158	114	1.08241
158	116	1.06245
158	119	0.944085
158	120	1.076
158	122	1.05289
158	129	1.092
158	130	1.07948
158	131	1.0714
158	132	1.01923
158	133	0.945563
158	136	1.1039
158	140	1.11915
158	143	1.05252
158	144	0.932735
158	146	0.992355
158	147	0.918182
158	150	0.939899
158	151	0.917489
158	159	0.904504
158	160	1.04074
158	162	0.910142
158	165	0.938535
158	166	0.983476
158	167	0.90963
158	169	1.14264
158	170	1.02032
158	174	0.9627
158	175	1.17077
158	177	1.01251
158	178	1.04632
158	180	0.990389
159	12	0.947939
159	21	1.03233
159	31	0.993361
159	46	1.02856
159	49	1.05298
159	50	1.14236
159	54	0.973754
159	60	0.939103
159	71	1.00471
159	74	0.913506
159	79	1.00286
159	80	0.958236
159	88	0.932424
159	92	1.04553
159	95	1.01995
159	97	1.16842
159	111	1.00246
159	116	1.00661
159	117	0.992799
159	119	1.02162
159	123	1.03
159	131	0.968369
159	132	0.982409
159	134	1.14017
159	138	1.05133
159	140	0.937974
159	141	1.1394
159	142	0.977301
159	143	1.022
159	144	1.01572
159	145	0.954771
159	146	0.990981
159	148	1.00542
159	149	0.948178
159	150	1.01181
159	151	1.02115
159	152	0.943578
159	153	0.999886
159	156	1.03052
159	157	0.99326
159	158	0.904504
159	160	0.969042
159	161	0.990507
159	162	1.02944
159	163	0.988149
159	164	0.967022
159	165	1.02201
159	166	0.988593
159	167	1.02572
159	170	0.950428
159	171	1.08003
159	173	1.01694
159	174	1.00512
159	176	0.904264
159	177	0.961358
159	178	0.955126
159	179	0.919939
159	180	0.978065
160	13	1.01065
160	16	1.10909
160	19	1.15674
160	31	0.939416
160	38	0.996888
160	40	1.11018
160	43	1.02571
160	63	1.12814
160	65	1.12465
160	70	1.1643
160	76	1.09916
160	98	1.14756
160	101	0.929706
160	106	1.12498
160	108	1.13186
160	116	1.14284
160	119	0.967674
160	120	1.13595
160	123	0.976058
160	127	0.905245
160	129	1.0834
160	132	0.928464
160	133	0.962435
160	136	1.08084
160	138	0.997385
160	139	0.943342
160	142	0.923357
160	143	1.15823
160	144	0.961777
160	145	0.900826
160	146	0.937036
160	148	0.951475
160	150	0.957862
160	152	0.889634
160	153	0.945941
160	156	0.976573
160	158	1.04074
160	159	0.969042
160	161	0.936563
160	162	0.975497
160	163	0.934205
160	164	0.913077
160	165	0.968065
160	167	0.971775
160	169	1.01408
160	171	1.02609
160	172	0.934201
160	173	0.962993
160	174	0.951177
160	175	0.995772
160	176	0.850319
160	177	0.907414
160	178	0.901181
160	179	0.865994
160	180	0.924121
161	2	0.91214
161	6	1.17212
161	22	1.06164
161	30	0.977438
161	38	0.922395
161	47	1.08668
161	53	1.01781
161	57	1.16952
161	59	1.19699
161	64	0.988816
161	67	0.936833
161	70	1.08981
161	73	1.20187
161	87	1.09624
161	91	1.06989
161	92	1.10727
161	93	1.00486
161	99	0.949109
161	104	1.05266
161	106	1.05048
161	113	1.05083
161	121	0.953446
161	131	1.03011
161	132	0.94993
161	135	0.985083
161	138	1.01885
161	139	0.964808
161	140	0.999713
161	142	0.944823
161	144	0.983243
161	146	0.958502
161	147	0.982126
161	150	0.979328
161	151	0.988675
161	152	0.9111
161	153	0.967407
161	155	1.05043
161	156	0.998038
161	157	0.960781
161	159	0.990507
161	160	0.936563
161	162	0.996962
161	163	0.95567
161	164	0.934543
161	165	0.989531
161	166	0.956114
161	167	0.99324
161	168	1.00061
161	169	1.03555
161	170	0.917949
161	172	0.955666
161	173	0.984459
161	174	0.972643
161	175	0.921279
161	177	0.92888
161	178	0.922647
161	179	0.88746
161	180	0.945586
162	3	0.967118
162	5	0.950578
162	13	0.88006
162	25	1.05044
162	27	0.99075
162	32	0.909127
162	46	1.0342
162	73	1.14577
162	74	0.919144
162	79	1.00849
162	82	0.950375
162	84	1.06697
162	88	0.938062
162	108	1.00126
162	112	1.03145
162	113	0.994734
162	116	1.01225
162	119	1.02807
162	122	1.14237
162	123	1.03646
162	127	0.965645
162	129	0.952802
162	130	1.09696
162	133	1.02283
162	134	1.1458
162	135	1.02402
162	139	1.00374
162	140	0.943612
162	141	1.14504
162	142	0.983756
162	144	1.02218
162	145	0.961226
162	146	0.997435
162	148	1.01187
162	149	0.953815
162	150	1.01826
162	152	0.950033
162	153	1.00634
162	154	1.00435
162	156	1.03697
162	157	0.999715
162	158	0.910142
162	159	1.02944
162	160	0.975497
162	161	0.996962
162	163	0.994604
162	164	0.973477
162	166	0.995048
162	167	1.03217
162	169	1.07448
162	170	0.956883
162	172	0.9946
162	174	1.01158
162	176	0.910719
162	177	0.967813
162	178	0.96158
162	179	0.926393
162	180	0.98452
163	1	1.0206
163	8	1.21605
163	30	0.975717
163	32	0.963507
163	45	0.965817
163	48	0.943181
163	54	1.03377
163	62	1.06996
163	78	1.05383
163	92	1.10555
163	94	1.27472
163	97	1.22844
163	108	1.05564
163	110	1.13414
163	111	1.06248
163	113	1.04911
163	117	0.957961
163	119	0.986781
163	120	1.05974
163	121	0.951726
163	124	1.01492
163	127	0.924353
163	129	1.00718
163	130	1.15134
163	131	1.02839
163	133	0.981542
163	135	0.982724
163	142	0.942464
163	144	0.980885
163	145	0.919934
163	146	0.956143
163	148	0.970582
163	150	0.97697
163	151	0.986317
163	152	0.908741
163	153	0.965048
163	154	0.963054
163	156	0.99568
163	157	0.958423
163	159	0.988149
163	160	0.934205
163	161	0.95567
163	162	0.994604
163	164	0.932185
163	165	0.987173
163	167	0.990882
163	168	0.998256
163	171	1.0452
163	172	0.953308
163	173	0.9821
163	174	0.970285
163	176	0.869427
163	177	0.926521
163	178	0.920288
163	179	0.885101
163	180	0.943228
164	13	0.991922
164	26	1.16312
164	34	1.06518
164	37	1.0274
164	38	0.978157
164	43	1.00697
164	44	1.00293
164	48	1.00066
164	69	0.994914
164	71	1.12221
164	72	0.965642
164	85	1.15666
164	87	1.152
164	88	1.04992
164	89	0.998943
164	90	0.963886
164	104	1.02917
164	107	1.24043
164	113	1.1066
164	115	1.10568
164	117	0.936834
164	119	0.965654
164	122	1.25423
164	123	0.974038
164	132	0.926444
164	137	1.06903
164	138	0.995365
164	139	0.941322
164	141	1.2569
164	143	1.1395
164	145	0.898807
164	146	0.935016
164	147	0.958641
164	148	0.949455
164	150	0.955843
164	151	0.96519
164	152	0.887614
164	153	0.943921
164	155	1.10619
164	156	0.974553
164	157	0.937296
164	159	0.967022
164	160	0.913077
164	161	0.934543
164	162	0.973477
164	163	0.932185
164	165	0.966046
164	166	0.932629
164	167	0.969755
164	168	0.977128
164	169	1.01206
164	170	0.894464
164	171	1.02407
164	173	0.960973
164	175	0.977041
164	176	0.8483
164	177	0.905394
164	178	0.899161
164	179	0.863974
164	180	0.922101
165	1	0.994615
165	11	0.962015
165	12	0.981969
165	20	1.02514
165	37	0.943931
165	45	0.999678
165	54	1.00778
165	58	1.14017
165	63	1.02594
165	64	1.02032
165	74	0.947537
165	76	0.996955
165	77	0.996264
165	86	1.09064
165	89	1.05393
165	93	0.97715
165	99	0.980612
165	101	0.982675
165	102	1.05544
165	105	1.0106
165	108	1.02966
165	116	1.04064
165	124	0.988935
165	126	0.998342
165	128	1.05469
165	132	0.981432
165	133	1.0154
165	134	1.1742
165	135	1.01658
165	136	0.978644
165	139	0.99631
165	144	1.01475
165	145	0.953795
165	146	0.990004
165	147	1.01363
165	149	0.982208
165	150	1.01083
165	151	1.02018
165	152	0.942602
165	153	0.998909
165	154	0.996915
165	155	1.02272
165	156	1.02954
165	157	0.992283
165	158	0.938535
165	159	1.02201
165	160	0.968065
165	161	0.989531
165	163	0.987173
165	164	0.966046
165	166	0.987617
165	167	1.02474
165	168	1.03212
165	169	1.06705
165	170	0.949452
165	172	0.987169
165	174	1.00415
165	175	0.893572
165	176	0.903288
165	177	0.960382
165	178	0.954149
165	179	0.918962
165	180	0.977089
166	5	0.90973
166	7	1.03845
166	10	0.986948
166	20	1.07008
166	37	0.988872
166	49	1.13195
166	58	1.18511
166	64	0.986902
166	67	0.954067
166	85	1.11813
166	86	1.05722
166	93	1.02209
166	99	0.947195
166	105	1.05554
166	110	1.15309
166	113	1.06807
166	116	1.08558
166	117	0.958405
166	118	1.12547
166	119	0.987225
166	122	1.2157
166	127	0.924797
166	131	1.04734
166	132	0.948015
166	133	0.981986
166	135	0.983168
166	136	1.02358
166	137	1.03051
166	138	1.01694
166	140	1.01695
166	143	1.10097
166	144	0.981328
166	145	0.920378
166	146	0.956587
166	148	0.971026
166	149	1.02715
166	150	0.977414
166	151	0.986761
166	152	0.909185
166	153	0.965492
166	154	0.963498
166	156	0.996124
166	157	0.958867
166	158	0.983476
166	159	0.988593
166	161	0.956114
166	162	0.995048
166	164	0.932629
166	165	0.987617
166	167	0.991326
166	168	0.998699
166	170	0.916035
166	171	1.04564
166	173	0.982544
166	174	0.970729
166	175	0.938513
166	176	0.869871
166	177	0.926965
166	178	0.920732
166	179	0.885545
166	180	0.943672
167	10	0.913101
167	14	1.06535
167	20	0.996231
167	37	0.915026
167	45	1.00339
167	55	0.856016
167	62	1.01507
167	67	0.880221
167	68	0.91864
167	71	1.00983
167	81	1.01739
167	89	1.05764
167	91	1.01328
167	95	1.02508
167	97	1.17355
167	98	1.01645
167	99	0.984321
167	105	0.981698
167	107	1.12805
167	110	1.07925
167	112	1.03093
167	117	0.995532
167	122	1.14185
167	126	0.969437
167	127	0.961923
167	128	1.02579
167	129	0.952291
167	132	0.985142
167	133	1.01911
167	135	1.02029
167	136	0.949739
167	138	1.05406
167	140	0.9431
167	141	1.14452
167	142	0.980034
167	144	1.01845
167	145	0.957504
167	146	0.993714
167	148	1.00815
167	150	1.01454
167	151	1.02389
167	152	0.946311
167	153	1.00262
167	154	1.00062
167	155	0.993819
167	156	1.03325
167	157	0.995993
167	158	0.90963
167	159	1.02572
167	160	0.971775
167	161	0.99324
167	162	1.03217
167	163	0.990882
167	164	0.969755
167	165	1.02474
167	166	0.991326
167	168	1.03583
167	171	1.08277
167	173	1.01967
167	174	1.00786
167	176	0.906997
167	177	0.964091
167	178	0.957859
167	179	0.922672
167	180	0.980798
168	1	0.944038
168	17	0.974891
168	19	1.00396
168	21	1.04244
168	30	0.899154
168	35	1.00627
168	42	0.868464
168	44	0.868883
168	49	1.03644
168	54	0.957208
168	62	0.993395
168	66	0.971563
168	77	0.945687
168	84	1.04479
168	86	1.10172
168	88	0.915879
168	89	1.06501
168	90	1.02996
168	92	1.02899
168	95	1.00341
168	102	1.00486
168	104	1.09524
168	106	0.972199
168	107	1.10638
168	109	0.945551
168	114	0.987035
168	119	1.03172
168	123	1.04011
168	126	0.947766
168	127	0.969296
168	130	1.07478
168	132	0.992515
168	133	1.02649
168	135	1.02767
168	136	0.928067
168	138	1.06144
168	139	1.00739
168	141	1.12285
168	144	1.02583
168	146	1.00109
168	147	1.02471
168	148	1.01553
168	150	1.02191
168	151	1.03126
168	152	0.953685
168	154	1.008
168	155	0.972147
168	156	1.04062
168	157	1.00337
168	161	1.00061
168	163	0.998256
168	164	0.977128
168	165	1.03212
168	166	0.998699
168	167	1.03583
168	169	1.07813
168	170	0.960534
168	171	1.09014
168	173	1.02704
168	174	1.01523
168	175	0.842995
168	176	0.91437
168	177	0.971465
168	178	0.965232
168	179	0.930045
168	180	0.988172
169	3	0.880304
169	10	1.07198
169	19	0.939331
169	20	1.01971
169	35	0.941641
169	41	1.02598
169	43	1.11457
169	47	1.0011
169	52	1.03957
169	54	1.06777
169	60	0.857927
169	70	1.00028
169	71	1.0362
169	73	0.960958
169	74	1.0962
169	78	0.912634
169	85	0.95798
169	91	0.926977
169	94	1.13353
169	97	1.08725
169	100	1.07718
169	102	0.94023
169	110	0.992946
169	113	0.90792
169	114	0.922405
169	118	0.965321
169	120	0.918546
169	122	1.05555
169	124	0.873728
169	126	0.883135
169	127	1.00423
169	128	0.939487
169	132	1.02745
169	134	1.05899
169	137	0.870357
169	139	1.04233
169	140	1.08958
169	143	0.940826
169	144	1.06076
169	149	0.867001
169	152	0.988618
169	154	1.04293
169	158	1.14264
169	160	1.01408
169	161	1.03555
169	162	1.07448
169	164	1.01206
169	165	1.06705
169	168	1.07813
169	170	0.995467
169	172	1.03318
169	173	1.06198
169	176	0.949303
169	177	1.0064
169	178	1.00016
169	179	0.964978
169	180	1.0231
170	18	1.13223
170	21	0.959771
170	22	1.11571
170	25	1.16062
170	28	1.23959
170	31	0.920803
170	32	1.0193
170	55	0.966706
170	59	1.25106
170	64	0.948737
170	71	1.12052
170	79	1.11867
170	80	1.07405
170	83	1.01245
170	86	1.01906
170	88	1.04824
170	89	0.982349
170	93	1.05893
170	94	1.33052
170	99	0.90903
170	100	0.959584
170	103	1.0827
170	106	1.10456
170	110	1.18994
170	115	1.10399
170	121	1.00752
170	123	0.957444
170	124	1.07072
170	128	1.13648
170	132	0.90985
170	133	0.943821
170	134	1.25598
170	135	0.945003
170	138	0.978771
170	139	0.924728
170	140	1.05379
170	142	0.904743
170	143	1.13782
170	144	0.943163
170	146	0.918422
170	147	0.942047
170	148	0.932861
170	150	0.939249
170	151	0.948596
170	152	0.87102
170	153	0.927327
170	154	0.925333
170	156	0.957959
170	157	0.920702
170	158	1.02032
170	159	0.950428
170	161	0.917949
170	162	0.956883
170	164	0.894464
170	165	0.949452
170	166	0.916035
170	168	0.960534
170	169	0.995467
170	171	1.00748
170	172	0.915587
170	173	0.944379
170	174	0.932564
170	176	0.831706
170	177	0.8888
170	178	0.882567
170	179	0.84738
170	180	0.905507
171	4	1.09235
171	6	0.95077
171	15	0.79692
171	16	1.04646
171	18	0.914311
171	22	0.89779
171	29	1.01925
171	32	0.801381
171	35	1.06607
171	37	1.10524
171	38	1.12592
171	41	1.00505
171	42	1.1183
171	47	0.922839
171	50	1.12736
171	57	1.00567
171	58	1.07986
171	60	0.836995
171	62	1.03605
171	68	0.811406
171	75	1.05484
171	76	0.860816
171	79	0.900749
171	82	0.84263
171	85	0.937049
171	86	1.14866
171	87	1.02604
171	88	1.08477
171	92	1.02508
171	97	1.06632
171	99	1.03864
171	102	0.919299
171	107	1.02082
171	110	0.972015
171	114	0.901473
171	115	0.886072
171	116	0.904501
171	117	1.04985
171	118	0.94439
171	119	1.07867
171	120	0.897614
171	122	1.03462
171	130	0.989219
171	131	0.866261
171	134	1.03806
171	135	1.07461
171	141	1.0519
171	143	0.919895
171	150	1.06885
171	154	1.05494
171	155	0.886585
171	159	1.08003
171	160	1.02609
171	163	1.0452
171	164	1.02407
171	166	1.04564
171	167	1.08277
171	168	1.09014
171	170	1.00748
171	173	1.07399
171	174	1.06217
171	175	1.15321
171	176	0.961312
171	177	1.01841
171	178	1.01217
171	179	0.976986
171	180	1.03511
172	1	0.99196
172	3	1.01914
172	8	1.01512
172	12	0.988209
172	15	1.0183
172	22	0.953974
172	30	1.03038
172	33	1.1331
172	40	1.01846
172	41	1.15168
172	42	0.929527
172	44	1.06299
172	50	1.18688
172	51	1.06125
172	52	1.01083
172	54	1.01827
172	55	1.12641
172	58	1.15066
172	59	0.901671
172	60	0.98362
172	61	1.04822
172	65	1.03293
172	67	0.919612
172	68	0.958031
172	69	1.01102
172	76	1.00744
172	77	1.00675
172	80	1.00275
172	83	1.05017
172	88	0.976942
172	96	0.936312
172	97	0.934089
172	98	1.05584
172	99	0.946747
172	106	0.952551
172	108	1.04014
172	109	1.02171
172	110	1.11864
172	112	0.925825
172	114	1.0481
172	118	0.975474
172	125	1.07565
172	127	0.924349
172	128	1.06518
172	129	0.991682
172	130	1.13584
172	131	1.01289
172	132	0.947568
172	134	0.962711
172	138	1.01649
172	140	1.0097
172	141	1.18391
172	142	0.94246
172	148	0.970579
172	150	0.976966
172	152	0.908737
172	155	0.950831
172	156	0.995676
172	160	0.934201
172	161	0.955666
172	162	0.9946
172	163	0.953308
172	165	0.987169
172	169	1.03318
172	170	0.915587
172	173	0.982096
172	174	0.970281
172	175	0.904058
172	176	0.869423
172	177	0.926517
172	178	0.920285
172	179	0.885097
172	180	0.943224
173	2	0.93857
173	17	1.01467
173	22	1.02314
173	23	1.02918
173	25	1.06804
173	44	0.908666
173	45	0.994606
173	48	0.906402
173	55	0.874128
173	56	1.13922
173	57	1.13102
173	64	1.01525
173	70	1.05131
173	79	1.0261
173	81	1.0355
173	89	1.04886
173	90	1.0138
173	99	0.975539
173	100	1.02609
173	103	0.990122
173	105	0.99981
173	106	1.01198
173	107	1.14616
173	108	1.01887
173	109	0.985334
173	111	1.0257
173	115	1.01142
173	116	1.02985
173	117	0.98675
173	118	1.06974
173	119	1.01557
173	121	0.914946
173	123	1.02395
173	125	1.05437
173	127	0.953141
173	129	0.970403
173	130	1.11456
173	131	0.991607
173	132	0.97636
173	133	1.01033
173	135	1.01151
173	136	0.967851
173	137	0.974771
173	138	1.04528
173	139	0.991237
173	142	0.971253
173	144	1.00967
173	145	0.948722
173	146	0.984932
173	147	1.00856
173	148	0.999371
173	150	1.00576
173	151	1.01511
173	152	0.937529
173	153	0.993837
173	156	1.02447
173	157	0.987211
173	159	1.01694
173	160	0.962993
173	161	0.984459
173	163	0.9821
173	164	0.960973
173	166	0.982544
173	167	1.01967
173	168	1.02704
173	169	1.06198
173	170	0.944379
173	171	1.07399
173	172	0.982096
173	174	0.999073
173	175	0.882779
173	176	0.898215
173	177	0.95531
173	178	0.949077
173	179	0.91389
173	180	0.972016
174	1	1.01878
174	2	0.926754
174	5	0.926259
174	7	1.01768
174	17	1.04963
174	26	1.10382
174	27	0.966431
174	30	0.973895
174	34	1.00588
174	37	0.968096
174	47	1.08314
174	49	1.11118
174	51	0.943878
174	54	1.03195
174	55	0.909086
174	61	1.0619
174	64	1.00343
174	68	0.97171
174	72	1.00374
174	75	1.0164
174	78	1.05201
174	80	1.01643
174	82	1.00293
174	86	1.07375
174	89	1.03704
174	90	1.00199
174	91	1.06635
174	98	1.06952
174	100	1.01428
174	101	0.965787
174	103	1.02508
174	106	1.04694
174	117	0.974934
174	118	1.10469
174	119	1.00375
174	121	0.949904
174	123	1.01214
174	127	0.941326
174	130	1.14952
174	132	0.964544
174	133	0.998515
174	135	0.999697
174	137	1.00973
174	138	1.03346
174	139	0.979422
174	142	0.959437
174	143	1.0802
174	144	0.997857
174	146	0.973116
174	147	0.996741
174	148	0.987555
174	150	0.993943
174	151	1.00329
174	152	0.925714
174	153	0.982021
174	155	1.04689
174	156	1.01265
174	157	0.975396
174	158	0.9627
174	159	1.00512
174	160	0.951177
174	161	0.972643
174	162	1.01158
174	163	0.970285
174	165	1.00415
174	166	0.970729
174	167	1.00786
174	168	1.01523
174	170	0.932564
174	171	1.06217
174	172	0.970281
174	173	0.999073
174	175	0.917737
174	176	0.8864
174	177	0.943494
174	179	0.902074
174	180	0.960201
175	2	1.09684
175	4	1.10848
175	6	0.966898
175	9	1.10377
175	16	1.06259
175	25	1.04021
175	35	1.0822
175	36	1.09293
175	37	1.12137
175	38	1.14204
175	39	1.11823
175	42	1.13443
175	48	1.1525
175	50	1.14349
175	56	0.996753
175	57	0.00720019
175	58	1.09599
175	62	1.05218
175	63	1.05612
175	66	1.07268
175	72	0.875707
175	75	1.07096
175	83	0.821806
175	87	1.04217
175	88	1.1009
175	89	0.777029
175	90	0.849303
175	92	1.04121
175	94	1.039
175	98	1.0587
175	100	1.10532
175	102	1.0992
175	107	1.07301
175	114	1.08098
175	116	1.06101
175	117	0.927972
175	119	0.899122
175	120	1.07457
175	122	1.05146
175	129	1.09057
175	130	1.07805
175	131	1.06997
175	132	0.974271
175	133	0.9006
175	135	0.896428
175	136	1.10246
175	141	1.06803
175	142	0.990384
175	143	1.05109
175	145	0.98001
175	146	0.947392
175	147	0.873219
175	149	1.10346
175	150	0.894936
175	152	0.992858
175	153	0.909621
175	154	1.07107
175	156	0.881734
175	157	0.954302
175	158	1.17077
175	160	0.995772
175	161	0.921279
175	164	0.977041
175	165	0.893572
175	166	0.938513
175	168	0.842995
175	171	1.15321
175	172	0.904058
175	173	0.882779
175	174	0.917737
175	176	1.12276
175	177	0.967549
175	178	1.00136
175	180	0.945426
176	4	1.15562
176	6	1.3736
176	9	1.15734
176	10	1.1712
176	15	1.16225
176	16	1.23608
176	17	1.25466
176	21	0.913607
176	22	1.26312
176	27	0.865573
176	31	0.874639
176	39	0.926332
176	45	0.881932
176	57	1.371
176	66	1.25133
176	74	1.17673
176	82	1.20796
176	83	0.966291
176	86	0.972894
176	88	1.19565
176	89	0.936185
176	95	1.28317
176	101	0.864929
176	103	1.23011
176	104	0.966416
176	109	1.22532
176	111	1.26568
176	112	1.28903
176	117	0.874076
176	119	0.902896
176	123	0.91128
176	124	1.21813
176	125	1.29436
176	127	0.840468
176	131	1.23159
176	132	0.863686
176	133	0.897657
176	135	0.898839
176	138	0.932607
176	139	0.878564
176	142	0.858579
176	144	0.896999
176	145	0.836049
176	146	0.872258
176	148	0.886697
176	149	1.2114
176	150	0.893085
176	151	0.902432
176	152	0.824856
176	153	0.881163
176	154	0.879169
176	155	1.25192
176	156	0.911795
176	157	0.874538
176	159	0.904264
176	160	0.850319
176	162	0.910719
176	163	0.869427
176	164	0.8483
176	165	0.903288
176	166	0.869871
176	167	0.906997
176	168	0.91437
176	169	0.949303
176	170	0.831706
176	171	0.961312
176	172	0.869423
176	173	0.898215
176	174	0.8864
176	175	1.12276
176	177	0.842636
176	178	0.836403
176	179	0.801216
176	180	0.859343
177	2	0.882991
177	5	0.882495
177	6	1.21839
177	14	1.00099
177	15	1.00704
177	16	1.08086
177	21	0.970701
177	24	1.06342
177	27	0.922667
177	31	0.931733
177	39	0.983426
177	40	1.08195
177	53	1.06408
177	55	0.958898
177	56	1.22399
177	58	1.21415
177	61	1.11171
177	62	1.11795
177	63	1.09991
177	64	0.959667
177	69	0.985422
177	82	1.05275
177	83	1.02339
177	84	1.16934
177	86	1.02999
177	87	1.14251
177	90	0.958222
177	96	1.13457
177	98	1.11933
177	99	0.91996
177	100	0.970514
177	104	1.02351
177	105	1.08458
177	109	1.0701
177	115	1.09619
177	117	0.931171
177	119	0.959991
177	120	1.10773
177	122	1.24474
177	123	0.968374
177	124	1.06291
177	127	0.897562
177	129	1.05517
177	130	1.19933
177	132	0.920781
177	133	0.954751
177	135	0.955934
177	136	1.05262
177	138	0.989701
177	139	0.935659
177	141	1.24741
177	142	0.915674
177	144	0.954094
177	145	0.893143
177	146	0.929353
177	147	0.952977
177	148	0.943792
177	149	1.05619
177	150	0.950179
177	151	0.959526
177	152	0.881951
177	153	0.938258
177	154	0.936263
177	155	1.0967
177	156	0.968889
177	157	0.931632
177	158	1.01251
177	159	0.961358
177	160	0.907414
177	161	0.92888
177	162	0.967813
177	163	0.926521
177	164	0.905394
177	165	0.960382
177	166	0.926965
177	167	0.964091
177	168	0.971465
177	169	1.0064
177	170	0.8888
177	171	1.01841
177	172	0.926517
177	173	0.95531
177	174	0.943494
177	175	0.967549
177	176	0.842636
177	178	0.893498
177	179	0.858311
177	180	0.916437
178	2	0.876758
178	5	0.876263
178	11	1.0698
178	15	1.04085
178	21	0.964468
178	24	1.09723
178	27	0.916434
178	29	1.26318
178	31	0.9255
178	39	0.977194
178	43	1.03129
178	45	0.932794
178	47	1.16677
178	49	1.1948
178	64	0.953434
178	67	1.01691
178	72	0.953746
178	75	1.10002
178	76	1.10474
178	77	1.10405
178	79	1.14468
178	82	1.08656
178	83	1.01715
178	86	1.02376
178	89	0.987046
178	90	0.951989
178	92	1.18735
178	99	0.913727
178	100	0.964281
178	101	0.91579
178	103	1.1087
178	104	1.01728
178	105	1.11839
178	106	1.13056
178	109	1.10392
178	112	1.16763
178	115	1.13
178	117	0.924938
178	119	0.953758
178	121	1.03353
178	123	0.962141
178	125	1.17296
178	126	1.10613
178	127	0.891329
178	131	1.11019
178	133	0.948518
178	134	1.28199
178	135	0.949701
178	136	1.08643
178	137	1.09335
178	138	0.983468
178	139	0.929426
178	140	1.07979
178	142	0.909441
178	144	0.947861
178	145	0.88691
178	146	0.92312
178	147	0.946744
178	148	0.937559
178	149	1.09
178	150	0.943946
178	151	0.953293
178	152	0.875718
178	153	0.932025
178	154	0.93003
178	155	1.13051
178	156	0.962657
178	157	0.925399
178	158	1.04632
178	159	0.955126
178	160	0.901181
178	161	0.922647
178	162	0.96158
178	163	0.920288
178	164	0.899161
178	165	0.954149
178	166	0.920732
178	167	0.957859
178	168	0.965232
178	169	1.00016
178	170	0.882567
178	171	1.01217
178	172	0.920285
178	173	0.949077
178	175	1.00136
178	176	0.836403
178	177	0.893498
178	179	0.852078
178	180	0.910204
179	2	0.841571
179	3	1.15983
179	5	0.841076
179	12	1.14629
179	13	1.07278
179	14	0.959572
179	20	1.18946
179	21	0.929281
179	27	0.881247
179	29	1.31971
179	31	0.890313
179	34	1.14603
179	39	0.942006
179	45	0.897607
179	46	1.22692
179	47	1.2233
179	51	1.08404
179	62	1.20829
179	64	0.918247
179	70	1.22642
179	72	0.918559
179	76	1.16128
179	80	1.15659
179	88	1.13078
179	89	0.951859
179	90	0.916802
179	93	1.14147
179	99	0.87854
179	100	0.929094
179	101	0.880603
179	102	1.21976
179	104	0.982091
179	105	1.17493
179	111	1.20081
179	113	1.18745
179	115	1.18653
179	117	0.889751
179	118	1.24485
179	119	0.918571
179	122	1.33508
179	123	0.926954
179	125	1.22949
179	127	0.856142
179	128	1.21902
179	129	1.14552
179	131	1.16672
179	132	0.879361
179	133	0.913331
179	134	1.33852
179	135	0.914514
179	138	0.948281
179	139	0.894239
179	141	1.33775
179	142	0.874254
179	143	1.22036
179	144	0.912674
179	145	0.851723
179	146	0.887933
179	147	0.911557
179	148	0.902372
179	150	0.908759
179	151	0.918106
179	152	0.840531
179	153	0.896838
179	154	0.894843
179	156	0.92747
179	157	0.890212
179	159	0.919939
179	160	0.865994
179	161	0.88746
179	162	0.926393
179	163	0.885101
179	164	0.863974
179	165	0.918962
179	166	0.885545
179	167	0.922672
179	168	0.930045
179	169	0.964978
179	170	0.84738
179	171	0.976986
179	172	0.885097
179	173	0.91389
179	174	0.902074
179	176	0.801216
179	177	0.858311
179	178	0.852078
179	180	0.875017
180	2	0.899698
180	4	0.97828
180	5	0.899202
180	8	1.24191
180	14	1.0177
180	19	1.10639
180	21	0.987408
180	24	1.0413
180	27	0.939374
180	30	1.00158
180	31	0.94844
180	36	1.06695
180	38	0.946543
180	39	1.00013
180	41	1.19304
180	42	0.970895
180	43	0.97536
180	45	0.955733
180	47	1.11083
180	48	0.969049
180	57	1.19366
180	60	1.02499
180	64	0.976374
180	65	1.0743
180	66	1.07399
180	70	1.11396
180	71	1.09059
180	72	0.976685
180	78	1.0797
180	79	1.08874
180	81	1.09815
180	83	1.04009
180	84	1.14722
180	86	1.04669
180	89	1.00999
180	90	0.974929
180	91	1.09404
180	96	1.11244
180	99	0.936667
180	100	0.987221
180	101	0.93873
180	104	1.04022
180	111	1.08835
180	114	1.08947
180	115	1.07406
180	117	0.947877
180	119	0.976697
180	120	1.08561
180	121	0.977593
180	122	1.22261
180	123	0.985081
180	124	1.04079
180	127	0.914269
180	132	0.937487
180	133	0.971458
180	135	0.97264
180	136	1.0305
180	137	1.03742
180	138	1.00641
180	139	0.952365
180	140	1.02386
180	142	0.93238
180	144	0.970801
180	145	0.90985
180	146	0.946059
180	147	0.969684
180	148	0.960498
180	150	0.966886
180	151	0.976233
180	152	0.898657
180	153	0.954964
180	154	0.95297
180	156	0.985596
180	157	0.948339
180	158	0.990389
180	159	0.978065
180	160	0.924121
180	161	0.945586
180	162	0.98452
180	163	0.943228
180	164	0.922101
180	165	0.977089
180	166	0.943672
180	167	0.980798
180	168	0.988172
180	169	1.0231
180	170	0.905507
180	171	1.03511
180	172	0.943224
180	173	0.972016
180	174	0.960201
180	175	0.945426
180	176	0.859343
180	177	0.916437
180	178	0.910204
180	179	0.875017
