1	3	0.658715
1	9	0.68853
1	13	0.767942
1	32	0.631841
1	46	0.73039
1	47	0.739249
1	127	0.684742
1	145	3.22909
1	148	0.618427
1	154	0.725303
1	155	0.7295
1	172	3.6513
2	71	0.727392
2	89	0.704619
2	91	0.741818
2	96	0.727332
2	105	0.71715
2	110	0.698056
2	111	0.69695
2	113	0.736857
2	114	0.731724
2	116	2.84256
2	119	0.721206
2	178	4.08557
3	1	0.658715
3	32	1.01578
3	46	0.612635
3	47	0.508887
3	118	11.6
3	123	1.12883
3	127	1.14234
3	132	0.500585
3	148	0.613648
3	154	0.494941
3	155	0.499138
3	169	1.79778
4	26	0.689875
4	42	0.748713
4	43	0.735677
4	45	0.745116
4	57	0.782372
4	117	0.621111
4	125	3.21385
4	131	0.717856
4	141	0.755533
4	171	0.750154
4	174	3.71317
4	180	0.645828
5	18	0.754237
5	41	0.808988
5	51	0.790656
5	52	0.784638
5	54	0.792886
5	58	0.782958
5	64	0.829073
5	65	0.829041
5	70	0.829017
5	73	3.28868
5	108	3.00669
5	161	1.71566
6	18	0.678143
6	24	0.683827
6	41	0.732895
6	51	0.714562
6	52	0.708544
6	54	0.716792
6	58	0.706865
6	64	0.75298
6	65	0.752947
6	70	0.752924
6	108	4.16232
6	144	2.79243
7	10	0.712773
7	14	0.747368
7	25	0.669983
7	27	0.729908
7	34	0.729833
7	35	0.729771
7	36	0.729734
7	37	0.729726
7	122	0.709723
7	127	0.693336
7	128	2.81698
7	164	4.15117
8	22	0.738366
8	29	0.719236
8	30	0.719176
8	38	0.70544
8	39	0.711045
8	48	0.699159
8	53	0.699216
8	59	0.749271
8	61	0.749323
8	97	0.709612
8	124	3.67426
8	133	3.03328
9	1	0.68853
9	32	0.656878
9	46	0.755426
9	47	0.764286
9	98	2.31077
9	123	0.696268
9	127	0.709779
9	132	0.755984
9	148	0.643463
9	154	0.75034
9	155	0.754536
9	175	4.46945
10	7	0.712773
10	14	0.77946
10	25	0.702075
10	27	0.762001
10	34	0.761925
10	35	0.761864
10	36	0.761826
10	37	0.761818
10	125	2.81385
10	174	3.31317
11	15	0.789871
11	17	0.861155
11	21	0.86107
11	23	0.794285
11	28	0.849592
11	33	0.849511
11	101	2.01801
11	124	2.13004
11	155	0.854934
11	159	3.25085
11	165	0.746762
12	22	0.817166
12	29	0.798036
12	30	0.797976
12	38	0.78424
12	39	0.789845
12	48	0.777959
12	53	0.778016
12	59	0.828071
12	61	0.828123
12	143	1.68075
12	159	2.49916
12	162	3.65104
13	1	0.767942
13	32	0.736289
13	46	0.834838
13	47	0.843698
13	94	1.57054
13	127	0.789191
13	132	0.835395
13	148	0.722875
13	154	0.829752
13	155	0.833948
13	159	3.3056
13	163	3.03051
14	7	0.747368
14	10	0.77946
14	25	0.73667
14	27	0.796596
14	34	0.79652
14	35	0.796459
14	36	0.796422
14	37	0.796414
14	102	1.03804
14	122	0.776411
14	127	0.760023
14	141	1.0331
14	179	6.08979
15	11	0.789871
15	17	0.736664
15	21	0.736579
15	23	0.669794
15	28	0.725101
15	33	0.72502
15	73	0.641498
15	122	0.702073
15	141	0.729788
15	151	2.99554
15	155	0.730443
15	165	0.62227
15	178	4.29074
16	60	0.767567
16	62	0.767496
16	74	0.797832
16	76	0.800392
16	77	0.748506
16	79	0.797453
16	81	0.748212
16	82	0.788166
16	84	0.788149
16	99	1.03542
16	126	2.97101
16	140	4.35394
16	171	0.806223
17	11	0.861155
17	15	0.736664
17	21	0.807863
17	23	0.741078
17	28	0.796385
17	33	0.796304
17	44	1.3837
17	122	0.773357
17	141	0.801072
17	155	0.801727
17	165	0.693554
17	173	4.17685
17	177	2.71566
18	5	0.754237
18	6	0.678143
18	24	0.667774
18	41	0.716842
18	52	0.692491
18	54	0.700739
18	58	0.690812
18	64	0.736926
18	65	0.736894
18	70	0.73687
18	123	2.64492
18	131	0.690466
18	158	4.68216
19	56	0.751248
19	63	0.731852
19	66	0.804925
19	67	0.805367
19	68	0.798342
19	75	0.793364
19	78	0.78001
19	83	0.776197
19	90	0.820972
19	131	2.05859
19	149	2.97769
19	160	3.4232
19	180	0.688102
20	87	0.776093
20	95	0.811803
20	96	0.79829
20	105	0.788109
20	110	0.769015
20	111	0.767908
20	112	1.41474
20	113	0.807816
20	114	0.802682
20	119	0.792165
20	148	0.694686
20	166	2.42009
20	167	4.20739
21	11	0.86107
21	15	0.736579
21	17	0.807863
21	23	0.740993
21	28	0.7963
21	33	0.796219
21	85	2.3346
21	122	0.773272
21	130	4.22904
21	137	1.54036
21	141	0.800987
21	155	0.801642
21	165	0.69347
22	8	0.738366
22	12	0.817166
22	29	0.780637
22	30	0.780578
22	38	0.766842
22	39	0.772446
22	48	0.760561
22	53	0.760617
22	59	0.810673
22	61	0.810724
22	116	1.77108
22	149	3.28237
22	164	3.42235
23	11	0.794285
23	15	0.669794
23	17	0.741078
23	21	0.740993
23	28	0.729515
23	33	0.729434
23	99	3.4325
23	115	3.35992
23	122	0.706487
23	141	0.734202
23	155	0.734857
23	165	0.626685
24	6	0.683827
24	18	0.667774
24	41	0.722526
24	51	0.704193
24	52	0.698175
24	54	0.706423
24	58	0.696496
24	64	0.742611
24	65	0.742579
24	70	0.742555
24	93	4.06551
24	131	0.69615
24	161	3.35354
25	7	0.669983
25	10	0.702075
25	14	0.73667
25	27	0.719211
25	34	0.719135
25	35	0.719074
25	36	0.719037
25	37	0.719029
25	101	0.695169
25	122	0.699026
25	127	0.682638
25	174	2.24841
25	179	5.01428
26	4	0.689875
26	42	0.721718
26	43	0.708682
26	45	0.718121
26	57	0.755377
26	107	0.736016
26	122	0.700823
26	131	0.690861
26	141	0.728538
26	159	4.05055
26	170	3.33624
26	171	0.723159
26	180	0.618832
27	7	0.729908
27	10	0.762001
27	14	0.796596
27	25	0.719211
27	34	0.779061
27	35	0.778999
27	36	0.778962
27	37	0.778954
27	101	0.755094
27	122	0.758951
27	127	0.742564
27	148	4.94678
27	150	1.84944
27	156	1.90716
28	11	0.849592
28	15	0.725101
28	17	0.796385
28	21	0.7963
28	23	0.729515
28	33	0.784741
28	73	0.701219
28	122	0.761794
28	123	2.69453
28	136	2.70431
28	141	0.789509
28	150	3.35443
28	155	0.790164
28	165	0.681992
29	8	0.719236
29	12	0.798036
29	22	0.780637
29	30	0.761448
29	38	0.747712
29	39	0.753316
29	48	0.741431
29	53	0.741487
29	59	0.791543
29	61	0.791594
29	103	3.08386
29	123	2.20179
29	126	3.45943
29	132	0.779954
30	8	0.719176
30	12	0.797976
30	22	0.780578
30	29	0.761448
30	38	0.747652
30	39	0.753257
30	48	0.741371
30	53	0.741428
30	59	0.791483
30	61	0.791535
30	121	3.09553
30	132	0.779895
30	168	2.39507
30	176	3.27399
31	40	0.422509
31	49	0.754776
31	56	0.745625
31	63	0.726229
31	67	0.799745
31	68	0.79272
31	75	0.787742
31	78	0.774387
31	83	0.770575
31	90	0.815349
31	151	1.7834
31	166	1.14099
31	179	5.72651
31	180	0.68248
32	1	0.631841
32	3	1.01578
32	9	0.656878
32	13	0.736289
32	46	0.698737
32	47	0.707597
32	106	3.20359
32	123	0.63958
32	127	0.65309
32	132	0.699295
32	141	4.29096
32	148	0.586774
32	154	0.693651
32	155	0.697848
33	11	0.849511
33	15	0.72502
33	17	0.796304
33	21	0.796219
33	23	0.729434
33	28	0.784741
33	73	0.701139
33	112	1.2109
33	122	0.761713
33	134	4.01389
33	141	0.789428
33	143	3.09633
33	155	0.790083
33	165	0.681911
34	7	0.729833
34	10	0.761925
34	14	0.79652
34	25	0.719135
34	27	0.779061
34	35	0.778924
34	36	0.778887
34	37	0.778879
34	101	0.755019
34	122	0.758876
34	127	0.742488
34	143	2.78096
34	147	3.88847
34	166	1.90088
35	7	0.729771
35	10	0.761864
35	14	0.796459
35	25	0.719074
35	27	0.778999
35	34	0.778924
35	36	0.778825
35	37	0.778817
35	101	0.754957
35	122	0.758814
35	127	0.742427
35	134	3.24552
35	139	3.12682
35	145	2.30024
36	7	0.729734
36	10	0.761826
36	14	0.796422
36	25	0.719037
36	27	0.778962
36	34	0.778887
36	35	0.778825
36	37	0.77878
36	101	0.75492
36	122	0.758777
36	127	0.74239
36	145	1.74644
36	150	2.38177
36	165	4.75428
37	7	0.729726
37	10	0.761818
37	14	0.796414
37	25	0.719029
37	27	0.778954
37	34	0.778879
37	35	0.778817
37	36	0.77878
37	101	0.754912
37	122	0.758769
37	127	0.742382
37	147	2.7664
37	163	2.20221
37	176	3.73634
38	8	0.70544
38	12	0.78424
38	22	0.766842
38	29	0.747712
38	30	0.747652
38	39	0.73952
38	48	0.727635
38	53	0.727691
38	59	0.777747
38	61	0.777799
38	97	0.738088
38	100	2.24756
38	132	0.766158
38	135	4.34752
38	145	2.52459
39	8	0.711045
39	12	0.789845
39	22	0.772446
39	29	0.753316
39	30	0.753257
39	38	0.73952
39	48	0.733239
39	53	0.733296
39	59	0.783351
39	61	0.783403
39	73	0.681371
39	132	0.771763
39	137	3.03889
39	141	2.71099
39	166	3.18216
40	31	0.422509
40	49	0.760437
40	56	0.751286
40	63	0.73189
40	66	0.756062
40	67	0.756504
40	68	0.74948
40	75	0.744501
40	78	0.780048
40	83	0.776235
40	90	0.772109
40	117	11.6
40	163	1.93396
40	170	1.85736
40	180	0.970662
41	5	0.808988
41	6	0.732895
41	18	0.716842
41	24	0.722526
41	51	0.753261
41	52	0.747243
41	54	0.755491
41	58	0.745563
41	64	0.791678
41	65	0.791646
41	70	0.791622
41	88	3.39304
41	118	0.645969
41	157	3.37493
41	175	2.38376
42	4	0.748713
42	26	0.721718
42	43	0.76752
42	44	1.69266
42	45	0.776959
42	57	0.814214
42	101	0.755804
42	115	1.41307
42	117	0.652954
42	122	0.759661
42	131	0.749699
42	141	0.787376
42	148	5.92084
42	171	0.781997
42	180	0.67767
43	4	0.735677
43	26	0.708682
43	42	0.76752
43	45	0.763923
43	57	0.801178
43	101	0.742768
43	102	2.46367
43	107	0.781818
43	122	0.746625
43	131	0.736663
43	133	2.86659
43	141	0.77434
43	142	3.5962
43	171	0.768961
43	180	0.664634
44	17	1.3837
44	42	1.69266
44	98	0.786069
44	140	0.736012
44	152	0.797975
44	155	1.92056
44	158	0.720323
44	162	0.738061
44	164	0.748038
44	170	0.776767
44	172	0.751471
44	175	0.742251
44	177	0.753238
44	178	0.740451
44	179	0.710771
45	4	0.745116
45	26	0.718121
45	42	0.776959
45	43	0.763923
45	57	0.810617
45	107	0.791257
45	109	2.20706
45	117	0.649357
45	122	0.756064
45	131	0.746102
45	141	0.783779
45	142	2.77996
45	171	0.7784
45	178	4.05127
45	180	0.674073
46	1	0.73039
46	3	0.612635
46	9	0.755426
46	13	0.834838
46	32	0.698737
46	47	0.806146
46	123	0.738128
46	127	0.751639
46	132	0.797843
46	141	1.12285
46	148	0.685323
46	154	0.7922
46	155	0.796396
46	169	3.42629
46	176	4.55155
47	1	0.739249
47	3	0.508887
47	9	0.764286
47	13	0.843698
47	32	0.707597
47	46	0.806146
47	97	1.7144
47	123	0.746988
47	127	0.760498
47	132	0.806703
47	148	0.694183
47	150	3.33549
47	154	0.801059
47	155	0.805256
47	175	3.95117
48	8	0.699159
48	12	0.777959
48	22	0.760561
48	29	0.741431
48	30	0.741371
48	38	0.727635
48	39	0.733239
48	53	0.721411
48	59	0.771466
48	61	0.771518
48	73	0.669486
48	97	0.731807
48	132	0.759878
48	138	3.38161
48	142	2.6675
48	163	3.4246
49	31	0.754776
49	40	0.760437
49	63	0.69083
49	66	0.763904
49	67	0.764346
49	68	0.757321
49	69	2.11479
49	75	0.752343
49	78	0.738988
49	83	0.735175
49	90	0.77995
49	97	3.45098
49	107	0.764264
49	118	0.619861
49	137	3.44111
49	180	0.647081
50	60	0.721113
50	62	0.721043
50	72	0.755905
50	74	0.751378
50	76	0.753938
50	77	0.702053
50	79	0.750999
50	80	0.755281
50	81	0.701758
50	82	0.741712
50	84	0.741696
50	144	1.5363
50	154	0.761607
50	157	3.71314
50	165	4.47879
50	171	0.759769
51	5	0.790656
51	6	0.714562
51	24	0.704193
51	41	0.753261
51	52	0.72891
51	54	0.737158
51	58	0.727231
51	64	0.773346
51	65	0.773313
51	70	0.773289
51	93	2.35798
51	107	0.77204
51	118	0.627637
51	131	0.726885
51	140	4.11777
51	160	3.30082
52	5	0.784638
52	6	0.708544
52	18	0.692491
52	24	0.698175
52	41	0.747243
52	51	0.72891
52	54	0.73114
52	58	0.721213
52	64	0.767328
52	65	0.767295
52	70	0.767271
52	98	2.42855
52	107	0.766022
52	131	0.720867
52	152	2.82
52	177	4.17267
53	8	0.699216
53	12	0.778016
53	22	0.760617
53	29	0.741487
53	30	0.741428
53	38	0.727691
53	39	0.733296
53	48	0.721411
53	59	0.771522
53	61	0.771574
53	69	2.81994
53	73	0.669542
53	97	0.731863
53	106	2.731
53	112	3.28418
53	132	0.759934
54	5	0.792886
54	6	0.716792
54	18	0.700739
54	24	0.706423
54	41	0.755491
54	51	0.737158
54	52	0.73114
54	58	0.729461
54	64	0.775576
54	65	0.775543
54	70	0.775519
54	107	0.77427
54	118	0.629867
54	123	2.53275
54	167	3.49227
54	169	3.53723
55	86	0.726544
55	91	0.760286
55	92	0.71236
55	95	0.759313
55	96	0.7458
55	103	2.64302
55	104	0.743916
55	105	0.735618
55	110	0.716524
55	111	0.715418
55	113	0.755326
55	114	0.750192
55	119	0.739674
55	152	1.26931
55	154	0.749072
55	179	5.5187
56	19	0.751248
56	31	0.745625
56	40	0.751286
56	63	0.681679
56	66	0.754753
56	67	0.755195
56	68	0.74817
56	75	0.743192
56	78	0.729838
56	83	0.726025
56	90	0.770799
56	112	1.9954
56	118	0.61071
56	127	0.703533
56	152	3.33689
56	172	4.27532
56	180	0.63793
57	4	0.782372
57	26	0.755377
57	42	0.814214
57	43	0.801178
57	45	0.810617
57	101	0.789463
57	107	0.828512
57	109	1.46606
57	117	0.686613
57	122	0.79332
57	129	2.86367
57	131	0.783358
57	141	0.821035
57	158	4.23768
57	161	2.36924
57	171	0.815655
57	180	0.711329
58	5	0.782958
58	6	0.706865
58	18	0.690812
58	24	0.696496
58	41	0.745563
58	51	0.727231
58	52	0.721213
58	54	0.729461
58	64	0.765648
58	65	0.765616
58	70	0.765592
58	107	0.764343
58	118	0.619939
58	131	0.719188
58	163	2.68316
58	167	3.04707
58	176	4.21729
59	8	0.749271
59	12	0.828071
59	22	0.810673
59	29	0.791543
59	30	0.791483
59	38	0.777747
59	39	0.783351
59	48	0.771466
59	53	0.771522
59	61	0.82163
59	73	0.719597
59	97	0.781919
59	131	2.88378
59	132	0.809989
59	144	2.5147
59	151	2.23941
59	167	3.3843
60	16	0.767567
60	50	0.721113
60	62	0.706055
60	72	0.740918
60	74	0.73639
60	76	0.73895
60	77	0.687065
60	80	0.740294
60	81	0.686771
60	82	0.726725
60	84	0.726708
60	116	1.67927
60	154	0.74662
60	155	0.750816
60	160	3.63606
60	165	4.84486
60	171	0.744782
61	8	0.749323
61	12	0.828123
61	22	0.810724
61	29	0.791594
61	30	0.791535
61	38	0.777799
61	39	0.783403
61	48	0.771518
61	53	0.771574
61	59	0.82163
61	73	0.719649
61	97	0.78197
61	131	1.70955
61	132	0.810041
61	162	3.27313
61	170	1.40694
61	180	4.78119
62	16	0.767496
62	50	0.721043
62	60	0.706055
62	72	0.740847
62	76	0.73888
62	77	0.686994
62	79	0.735941
62	80	0.740223
62	81	0.6867
62	82	0.726654
62	84	0.726637
62	154	0.746549
62	155	0.750745
62	171	0.744711
62	172	2.15775
62	177	2.57198
62	180	5.2416
63	19	0.731852
63	31	0.726229
63	40	0.73189
63	49	0.69083
63	56	0.681679
63	66	0.735357
63	67	0.735799
63	68	0.728774
63	75	0.723796
63	78	0.710442
63	83	0.706629
63	90	0.751403
63	107	0.735718
63	127	0.684137
63	148	5.53238
63	151	1.58976
63	164	3.29321
63	180	0.618534
64	5	0.829073
64	6	0.75298
64	18	0.736926
64	24	0.742611
64	41	0.791678
64	51	0.773346
64	52	0.767328
64	54	0.775576
64	58	0.765648
64	65	0.811731
64	70	0.811707
64	101	1.81315
64	107	0.810457
64	118	0.666054
64	131	0.765303
64	136	2.18507
64	139	3.02643
64	176	4.30503
65	5	0.829041
65	6	0.752947
65	18	0.736894
65	24	0.742579
65	41	0.791646
65	51	0.773313
65	52	0.767295
65	54	0.775543
65	58	0.765616
65	64	0.811731
65	70	0.811675
65	100	1.70477
65	107	0.810425
65	118	0.666022
65	131	0.76527
65	142	1.79574
65	146	3.47693
65	173	4.27944
66	19	0.804925
66	40	0.756062
66	49	0.763904
66	56	0.754753
66	63	0.735357
66	67	0.808872
66	68	0.801848
66	75	0.796869
66	78	0.783515
66	83	0.779702
66	90	0.824477
66	112	1.41798
66	118	0.664388
66	127	0.757211
66	133	1.60586
66	160	4.32057
66	162	4.51953
66	180	0.691607
67	19	0.805367
67	31	0.799745
67	40	0.756504
67	49	0.764346
67	56	0.755195
67	63	0.735799
67	66	0.808872
67	68	0.80229
67	75	0.797311
67	78	0.783957
67	83	0.780144
67	90	0.824919
67	98	2.03382
67	118	0.66483
67	131	3.37592
67	136	2.9267
67	170	3.07331
67	180	0.69205
68	19	0.798342
68	31	0.79272
68	40	0.74948
68	49	0.757321
68	56	0.74817
68	63	0.728774
68	66	0.801848
68	67	0.80229
68	75	0.790286
68	78	0.776932
68	83	0.773119
68	90	0.817894
68	127	0.750628
68	133	1.5154
68	146	3.92619
68	153	2.60076
68	177	3.2675
68	180	0.685025
69	49	2.11479
69	53	2.81994
69	70	1.41258
69	134	0.726813
69	139	0.728263
69	140	0.70495
69	143	0.733684
69	145	0.748265
69	158	0.689261
69	160	0.7144
69	163	0.738398
69	164	0.716976
69	169	0.721914
69	170	0.745705
69	173	0.70016
69	174	0.71693
69	175	0.711189
69	178	0.709389
70	5	0.829017
70	6	0.752924
70	18	0.73687
70	24	0.742555
70	41	0.791622
70	51	0.773289
70	52	0.767271
70	54	0.775519
70	58	0.765592
70	64	0.811707
70	65	0.811675
70	69	1.41258
70	98	2.82685
70	107	0.810401
70	112	1.87681
70	118	0.665998
70	131	0.765246
70	143	3.76224
71	2	0.727392
71	86	0.761373
71	87	0.758432
71	89	0.757917
71	91	0.795115
71	92	0.74719
71	96	0.780629
71	105	0.770448
71	110	0.751354
71	111	0.750247
71	113	0.790155
71	114	0.785021
71	119	0.774504
71	133	1.27539
71	148	0.677025
71	149	3.54458
71	168	3.41729
71	171	0.782064
71	175	3.44205
72	50	0.755905
72	60	0.740918
72	62	0.740847
72	74	0.771182
72	76	0.773742
72	77	0.721857
72	79	0.770804
72	80	0.775085
72	81	0.721563
72	82	0.761517
72	84	0.7615
72	132	0.787055
72	139	3.05987
72	152	1.71707
72	153	2.40301
72	154	0.781411
72	155	0.785608
72	171	0.779573
72	173	4.53094
73	5	3.28868
73	15	0.641498
73	28	0.701219
73	33	0.701139
73	39	0.681371
73	48	0.669486
73	53	0.669542
73	59	0.719597
73	61	0.719649
73	90	3.25496
73	97	0.679938
73	115	0.685566
73	129	0.657917
73	153	0.661542
73	155	0.706562
73	165	0.598389
73	176	0.628341
73	177	0.648599
73	178	0.635812
74	16	0.797832
74	50	0.751378
74	60	0.73639
74	72	0.771182
74	76	0.769215
74	77	0.717329
74	79	0.766276
74	80	0.770558
74	81	0.717035
74	82	0.756989
74	84	0.756973
74	106	1.158
74	132	0.782528
74	153	2.97853
74	154	0.776884
74	155	0.781081
74	171	0.775046
74	177	3.64527
74	178	3.89408
75	19	0.793364
75	31	0.787742
75	40	0.744501
75	49	0.752343
75	56	0.743192
75	63	0.723796
75	66	0.796869
75	67	0.797311
75	68	0.790286
75	78	0.771954
75	83	0.768141
75	90	0.812916
75	94	2.34011
75	107	0.79723
75	118	0.652827
75	145	3.22905
75	163	3.80008
75	166	2.37669
75	180	0.680046
76	16	0.800392
76	50	0.753938
76	60	0.73895
76	62	0.73888
76	72	0.773742
76	74	0.769215
76	77	0.71989
76	79	0.768836
76	80	0.773118
76	81	0.719595
76	82	0.759549
76	84	0.759533
76	93	1.97651
76	154	0.779444
76	155	0.783641
76	160	2.91935
76	164	2.61382
76	171	0.777606
76	180	4.62638
77	16	0.748506
77	50	0.702053
77	60	0.687065
77	62	0.686994
77	72	0.721857
77	74	0.717329
77	76	0.71989
77	79	0.716951
77	80	0.721233
77	81	0.66771
77	82	0.707664
77	84	0.707647
77	132	0.733202
77	135	4.0192
77	146	3.6914
77	154	0.727559
77	155	0.731755
77	171	0.725721
77	177	3.03272
78	19	0.78001
78	31	0.774387
78	40	0.780048
78	49	0.738988
78	56	0.729838
78	63	0.710442
78	66	0.783515
78	67	0.783957
78	68	0.776932
78	75	0.771954
78	83	0.754787
78	90	0.799561
78	100	3.17805
78	106	1.04419
78	107	0.783876
78	109	2.69612
78	127	0.732296
78	147	4.59031
78	180	0.666692
79	16	0.797453
79	50	0.750999
79	62	0.735941
79	72	0.770804
79	74	0.766276
79	76	0.768836
79	77	0.716951
79	80	0.77018
79	81	0.716657
79	82	0.756611
79	84	0.756594
79	126	2.56591
79	130	3.02591
79	132	0.782149
79	144	1.3982
79	154	0.776505
79	155	0.780702
79	171	0.774668
79	180	4.83892
80	50	0.755281
80	60	0.740294
80	62	0.740223
80	72	0.775085
80	74	0.770558
80	76	0.773118
80	77	0.721233
80	79	0.77018
80	81	0.720939
80	82	0.760893
80	84	0.760876
80	132	0.786431
80	141	1.31323
80	154	0.780787
80	155	0.784984
80	164	3.20774
80	165	4.72207
80	169	2.69414
80	171	0.77895
81	16	0.748212
81	50	0.701758
81	60	0.686771
81	62	0.6867
81	72	0.721563
81	74	0.717035
81	76	0.719595
81	77	0.66771
81	79	0.716657
81	80	0.720939
81	82	0.70737
81	84	0.707353
81	125	3.67542
81	132	0.732908
81	138	3.7355
81	153	3.37716
81	154	0.727265
81	155	0.731461
81	171	0.725427
82	16	0.788166
82	50	0.741712
82	60	0.726725
82	62	0.726654
82	72	0.761517
82	74	0.756989
82	76	0.759549
82	77	0.707664
82	79	0.756611
82	80	0.760893
82	81	0.70737
82	84	0.747307
82	121	4.75956
82	129	3.47151
82	132	0.772862
82	137	1.83723
82	154	0.767218
82	155	0.771415
82	166	1.9805
82	171	0.765381
83	19	0.776197
83	31	0.770575
83	40	0.776235
83	49	0.735175
83	56	0.726025
83	63	0.706629
83	66	0.779702
83	67	0.780144
83	68	0.773119
83	75	0.768141
83	78	0.754787
83	90	0.795749
83	97	2.00124
83	107	0.780063
83	118	0.63566
83	127	0.728483
83	137	1.99138
83	156	3.68005
83	168	4.21325
83	180	0.662879
84	16	0.788149
84	50	0.741696
84	60	0.726708
84	62	0.726637
84	72	0.7615
84	74	0.756973
84	76	0.759533
84	77	0.707647
84	79	0.756594
84	80	0.760876
84	81	0.707353
84	82	0.747307
84	106	1.32745
84	109	2.97938
84	128	3.89766
84	132	0.772846
84	154	0.767202
84	155	0.771398
84	170	3.87016
84	171	0.765364
85	21	2.3346
85	126	0.709475
85	132	1.75307
85	144	0.749888
85	149	0.712888
85	154	1.84324
85	156	0.720671
85	157	0.695473
85	158	0.678013
85	159	0.712727
85	161	0.716728
85	162	0.695751
85	164	0.705728
85	168	0.705062
85	170	0.734457
85	175	0.699942
85	176	0.690671
85	177	0.710929
85	178	0.698141
85	179	0.668461
86	55	0.726544
86	71	0.761373
86	89	0.7386
86	91	0.775799
86	92	0.727873
86	95	0.774825
86	103	4.27312
86	104	0.759429
86	105	0.751131
86	110	0.732037
86	111	0.73093
86	113	0.770838
86	114	0.765704
86	115	2.64053
86	119	0.755187
86	136	3.40084
86	141	2.0921
86	148	0.657708
86	154	0.764585
86	165	0.660609
86	171	0.762747
87	20	0.776093
87	71	0.758432
87	88	5.00696
87	89	0.735659
87	91	0.772857
87	92	0.724932
87	95	0.771884
87	96	0.758371
87	100	2.46963
87	104	0.756487
87	105	0.74819
87	110	0.729096
87	111	0.727989
87	113	0.767897
87	114	0.762763
87	119	0.752246
87	137	1.75103
87	148	0.654767
87	154	0.761644
87	165	0.657667
87	172	3.16887
88	41	3.39304
88	87	5.00696
88	109	0.712808
88	116	0.711346
88	118	0.58289
88	123	0.662202
88	128	0.668582
88	135	0.650077
88	142	0.675442
88	151	0.700949
88	153	0.675451
88	156	0.67225
88	159	0.664306
88	160	0.654731
88	163	0.678729
88	164	0.657307
88	167	0.659309
88	173	0.640491
88	176	0.64225
88	177	0.662508
88	179	0.62004
89	2	0.704619
89	71	0.757917
89	86	0.7386
89	87	0.735659
89	92	0.724417
89	95	0.771369
89	96	0.757856
89	104	0.755972
89	105	0.747675
89	110	0.728581
89	111	0.727474
89	113	0.767382
89	114	0.762248
89	115	1.54245
89	119	0.751731
89	154	0.761129
89	165	0.657152
89	166	1.4652
89	171	0.759291
89	178	3.40281
89	179	6.05072
90	19	0.820972
90	31	0.815349
90	40	0.772109
90	49	0.77995
90	56	0.770799
90	63	0.751403
90	66	0.824477
90	67	0.824919
90	68	0.817894
90	73	3.25496
90	75	0.812916
90	78	0.799561
90	83	0.795749
90	107	0.824837
90	118	0.680434
90	127	0.773257
90	131	1.97216
90	134	2.48301
90	149	2.89126
90	172	1.95994
90	180	0.707654
91	2	0.741818
91	55	0.760286
91	71	0.795115
91	86	0.775799
91	87	0.772857
91	92	0.761615
91	94	2.45772
91	95	0.808567
91	96	0.795055
91	105	0.784873
91	106	0.935768
91	110	0.765779
91	111	0.764673
91	113	0.80458
91	114	0.799447
91	119	0.788929
91	142	3.1606
91	154	0.798327
91	161	3.49088
91	165	0.694351
91	171	0.796489
91	172	3.76887
92	55	0.71236
92	71	0.74719
92	86	0.727873
92	87	0.724932
92	89	0.724417
92	91	0.761615
92	95	0.760642
92	96	0.747129
92	101	3.11043
92	104	0.745245
92	105	0.736948
92	110	0.717854
92	111	0.716747
92	113	0.756655
92	114	0.751521
92	119	0.741004
92	144	3.56249
92	148	0.643525
92	154	0.750402
92	161	3.64136
92	166	2.64479
92	171	0.748564
93	24	4.06551
93	51	2.35798
93	76	1.97651
93	94	0.754584
93	118	0.616549
93	126	0.694713
93	129	0.705484
93	136	0.728562
93	145	0.722255
93	146	0.681717
93	153	0.70911
93	156	0.705909
93	161	0.701966
93	164	0.690966
93	166	0.769871
93	167	0.692968
93	169	0.695905
93	174	0.69092
93	175	0.685179
93	176	0.675909
93	178	0.683379
94	13	1.57054
94	75	2.34011
94	91	2.45772
94	93	0.754584
94	100	0.76854
94	122	1.36804
94	126	0.736545
94	130	0.716696
94	143	0.749507
94	146	0.723549
94	152	0.782735
94	156	0.747741
94	168	0.732132
94	169	0.737737
94	172	0.736231
94	173	0.715982
94	174	0.732752
94	176	0.717741
94	177	0.737999
94	178	0.725212
94	179	0.695532
94	180	0.685601
95	20	0.811803
95	55	0.759313
95	86	0.774825
95	87	0.771884
95	89	0.771369
95	91	0.808567
95	92	0.760642
95	96	0.794081
95	104	0.792197
95	109	1.45138
95	110	0.764806
95	111	0.763699
95	113	0.803607
95	114	0.798473
95	117	0.666473
95	119	0.787956
95	135	4.03328
95	146	3.70548
95	148	0.690477
95	150	2.84567
95	161	2.35457
95	165	0.693378
95	171	0.795516
96	2	0.727332
96	20	0.79829
96	55	0.7458
96	71	0.780629
96	87	0.758371
96	89	0.757856
96	91	0.795055
96	92	0.747129
96	95	0.794081
96	104	0.778685
96	105	0.770387
96	108	3.23099
96	110	0.751293
96	111	0.750187
96	113	0.790094
96	114	0.784961
96	119	0.774443
96	123	0.72977
96	148	0.676964
96	159	2.64187
96	165	0.679865
96	172	2.21796
96	176	3.90091
96	178	2.881
97	8	0.709612
97	38	0.738088
97	47	1.7144
97	48	0.731807
97	49	3.45098
97	53	0.731863
97	59	0.781919
97	61	0.78197
97	73	0.679938
97	83	2.00124
97	104	0.75953
97	110	0.732138
97	111	0.731032
97	117	0.633806
97	119	0.755288
97	129	0.720238
97	142	0.723855
97	147	0.699637
97	155	1.4303
97	158	0.678005
97	162	0.695743
97	171	0.762848
97	176	0.690662
97	179	0.668453
98	9	2.31077
98	44	0.786069
98	52	2.42855
98	67	2.03382
98	70	2.82685
98	102	0.785114
98	115	0.749379
98	123	0.712107
98	125	0.710256
98	129	0.72173
98	142	0.725347
98	147	0.701129
98	152	0.757149
98	160	0.704636
98	161	0.718212
98	163	0.728634
98	167	0.709213
98	168	0.706545
98	173	0.690396
98	174	0.707166
98	176	0.692154
98	177	0.712412
98	178	0.699625
98	179	0.669945
99	16	1.03542
99	23	3.4325
99	100	0.750234
99	104	1.40977
99	107	1.64806
99	125	0.717536
99	128	0.725766
99	137	0.768623
99	145	0.745781
99	146	0.705243
99	148	0.666582
99	150	0.738126
99	159	0.721491
99	160	0.711916
99	162	0.704515
99	163	0.735914
99	168	0.713825
99	170	0.743221
99	172	0.717925
99	173	0.697676
99	174	0.714446
99	175	0.708705
99	177	0.719692
99	178	0.706905
100	38	2.24756
100	65	1.70477
100	78	3.17805
100	87	2.46963
100	94	0.76854
100	99	0.750234
100	102	0.782825
100	109	0.760423
100	126	0.708669
100	144	0.749082
100	153	0.723066
100	159	0.711921
100	160	0.702347
100	162	0.694945
100	166	0.783827
100	167	0.706924
100	168	0.704256
100	173	0.688106
100	174	0.704876
100	175	0.699136
100	176	0.689865
100	177	0.710123
100	178	0.697335
100	179	0.667655
101	11	2.01801
101	25	0.695169
101	27	0.755094
101	34	0.755019
101	35	0.754957
101	36	0.75492
101	37	0.754912
101	42	0.755804
101	43	0.742768
101	57	0.789463
101	64	1.81315
101	92	3.11043
101	114	1.63289
101	117	0.628202
101	120	0.621353
101	130	0.684014
101	142	0.718252
101	151	0.743758
101	152	0.750053
101	169	0.705055
101	171	0.757245
101	176	0.685059
101	178	0.69253
101	180	0.652919
102	14	1.03804
102	43	2.46367
102	98	0.785114
102	100	0.782825
102	110	1.31032
102	118	0.672665
102	126	0.75083
102	127	1.44172
102	136	0.784678
102	145	0.778372
102	150	0.770717
102	154	0.726035
102	158	0.719368
102	161	0.758083
102	162	0.737106
102	163	0.768505
102	167	0.749084
102	170	0.775812
102	172	0.750516
102	173	0.730267
102	174	0.747037
102	175	0.741296
102	177	0.752283
102	178	0.739496
102	179	0.709816
103	29	3.08386
103	55	2.64302
103	86	4.27312
103	108	0.677379
103	116	0.730807
103	117	0.604854
103	126	0.680515
103	129	0.691287
103	130	0.660666
103	135	0.669538
103	142	0.694904
103	144	0.720928
103	146	0.667519
103	150	0.700402
103	151	0.72041
103	153	0.694912
103	157	0.666513
103	158	0.649054
103	164	0.676768
103	166	0.755673
103	172	0.680201
103	173	0.659952
103	174	0.676722
103	176	0.661711
103	178	0.669182
104	55	0.743916
104	86	0.759429
104	87	0.756487
104	89	0.755972
104	92	0.745245
104	95	0.792197
104	96	0.778685
104	97	0.75953
104	99	1.40977
104	105	0.768503
104	110	0.749409
104	111	0.748302
104	113	0.78821
104	114	0.783077
104	117	0.651076
104	119	0.772559
104	123	0.727886
104	134	3.05757
104	140	4.72828
104	148	0.67508
104	152	1.59607
104	154	0.781957
104	165	0.677981
104	168	3.33854
104	171	0.780119
105	2	0.71715
105	20	0.788109
105	55	0.735618
105	71	0.770448
105	86	0.751131
105	87	0.74819
105	89	0.747675
105	91	0.784873
105	92	0.736948
105	96	0.770387
105	104	0.768503
105	110	0.741112
105	111	0.740005
105	113	0.779913
105	114	0.774779
105	117	0.642779
105	119	0.764261
105	121	4.14491
105	123	0.719588
105	148	0.666783
105	164	3.71171
105	165	0.669683
105	166	1.36585
105	169	3.19811
105	171	0.771821
105	178	3.30345
106	32	3.20359
106	53	2.731
106	74	1.158
106	78	1.04419
106	84	1.32745
106	91	0.935768
106	115	0.828436
106	120	0.707505
106	126	0.790016
106	146	0.77702
106	149	0.793429
106	156	0.801211
106	157	0.776013
106	158	0.758554
106	159	0.793268
106	161	0.797269
106	163	0.807691
106	165	0.741259
106	169	0.791207
106	170	0.814998
106	172	0.789702
106	175	0.780482
106	176	0.771212
106	177	0.791469
106	179	0.749002
106	180	0.739071
107	26	0.736016
107	43	0.781818
107	45	0.791257
107	49	0.764264
107	51	0.77204
107	52	0.766022
107	54	0.77427
107	57	0.828512
107	58	0.764343
107	63	0.735718
107	64	0.810457
107	65	0.810425
107	70	0.810401
107	75	0.79723
107	78	0.783876
107	83	0.780063
107	90	0.824837
107	99	1.64806
107	122	0.773959
107	123	2.32601
107	128	2.5099
107	149	3.70412
107	151	2.14064
107	171	0.796295
107	174	3.31788
107	180	0.691968
108	5	3.00669
108	6	4.16232
108	96	3.23099
108	103	0.677379
108	120	0.591027
108	128	0.681065
108	129	0.684309
108	134	0.679628
108	137	0.723922
108	142	0.687926
108	144	0.713951
108	145	0.70108
108	149	0.676951
108	151	0.713432
108	156	0.684733
108	159	0.67679
108	162	0.659813
108	166	0.748695
108	170	0.69852
108	173	0.652974
108	174	0.669745
108	175	0.664004
108	176	0.654733
108	177	0.674991
108	178	0.662204
108	179	0.632524
109	45	2.20706
109	57	1.46606
109	78	2.69612
109	84	2.97938
109	88	0.712808
109	95	1.45138
109	100	0.760423
109	115	0.766848
109	133	0.785861
109	137	0.778812
109	143	0.741389
109	144	0.768841
109	152	0.774618
109	153	0.742824
109	158	0.696966
109	161	0.735681
109	163	0.746103
109	164	0.724681
109	167	0.726682
109	168	0.724014
109	169	0.729619
109	172	0.728113
109	175	0.718894
109	176	0.709623
109	177	0.729881
109	178	0.717094
109	179	0.687414
110	2	0.698056
110	20	0.769015
110	55	0.716524
110	71	0.751354
110	86	0.732037
110	87	0.729096
110	89	0.728581
110	91	0.765779
110	92	0.717854
110	95	0.764806
110	96	0.751293
110	97	0.732138
110	102	1.31032
110	104	0.749409
110	105	0.741112
110	111	0.720911
110	113	0.760819
110	114	0.755685
110	119	0.745168
110	123	0.700494
110	125	3.09688
110	138	3.15696
110	154	0.754566
110	165	0.650589
110	168	3.85515
110	171	0.752728
110	174	3.5962
111	2	0.69695
111	20	0.767908
111	55	0.715418
111	71	0.750247
111	86	0.73093
111	87	0.727989
111	89	0.727474
111	91	0.764673
111	92	0.716747
111	95	0.763699
111	96	0.750187
111	97	0.731032
111	104	0.748302
111	105	0.740005
111	110	0.720911
111	113	0.759712
111	114	0.754578
111	117	0.622578
111	119	0.744061
111	123	0.699387
111	154	0.753459
111	159	2.65196
111	162	3.80384
111	165	0.649483
111	170	1.93765
111	171	0.751621
111	178	2.89108
111	180	5.3119
112	20	1.41474
112	33	1.2109
112	53	3.28418
112	56	1.9954
112	66	1.41798
112	70	1.87681
112	130	0.742772
112	133	0.820055
112	134	0.768712
112	143	0.775583
112	145	0.790164
112	152	0.808811
112	153	0.777018
112	156	0.773817
112	158	0.73116
112	159	0.765874
112	161	0.769874
112	164	0.758874
112	169	0.763813
112	170	0.787604
112	172	0.762307
112	174	0.758828
112	175	0.753088
112	176	0.743817
112	177	0.764075
112	178	0.751288
112	179	0.721608
112	180	0.711677
113	2	0.736857
113	20	0.807816
113	55	0.755326
113	71	0.790155
113	86	0.770838
113	87	0.767897
113	89	0.767382
113	91	0.80458
113	92	0.756655
113	95	0.803607
113	96	0.790094
113	104	0.78821
113	105	0.779913
113	110	0.760819
113	111	0.759712
113	114	0.794486
113	117	0.662486
113	119	0.783969
113	123	0.739295
113	136	1.98308
113	138	2.52593
113	148	0.68649
113	150	2.6332
113	158	4.01054
113	165	0.68939
113	170	2.12969
113	171	0.791529
113	173	4.29552
114	2	0.731724
114	20	0.802682
114	55	0.750192
114	71	0.785021
114	86	0.765704
114	87	0.762763
114	89	0.762248
114	91	0.799447
114	92	0.751521
114	95	0.798473
114	96	0.784961
114	101	1.63289
114	104	0.783077
114	105	0.774779
114	110	0.755685
114	111	0.754578
114	113	0.794486
114	117	0.657352
114	119	0.778835
114	123	0.734161
114	147	3.15483
114	152	1.50338
114	154	0.788233
114	156	2.71265
114	165	0.684257
114	171	0.786395
114	173	4.31724
114	174	2.9869
115	23	3.35992
115	42	1.41307
115	73	0.685566
115	86	2.64053
115	89	1.54245
115	98	0.749379
115	106	0.828436
115	109	0.766848
115	124	0.725821
115	129	0.725866
115	142	0.729483
115	146	0.702098
115	149	0.718508
115	151	0.754989
115	152	0.761284
115	155	1.64096
115	157	0.701092
115	159	0.718347
115	165	0.666338
115	166	0.790252
115	167	0.713349
115	168	0.710681
115	169	0.716286
115	170	0.740077
115	174	0.711301
115	176	0.69629
115	177	0.716548
115	178	0.703761
115	179	0.674081
116	2	2.84256
116	22	1.77108
116	60	1.67927
116	88	0.711346
116	103	0.730807
116	118	0.648801
116	124	0.737693
116	136	0.760814
116	138	0.733401
116	147	0.717136
116	148	0.675309
116	150	0.746853
116	152	0.773156
116	154	1.88686
116	156	0.738161
116	159	0.730218
116	160	0.720643
116	161	0.734219
116	164	0.723219
116	166	0.802124
116	167	0.72522
116	168	0.722552
116	171	1.35196
116	172	0.726652
116	175	0.717432
116	176	0.708161
116	177	0.728419
116	178	0.715632
116	179	0.685952
117	4	0.621111
117	40	11.6
117	42	0.652954
117	45	0.649357
117	57	0.686613
117	95	0.666473
117	97	0.633806
117	101	0.628202
117	103	0.604854
117	104	0.651076
117	105	0.642779
117	111	0.622578
117	113	0.662486
117	114	0.657352
117	118	0.522849
117	119	0.646835
117	124	0.61174
117	129	0.611784
117	145	0.628555
117	149	0.604426
117	162	0.587289
117	164	0.597266
117	166	0.676171
117	168	0.5966
117	171	0.654395
117	173	0.58045
117	175	0.59148
117	179	0.559999
117	180	0.550068
118	3	11.6
118	41	0.645969
118	49	0.619861
118	51	0.627637
118	54	0.629867
118	56	0.61071
118	58	0.619939
118	64	0.666054
118	65	0.666022
118	66	0.664388
118	67	0.66483
118	70	0.665998
118	75	0.652827
118	83	0.63566
118	88	0.58289
118	90	0.680434
118	93	0.616549
118	102	0.672665
118	116	0.648801
118	117	0.522849
118	134	0.6046
118	136	0.632358
118	140	0.582737
118	167	0.596764
118	168	0.594096
118	172	0.598196
118	178	0.587176
118	179	0.557496
118	180	0.547565
119	2	0.721206
119	20	0.792165
119	55	0.739674
119	71	0.774504
119	86	0.755187
119	87	0.752246
119	89	0.751731
119	91	0.788929
119	92	0.741004
119	95	0.787956
119	96	0.774443
119	97	0.755288
119	104	0.772559
119	105	0.764261
119	110	0.745168
119	111	0.744061
119	113	0.783969
119	114	0.778835
119	117	0.646835
119	123	0.723644
119	129	3.16919
119	144	2.59588
119	148	0.670839
119	153	2.70025
119	154	0.777715
119	161	2.67476
119	165	0.673739
119	171	0.775878
119	175	3.78155
119	177	3.36698
120	101	0.621353
120	106	0.707505
120	108	0.591027
120	135	0.583186
120	137	0.644548
120	138	0.600599
120	140	0.578391
120	141	0.652924
120	143	0.607125
120	144	0.634576
120	148	0.542506
120	149	0.597577
120	150	0.614051
120	151	0.634058
120	160	0.587841
120	162	0.580439
120	163	0.611838
120	164	0.590417
120	167	0.592418
120	169	0.595355
120	172	0.593849
120	173	0.5736
120	174	0.590371
120	175	0.58463
120	176	0.575359
120	177	0.595617
120	178	0.58283
120	179	0.55315
121	30	3.09553
121	82	4.75956
121	105	4.14491
121	123	0.66224
121	125	0.660388
121	126	0.661091
121	128	0.668619
121	133	0.718525
121	134	0.667182
121	135	0.650114
121	137	0.711476
121	139	0.668632
121	143	0.674053
121	145	0.688634
121	146	0.648095
121	152	0.707281
121	156	0.672287
121	157	0.647089
121	160	0.654769
121	161	0.668345
121	163	0.678767
121	166	0.736249
121	168	0.656678
121	169	0.662283
121	173	0.640528
121	176	0.642287
121	177	0.662545
121	178	0.649758
121	179	0.620078
121	180	0.610147
122	7	0.709723
122	14	0.776411
122	15	0.702073
122	17	0.773357
122	21	0.773272
122	23	0.706487
122	25	0.699026
122	26	0.700823
122	27	0.758951
122	28	0.761794
122	33	0.761713
122	34	0.758876
122	35	0.758814
122	36	0.758777
122	37	0.758769
122	42	0.759661
122	43	0.746625
122	45	0.756064
122	57	0.79332
122	94	1.36804
122	107	0.773959
122	129	2.89562
122	141	0.766481
122	155	0.767136
122	157	4.49916
122	158	4.26963
122	165	0.658964
122	166	1.40462
122	171	0.761102
122	174	3.22426
122	180	0.656775
123	3	1.12883
123	9	0.696268
123	18	2.64492
123	28	2.69453
123	29	2.20179
123	32	0.63958
123	46	0.738128
123	47	0.746988
123	54	2.53275
123	88	0.662202
123	96	0.72977
123	98	0.712107
123	104	0.727886
123	105	0.719588
123	107	2.32601
123	110	0.700494
123	111	0.699387
123	113	0.739295
123	114	0.734161
123	119	0.723644
123	121	0.66224
123	128	0.68535
123	137	0.728206
123	144	0.718235
123	148	0.626165
123	154	0.733042
123	155	0.737238
123	162	0.664098
123	164	0.674075
123	173	0.657259
123	179	0.636809
124	8	3.67426
124	11	2.13004
124	115	0.725821
124	116	0.737693
124	117	0.61174
124	126	0.687401
124	127	2.48562
124	136	0.721249
124	139	0.694941
124	144	0.727814
124	146	0.674405
124	147	0.677571
124	153	0.701797
124	155	2.14138
124	159	0.690653
124	160	0.681078
124	161	0.694654
124	163	0.705076
124	164	0.683654
124	165	0.638644
124	166	0.762559
124	168	0.682987
124	170	0.712383
124	172	0.687087
124	173	0.666838
124	174	0.683608
124	175	0.677867
124	176	0.668597
124	177	0.688855
124	178	0.676067
124	179	0.646387
125	4	3.21385
125	10	2.81385
125	81	3.67542
125	98	0.710256
125	99	0.717536
125	110	3.09688
125	121	0.660388
125	128	0.683499
125	133	0.733404
125	138	0.682406
125	139	0.683511
125	141	0.734732
125	142	0.690359
125	145	0.703513
125	146	0.662975
125	149	0.679384
125	150	0.695858
125	151	0.715866
125	152	0.722161
125	156	0.687167
125	157	0.661969
125	163	0.693646
125	164	0.672224
125	168	0.671558
125	169	0.677163
125	170	0.700953
125	174	0.672178
125	175	0.666437
125	176	0.657167
125	177	0.677425
125	178	0.664637
125	179	0.634957
126	16	2.97101
126	29	3.45943
126	79	2.56591
126	85	0.709475
126	93	0.694713
126	94	0.736545
126	100	0.708669
126	102	0.75083
126	103	0.680515
126	106	0.790016
126	121	0.661091
126	124	0.687401
126	128	0.684202
126	135	0.665697
126	137	0.727058
126	139	0.684214
126	140	0.660901
126	148	0.625017
126	151	0.716569
126	156	0.68787
126	158	0.645212
126	159	0.679926
126	160	0.670351
126	163	0.694349
126	164	0.672927
126	169	0.677865
126	171	2.74277
126	175	0.66714
126	176	0.65787
126	177	0.678128
126	178	0.66534
126	179	0.63566
127	1	0.684742
127	3	1.14234
127	7	0.693336
127	9	0.709779
127	13	0.789191
127	14	0.760023
127	25	0.682638
127	27	0.742564
127	32	0.65309
127	34	0.742488
127	35	0.742427
127	36	0.74239
127	37	0.742382
127	46	0.751639
127	47	0.760498
127	56	0.703533
127	63	0.684137
127	66	0.757211
127	68	0.750628
127	78	0.732296
127	83	0.728483
127	90	0.773257
127	102	1.44172
127	124	2.48562
127	132	0.752196
127	139	3.58688
127	141	1.43677
127	154	0.746552
127	156	3.45335
127	175	4.01131
127	180	0.640388
128	7	2.81698
128	84	3.89766
128	88	0.668582
128	99	0.725766
128	107	2.5099
128	108	0.681065
128	121	0.668619
128	123	0.68535
128	125	0.683499
128	126	0.684202
128	130	0.664353
128	132	2.11377
128	142	0.69859
128	143	0.697163
128	144	0.724615
128	147	0.674372
128	149	0.687615
128	151	0.724097
128	153	0.698598
128	156	0.695397
128	162	0.670478
128	163	0.701877
128	164	0.680455
128	166	0.75936
128	170	0.709184
128	172	0.683888
128	175	0.674668
128	176	0.665397
128	177	0.685655
128	178	0.672868
128	179	0.643188
129	57	2.86367
129	73	0.657917
129	82	3.47151
129	93	0.705484
129	97	0.720238
129	98	0.72173
129	103	0.691287
129	108	0.684309
129	115	0.725866
129	117	0.611784
129	119	3.16919
129	122	2.89562
129	134	0.693536
129	139	0.694986
129	140	0.671673
129	147	0.677616
129	149	0.690859
129	156	0.698641
129	160	0.681123
129	161	0.694698
129	163	0.70512
129	166	0.762603
129	167	0.6857
129	170	0.712428
129	172	0.687131
129	173	0.666882
129	174	0.683652
129	176	0.668641
129	177	0.688899
129	178	0.676112
129	179	0.646432
130	21	4.22904
130	79	3.02591
130	94	0.716696
130	101	0.684014
130	103	0.660666
130	112	0.742772
130	128	0.664353
130	133	0.714259
130	140	0.641053
130	142	0.671213
130	143	0.669786
130	145	0.684367
130	146	0.643829
130	150	0.676712
130	151	0.69672
130	152	0.703015
130	154	3.73767
130	161	0.664078
130	163	0.6745
130	165	0.608069
130	169	0.658017
130	170	0.681807
130	172	0.656511
130	173	0.636262
130	174	0.653032
130	175	0.647292
130	176	0.638021
130	177	0.658279
130	178	0.645491
130	179	0.615811
131	4	0.717856
131	18	0.690466
131	19	2.05859
131	24	0.69615
131	26	0.690861
131	42	0.749699
131	43	0.736663
131	45	0.746102
131	51	0.726885
131	52	0.720867
131	57	0.783358
131	58	0.719188
131	59	2.88378
131	61	1.70955
131	64	0.765303
131	65	0.76527
131	67	3.37592
131	70	0.765246
131	90	1.97216
131	141	0.756519
131	148	0.646101
131	166	0.772916
131	167	0.696013
131	170	0.72274
131	171	0.75114
131	172	0.697444
131	176	0.678954
131	177	0.699212
131	179	0.656744
131	180	0.646813
132	3	0.500585
132	9	0.755984
132	13	0.835395
132	29	0.779954
132	30	0.779895
132	32	0.699295
132	38	0.766158
132	39	0.771763
132	46	0.797843
132	47	0.806703
132	48	0.759878
132	53	0.759934
132	59	0.809989
132	61	0.810041
132	72	0.787055
132	74	0.782528
132	77	0.733202
132	79	0.782149
132	80	0.786431
132	81	0.732908
132	82	0.772862
132	84	0.772846
132	85	1.75307
132	127	0.752196
132	128	2.11377
132	148	0.68588
132	155	0.796954
132	162	3.95246
132	163	2.52549
132	167	2.8894
132	168	3.1807
132	170	2.08627
132	171	0.790919
133	8	3.03328
133	43	2.86659
133	66	1.60586
133	68	1.5154
133	71	1.27539
133	109	0.785861
133	112	0.820055
133	121	0.718525
133	125	0.733404
133	130	0.714259
133	135	0.72313
133	137	0.784492
133	142	0.748496
133	144	0.774521
133	151	0.774002
133	152	0.780298
133	153	0.748504
133	155	1.50041
133	158	0.702646
133	160	0.727785
133	161	0.741361
133	164	0.730361
133	167	0.732362
133	169	0.735299
133	172	0.733793
133	173	0.713544
133	174	0.730315
133	176	0.715303
133	177	0.735561
133	178	0.722774
133	179	0.693094
133	180	0.683163
134	33	4.01389
134	35	3.24552
134	69	0.726813
134	90	2.48301
134	104	3.05757
134	108	0.679628
134	112	0.768712
134	118	0.6046
134	121	0.667182
134	129	0.693536
134	137	0.733148
134	139	0.690305
134	143	0.695726
134	145	0.710307
134	149	0.686177
134	150	0.702651
134	151	0.722659
134	152	0.728954
134	156	0.69396
134	157	0.668762
134	160	0.676442
134	161	0.690017
134	164	0.679017
134	167	0.681019
134	172	0.68245
134	173	0.662201
134	174	0.678971
134	175	0.673231
134	176	0.66396
134	178	0.671431
134	179	0.641751
134	180	0.63182
135	38	4.34752
135	77	4.0192
135	88	0.650077
135	95	4.03328
135	103	0.669538
135	120	0.583186
135	121	0.650114
135	126	0.665697
135	133	0.72313
135	138	0.672132
135	143	0.678658
135	147	0.655867
135	149	0.66911
135	152	0.711887
135	156	0.676892
135	158	0.634235
135	159	0.668949
135	160	0.659374
135	163	0.683372
135	164	0.66195
135	166	0.740855
135	167	0.663951
135	168	0.661283
135	169	0.666888
135	170	0.690679
135	175	0.656163
135	176	0.646892
135	177	0.66715
135	178	0.654363
135	179	0.624683
135	180	0.614752
136	28	2.70431
136	64	2.18507
136	67	2.9267
136	86	3.40084
136	93	0.728562
136	102	0.784678
136	113	1.98308
136	116	0.760814
136	118	0.632358
136	124	0.721249
136	138	0.716958
136	139	0.718063
136	140	0.69475
136	142	0.724911
136	143	0.723484
136	146	0.697527
136	149	0.713936
136	157	0.69652
136	158	0.679061
136	161	0.717776
136	162	0.696799
136	164	0.706776
136	165	0.661766
136	168	0.706109
136	169	0.711714
136	170	0.735505
136	172	0.710209
136	173	0.68996
136	174	0.70673
136	176	0.691718
136	177	0.711976
136	178	0.699189
136	179	0.669509
137	21	1.54036
137	39	3.03889
137	49	3.44111
137	82	1.83723
137	83	1.99138
137	87	1.75103
137	99	0.768623
137	108	0.723922
137	109	0.778812
137	120	0.644548
137	121	0.711476
137	123	0.728206
137	126	0.727058
137	133	0.784492
137	134	0.733148
137	140	0.711286
137	142	0.741447
137	143	0.740019
137	149	0.730471
137	150	0.746945
137	152	0.773248
137	158	0.695596
137	162	0.713334
137	164	0.723311
137	168	0.722645
137	169	0.72825
137	170	0.75204
137	172	0.726744
137	173	0.706495
137	174	0.723265
137	175	0.717525
137	176	0.708254
137	177	0.728512
137	178	0.715724
138	48	3.38161
138	81	3.7355
138	110	3.15696
138	113	2.52593
138	116	0.733401
138	120	0.600599
138	125	0.682406
138	135	0.672132
138	136	0.716958
138	139	0.690649
138	140	0.667337
138	144	0.723522
138	145	0.710651
138	150	0.702996
138	152	0.729299
138	156	0.694305
138	157	0.669107
138	159	0.686362
138	163	0.700784
138	165	0.634353
138	166	0.758267
138	167	0.681364
138	168	0.678696
138	169	0.684301
138	170	0.708091
138	172	0.682795
138	173	0.662546
138	175	0.673576
138	176	0.664305
138	177	0.684563
138	178	0.671775
138	179	0.642096
139	35	3.12682
139	64	3.02643
139	69	0.728263
139	72	3.05987
139	121	0.668632
139	124	0.694941
139	125	0.683511
139	126	0.684214
139	127	3.58688
139	129	0.694986
139	134	0.690305
139	136	0.718063
139	138	0.690649
139	146	0.671218
139	156	0.69541
139	157	0.670212
139	158	0.652753
139	160	0.677892
139	161	0.691467
139	162	0.67049
139	163	0.701889
139	166	0.759372
139	168	0.679801
139	170	0.709197
139	172	0.6839
139	173	0.663651
139	174	0.680421
139	175	0.674681
139	176	0.66541
139	177	0.685668
139	178	0.672881
139	179	0.643201
140	16	4.35394
140	44	0.736012
140	51	4.11777
140	69	0.70495
140	104	4.72828
140	118	0.582737
140	120	0.578391
140	126	0.660901
140	129	0.671673
140	130	0.641053
140	136	0.69475
140	137	0.711286
140	138	0.667337
140	142	0.67529
140	144	0.701315
140	147	0.651072
140	148	0.609244
140	150	0.680789
140	157	0.646899
140	158	0.62944
140	159	0.664154
140	162	0.647177
140	163	0.678577
140	164	0.657155
140	166	0.736059
140	167	0.659156
140	169	0.662093
140	173	0.640338
140	175	0.651368
140	176	0.642097
140	177	0.662355
140	178	0.649568
140	179	0.619888
141	4	0.755533
141	14	1.0331
141	15	0.729788
141	17	0.801072
141	21	0.800987
141	23	0.734202
141	26	0.728538
141	28	0.789509
141	32	4.29096
141	33	0.789428
141	39	2.71099
141	42	0.787376
141	43	0.77434
141	45	0.783779
141	46	1.12285
141	57	0.821035
141	80	1.31323
141	86	2.0921
141	120	0.652924
141	122	0.766481
141	125	0.734732
141	127	1.43677
141	131	0.756519
141	146	0.722439
141	153	0.749832
141	155	0.794851
141	161	0.742688
141	162	0.721711
141	165	0.686678
141	168	0.731022
141	170	0.760417
141	171	0.788817
141	176	0.716631
141	179	0.694421
141	180	0.68449
142	43	3.5962
142	45	2.77996
142	48	2.6675
142	65	1.79574
142	88	0.675442
142	91	3.1606
142	97	0.723855
142	98	0.725347
142	101	0.718252
142	103	0.694904
142	108	0.687926
142	115	0.729483
142	125	0.690359
142	128	0.69859
142	130	0.671213
142	133	0.748496
142	136	0.724911
142	137	0.741447
142	140	0.67529
142	143	0.704024
142	149	0.694476
142	153	0.705459
142	157	0.67706
142	159	0.694315
142	160	0.68474
142	162	0.677338
142	166	0.76622
142	167	0.689317
142	168	0.686649
142	169	0.692254
142	170	0.716045
142	174	0.68727
142	175	0.681529
142	177	0.692516
142	179	0.650049
143	12	1.68075
143	33	3.09633
143	34	2.78096
143	69	0.733684
143	70	3.76224
143	94	0.749507
143	109	0.741389
143	112	0.775583
143	120	0.607125
143	121	0.674053
143	128	0.697163
143	130	0.669786
143	134	0.695726
143	135	0.678658
143	136	0.723484
143	137	0.740019
143	142	0.704024
143	144	0.730048
143	147	0.679806
143	150	0.709523
143	153	0.704032
143	154	2.07234
143	156	0.700831
143	160	0.683313
143	161	0.696888
143	164	0.685889
143	165	0.640879
143	166	0.764793
143	168	0.685222
143	169	0.690827
143	172	0.689321
143	173	0.669072
143	174	0.685842
143	175	0.680102
143	176	0.670831
143	179	0.648622
144	6	2.79243
144	50	1.5363
144	59	2.5147
144	79	1.3982
144	85	0.749888
144	92	3.56249
144	100	0.749082
144	103	0.720928
144	108	0.713951
144	109	0.768841
144	119	2.59588
144	120	0.634576
144	123	0.718235
144	124	0.727814
144	128	0.724615
144	133	0.774521
144	138	0.723522
144	140	0.701315
144	143	0.730048
144	147	0.707258
144	150	0.736974
144	151	0.756982
144	152	0.763277
144	157	0.703085
144	159	0.720339
144	161	0.72434
144	163	0.734762
144	164	0.71334
144	167	0.715342
144	172	0.716773
144	173	0.696524
144	175	0.707554
144	177	0.718541
144	178	0.705753
144	179	0.676073
144	180	0.666142
145	1	3.22909
145	35	2.30024
145	36	1.74644
145	38	2.52459
145	69	0.748265
145	75	3.22905
145	93	0.722255
145	99	0.745781
145	102	0.778372
145	108	0.70108
145	112	0.790164
145	117	0.628555
145	121	0.688634
145	125	0.703513
145	130	0.684367
145	134	0.710307
145	138	0.710651
145	146	0.69122
145	147	0.694387
145	149	0.70763
145	150	0.724103
145	157	0.690214
145	159	0.707469
145	160	0.697894
145	161	0.711469
145	162	0.690492
145	163	0.721891
145	164	0.700469
145	166	0.779374
145	167	0.702471
145	169	0.705408
145	170	0.729199
145	171	1.50971
145	172	0.703902
145	173	0.683653
145	174	0.700423
145	176	0.685412
145	177	0.70567
145	179	0.663203
146	65	3.47693
146	68	3.92619
146	77	3.6914
146	93	0.681717
146	94	0.723549
146	95	3.70548
146	99	0.705243
146	103	0.667519
146	106	0.77702
146	115	0.702098
146	121	0.648095
146	124	0.674405
146	125	0.662975
146	130	0.643829
146	136	0.697527
146	139	0.671218
146	141	0.722439
146	145	0.69122
146	147	0.653849
146	151	0.703573
146	153	0.678075
146	156	0.674874
146	157	0.649676
146	159	0.66693
146	161	0.670931
146	162	0.649954
146	164	0.659931
146	168	0.659265
146	170	0.68866
146	172	0.663364
146	174	0.659885
146	175	0.654144
146	176	0.644874
146	177	0.665132
146	178	0.652344
146	179	0.622664
146	180	0.612733
147	34	3.88847
147	37	2.7664
147	78	4.59031
147	97	0.699637
147	98	0.701129
147	114	3.15483
147	116	0.717136
147	124	0.677571
147	128	0.674372
147	129	0.677616
147	135	0.655867
147	140	0.651072
147	143	0.679806
147	144	0.707258
147	145	0.694387
147	146	0.653849
147	152	0.713035
147	153	0.681241
147	156	0.67804
147	157	0.652842
147	159	0.670097
147	160	0.660522
147	161	0.674098
147	162	0.653121
147	163	0.68452
147	166	0.742003
147	168	0.662431
147	169	0.668036
147	170	0.691827
147	172	0.666531
147	173	0.646282
147	174	0.663052
147	175	0.657311
147	177	0.668298
147	178	0.655511
147	179	0.625831
148	1	0.618427
148	3	0.613648
148	9	0.643463
148	13	0.722875
148	20	0.694686
148	27	4.94678
148	32	0.586774
148	42	5.92084
148	46	0.685323
148	47	0.694183
148	63	5.53238
148	71	0.677025
148	86	0.657708
148	87	0.654767
148	92	0.643525
148	95	0.690477
148	96	0.676964
148	99	0.666582
148	104	0.67508
148	105	0.666783
148	113	0.68649
148	116	0.675309
148	119	0.670839
148	120	0.542506
148	123	0.626165
148	126	0.625017
148	131	0.646101
148	132	0.68588
148	140	0.609244
148	154	0.680237
148	155	0.684433
148	157	0.611015
148	161	0.63227
148	163	0.642692
148	166	0.700175
148	168	0.620603
148	173	0.604454
148	174	0.621224
148	178	0.613683
148	179	0.584003
148	180	0.574072
149	19	2.97769
149	22	3.28237
149	71	3.54458
149	85	0.712888
149	90	2.89126
149	106	0.793429
149	107	3.70412
149	108	0.676951
149	115	0.718508
149	117	0.604426
149	120	0.597577
149	125	0.679384
149	128	0.687615
149	129	0.690859
149	134	0.686177
149	135	0.66911
149	136	0.713936
149	137	0.730471
149	142	0.694476
149	145	0.70763
149	151	0.719982
149	153	0.694484
149	156	0.691283
149	157	0.666085
149	158	0.648626
149	159	0.68334
149	160	0.673765
149	164	0.67634
149	166	0.755245
149	167	0.678342
149	168	0.675674
149	169	0.681279
149	170	0.70507
149	173	0.659524
149	174	0.676294
149	175	0.670554
149	176	0.661283
149	177	0.681541
149	178	0.668754
149	179	0.639074
149	180	0.629143
150	27	1.84944
150	28	3.35443
150	36	2.38177
150	47	3.33549
150	95	2.84567
150	99	0.738126
150	102	0.770717
150	103	0.700402
150	113	2.6332
150	116	0.746853
150	120	0.614051
150	125	0.695858
150	130	0.676712
150	134	0.702651
150	137	0.746945
150	138	0.702996
150	140	0.680789
150	143	0.709523
150	144	0.736974
150	145	0.724103
150	151	0.736456
150	152	0.742751
150	153	0.710958
150	156	0.707757
150	158	0.665099
150	159	0.699814
150	160	0.690239
150	162	0.682837
150	166	0.771719
150	167	0.694816
150	168	0.692148
150	169	0.697753
150	170	0.721544
150	172	0.696247
150	174	0.692768
150	175	0.687028
150	176	0.677757
150	177	0.698015
150	178	0.685228
150	179	0.655548
150	180	0.645617
151	15	2.99554
151	31	1.7834
151	59	2.23941
151	63	1.58976
151	88	0.700949
151	101	0.743758
151	103	0.72041
151	107	2.14064
151	108	0.713432
151	115	0.754989
151	120	0.634058
151	125	0.715866
151	126	0.716569
151	128	0.724097
151	130	0.69672
151	133	0.774002
151	134	0.722659
151	144	0.756982
151	146	0.703573
151	149	0.719982
151	150	0.736456
151	152	0.762759
151	153	0.730966
151	154	1.83467
151	155	2.20612
151	157	0.702567
151	160	0.710246
151	161	0.723822
151	162	0.702845
151	163	0.734244
151	165	0.667812
151	166	0.791727
151	167	0.714824
151	168	0.712156
151	169	0.717761
151	170	0.741551
151	172	0.716255
151	173	0.696006
151	174	0.712776
151	175	0.707035
151	177	0.718023
151	178	0.705235
152	44	0.797975
152	52	2.82
152	55	1.26931
152	56	3.33689
152	72	1.71707
152	94	0.782735
152	98	0.757149
152	101	0.750053
152	104	1.59607
152	109	0.774618
152	112	0.808811
152	114	1.50338
152	115	0.761284
152	116	0.773156
152	121	0.707281
152	125	0.722161
152	130	0.703015
152	133	0.780298
152	134	0.728954
152	135	0.711887
152	137	0.773248
152	138	0.729299
152	144	0.763277
152	147	0.713035
152	150	0.742751
152	151	0.762759
152	153	0.737261
152	155	1.89984
152	158	0.691402
152	161	0.730117
152	162	0.70914
152	164	0.719117
152	166	0.798022
152	167	0.721119
152	169	0.724056
152	171	0.993486
152	172	0.72255
152	173	0.702301
152	174	0.719071
152	175	0.71333
152	178	0.71153
152	179	0.68185
152	180	0.671919
153	68	2.60076
153	72	2.40301
153	73	0.661542
153	74	2.97853
153	81	3.37716
153	88	0.675451
153	93	0.70911
153	100	0.723066
153	103	0.694912
153	109	0.742824
153	112	0.777018
153	119	2.70025
153	124	0.701797
153	128	0.698598
153	133	0.748504
153	141	0.749832
153	142	0.705459
153	143	0.704032
153	146	0.678075
153	147	0.681241
153	149	0.694484
153	150	0.710958
153	151	0.730966
153	152	0.737261
153	157	0.677068
153	158	0.659609
153	160	0.684748
153	161	0.698324
153	162	0.677347
153	163	0.708746
153	166	0.766229
153	168	0.686657
153	169	0.692262
153	170	0.716053
153	171	1.67942
153	174	0.687278
153	175	0.681537
153	176	0.672266
153	177	0.692524
153	178	0.679737
153	179	0.650057
153	180	0.640126
154	1	0.725303
154	3	0.494941
154	9	0.75034
154	13	0.829752
154	32	0.693651
154	46	0.7922
154	47	0.801059
154	50	0.761607
154	55	0.749072
154	60	0.74662
154	62	0.746549
154	72	0.781411
154	74	0.776884
154	76	0.779444
154	77	0.727559
154	79	0.776505
154	80	0.780787
154	81	0.727265
154	82	0.767218
154	84	0.767202
154	85	1.84324
154	86	0.764585
154	87	0.761644
154	89	0.761129
154	91	0.798327
154	92	0.750402
154	102	0.726035
154	104	0.781957
154	110	0.754566
154	111	0.753459
154	114	0.788233
154	116	1.88686
154	119	0.777715
154	123	0.733042
154	127	0.746552
154	130	3.73767
154	143	2.07234
154	148	0.680237
154	151	1.83467
154	155	0.79131
154	156	2.73767
154	167	2.97956
154	171	0.785275
154	177	2.88106
155	1	0.7295
155	3	0.499138
155	9	0.754536
155	11	0.854934
155	13	0.833948
155	15	0.730443
155	17	0.801727
155	21	0.801642
155	23	0.734857
155	28	0.790164
155	32	0.697848
155	33	0.790083
155	44	1.92056
155	46	0.796396
155	47	0.805256
155	60	0.750816
155	62	0.750745
155	72	0.785608
155	73	0.706562
155	74	0.781081
155	76	0.783641
155	77	0.731755
155	79	0.780702
155	80	0.784984
155	81	0.731461
155	82	0.771415
155	84	0.771398
155	97	1.4303
155	115	1.64096
155	122	0.767136
155	123	0.737238
155	124	2.14138
155	132	0.796954
155	133	1.50041
155	141	0.794851
155	148	0.684433
155	151	2.20612
155	152	1.89984
155	154	0.79131
155	156	3.10912
155	165	0.687334
155	169	3.39597
155	171	0.789472
156	27	1.90716
156	83	3.68005
156	85	0.720671
156	88	0.67225
156	93	0.705909
156	94	0.747741
156	106	0.801211
156	108	0.684733
156	112	0.773817
156	114	2.71265
156	116	0.738161
156	121	0.672287
156	125	0.687167
156	126	0.68787
156	127	3.45335
156	128	0.695397
156	129	0.698641
156	134	0.69396
156	135	0.676892
156	138	0.694305
156	139	0.69541
156	143	0.700831
156	146	0.674874
156	147	0.67804
156	149	0.691283
156	150	0.707757
156	154	2.73767
156	155	3.10912
156	158	0.656408
156	159	0.691122
156	162	0.674146
156	164	0.684123
156	166	0.763028
156	167	0.686124
156	168	0.683456
156	169	0.689061
156	172	0.687556
156	174	0.684077
156	175	0.678336
156	176	0.669065
156	177	0.689323
156	178	0.676536
156	179	0.646856
156	180	0.636925
157	41	3.37493
157	50	3.71314
157	85	0.695473
157	103	0.666513
157	106	0.776013
157	115	0.701092
157	121	0.647089
157	122	4.49916
157	125	0.661969
157	134	0.668762
157	136	0.69652
157	138	0.669107
157	139	0.670212
157	140	0.646899
157	142	0.67706
157	144	0.703085
157	145	0.690214
157	146	0.649676
157	147	0.652842
157	148	0.611015
157	149	0.666085
157	151	0.702567
157	153	0.677068
157	158	0.63121
157	161	0.669925
157	162	0.648948
157	163	0.680347
157	165	0.613915
157	167	0.660926
157	168	0.658258
157	169	0.663863
157	170	0.687654
157	171	3.75189
157	172	0.662358
157	173	0.642109
157	175	0.653138
157	176	0.643867
157	177	0.664125
157	178	0.651338
157	179	0.621658
157	180	0.611727
158	18	4.68216
158	44	0.720323
158	57	4.23768
158	69	0.689261
158	85	0.678013
158	97	0.678005
158	102	0.719368
158	103	0.649054
158	106	0.758554
158	109	0.696966
158	112	0.73116
158	113	4.01054
158	122	4.26963
158	126	0.645212
158	133	0.702646
158	135	0.634235
158	136	0.679061
158	137	0.695596
158	139	0.652753
158	140	0.62944
158	149	0.648626
158	150	0.665099
158	152	0.691402
158	153	0.659609
158	156	0.656408
158	157	0.63121
158	159	0.648465
158	161	0.652465
158	162	0.631488
158	163	0.662887
158	165	0.596456
158	166	0.72037
158	167	0.643467
158	168	0.640799
158	170	0.670195
158	172	0.644898
158	173	0.624649
158	174	0.641419
158	176	0.626408
158	177	0.646666
158	178	0.633879
158	179	0.604199
158	180	0.594268
159	11	3.25085
159	12	2.49916
159	13	3.3056
159	26	4.05055
159	85	0.712727
159	88	0.664306
159	96	2.64187
159	99	0.721491
159	100	0.711921
159	106	0.793268
159	108	0.67679
159	111	2.65196
159	112	0.765874
159	115	0.718347
159	116	0.730218
159	124	0.690653
159	126	0.679926
159	135	0.668949
159	138	0.686362
159	140	0.664154
159	142	0.694315
159	144	0.720339
159	145	0.707469
159	146	0.66693
159	147	0.670097
159	149	0.68334
159	150	0.699814
159	156	0.691122
159	158	0.648465
159	160	0.673604
159	161	0.687179
159	162	0.666202
159	164	0.67618
159	166	0.755084
159	167	0.678181
159	168	0.675513
159	169	0.681118
159	170	0.704909
159	172	0.679612
159	173	0.659363
159	174	0.676134
159	175	0.670393
159	176	0.661122
159	177	0.68138
159	178	0.668593
159	179	0.638913
160	19	3.4232
160	51	3.30082
160	60	3.63606
160	66	4.32057
160	69	0.7144
160	76	2.91935
160	88	0.654731
160	98	0.704636
160	99	0.711916
160	100	0.702347
160	116	0.720643
160	120	0.587841
160	121	0.654769
160	124	0.681078
160	126	0.670351
160	129	0.681123
160	133	0.727785
160	134	0.676442
160	135	0.659374
160	139	0.677892
160	142	0.68474
160	143	0.683313
160	145	0.697894
160	147	0.660522
160	149	0.673765
160	150	0.690239
160	151	0.710246
160	153	0.684748
160	159	0.673604
160	161	0.677605
160	162	0.656627
160	163	0.688027
160	164	0.666605
160	166	0.745509
160	167	0.668606
160	170	0.695334
160	172	0.670037
160	173	0.649788
160	175	0.660818
160	176	0.651547
160	177	0.671805
160	178	0.659018
160	179	0.629338
160	180	0.619407
161	5	1.71566
161	24	3.35354
161	57	2.36924
161	85	0.716728
161	91	3.49088
161	92	3.64136
161	93	0.701966
161	95	2.35457
161	98	0.718212
161	102	0.758083
161	106	0.797269
161	109	0.735681
161	112	0.769874
161	116	0.734219
161	119	2.67476
161	121	0.668345
161	124	0.694654
161	129	0.694698
161	130	0.664078
161	133	0.741361
161	134	0.690017
161	136	0.717776
161	139	0.691467
161	141	0.742688
161	143	0.696888
161	144	0.72434
161	145	0.711469
161	146	0.670931
161	147	0.674098
161	148	0.63227
161	151	0.723822
161	152	0.730117
161	153	0.698324
161	157	0.669925
161	158	0.652465
161	159	0.687179
161	160	0.677605
161	163	0.701602
161	164	0.68018
161	166	0.759085
161	167	0.682182
161	169	0.685119
161	172	0.683613
161	174	0.680134
161	175	0.674394
161	176	0.665123
161	177	0.685381
161	178	0.672593
161	179	0.642913
162	12	3.65104
162	44	0.738061
162	61	3.27313
162	66	4.51953
162	85	0.695751
162	97	0.695743
162	99	0.704515
162	100	0.694945
162	102	0.737106
162	108	0.659813
162	111	3.80384
162	117	0.587289
162	120	0.580439
162	123	0.664098
162	128	0.670478
162	132	3.95246
162	136	0.696799
162	137	0.713334
162	139	0.67049
162	140	0.647177
162	141	0.721711
162	142	0.677338
162	145	0.690492
162	146	0.649954
162	147	0.653121
162	150	0.682837
162	151	0.702845
162	152	0.70914
162	153	0.677347
162	156	0.674146
162	157	0.648948
162	158	0.631488
162	159	0.666202
162	160	0.656627
162	163	0.680625
162	164	0.659203
162	165	0.614193
162	166	0.738108
162	167	0.661205
162	169	0.664142
162	170	0.687932
162	173	0.642387
162	175	0.653416
162	176	0.644146
162	177	0.664404
162	178	0.651616
162	179	0.621936
162	180	0.612005
163	13	3.03051
163	37	2.20221
163	40	1.93396
163	48	3.4246
163	58	2.68316
163	69	0.738398
163	75	3.80008
163	88	0.678729
163	98	0.728634
163	99	0.735914
163	102	0.768505
163	106	0.807691
163	109	0.746103
163	120	0.611838
163	121	0.678767
163	124	0.705076
163	125	0.693646
163	126	0.694349
163	128	0.701877
163	129	0.70512
163	130	0.6745
163	132	2.52549
163	135	0.683372
163	138	0.700784
163	139	0.701889
163	140	0.678577
163	144	0.734762
163	145	0.721891
163	147	0.68452
163	148	0.642692
163	151	0.734244
163	153	0.708746
163	157	0.680347
163	158	0.662887
163	160	0.688027
163	161	0.701602
163	162	0.680625
163	166	0.769507
163	167	0.692604
163	168	0.689936
163	169	0.695541
163	170	0.719331
163	173	0.673786
163	174	0.690556
163	175	0.684816
163	176	0.675545
163	177	0.695803
163	178	0.683015
163	179	0.653335
164	7	4.15117
164	22	3.42235
164	44	0.748038
164	63	3.29321
164	69	0.716976
164	76	2.61382
164	80	3.20774
164	85	0.705728
164	88	0.657307
164	93	0.690966
164	103	0.676768
164	105	3.71171
164	109	0.724681
164	112	0.758874
164	116	0.723219
164	117	0.597266
164	120	0.590417
164	123	0.674075
164	124	0.683654
164	125	0.672224
164	126	0.672927
164	128	0.680455
164	133	0.730361
164	134	0.679017
164	135	0.66195
164	136	0.706776
164	137	0.723311
164	140	0.657155
164	143	0.685889
164	144	0.71334
164	145	0.700469
164	146	0.659931
164	149	0.67634
164	152	0.719117
164	156	0.684123
164	159	0.67618
164	160	0.666605
164	161	0.68018
164	162	0.659203
164	167	0.671182
164	168	0.668514
164	169	0.674119
164	170	0.69791
164	172	0.672613
164	173	0.652364
164	174	0.669134
164	175	0.663394
164	176	0.654123
164	178	0.661594
164	179	0.631914
164	180	0.621983
165	11	0.746762
165	15	0.62227
165	17	0.693554
165	21	0.69347
165	23	0.626685
165	28	0.681992
165	33	0.681911
165	36	4.75428
165	50	4.47879
165	60	4.84486
165	73	0.598389
165	80	4.72207
165	86	0.660609
165	87	0.657667
165	89	0.657152
165	91	0.694351
165	95	0.693378
165	96	0.679865
165	104	0.677981
165	105	0.669683
165	106	0.741259
165	110	0.650589
165	111	0.649483
165	113	0.68939
165	114	0.684257
165	115	0.666338
165	119	0.673739
165	122	0.658964
165	124	0.638644
165	130	0.608069
165	136	0.661766
165	138	0.634353
165	141	0.686678
165	143	0.640879
165	151	0.667812
165	155	0.687334
165	157	0.613915
165	158	0.596456
165	162	0.614193
165	170	0.6529
165	171	0.681299
165	173	0.607354
165	175	0.618384
165	176	0.609113
165	177	0.629371
165	178	0.616584
165	180	0.576973
166	20	2.42009
166	31	1.14099
166	34	1.90088
166	39	3.18216
166	75	2.37669
166	82	1.9805
166	89	1.4652
166	92	2.64479
166	93	0.769871
166	100	0.783827
166	103	0.755673
166	105	1.36585
166	108	0.748695
166	115	0.790252
166	116	0.802124
166	117	0.676171
166	121	0.736249
166	122	1.40462
166	124	0.762559
166	128	0.75936
166	129	0.762603
166	131	0.772916
166	135	0.740855
166	138	0.758267
166	139	0.759372
166	140	0.736059
166	142	0.76622
166	143	0.764793
166	145	0.779374
166	147	0.742003
166	148	0.700175
166	149	0.755245
166	150	0.771719
166	151	0.791727
166	152	0.798022
166	153	0.766229
166	156	0.763028
166	158	0.72037
166	159	0.755084
166	160	0.745509
166	161	0.759085
166	162	0.738108
166	163	0.769507
166	167	0.750087
166	168	0.747419
166	169	0.753024
166	170	0.776814
166	171	0.657353
166	173	0.731269
166	174	0.748039
166	176	0.733028
166	178	0.740498
166	179	0.710818
166	180	0.700887
167	20	4.20739
167	54	3.49227
167	58	3.04707
167	59	3.3843
167	88	0.659309
167	93	0.692968
167	98	0.709213
167	100	0.706924
167	102	0.749084
167	109	0.726682
167	115	0.713349
167	116	0.72522
167	118	0.596764
167	120	0.592418
167	129	0.6857
167	131	0.696013
167	132	2.8894
167	133	0.732362
167	134	0.681019
167	135	0.663951
167	138	0.681364
167	140	0.659156
167	142	0.689317
167	144	0.715342
167	145	0.702471
167	149	0.678342
167	150	0.694816
167	151	0.714824
167	152	0.721119
167	154	2.97956
167	156	0.686124
167	157	0.660926
167	158	0.643467
167	159	0.678181
167	160	0.668606
167	161	0.682182
167	162	0.661205
167	163	0.692604
167	164	0.671182
167	166	0.750087
167	168	0.670515
167	169	0.67612
167	172	0.674615
167	173	0.654366
167	174	0.671136
167	175	0.665395
167	177	0.676382
167	178	0.663595
167	179	0.633915
167	180	0.623984
168	30	2.39507
168	71	3.41729
168	83	4.21325
168	85	0.705062
168	94	0.732132
168	98	0.706545
168	99	0.713825
168	100	0.704256
168	104	3.33854
168	109	0.724014
168	110	3.85515
168	115	0.710681
168	116	0.722552
168	117	0.5966
168	118	0.594096
168	121	0.656678
168	124	0.682987
168	125	0.671558
168	132	3.1807
168	135	0.661283
168	136	0.706109
168	137	0.722645
168	138	0.678696
168	139	0.679801
168	141	0.731022
168	142	0.686649
168	143	0.685222
168	146	0.659265
168	147	0.662431
168	148	0.620603
168	149	0.675674
168	150	0.692148
168	151	0.712156
168	153	0.686657
168	156	0.683456
168	157	0.658258
168	158	0.640799
168	159	0.675513
168	163	0.689936
168	164	0.668514
168	166	0.747419
168	167	0.670515
168	169	0.673452
168	170	0.697243
168	172	0.671946
168	173	0.651697
168	174	0.668468
168	176	0.653456
168	177	0.673714
168	178	0.660927
168	179	0.631247
169	3	1.79778
169	46	3.42629
169	54	3.53723
169	69	0.721914
169	80	2.69414
169	93	0.695905
169	94	0.737737
169	101	0.705055
169	105	3.19811
169	106	0.791207
169	109	0.729619
169	112	0.763813
169	115	0.716286
169	120	0.595355
169	121	0.662283
169	125	0.677163
169	126	0.677865
169	130	0.658017
169	133	0.735299
169	135	0.666888
169	136	0.711714
169	137	0.72825
169	138	0.684301
169	140	0.662093
169	142	0.692254
169	143	0.690827
169	145	0.705408
169	147	0.668036
169	149	0.681279
169	150	0.697753
169	151	0.717761
169	152	0.724056
169	153	0.692262
169	155	3.39597
169	156	0.689061
169	157	0.663863
169	159	0.681118
169	161	0.685119
169	162	0.664142
169	163	0.695541
169	164	0.674119
169	166	0.753024
169	167	0.67612
169	168	0.673452
169	171	2.48961
169	172	0.677551
169	173	0.657302
169	174	0.674073
169	175	0.668332
169	176	0.659061
169	177	0.679319
169	178	0.666532
169	179	0.636852
169	180	0.626921
170	26	3.33624
170	40	1.85736
170	44	0.776767
170	61	1.40694
170	67	3.07331
170	69	0.745705
170	84	3.87016
170	85	0.734457
170	99	0.743221
170	102	0.775812
170	106	0.814998
170	108	0.69852
170	111	1.93765
170	112	0.787604
170	113	2.12969
170	115	0.740077
170	124	0.712383
170	125	0.700953
170	128	0.709184
170	129	0.712428
170	130	0.681807
170	131	0.72274
170	132	2.08627
170	135	0.690679
170	136	0.735505
170	137	0.75204
170	138	0.708091
170	139	0.709197
170	141	0.760417
170	142	0.716045
170	145	0.729199
170	146	0.68866
170	147	0.691827
170	149	0.70507
170	150	0.721544
170	151	0.741551
170	153	0.716053
170	157	0.687654
170	158	0.670195
170	159	0.704909
170	160	0.695334
170	162	0.687932
170	163	0.719331
170	164	0.69791
170	165	0.6529
170	166	0.776814
170	168	0.697243
170	171	1.64152
170	172	0.701342
170	174	0.697864
170	175	0.692123
170	176	0.682852
170	177	0.70311
170	178	0.690323
170	179	0.660643
170	180	0.650712
171	4	0.750154
171	16	0.806223
171	26	0.723159
171	42	0.781997
171	43	0.768961
171	45	0.7784
171	50	0.759769
171	57	0.815655
171	60	0.744782
171	62	0.744711
171	71	0.782064
171	72	0.779573
171	74	0.775046
171	76	0.777606
171	77	0.725721
171	79	0.774668
171	80	0.77895
171	81	0.725427
171	82	0.765381
171	84	0.765364
171	86	0.762747
171	89	0.759291
171	91	0.796489
171	92	0.748564
171	95	0.795516
171	97	0.762848
171	101	0.757245
171	104	0.780119
171	105	0.771821
171	107	0.796295
171	110	0.752728
171	111	0.751621
171	113	0.791529
171	114	0.786395
171	116	1.35196
171	117	0.654395
171	119	0.775878
171	122	0.761102
171	126	2.74277
171	131	0.75114
171	132	0.790919
171	141	0.788817
171	145	1.50971
171	152	0.993486
171	153	1.67942
171	154	0.785275
171	155	0.789472
171	157	3.75189
171	165	0.681299
171	166	0.657353
171	169	2.48961
171	170	1.64152
171	175	2.76072
171	176	3.61488
171	177	2.34615
171	180	0.679111
172	1	3.6513
172	44	0.751471
172	56	4.27532
172	62	2.15775
172	87	3.16887
172	90	1.95994
172	91	3.76887
172	94	0.736231
172	96	2.21796
172	99	0.717925
172	102	0.750516
172	103	0.680201
172	106	0.789702
172	109	0.728113
172	112	0.762307
172	116	0.726652
172	118	0.598196
172	120	0.593849
172	124	0.687087
172	128	0.683888
172	129	0.687131
172	130	0.656511
172	131	0.697444
172	133	0.733793
172	134	0.68245
172	136	0.710209
172	137	0.726744
172	138	0.682795
172	139	0.6839
172	143	0.689321
172	144	0.716773
172	145	0.703902
172	146	0.663364
172	147	0.666531
172	150	0.696247
172	151	0.716255
172	152	0.72255
172	156	0.687556
172	157	0.662358
172	158	0.644898
172	159	0.679612
172	160	0.670037
172	161	0.683613
172	164	0.672613
172	167	0.674615
172	168	0.671946
172	169	0.677551
172	170	0.701342
172	173	0.655797
172	174	0.672567
172	175	0.666826
172	176	0.657556
172	177	0.677814
173	17	4.17685
173	65	4.27944
173	69	0.70016
173	72	4.53094
173	88	0.640491
173	94	0.715982
173	98	0.690396
173	99	0.697676
173	100	0.688106
173	102	0.730267
173	103	0.659952
173	108	0.652974
173	113	4.29552
173	114	4.31724
173	117	0.58045
173	120	0.5736
173	121	0.640528
173	123	0.657259
173	124	0.666838
173	129	0.666882
173	130	0.636262
173	133	0.713544
173	134	0.662201
173	136	0.68996
173	137	0.706495
173	138	0.662546
173	139	0.663651
173	140	0.640338
173	143	0.669072
173	144	0.696524
173	145	0.683653
173	147	0.646282
173	148	0.604454
173	149	0.659524
173	151	0.696006
173	152	0.702301
173	157	0.642109
173	158	0.624649
173	159	0.659363
173	160	0.649788
173	162	0.642387
173	163	0.673786
173	164	0.652364
173	165	0.607354
173	166	0.731269
173	167	0.654366
173	168	0.651697
173	169	0.657302
173	172	0.655797
173	175	0.646577
173	176	0.637307
173	177	0.657565
173	178	0.644777
173	179	0.615097
174	4	3.71317
174	10	3.31317
174	25	2.24841
174	69	0.71693
174	93	0.69092
174	94	0.732752
174	98	0.707166
174	99	0.714446
174	100	0.704876
174	102	0.747037
174	103	0.676722
174	107	3.31788
174	108	0.669745
174	110	3.5962
174	112	0.758828
174	114	2.9869
174	115	0.711301
174	120	0.590371
174	122	3.22426
174	124	0.683608
174	125	0.672178
174	129	0.683652
174	130	0.653032
174	133	0.730315
174	134	0.678971
174	136	0.70673
174	137	0.723265
174	139	0.680421
174	142	0.68727
174	143	0.685842
174	145	0.700423
174	146	0.659885
174	147	0.663052
174	148	0.621224
174	149	0.676294
174	150	0.692768
174	151	0.712776
174	152	0.719071
174	153	0.687278
174	156	0.684077
174	158	0.641419
174	159	0.676134
174	161	0.680134
174	163	0.690556
174	164	0.669134
174	166	0.748039
174	167	0.671136
174	168	0.668468
174	169	0.674073
174	170	0.697864
174	172	0.672567
174	175	0.663348
174	176	0.654077
174	177	0.674335
174	178	0.661547
174	179	0.631868
175	9	4.46945
175	41	2.38376
175	44	0.742251
175	47	3.95117
175	69	0.711189
175	71	3.44205
175	85	0.699942
175	93	0.685179
175	99	0.708705
175	100	0.699136
175	102	0.741296
175	106	0.780482
175	108	0.664004
175	109	0.718894
175	112	0.753088
175	116	0.717432
175	117	0.59148
175	119	3.78155
175	120	0.58463
175	124	0.677867
175	125	0.666437
175	126	0.66714
175	127	4.01131
175	128	0.674668
175	130	0.647292
175	134	0.673231
175	135	0.656163
175	137	0.717525
175	138	0.673576
175	139	0.674681
175	140	0.651368
175	142	0.681529
175	143	0.680102
175	144	0.707554
175	146	0.654144
175	147	0.657311
175	149	0.670554
175	150	0.687028
175	151	0.707035
175	152	0.71333
175	153	0.681537
175	156	0.678336
175	157	0.653138
175	159	0.670393
175	160	0.660818
175	161	0.674394
175	162	0.653416
175	163	0.684816
175	164	0.663394
175	165	0.618384
175	167	0.665395
175	169	0.668332
175	170	0.692123
175	171	2.76072
175	172	0.666826
175	173	0.646577
175	174	0.663348
175	176	0.648336
175	177	0.668594
175	178	0.655807
175	179	0.626127
175	180	0.616196
176	30	3.27399
176	37	3.73634
176	46	4.55155
176	58	4.21729
176	64	4.30503
176	73	0.628341
176	85	0.690671
176	88	0.64225
176	93	0.675909
176	94	0.717741
176	96	3.90091
176	97	0.690662
176	98	0.692154
176	100	0.689865
176	101	0.685059
176	103	0.661711
176	106	0.771212
176	108	0.654733
176	109	0.709623
176	112	0.743817
176	115	0.69629
176	116	0.708161
176	120	0.575359
176	121	0.642287
176	124	0.668597
176	125	0.657167
176	126	0.65787
176	128	0.665397
176	129	0.668641
176	130	0.638021
176	131	0.678954
176	133	0.715303
176	134	0.66396
176	135	0.646892
176	136	0.691718
176	137	0.708254
176	138	0.664305
176	139	0.66541
176	140	0.642097
176	141	0.716631
176	143	0.670831
176	145	0.685412
176	146	0.644874
176	149	0.661283
176	150	0.677757
176	153	0.672266
176	156	0.669065
176	157	0.643867
176	158	0.626408
176	159	0.661122
176	160	0.651547
176	161	0.665123
176	162	0.644146
176	163	0.675545
176	164	0.654123
176	165	0.609113
176	166	0.733028
176	168	0.653456
176	169	0.659061
176	170	0.682852
176	171	3.61488
176	172	0.657556
176	173	0.637307
176	174	0.654077
176	175	0.648336
176	177	0.659323
176	178	0.646536
176	179	0.616856
176	180	0.606925
177	17	2.71566
177	44	0.753238
177	52	4.17267
177	62	2.57198
177	68	3.2675
177	73	0.648599
177	74	3.64527
177	77	3.03272
177	85	0.710929
177	88	0.662508
177	94	0.737999
177	98	0.712412
177	99	0.719692
177	100	0.710123
177	102	0.752283
177	106	0.791469
177	108	0.674991
177	109	0.729881
177	112	0.764075
177	115	0.716548
177	116	0.728419
177	119	3.36698
177	120	0.595617
177	121	0.662545
177	124	0.688855
177	125	0.677425
177	126	0.678128
177	128	0.685655
177	129	0.688899
177	130	0.658279
177	131	0.699212
177	133	0.735561
177	135	0.66715
177	136	0.711976
177	137	0.728512
177	138	0.684563
177	139	0.685668
177	140	0.662355
177	142	0.692516
177	144	0.718541
177	145	0.70567
177	146	0.665132
177	147	0.668298
177	149	0.681541
177	150	0.698015
177	151	0.718023
177	153	0.692524
177	154	2.88106
177	156	0.689323
177	157	0.664125
177	158	0.646666
177	159	0.68138
177	160	0.671805
177	161	0.685381
177	162	0.664404
177	163	0.695803
177	165	0.629371
177	167	0.676382
177	168	0.673714
177	169	0.679319
177	170	0.70311
177	171	2.34615
177	172	0.677814
177	173	0.657565
177	174	0.674335
177	175	0.668594
177	176	0.659323
177	178	0.666794
177	179	0.637114
177	180	0.627183
178	2	4.08557
178	15	4.29074
178	44	0.740451
178	45	4.05127
178	69	0.709389
178	73	0.635812
178	74	3.89408
178	85	0.698141
178	89	3.40281
178	93	0.683379
178	94	0.725212
178	96	2.881
178	98	0.699625
178	99	0.706905
178	100	0.697335
178	101	0.69253
178	102	0.739496
178	103	0.669182
178	105	3.30345
178	108	0.662204
178	109	0.717094
178	111	2.89108
178	112	0.751288
178	115	0.703761
178	116	0.715632
178	118	0.587176
178	120	0.58283
178	121	0.649758
178	124	0.676067
178	125	0.664637
178	126	0.66534
178	128	0.672868
178	129	0.676112
178	130	0.645491
178	133	0.722774
178	134	0.671431
178	135	0.654363
178	136	0.699189
178	137	0.715724
178	138	0.671775
178	139	0.672881
178	140	0.649568
178	144	0.705753
178	146	0.652344
178	147	0.655511
178	148	0.613683
178	149	0.668754
178	150	0.685228
178	151	0.705235
178	152	0.71153
178	153	0.679737
178	156	0.676536
178	157	0.651338
178	158	0.633879
178	159	0.668593
178	160	0.659018
178	161	0.672593
178	162	0.651616
178	163	0.683015
178	164	0.661594
178	165	0.616584
178	166	0.740498
178	167	0.663595
178	168	0.660927
178	169	0.666532
178	170	0.690323
178	173	0.644777
178	174	0.661547
178	175	0.655807
178	176	0.646536
178	177	0.666794
178	179	0.624327
179	14	6.08979
179	25	5.01428
179	31	5.72651
179	44	0.710771
179	55	5.5187
179	85	0.668461
179	88	0.62004
179	89	6.05072
179	94	0.695532
179	97	0.668453
179	98	0.669945
179	100	0.667655
179	102	0.709816
179	106	0.749002
179	108	0.632524
179	109	0.687414
179	112	0.721608
179	115	0.674081
179	116	0.685952
179	117	0.559999
179	118	0.557496
179	120	0.55315
179	121	0.620078
179	123	0.636809
179	124	0.646387
179	125	0.634957
179	126	0.63566
179	128	0.643188
179	129	0.646432
179	130	0.615811
179	131	0.656744
179	133	0.693094
179	134	0.641751
179	135	0.624683
179	136	0.669509
179	138	0.642096
179	139	0.643201
179	140	0.619888
179	141	0.694421
179	142	0.650049
179	143	0.648622
179	144	0.676073
179	145	0.663203
179	146	0.622664
179	147	0.625831
179	148	0.584003
179	149	0.639074
179	150	0.655548
179	152	0.68185
179	153	0.650057
179	156	0.646856
179	157	0.621658
179	158	0.604199
179	159	0.638913
179	160	0.629338
179	161	0.642913
179	162	0.621936
179	163	0.653335
179	164	0.631914
179	166	0.710818
179	167	0.633915
179	168	0.631247
179	169	0.636852
179	170	0.660643
179	173	0.615097
179	174	0.631868
179	175	0.626127
179	176	0.616856
179	177	0.637114
179	178	0.624327
179	180	0.584716
180	4	0.645828
180	19	0.688102
180	26	0.618832
180	31	0.68248
180	40	0.970662
180	42	0.67767
180	43	0.664634
180	45	0.674073
180	49	0.647081
180	56	0.63793
180	57	0.711329
180	61	4.78119
180	62	5.2416
180	63	0.618534
180	66	0.691607
180	67	0.69205
180	68	0.685025
180	75	0.680046
180	76	4.62638
180	78	0.666692
180	79	4.83892
180	83	0.662879
180	90	0.707654
180	94	0.685601
180	101	0.652919
180	106	0.739071
180	107	0.691968
180	111	5.3119
180	112	0.711677
180	117	0.550068
180	118	0.547565
180	121	0.610147
180	122	0.656775
180	127	0.640388
180	131	0.646813
180	133	0.683163
180	134	0.63182
180	135	0.614752
180	141	0.68449
180	144	0.666142
180	146	0.612733
180	148	0.574072
180	149	0.629143
180	150	0.645617
180	152	0.671919
180	153	0.640126
180	156	0.636925
180	157	0.611727
180	158	0.594268
180	160	0.619407
180	162	0.612005
180	164	0.621983
180	165	0.576973
180	166	0.700887
180	167	0.623984
180	169	0.626921
180	170	0.650712
180	171	0.679111
180	175	0.616196
180	176	0.606925
180	177	0.627183
180	179	0.584716
