1	6	0.874735
1	11	0.867111
1	64	0.785791
1	74	0.825552
1	81	0.803359
1	82	3.67631
1	86	0.791559
1	109	1.68826
1	127	0.820002
1	150	1.48541
1	165	0.835068
2	97	1.66355
2	110	0.891236
2	130	0.809367
2	135	0.0647472
2	158	0.839864
2	160	0.848053
2	170	0.808806
2	175	0.795633
2	176	0.787729
2	178	0.756827
2	179	0.783997
2	180	0.767984
3	11	1.47039
3	141	0.129306
3	155	0.885196
3	157	1.01306
3	166	0.790785
3	172	0.791439
3	175	0.801518
3	176	0.793614
3	177	0.808014
3	178	0.762712
3	179	0.789882
3	180	0.773869
4	147	0.641625
4	153	0.693986
4	158	0.699266
4	161	0.646356
4	165	3.98981
4	170	0.668208
4	172	0.644956
4	175	0.655035
4	177	0.661531
4	178	0.616228
4	179	0.643399
4	180	0.627385
5	26	0.695118
5	28	0.756906
5	32	0.751963
5	70	0.702331
5	76	0.728226
5	95	0.731135
5	97	0.725832
5	139	0.727785
5	154	2.77431
5	157	0.732302
5	161	0.65024
5	169	3.65152
6	1	0.874735
6	64	0.774066
6	68	1.39069
6	73	0.766431
6	81	0.791634
6	86	0.779834
6	92	0.799732
6	117	1.00045
6	126	0.812481
6	147	5.72448
6	149	0.781418
6	165	0.823343
7	27	0.768232
7	42	0.733934
7	47	2.93338
7	49	0.736842
7	64	0.693217
7	73	0.685582
7	74	0.732978
7	81	0.710785
7	86	0.698985
7	124	3.23608
7	149	0.700569
7	165	0.742494
8	19	0.836258
8	41	0.820879
8	53	0.796413
8	76	0.809319
8	95	0.812229
8	114	1.00695
8	132	0.771906
8	139	0.808878
8	157	0.813396
8	161	0.731333
8	164	3.52931
8	169	2.71561
9	58	0.709151
9	112	2.61211
9	126	3.67669
9	137	0.723468
9	138	0.719698
9	139	0.727815
9	142	0.745374
9	143	0.711456
9	151	0.737746
9	165	0.739499
9	171	0.649956
9	173	0.735211
10	25	0.670873
10	29	0.756236
10	51	0.771099
10	60	0.70409
10	62	0.686212
10	78	0.714614
10	127	0.721386
10	145	1.6298
10	159	0.73893
10	161	4.84717
10	162	0.733537
10	174	0.706521
11	1	0.867111
11	3	1.47039
11	16	0.728337
11	74	0.806203
11	80	1.68406
11	81	0.78401
11	86	0.77221
11	107	0.855841
11	117	3.12045
11	127	0.800653
11	149	0.773794
11	165	0.815719
12	72	0.805172
12	105	1.72862
12	117	0.895378
12	124	0.844539
12	128	0.798789
12	137	0.802587
12	138	0.798817
12	143	0.790575
12	151	0.816866
12	163	4.55714
12	171	0.729075
12	173	0.81433
13	24	1.8141
13	39	0.802617
13	51	0.849124
13	60	0.782115
13	62	0.764236
13	78	0.792639
13	107	1.38391
13	127	0.799411
13	159	0.816955
13	162	0.811562
13	174	0.784545
13	179	3.80486
14	103	0.736751
14	128	0.708073
14	135	0.723224
14	137	0.711871
14	138	0.708101
14	140	1.93465
14	142	0.733777
14	143	0.699859
14	151	0.72615
14	165	0.727903
14	166	4.50907
14	173	0.723614
15	20	1.62541
15	128	0.859383
15	146	0.859781
15	155	0.87671
15	159	0.083238
15	164	0.799836
15	172	0.782953
15	175	0.793032
15	176	0.785128
15	178	0.754226
15	179	0.781396
15	180	0.765383
16	11	0.728337
16	107	0.736417
16	119	0.656061
16	126	0.685432
16	141	4.02506
16	149	0.654369
16	161	0.607066
16	164	0.622548
16	165	0.696294
16	177	0.62224
16	179	0.604109
16	180	0.588095
17	21	0.694495
17	79	0.70565
17	106	0.736851
17	116	0.727742
17	120	0.712138
17	122	0.706462
17	123	0.70522
17	130	4.23734
17	141	0.710558
17	157	0.723795
17	167	0.652957
17	173	0.726673
17	174	2.68533
18	56	0.765031
18	77	1.44463
18	88	0.764506
18	93	0.793363
18	102	0.816702
18	109	2.83675
18	137	0.787735
18	138	0.783965
18	143	0.775723
18	151	0.802014
18	169	3.2446
18	171	0.714223
18	173	0.799478
19	8	0.836258
19	26	0.755021
19	32	0.811866
19	37	0.731896
19	41	0.799689
19	43	0.78545
19	95	0.791038
19	97	0.785734
19	131	3.19772
19	145	2.2281
19	148	2.10434
19	157	0.792205
19	161	0.710143
20	15	1.62541
20	79	0.778133
20	94	0.758421
20	106	0.809334
20	113	0.796182
20	122	0.778945
20	123	0.777703
20	124	2.02504
20	141	0.783041
20	145	3.02409
20	157	0.796278
20	167	0.72544
20	173	0.799156
21	17	0.694495
21	61	0.714482
21	96	0.736401
21	110	0.717121
21	115	0.741806
21	122	0.722711
21	123	0.721469
21	135	0.742532
21	149	1.86003
21	152	4.66243
21	167	0.669206
21	173	0.742922
22	42	0.725822
22	49	0.72873
22	64	0.685105
22	73	0.67747
22	74	0.724866
22	81	0.702674
22	86	0.690873
22	126	0.72352
22	127	0.719316
22	129	0.869244
22	149	0.692457
22	165	0.734382
22	178	6.23048
23	89	0.784628
23	100	0.865387
23	102	0.797169
23	103	0.793083
23	128	0.764404
23	137	0.768203
23	142	0.790109
23	143	0.756191
23	151	0.782481
23	165	0.784234
23	170	3.4635
23	173	0.779946
23	175	3.2231
24	13	1.8141
24	103	2.72202
24	155	0.787135
24	156	0.708804
24	160	0.755877
24	166	0.692724
24	169	0.713954
24	172	0.693378
24	175	0.703457
24	177	0.709953
24	178	0.664651
24	179	0.691821
24	180	0.675808
25	10	0.670873
25	29	0.737881
25	35	0.71321
25	51	0.752743
25	60	0.685735
25	66	0.719906
25	78	0.696259
25	127	0.703031
25	140	2.34476
25	159	0.720574
25	162	0.715181
25	164	4.55424
25	174	0.688165
26	5	0.695118
26	19	0.755021
26	41	0.739642
26	48	0.733105
26	53	0.715176
26	77	1.97268
26	95	0.730991
26	97	0.725688
26	139	0.727641
26	157	0.732158
26	161	0.650096
26	176	4.36839
27	7	0.768232
27	42	0.800853
27	49	0.803762
27	64	0.760136
27	73	0.752502
27	81	0.777705
27	86	0.765905
27	126	0.798552
27	130	2.74202
27	149	0.767489
27	165	0.809414
27	170	2.42364
27	176	2.54706
28	5	0.756906
28	32	0.813607
28	37	0.733638
28	43	0.787192
28	54	0.834816
28	95	0.79278
28	97	0.787476
28	134	1.94728
28	139	0.789429
28	157	0.793946
28	161	0.711884
28	172	3.3361
28	175	2.31196
29	10	0.756236
29	25	0.737881
29	35	0.798574
29	62	0.753219
29	66	0.805269
29	78	0.781622
29	124	1.21107
29	127	0.788394
29	130	4.38936
29	155	1.9446
29	159	0.805938
29	162	0.800545
29	174	0.773528
30	35	0.78725
30	51	0.826783
30	60	0.759774
30	62	0.741896
30	66	0.793946
30	78	0.770299
30	121	2.98913
30	127	0.77707
30	149	2.85101
30	155	1.84938
30	159	0.794614
30	162	0.789221
30	174	0.762205
31	56	0.764285
31	68	2.48432
31	83	2.56598
31	118	0.785139
31	128	0.783191
31	137	0.786989
31	138	0.783219
31	143	0.774977
31	151	0.801268
31	159	0.805498
31	162	2.25799
31	165	0.803021
31	171	0.713477
32	5	0.751963
32	19	0.811866
32	28	0.813607
32	54	0.829873
32	70	0.759032
32	95	0.787837
32	97	0.782533
32	109	0.772742
32	153	2.2104
32	157	0.789003
32	161	0.706941
32	162	1.56679
32	167	3.89883
33	46	1.95084
33	59	0.697227
33	128	0.707062
33	135	0.722214
33	138	0.707091
33	139	0.715208
33	141	0.706489
33	142	0.732766
33	151	0.725139
33	165	0.726892
33	171	0.637349
33	173	0.722604
33	177	4.71274
34	88	0.763567
34	103	0.811677
34	105	2.62537
34	118	0.784946
34	128	0.782998
34	137	0.786797
34	138	0.783027
34	143	0.774785
34	151	0.801075
34	160	1.80794
34	168	3.0963
34	171	0.713285
34	173	0.79854
35	25	0.71321
35	29	0.798574
35	30	0.78725
35	39	0.76693
35	62	0.728549
35	66	0.780598
35	78	0.756952
35	127	0.763723
35	148	1.55162
35	158	2.03301
35	159	0.781267
35	162	0.775874
35	172	4.31998
35	174	0.748858
36	66	0.757565
36	78	0.733918
36	103	2.50874
36	132	0.7071
36	137	1.6679
36	159	0.758233
36	162	0.75284
36	163	0.657852
36	174	0.725824
36	175	0.675206
36	177	0.681701
36	178	0.636399
36	179	0.66357
36	180	0.647556
37	19	0.731896
37	28	0.733638
37	43	0.702279
37	48	0.709981
37	70	0.679063
37	76	0.704958
37	95	0.707867
37	97	0.702564
37	109	0.692773
37	139	0.704516
37	157	0.709034
37	161	0.626972
37	167	4.11412
37	170	3.19873
38	57	0.699094
38	59	0.694404
38	110	0.69398
38	113	0.716806
38	115	0.718665
38	116	0.720849
38	118	0.706187
38	142	0.729943
38	148	0.747764
38	165	0.724069
38	167	0.646065
38	171	0.634525
38	173	0.71978
38	178	6.63961
39	13	0.802617
39	35	0.76693
39	51	0.806463
39	60	0.739454
39	62	0.721575
39	66	0.773625
39	78	0.749978
39	83	2.54447
39	117	2.15507
39	127	0.75675
39	159	0.774294
39	162	0.768901
39	169	3.1808
39	174	0.741884
40	133	0.747833
40	134	0.738218
40	156	0.702689
40	159	1.73044
40	168	0.709594
40	169	0.707839
40	172	0.687263
40	173	2.21244
40	175	0.697342
40	176	0.689438
40	177	0.703838
40	178	0.658535
40	179	0.685706
40	180	0.669693
41	8	0.820879
41	19	0.799689
41	26	0.739642
41	70	0.746856
41	76	0.772751
41	92	1.29562
41	95	0.77566
41	97	0.770356
41	132	0.735337
41	139	0.772309
41	157	0.776827
41	161	0.694765
41	172	3.44713
41	179	3.20172
42	7	0.733934
42	22	0.725822
42	27	0.800853
42	73	0.718203
42	74	0.765599
42	81	0.743407
42	86	0.731606
42	92	0.751504
42	126	0.764253
42	127	0.760049
42	145	1.05071
42	149	0.73319
42	156	3.63766
42	165	0.775115
42	171	3.77626
43	19	0.78545
43	28	0.787192
43	37	0.702279
43	48	0.763534
43	54	0.803457
43	70	0.732617
43	76	0.758512
43	91	0.72915
43	92	2.69545
43	97	0.756117
43	109	0.746327
43	124	1.20331
43	157	0.762588
43	161	0.680526
43	164	4.40461
44	90	2.37026
44	118	0.722446
44	126	0.729466
44	127	2.08922
44	128	0.720498
44	137	0.724297
44	143	0.712285
44	151	0.738575
44	168	0.67203
44	172	0.649699
44	173	0.73604
44	175	0.659778
44	176	0.651875
44	179	0.648143
44	180	0.632129
45	104	0.688276
45	111	0.719042
45	114	0.735935
45	133	0.674484
45	139	5.19601
45	149	0.662617
45	156	0.62934
45	161	0.615314
45	166	0.613259
45	172	0.613913
45	175	0.623993
45	177	0.630488
45	178	0.585186
45	179	0.612357
45	180	0.596343
46	33	1.95084
46	80	0.86736
46	103	1.31352
46	133	0.77783
46	138	1.31622
46	148	0.807979
46	160	0.779758
46	166	0.716605
46	168	0.73959
46	169	0.737835
46	170	0.740511
46	175	0.727338
46	178	0.688532
46	179	0.715703
46	180	0.699689
47	7	2.93338
47	93	0.635278
47	114	0.848144
47	128	0.956316
47	154	0.791578
47	158	0.780433
47	160	0.788621
47	163	0.718848
47	164	0.743005
47	172	0.726123
47	176	0.728298
47	177	0.742697
47	178	0.697395
47	179	0.724566
47	180	0.708552
48	26	0.733105
48	37	0.709981
48	43	0.763534
48	54	0.811158
48	76	0.766213
48	91	0.736851
48	95	0.769122
48	97	0.763819
48	132	0.7288
48	139	0.765771
48	146	0.955688
48	147	4.07763
48	157	0.770289
48	161	0.688227
48	178	4.02007
49	7	0.736842
49	22	0.72873
49	27	0.803762
49	64	0.728746
49	73	0.721112
49	74	0.768508
49	81	0.746315
49	86	0.734515
49	92	0.754413
49	98	0.76064
49	126	0.767162
49	149	0.736099
49	165	0.778024
49	171	4.34094
49	175	3.23585
50	52	0.739116
50	94	0.715881
50	99	0.745551
50	110	0.730815
50	113	0.753641
50	115	0.7555
50	116	0.757684
50	119	2.53841
50	120	0.742081
50	122	0.736405
50	123	0.735162
50	131	2.27332
50	157	0.753737
50	167	0.6829
50	171	4.02924
50	173	0.756615
51	10	0.771099
51	13	0.849124
51	25	0.752743
51	30	0.826783
51	39	0.806463
51	60	0.78596
51	62	0.768082
51	66	0.820132
51	75	1.65894
51	78	0.796485
51	92	2.77444
51	117	2.64416
51	125	2.35525
51	159	0.8208
51	162	0.815407
51	174	0.788391
52	50	0.739116
52	55	0.737797
52	61	0.72916
52	79	0.736576
52	110	0.731799
52	115	0.756484
52	116	0.758668
52	120	0.743065
52	122	0.737389
52	123	0.736146
52	154	2.52649
52	157	0.754721
52	167	0.683884
52	168	3.68215
52	173	0.757599
52	174	2.6424
53	8	0.796413
53	26	0.715176
53	54	0.793229
53	70	0.722389
53	76	0.748284
53	91	0.718922
53	95	0.751193
53	97	0.745889
53	98	2.64441
53	109	0.736099
53	124	2.50011
53	132	0.710871
53	139	0.747842
53	148	3.3754
53	157	0.75236
53	161	0.670298
54	28	0.834816
54	32	0.829873
54	43	0.803457
54	48	0.811158
54	53	0.793229
54	76	0.806136
54	95	0.809045
54	97	0.803741
54	132	0.768723
54	139	0.805694
54	149	1.30281
54	150	1.34455
54	157	0.810212
54	161	0.72815
54	164	2.76895
54	180	4.34486
55	52	0.737797
55	90	0.756052
55	94	0.714562
55	96	0.748776
55	99	0.744232
55	110	0.729496
55	113	0.752323
55	115	0.754181
55	116	0.756365
55	120	0.740762
55	122	0.735086
55	140	1.86476
55	167	0.681581
55	169	3.26053
55	170	3.73285
55	173	0.755297
56	18	0.765031
56	31	0.764285
56	102	0.757876
56	124	0.770861
56	137	0.728909
56	138	0.725139
56	139	0.733256
56	142	0.750815
56	143	0.716897
56	146	2.31447
56	151	0.743188
56	158	2.43536
56	159	0.747418
56	171	0.655397
56	173	0.740652
56	176	4.06201
57	38	0.699094
57	93	0.748297
57	103	0.76755
57	104	0.822927
57	131	0.707564
57	137	0.74267
57	138	0.7389
57	142	0.764575
57	143	0.730658
57	151	0.756948
57	152	3.81115
57	159	0.761178
57	163	4.29723
57	165	0.758701
57	171	0.669158
57	173	0.754413
58	9	0.709151
58	101	2.24003
58	103	0.762177
58	118	0.735446
58	124	0.779248
58	128	0.733498
58	133	2.30042
58	137	0.737296
58	139	0.741644
58	142	0.759202
58	143	0.725285
58	151	0.751575
58	165	0.753328
58	171	0.663785
58	173	0.749039
58	179	4.2192
59	33	0.697227
59	38	0.694404
59	89	0.754405
59	93	0.743608
59	101	2.44084
59	102	0.766946
59	118	0.736129
59	133	2.50123
59	135	0.749333
59	137	0.73798
59	138	0.73421
59	142	0.759886
59	143	0.725968
59	151	0.752258
59	170	3.88167
59	173	0.749723
60	10	0.70409
60	13	0.782115
60	25	0.685735
60	30	0.759774
60	39	0.739454
60	51	0.78596
60	62	0.701073
60	66	0.753123
60	78	0.729476
60	127	0.736248
60	159	0.753791
60	162	0.748398
60	163	3.8349
60	167	2.58657
60	171	2.53586
60	174	0.721382
61	21	0.714482
61	52	0.72916
61	71	3.28149
61	90	0.747415
61	94	0.705925
61	96	0.740139
61	106	0.756838
61	110	0.720859
61	113	0.743686
61	120	0.732125
61	122	0.726449
61	123	0.725207
61	157	0.743782
61	167	0.672944
61	173	0.74666
61	174	1.41189
61	180	4.56281
62	10	0.686212
62	13	0.764236
62	29	0.753219
62	30	0.741896
62	35	0.728549
62	39	0.721575
62	51	0.768082
62	60	0.701073
62	66	0.735244
62	78	0.711597
62	108	2.20041
62	114	2.14515
62	127	0.718369
62	159	0.735913
62	162	0.73052
62	174	0.703503
62	175	4.70966
63	67	0.754808
63	90	0.744604
63	94	0.703114
63	96	0.737328
63	108	2.28887
63	110	0.718048
63	116	0.744917
63	120	0.729314
63	122	0.723638
63	123	0.722395
63	135	0.743459
63	141	0.727734
63	145	3.17767
63	154	3.689
63	157	0.74097
63	167	0.670133
63	173	0.743848
64	1	0.785791
64	6	0.774066
64	7	0.693217
64	22	0.685105
64	27	0.760136
64	49	0.728746
64	73	0.677486
64	74	0.724882
64	81	0.70269
64	86	0.690889
64	92	0.710787
64	121	2.17293
64	126	0.723537
64	127	0.719332
64	149	0.692473
64	161	4.51606
64	165	0.734399
64	177	3.06053
65	80	0.897683
65	97	2.1049
65	128	0.943592
65	146	0.82441
65	155	0.841339
65	157	0.985833
65	161	0.748982
65	163	0.740307
65	164	0.764464
65	165	0.273515
65	166	0.746927
65	167	0.760207
65	169	0.768158
65	172	0.747582
65	177	0.764157
65	178	0.718855
65	179	0.746025
65	180	0.730012
66	25	0.719906
66	29	0.805269
66	30	0.793946
66	35	0.780598
66	36	0.757565
66	39	0.773625
66	51	0.820132
66	60	0.753123
66	62	0.735244
66	78	0.763647
66	101	2.31509
66	127	0.770419
66	136	1.62371
66	140	1.88784
66	159	0.787962
66	162	0.78257
66	167	4.67132
66	174	0.755553
67	63	0.754808
67	87	0.757826
67	90	0.786814
67	96	0.779539
67	99	0.774995
67	106	0.796237
67	113	0.783085
67	115	0.784944
67	120	0.771525
67	123	0.764606
67	141	0.769944
67	144	2.13686
67	153	2.35427
67	157	0.783181
67	167	0.712344
67	168	2.93343
67	173	0.786059
67	177	3.02827
68	6	1.39069
68	31	2.48432
68	90	2.56885
68	104	0.765793
68	119	0.741826
68	130	0.715243
68	145	0.789813
68	152	0.695114
68	154	0.756885
68	160	0.753929
68	163	0.684155
68	164	0.708312
68	169	0.712006
68	170	0.714682
68	171	0.692516
68	177	0.708005
68	179	0.689873
68	180	0.67386
69	74	0.78361
69	81	0.761417
69	86	0.749617
69	126	0.782264
69	127	0.77806
69	128	0.773296
69	138	0.773325
69	142	0.799
69	143	0.765083
69	149	0.751201
69	151	0.791373
69	159	0.795603
69	162	1.86672
69	165	0.793126
69	168	3.08949
69	171	0.703583
69	174	2.04974
69	176	3.40679
70	5	0.702331
70	32	0.759032
70	37	0.679063
70	41	0.746856
70	43	0.732617
70	53	0.722389
70	76	0.735296
70	91	0.705934
70	95	0.738205
70	97	0.732901
70	109	0.72311
70	126	2.09356
70	132	0.697882
70	139	0.734854
70	157	0.739372
70	158	2.58968
70	161	0.65731
70	172	4.87665
71	61	3.28149
71	105	0.716343
71	125	0.725587
71	144	0.714564
71	148	0.72937
71	153	0.687681
71	154	0.704105
71	156	0.654077
71	164	0.655533
71	165	3.50832
71	166	0.637996
71	168	0.660981
71	169	0.659226
71	170	0.661902
71	172	0.63865
71	176	0.640826
71	177	0.655225
71	179	0.637094
71	180	0.62108
72	12	0.805172
72	89	0.770624
72	102	0.783165
72	118	0.752348
72	128	0.7504
72	132	2.54224
72	136	1.46519
72	137	0.754198
72	139	0.758545
72	141	0.749827
72	142	0.776104
72	143	0.742186
72	151	0.768477
72	159	0.772707
72	165	0.77023
72	167	4.5128
72	171	0.680686
72	173	0.765941
72	174	2.36379
73	6	0.766431
73	7	0.685582
73	22	0.67747
73	27	0.752502
73	42	0.718203
73	49	0.721112
73	64	0.677486
73	74	0.717248
73	81	0.695055
73	86	0.683254
73	92	0.703152
73	107	0.766886
73	119	2.86744
73	126	0.715902
73	127	0.711698
73	134	2.88851
73	149	0.684839
73	165	0.726764
73	172	4.27733
74	1	0.825552
74	7	0.732978
74	11	0.806203
74	22	0.724866
74	42	0.765599
74	49	0.768508
74	64	0.724882
74	69	0.78361
74	73	0.717248
74	81	0.742451
74	86	0.730651
74	107	0.814282
74	112	0.840293
74	119	3.27807
74	127	0.759094
74	149	0.732235
74	150	2.82121
74	165	0.77416
74	177	3.8052
75	51	1.65894
75	82	0.781185
75	96	1.61527
75	106	1.26717
75	129	0.830551
75	152	0.7454
75	153	0.790746
75	156	0.757142
75	166	0.741061
75	169	0.762292
75	170	0.764968
75	171	0.742802
75	173	0.66962
75	174	0.802413
75	176	0.743891
75	177	0.758291
75	178	0.712989
75	179	0.740159
75	180	0.724146
76	5	0.728226
76	8	0.809319
76	37	0.704958
76	41	0.772751
76	43	0.758512
76	48	0.766213
76	53	0.748284
76	54	0.806136
76	70	0.735296
76	91	0.731829
76	95	0.7641
76	97	0.758796
76	100	1.99193
76	109	0.749005
76	125	2.80309
76	132	0.723777
76	153	3.81702
76	155	2.46367
76	157	0.765267
76	161	0.683205
77	18	1.44463
77	26	1.97268
77	84	0.795069
77	130	0.760556
77	143	1.11605
77	157	1.88889
77	160	0.799242
77	164	0.753625
77	166	0.736089
77	168	0.759074
77	169	0.757319
77	170	0.759995
77	171	0.737829
77	172	0.736743
77	175	0.746822
77	176	0.738918
77	177	0.753318
77	178	0.708016
77	179	0.735186
77	180	0.719173
78	10	0.714614
78	13	0.792639
78	25	0.696259
78	29	0.781622
78	30	0.770299
78	35	0.756952
78	36	0.733918
78	39	0.749978
78	51	0.796485
78	60	0.729476
78	62	0.711597
78	66	0.763647
78	92	2.83449
78	107	2.31964
78	127	0.746772
78	132	3.14709
78	133	2.82182
78	159	0.764316
78	162	0.758923
78	174	0.731906
79	17	0.70565
79	20	0.778133
79	52	0.736576
79	87	0.725843
79	90	0.754832
79	96	0.747556
79	99	0.743012
79	106	0.764255
79	113	0.751102
79	115	0.752961
79	116	0.755145
79	120	0.739542
79	122	0.733866
79	123	0.732623
79	136	2.37754
79	146	2.88563
79	149	3.385
79	157	0.751198
79	158	3.00653
79	167	0.680361
79	173	0.754076
80	11	1.68406
80	46	0.86736
80	65	0.897683
80	99	0.688431
80	103	1.24
80	116	0.561828
80	138	1.2427
80	145	0.850902
80	147	0.749189
80	155	0.846276
80	160	0.815018
80	166	0.751865
80	168	0.77485
80	169	0.773095
80	170	0.775771
80	175	0.762598
80	176	0.754694
80	177	0.769094
80	178	0.723792
80	179	0.750962
80	180	0.734949
81	1	0.803359
81	6	0.791634
81	7	0.710785
81	11	0.78401
81	22	0.702674
81	27	0.777705
81	42	0.743407
81	49	0.746315
81	64	0.70269
81	69	0.761417
81	73	0.695055
81	74	0.742451
81	86	0.708458
81	92	0.728356
81	126	0.741105
81	144	1.95538
81	149	0.710042
81	161	4.30233
81	165	0.751967
81	171	3.81051
81	174	1.7122
82	1	3.67631
82	75	0.781185
82	89	3.29039
82	112	0.767403
82	130	0.665701
82	132	0.683861
82	147	0.638557
82	156	0.657314
82	158	0.696198
82	161	0.643288
82	166	0.641233
82	168	0.664218
82	169	0.662463
82	170	0.665139
82	175	0.651967
82	176	0.644063
82	177	0.658462
82	178	0.61316
82	179	0.640331
82	180	0.624317
83	31	2.56598
83	39	2.54447
83	92	0.732039
83	128	3.01028
83	140	0.766827
83	144	0.740935
83	146	0.74185
83	148	0.755741
83	150	0.746468
83	156	0.680448
83	158	0.719332
83	161	0.666422
83	163	0.657747
83	166	0.664367
83	169	0.685597
83	170	0.688274
83	172	0.665022
83	175	0.675101
83	176	0.667197
83	178	0.636294
83	179	0.663465
83	180	0.647451
84	77	0.795069
84	85	0.805679
84	128	2.92251
84	129	0.74958
84	141	2.081
84	146	0.737572
84	152	0.664429
84	154	0.726199
84	159	1.47448
84	160	0.723243
84	161	0.662145
84	166	0.66009
84	167	0.67337
84	169	0.68132
84	170	0.683996
84	171	0.66183
84	172	0.660744
84	175	0.670824
84	176	0.66292
84	177	0.677319
84	179	0.659188
84	180	0.643174
85	84	0.805679
85	115	1.45556
85	116	0.553147
85	118	1.46846
85	125	0.83429
85	136	0.857537
85	140	0.849158
85	154	0.812808
85	156	0.762779
85	157	1.21805
85	163	0.740078
85	164	0.764235
85	168	0.769684
85	169	0.767929
85	170	0.770605
85	173	0.209766
85	175	0.757432
85	176	0.749528
85	177	0.763928
85	178	0.718626
85	179	0.745796
85	180	0.729783
86	1	0.791559
86	6	0.779834
86	7	0.698985
86	11	0.77221
86	22	0.690873
86	27	0.765905
86	42	0.731606
86	49	0.734515
86	64	0.690889
86	69	0.749617
86	73	0.683254
86	74	0.730651
86	81	0.708458
86	107	0.780289
86	114	1.62461
86	126	0.729305
86	127	0.725101
86	149	0.698242
86	158	2.92629
86	165	0.740167
86	174	3.1959
86	175	4.18912
87	67	0.757826
87	79	0.725843
87	90	0.747622
87	94	0.706132
87	96	0.740346
87	99	0.735802
87	106	0.757044
87	110	0.721066
87	113	0.743892
87	115	0.745751
87	116	0.747935
87	120	0.732332
87	122	0.726656
87	123	0.725413
87	130	2.63129
87	141	0.730751
87	154	0.963378
87	157	0.743988
87	164	2.65429
87	167	0.673151
87	173	0.746866
87	178	6.22012
88	18	0.764506
88	34	0.763567
88	89	0.744809
88	91	0.703811
88	93	0.734012
88	102	0.757351
88	118	0.726533
88	128	0.724585
88	129	2.75304
88	135	0.739737
88	138	0.724614
88	141	0.724012
88	142	0.75029
88	143	0.716372
88	148	2.22243
88	151	0.742662
88	155	2.08068
88	159	0.746893
88	165	0.744415
88	166	4.91339
88	171	0.654872
88	173	0.740127
89	23	0.784628
89	59	0.754405
89	72	0.770624
89	82	3.29039
89	88	0.744809
89	93	0.773666
89	103	0.792919
89	107	1.04043
89	118	0.766188
89	121	1.19586
89	128	0.76424
89	131	0.732933
89	135	0.779392
89	138	0.764269
89	142	0.789944
89	143	0.756027
89	144	1.19205
89	151	0.782317
89	159	0.786547
89	165	0.78407
89	171	0.694527
89	173	0.779781
89	178	6.08971
90	44	2.37026
90	55	0.756052
90	61	0.747415
90	63	0.744604
90	67	0.786814
90	68	2.56885
90	79	0.754832
90	87	0.747622
90	94	0.73512
90	99	0.76479
90	106	0.786033
90	110	0.750054
90	111	1.88338
90	113	0.772881
90	115	0.774739
90	116	0.776923
90	120	0.76132
90	122	0.755644
90	123	0.754402
90	140	1.89107
90	141	0.75974
90	167	0.702139
90	169	3.28684
90	173	0.775855
91	43	0.72915
91	48	0.736851
91	53	0.718922
91	70	0.705934
91	76	0.731829
91	88	0.703811
91	95	0.734738
91	97	0.729434
91	100	3.14963
91	102	0.756007
91	112	2.68382
91	114	2.94283
91	132	0.694416
91	137	0.72704
91	138	0.72327
91	141	0.722669
91	142	0.748946
91	143	0.715028
91	148	3.76312
91	151	0.741319
91	157	0.735905
91	161	0.653843
91	171	0.653528
91	173	0.738783
92	6	0.799732
92	41	1.29562
92	42	0.751504
92	43	2.69545
92	49	0.754413
92	51	2.77444
92	64	0.710787
92	73	0.703152
92	78	2.83449
92	81	0.728356
92	83	0.732039
92	98	0.77613
92	127	0.744999
92	147	0.666105
92	149	0.71814
92	155	0.763193
92	158	0.723746
92	165	0.760065
92	168	0.691767
92	169	0.690012
92	175	0.679515
92	177	0.686011
92	179	0.667879
92	180	0.651866
93	18	0.793363
93	47	0.635278
93	57	0.748297
93	59	0.743608
93	88	0.734012
93	89	0.773666
93	102	0.786208
93	103	0.782121
93	118	0.755391
93	128	0.753443
93	131	0.722136
93	137	0.757241
93	138	0.753471
93	142	0.779147
93	143	0.745229
93	151	0.771519
93	154	2.44836
93	155	1.67151
93	159	0.77575
93	162	2.38125
93	165	0.773273
93	171	0.683729
93	173	0.768984
93	180	5.71519
94	20	0.758421
94	50	0.715881
94	55	0.714562
94	61	0.705925
94	63	0.703114
94	87	0.706132
94	90	0.73512
94	96	0.727844
94	99	0.7233
94	110	0.708564
94	113	0.731391
94	115	0.733249
94	116	0.735433
94	120	0.71983
94	122	0.714154
94	123	0.712912
94	134	3.47705
94	135	0.733975
94	136	1.94991
94	157	0.731487
94	160	2.5999
94	166	4.78846
94	167	0.660649
94	173	0.734365
95	5	0.731135
95	8	0.812229
95	19	0.791038
95	26	0.730991
95	28	0.79278
95	32	0.787837
95	37	0.707867
95	41	0.77566
95	48	0.769122
95	53	0.751193
95	54	0.809045
95	70	0.738205
95	76	0.7641
95	91	0.734738
95	97	0.761705
95	124	1.22183
95	132	0.726687
95	139	0.763658
95	152	4.19538
95	156	3.24382
95	157	0.768176
95	161	0.686114
95	166	3.22407
95	177	2.41871
96	21	0.736401
96	55	0.748776
96	61	0.740139
96	63	0.737328
96	67	0.779539
96	75	1.61527
96	79	0.747556
96	87	0.740346
96	94	0.727844
96	99	0.757514
96	104	2.78796
96	106	0.778757
96	110	0.742778
96	113	0.765605
96	116	0.769647
96	120	0.754044
96	122	0.748368
96	123	0.747126
96	134	3.49346
96	135	0.768189
96	136	1.96632
96	141	0.752464
96	153	3.3255
96	167	0.694863
96	173	0.768579
97	2	1.66355
97	5	0.725832
97	19	0.785734
97	26	0.725688
97	28	0.787476
97	32	0.782533
97	37	0.702564
97	41	0.770356
97	43	0.756117
97	48	0.763819
97	53	0.745889
97	54	0.803741
97	65	2.1049
97	70	0.732901
97	76	0.758796
97	91	0.729434
97	95	0.761705
97	109	0.746611
97	112	2.2163
97	114	2.47532
97	132	0.721383
97	139	0.758354
97	157	0.762872
97	160	3.79801
97	161	0.68081
98	49	0.76064
98	53	2.64441
98	92	0.77613
98	100	0.822298
98	106	1.03482
98	110	1.7923
98	111	0.814241
98	134	0.760068
98	140	0.810918
98	148	0.799832
98	150	0.790559
98	152	0.712797
98	157	1.44556
98	158	0.763423
98	160	0.771612
98	162	0.796826
98	166	0.708458
98	169	0.729689
98	172	0.709113
98	175	0.719192
98	176	0.711288
98	177	0.725688
98	178	0.680385
98	179	0.707556
98	180	0.691543
99	50	0.745551
99	55	0.744232
99	67	0.774995
99	79	0.743012
99	80	0.688431
99	87	0.735802
99	90	0.76479
99	94	0.7233
99	96	0.757514
99	106	0.774213
99	110	0.738234
99	113	0.761061
99	115	0.762919
99	116	0.765104
99	120	0.7495
99	122	0.743824
99	123	0.742582
99	126	1.62352
99	135	0.763645
99	157	0.761157
99	167	0.690319
99	170	3.62287
99	173	0.764035
99	176	3.7463
99	177	3.52385
100	23	0.865387
100	76	1.99193
100	91	3.14963
100	98	0.822298
100	121	0.798084
100	133	0.776174
100	138	1.57903
100	139	0.854494
100	145	0.813987
100	149	0.764307
100	150	0.79705
100	153	0.764634
100	154	0.781059
100	160	0.778102
100	163	0.708329
100	164	0.732486
100	168	0.737934
100	169	0.736179
100	172	0.715604
100	175	0.725683
100	176	0.717779
100	177	0.732178
100	178	0.686876
100	179	0.714047
100	180	0.698033
101	58	2.24003
101	59	2.44084
101	66	2.31509
101	108	0.776981
101	113	2.17582
101	129	0.771479
101	130	0.706457
101	134	0.733598
101	140	0.784449
101	144	0.758557
101	146	0.759472
101	147	0.679313
101	152	0.686328
101	160	0.745142
101	164	0.699526
101	166	0.681989
101	168	0.704974
101	169	0.703219
101	170	0.705895
101	172	0.682643
101	175	0.692723
101	176	0.684819
101	177	0.699218
101	179	0.681087
101	180	0.665073
102	18	0.816702
102	23	0.797169
102	56	0.757876
102	59	0.766946
102	72	0.783165
102	88	0.757351
102	91	0.756007
102	93	0.786208
102	103	0.80546
102	128	0.776781
102	137	0.78058
102	138	0.77681
102	141	0.776208
102	142	0.802486
102	143	0.768568
102	145	0.992527
102	151	0.794858
102	152	4.53104
102	154	1.50386
102	159	0.799089
102	164	3.19478
102	165	0.796611
102	169	2.38108
102	170	2.85339
102	171	0.707068
102	173	0.792323
103	14	0.736751
103	23	0.793083
103	24	2.72202
103	34	0.811677
103	36	2.50874
103	46	1.31352
103	57	0.76755
103	58	0.762177
103	80	1.24
103	89	0.792919
103	93	0.782121
103	102	0.80546
103	108	1.42479
103	118	0.774643
103	124	0.818445
103	128	0.772695
103	137	0.776493
103	138	0.772723
103	142	0.798399
103	143	0.764481
103	151	0.790772
103	159	0.795002
103	160	2.69222
103	165	0.792525
103	171	0.702981
103	173	0.788236
104	45	0.688276
104	57	0.822927
104	68	0.765793
104	96	2.78796
104	117	0.792126
104	129	0.765616
104	131	0.716273
104	134	0.727736
104	137	2.02303
104	147	0.673451
104	148	0.767501
104	150	0.758227
104	152	0.680465
104	153	0.725811
104	155	0.770538
104	157	2.85059
104	162	0.764495
104	163	0.669506
104	168	0.699112
104	170	0.700033
104	172	0.676781
104	176	0.678956
104	178	0.648054
104	179	0.675224
104	180	0.659211
105	12	1.72862
105	34	2.62537
105	71	0.716343
105	130	0.703924
105	131	0.719603
105	134	0.731065
105	137	2.6688
105	144	0.756024
105	145	0.778494
105	147	0.67678
105	153	0.729141
105	155	0.773868
105	156	0.695537
105	160	0.742609
105	161	0.681511
105	163	0.672836
105	165	2.20754
105	166	0.679456
105	168	0.702441
105	169	0.700686
105	172	0.680111
105	175	0.69019
105	176	0.682286
105	177	0.696685
105	178	0.651383
105	179	0.678554
105	180	0.66254
106	17	0.736851
106	20	0.809334
106	61	0.756838
106	67	0.796237
106	75	1.26717
106	79	0.764255
106	87	0.757044
106	90	0.786033
106	96	0.778757
106	98	1.03482
106	99	0.774213
106	110	0.759477
106	113	0.782303
106	115	0.784162
106	116	0.786346
106	120	0.770743
106	122	0.765067
106	123	0.763824
106	129	2.29642
106	135	0.784888
106	141	0.769163
106	150	2.66743
106	156	4.47652
106	157	0.782399
106	162	2.33379
106	167	0.711562
106	173	0.785277
107	11	0.855841
107	13	1.38391
107	16	0.736417
107	73	0.766886
107	74	0.814282
107	78	2.31964
107	86	0.780289
107	89	1.04043
107	119	0.783565
107	126	0.812937
107	127	0.808732
107	139	1.56999
107	142	0.750492
107	149	0.781873
107	155	0.826927
107	163	0.725895
107	164	0.750052
107	165	0.823799
107	168	0.7555
107	169	0.753745
107	170	0.756422
107	172	0.73317
107	173	1.27027
107	176	0.735345
107	177	0.749744
107	179	0.731613
107	180	0.715599
108	62	2.20041
108	63	2.28887
108	101	0.776981
108	103	1.42479
108	112	0.822271
108	115	1.64903
108	118	1.66193
108	144	0.772669
108	145	0.795138
108	146	0.773583
108	148	0.787475
108	154	0.76221
108	156	0.712181
108	158	0.751065
108	162	0.784469
108	163	0.68948
108	164	0.713637
108	168	0.719086
108	169	0.717331
108	170	0.720007
108	172	0.696755
108	174	0.757452
108	175	0.706834
108	176	0.69893
108	178	0.668028
108	179	0.695198
108	180	0.679185
109	1	1.68826
109	18	2.83675
109	32	0.772742
109	37	0.692773
109	43	0.746327
109	53	0.736099
109	70	0.72311
109	76	0.749005
109	97	0.746611
109	132	0.711592
109	134	0.720574
109	137	2.45345
109	139	0.748564
109	152	0.673304
109	156	0.685045
109	157	0.753082
109	161	0.67102
109	163	0.662344
109	164	0.686502
109	166	0.668965
109	169	0.690195
109	170	0.692871
109	172	0.669619
109	173	2.27273
109	175	0.679698
109	179	0.668062
109	180	0.652049
110	2	0.891236
110	21	0.717121
110	38	0.69398
110	50	0.730815
110	52	0.731799
110	55	0.729496
110	61	0.720859
110	63	0.718048
110	87	0.721066
110	90	0.750054
110	94	0.708564
110	96	0.742778
110	98	1.7923
110	99	0.738234
110	106	0.759477
110	111	2.63214
110	113	0.746325
110	115	0.748183
110	116	0.750367
110	120	0.734764
110	122	0.729088
110	123	0.727846
110	131	3.61667
110	141	0.733184
110	157	0.746421
110	167	0.675583
110	173	0.749298
110	176	4.63134
111	45	0.719042
111	90	1.88338
111	98	0.814241
111	110	2.63214
111	132	0.749519
111	133	0.768117
111	135	1.80565
111	136	0.81773
111	140	0.809351
111	141	1.40164
111	151	0.676678
111	152	0.711231
111	153	0.756577
111	155	0.801304
111	163	0.700272
111	164	0.724429
111	166	0.706892
111	168	0.729877
111	169	0.728122
111	170	0.730798
111	171	0.708632
111	172	0.707546
111	175	0.717625
111	177	0.724121
111	178	0.678819
111	179	0.70599
111	180	0.689976
112	9	2.61211
112	74	0.840293
112	82	0.767403
112	91	2.68382
112	97	2.2163
112	108	0.822271
112	133	0.788504
112	134	0.778889
112	135	0.617496
112	136	0.838118
112	148	0.818653
112	152	0.731618
112	153	0.776964
112	154	0.793389
112	156	0.74336
112	157	1.09724
112	158	0.782244
112	163	0.720659
112	166	0.727279
112	168	0.750265
112	169	0.74851
112	170	0.751186
112	171	0.729019
112	172	0.727934
112	175	0.738013
112	176	0.730109
112	178	0.699206
112	179	0.726377
112	180	0.710364
113	20	0.796182
113	38	0.716806
113	50	0.753641
113	55	0.752323
113	61	0.743686
113	67	0.783085
113	79	0.751102
113	87	0.743892
113	90	0.772881
113	94	0.731391
113	96	0.765605
113	99	0.761061
113	101	2.17582
113	106	0.782303
113	110	0.746325
113	115	0.77101
113	116	0.773194
113	120	0.757591
113	121	2.63003
113	122	0.751915
113	123	0.750672
113	131	2.72542
113	135	0.771735
113	141	0.756011
113	155	1.49028
113	162	2.20001
113	167	0.69841
113	171	4.48134
113	173	0.772125
114	8	1.00695
114	45	0.735935
114	47	0.848144
114	62	2.14515
114	86	1.62461
114	91	2.94283
114	97	2.47532
114	119	0.774835
114	121	0.80692
114	125	0.811376
114	129	0.813274
114	131	0.763931
114	143	0.583418
114	145	0.822822
114	146	0.801267
114	147	0.721109
114	152	0.728124
114	153	0.77347
114	163	0.717164
114	164	0.741322
114	168	0.74677
114	169	0.745015
114	172	0.724439
114	175	0.734518
114	176	0.726615
114	177	0.741014
114	178	0.695712
114	179	0.722883
114	180	0.706869
115	21	0.741806
115	38	0.718665
115	50	0.7555
115	52	0.756484
115	55	0.754181
115	67	0.784944
115	79	0.752961
115	85	1.45556
115	87	0.745751
115	90	0.774739
115	94	0.733249
115	99	0.762919
115	106	0.784162
115	108	1.64903
115	110	0.748183
115	113	0.77101
115	116	0.775052
115	120	0.759449
115	121	3.41205
115	122	0.753773
115	123	0.752531
115	135	0.773594
115	141	0.757869
115	155	2.2723
115	157	0.771106
115	160	2.91646
115	167	0.700268
115	173	0.773984
115	174	3.16506
116	17	0.727742
116	38	0.720849
116	50	0.757684
116	52	0.758668
116	55	0.756365
116	63	0.744917
116	79	0.755145
116	80	0.561828
116	85	0.553147
116	87	0.747935
116	90	0.776923
116	94	0.735433
116	96	0.769647
116	99	0.765104
116	106	0.786346
116	110	0.750367
116	113	0.773194
116	115	0.775052
116	120	0.761633
116	122	0.755957
116	123	0.754715
116	126	1.49692
116	135	0.775778
116	153	2.72324
116	157	0.77329
116	167	0.702452
116	173	0.776168
116	179	4.0346
116	180	5.41357
117	6	1.00045
117	11	3.12045
117	12	0.895378
117	39	2.15507
117	51	2.64416
117	104	0.792126
117	125	0.8047
117	133	0.778334
117	148	0.808483
117	150	0.799209
117	153	0.766794
117	154	0.783218
117	155	0.811521
117	156	0.73319
117	158	0.772074
117	163	0.710488
117	165	1.37429
117	166	0.717109
117	168	0.740094
117	169	0.738339
117	170	0.741015
117	171	0.718849
117	172	0.717763
117	174	0.77846
117	175	0.727842
117	176	0.719939
117	177	0.734338
117	178	0.689036
117	179	0.716207
117	180	0.700193
118	31	0.785139
118	34	0.784946
118	38	0.706187
118	44	0.722446
118	58	0.735446
118	59	0.736129
118	72	0.752348
118	85	1.46846
118	88	0.726533
118	89	0.766188
118	93	0.755391
118	103	0.774643
118	108	1.66193
118	124	0.791715
118	128	0.745964
118	129	2.95756
118	131	0.714657
118	135	0.761116
118	137	0.749763
118	138	0.745993
118	142	0.771669
118	143	0.737751
118	149	3.28683
118	151	0.764041
118	158	2.90835
118	159	0.768272
118	160	2.92936
118	165	0.765794
118	171	0.676251
118	173	0.761506
119	16	0.656061
119	50	2.53841
119	68	0.741826
119	73	2.86744
119	74	3.27807
119	107	0.783565
119	114	0.774835
119	121	0.735294
119	136	0.762997
119	146	0.729642
119	147	0.649483
119	148	0.743533
119	150	0.73426
119	153	0.701844
119	154	0.718269
119	163	0.645539
119	164	0.669696
119	166	0.652159
119	167	0.665439
119	168	0.675144
119	169	0.673389
119	170	0.676066
119	173	2.52674
119	174	0.713511
119	175	0.662893
119	176	0.654989
119	177	0.669388
119	178	0.624086
119	179	0.651257
119	180	0.635243
120	17	0.712138
120	50	0.742081
120	52	0.743065
120	55	0.740762
120	61	0.732125
120	63	0.729314
120	67	0.771525
120	79	0.739542
120	87	0.732332
120	90	0.76132
120	94	0.71983
120	96	0.754044
120	99	0.7495
120	106	0.770743
120	110	0.734764
120	113	0.757591
120	115	0.759449
120	116	0.761633
120	122	0.740354
120	123	0.739112
120	125	1.72544
120	135	0.760175
120	141	0.74445
120	146	1.88827
120	149	2.38764
120	155	1.38602
120	156	4.23849
120	157	0.757687
120	163	5.67612
120	167	0.686849
120	173	0.760565
121	30	2.98913
121	64	2.17293
121	89	1.19586
121	100	0.798084
121	113	2.63003
121	114	0.80692
121	115	3.41205
121	119	0.735294
121	129	0.773734
121	130	0.708712
121	148	0.775618
121	149	0.733603
121	150	0.766345
121	152	0.688583
121	153	0.733929
121	156	0.700325
121	160	0.747398
121	161	0.686299
121	163	0.677624
121	166	0.684244
121	168	0.70723
121	169	0.705474
121	170	0.708151
121	171	0.685984
121	172	0.684899
121	175	0.694978
121	176	0.687074
121	177	0.701474
121	178	0.656171
121	179	0.683342
121	180	0.667328
122	17	0.706462
122	20	0.778945
122	21	0.722711
122	50	0.736405
122	52	0.737389
122	55	0.735086
122	61	0.726449
122	63	0.723638
122	79	0.733866
122	87	0.726656
122	90	0.755644
122	94	0.714154
122	96	0.748368
122	99	0.743824
122	106	0.765067
122	110	0.729088
122	113	0.751915
122	115	0.753773
122	116	0.755957
122	120	0.740354
122	123	0.733436
122	134	3.39371
122	135	0.754499
122	136	1.86657
122	141	0.738774
122	145	2.13792
122	157	0.752011
122	160	2.51656
122	167	0.681173
122	173	0.754889
122	175	3.75839
122	177	3.89976
123	17	0.70522
123	20	0.777703
123	21	0.721469
123	50	0.735162
123	52	0.736146
123	61	0.725207
123	63	0.722395
123	67	0.764606
123	79	0.732623
123	87	0.725413
123	90	0.754402
123	94	0.712912
123	96	0.747126
123	99	0.742582
123	106	0.763824
123	110	0.727846
123	113	0.750672
123	115	0.752531
123	116	0.754715
123	120	0.739112
123	122	0.733436
123	126	2.45207
123	135	0.753256
123	140	2.58334
123	141	0.737531
123	144	3.46098
123	146	2.8273
123	149	3.32667
123	154	3.1019
123	157	0.750768
123	167	0.679931
123	173	0.753646
124	7	3.23608
124	12	0.844539
124	20	2.02504
124	29	1.21107
124	43	1.20331
124	53	2.50011
124	56	0.770861
124	58	0.779248
124	95	1.22183
124	103	0.818445
124	118	0.791715
124	127	0.618196
124	137	0.793565
124	138	0.789795
124	139	0.797912
124	141	0.789193
124	142	0.815471
124	145	0.817351
124	151	0.807843
124	152	0.722652
124	153	0.767998
124	158	0.773278
124	164	0.73585
124	169	0.739543
124	170	0.74222
124	173	0.805308
124	175	0.729047
124	176	0.721143
124	177	0.735542
124	178	0.69024
124	179	0.717411
124	180	0.701397
125	51	2.35525
125	71	0.725587
125	76	2.80309
125	85	0.83429
125	114	0.811376
125	117	0.8047
125	120	1.72544
125	131	0.728847
125	140	0.79116
125	141	1.49045
125	144	0.765268
125	146	0.766183
125	147	0.686025
125	148	0.780075
125	149	0.738059
125	153	0.738385
125	154	0.75481
125	156	0.704781
125	158	0.743665
125	161	0.690755
125	162	0.777069
125	165	1.08538
125	166	0.688701
125	168	0.711686
125	169	0.709931
125	172	0.689355
125	173	1.36593
125	174	0.750052
125	175	0.699434
125	176	0.69153
125	178	0.660628
125	179	0.687798
125	180	0.671785
126	6	0.812481
126	9	3.67669
126	16	0.685432
126	22	0.72352
126	27	0.798552
126	42	0.764253
126	44	0.729466
126	49	0.767162
126	64	0.723537
126	69	0.782264
126	70	2.09356
126	73	0.715902
126	81	0.741105
126	86	0.729305
126	99	1.62352
126	107	0.812937
126	116	1.49692
126	123	2.45207
126	136	0.792369
126	139	1.45326
126	140	0.78399
126	163	0.67491
126	164	0.699068
126	165	0.772814
126	166	0.681531
126	167	0.69481
126	170	0.705437
126	172	0.682185
126	174	0.742882
126	176	0.684361
126	177	0.69876
126	178	0.653458
126	179	0.680628
126	180	0.664615
127	1	0.820002
127	10	0.721386
127	11	0.800653
127	13	0.799411
127	22	0.719316
127	25	0.703031
127	29	0.788394
127	30	0.77707
127	35	0.763723
127	39	0.75675
127	42	0.760049
127	44	2.08922
127	60	0.736248
127	62	0.718369
127	64	0.719332
127	66	0.770419
127	69	0.77806
127	73	0.711698
127	74	0.759094
127	78	0.746772
127	86	0.725101
127	92	0.744999
127	107	0.808732
127	124	0.618196
127	131	2.58687
127	149	0.726685
127	150	2.3951
127	159	0.771087
127	162	0.765695
127	165	0.76861
127	168	3.28424
127	174	0.738678
127	175	3.23771
127	177	3.37908
128	12	0.798789
128	14	0.708073
128	15	0.859383
128	23	0.764404
128	31	0.783191
128	33	0.707062
128	34	0.782998
128	44	0.720498
128	47	0.956316
128	58	0.733498
128	65	0.943592
128	69	0.773296
128	72	0.7504
128	83	3.01028
128	84	2.92251
128	88	0.724585
128	89	0.76424
128	93	0.753443
128	102	0.776781
128	103	0.772695
128	118	0.745964
128	131	0.712709
128	135	0.759168
128	137	0.747815
128	138	0.744045
128	141	0.743443
128	142	0.769721
128	143	0.735803
128	151	0.762093
128	158	2.6157
128	159	0.766324
128	165	0.763846
128	171	0.674303
128	173	0.759558
128	176	4.24235
129	22	0.869244
129	75	0.830551
129	84	0.74958
129	88	2.75304
129	101	0.771479
129	104	0.765616
129	106	2.29642
129	114	0.813274
129	118	2.95756
129	121	0.773734
129	133	0.751824
129	134	0.742208
129	137	1.87959
129	144	0.767167
129	145	0.789636
129	147	0.687923
129	150	0.772699
129	152	0.694938
129	156	0.70668
129	158	0.745564
129	159	1.21688
129	163	0.683978
129	166	0.690599
129	167	0.703878
129	168	0.713584
129	169	0.711829
129	170	0.714505
129	172	0.691253
129	175	0.701332
129	176	0.693429
129	177	0.707828
129	178	0.662526
129	179	0.689697
129	180	0.673683
130	2	0.809367
130	17	4.23734
130	27	2.74202
130	29	4.38936
130	68	0.715243
130	77	0.760556
130	82	0.665701
130	87	2.63129
130	101	0.706457
130	105	0.703924
130	121	0.708712
130	132	0.668204
130	136	0.736415
130	140	0.728036
130	144	0.702145
130	145	0.724615
130	148	0.716951
130	153	0.675262
130	154	0.691686
130	155	0.719989
130	158	0.680542
130	160	0.68873
130	163	0.618956
130	164	0.643114
130	168	0.648562
130	169	0.646807
130	170	0.649483
130	171	0.627317
130	172	0.626231
130	175	0.63631
130	176	0.628407
130	177	0.642806
130	178	0.597504
130	179	0.624675
130	180	0.608661
131	19	3.19772
131	50	2.27332
131	57	0.707564
131	89	0.732933
131	93	0.722136
131	104	0.716273
131	105	0.719603
131	110	3.61667
131	113	2.72542
131	114	0.763931
131	118	0.714657
131	125	0.728847
131	127	2.58687
131	128	0.712709
131	135	0.727861
131	138	0.712738
131	139	0.720855
131	142	0.738414
131	143	0.704496
131	144	0.717824
131	147	0.63858
131	148	0.73263
131	151	0.730786
131	156	0.657337
131	159	0.735017
131	163	0.634635
131	165	0.732539
131	166	0.641256
131	169	0.662486
131	171	0.642996
131	173	0.728251
131	175	0.651989
131	176	0.644086
131	177	0.658485
131	179	0.640354
131	180	0.62434
132	8	0.771906
132	36	0.7071
132	41	0.735337
132	48	0.7288
132	53	0.710871
132	54	0.768723
132	70	0.697882
132	72	2.54224
132	76	0.723777
132	78	3.14709
132	82	0.683861
132	91	0.694416
132	95	0.726687
132	97	0.721383
132	109	0.711592
132	111	0.749519
132	130	0.668204
132	138	3.12197
132	139	0.723336
132	140	0.746196
132	150	0.725837
132	151	1.49728
132	157	0.727854
132	160	0.70689
132	161	0.645792
132	163	0.637116
132	164	0.661274
132	169	0.664967
132	170	0.667643
132	172	0.644391
132	173	2.09772
132	175	0.65447
132	176	0.646566
132	177	0.660966
132	178	0.615664
132	179	0.642834
132	180	0.626821
133	40	0.747833
133	45	0.674484
133	46	0.77783
133	58	2.30042
133	59	2.50123
133	78	2.82182
133	100	0.776174
133	111	0.768117
133	112	0.788504
133	117	0.778334
133	129	0.751824
133	136	0.773172
133	137	1.95317
133	144	0.738902
133	146	0.739816
133	147	0.659658
133	148	0.753708
133	150	0.744435
133	153	0.712019
133	154	0.728443
133	155	0.756746
133	156	0.678415
133	160	0.725487
133	163	0.655714
133	164	0.679871
133	165	1.4919
133	166	0.662334
133	167	0.675614
133	168	0.685319
133	170	0.68624
133	173	1.77245
133	174	0.723686
133	175	0.673068
133	176	0.665164
133	177	0.679563
133	178	0.634261
133	179	0.661432
133	180	0.645418
134	28	1.94728
134	40	0.738218
134	73	2.88851
134	94	3.47705
134	96	3.49346
134	98	0.760068
134	101	0.733598
134	104	0.727736
134	105	0.731065
134	109	0.720574
134	112	0.778889
134	122	3.39371
134	129	0.742208
134	144	0.729286
134	146	0.730201
134	147	0.650043
134	148	0.744093
134	149	0.702077
134	152	0.657057
134	153	0.702403
134	154	0.718828
134	158	0.707683
134	161	0.654773
134	163	0.646098
134	164	0.670255
134	166	0.652718
134	167	0.665998
134	168	0.675704
134	169	0.673949
134	170	0.676625
134	171	0.654459
134	172	0.653373
134	175	0.663452
134	176	0.655548
134	177	0.669948
134	178	0.624646
134	179	0.651816
134	180	0.635803
135	2	0.0647472
135	14	0.723224
135	21	0.742532
135	33	0.722214
135	59	0.749333
135	63	0.743459
135	88	0.739737
135	89	0.779392
135	94	0.733975
135	96	0.768189
135	99	0.763645
135	106	0.784888
135	111	1.80565
135	112	0.617496
135	113	0.771735
135	115	0.773594
135	116	0.775778
135	118	0.761116
135	120	0.760175
135	122	0.754499
135	123	0.753256
135	128	0.759168
135	131	0.727861
135	137	0.762966
135	138	0.759196
135	141	0.758595
135	142	0.784872
135	143	0.750954
135	150	2.59842
135	151	0.777245
135	157	0.771831
135	165	0.778998
135	166	4.38776
135	167	0.700994
135	168	3.48756
135	169	3.20911
135	171	0.689454
135	173	0.774709
135	175	3.44102
136	66	1.62371
136	72	1.46519
136	79	2.37754
136	85	0.857537
136	94	1.94991
136	96	1.96632
136	111	0.81773
136	112	0.838118
136	119	0.762997
136	122	1.86657
136	126	0.792369
136	130	0.736415
136	133	0.773172
136	138	2.04492
136	145	0.810985
136	147	0.709272
136	148	0.803322
136	149	0.761306
136	150	0.794048
136	154	0.778057
136	156	0.728028
136	158	0.766912
136	160	0.775101
136	162	0.800315
136	163	0.705327
136	164	0.729484
136	165	0.74012
136	166	0.711947
136	168	0.734933
136	169	0.733178
136	170	0.735854
136	172	0.712602
136	174	0.773299
136	175	0.722681
136	176	0.714777
136	177	0.729177
136	178	0.683875
136	179	0.711045
136	180	0.695032
137	9	0.723468
137	12	0.802587
137	14	0.711871
137	18	0.787735
137	23	0.768203
137	31	0.786989
137	34	0.786797
137	36	1.6679
137	44	0.724297
137	56	0.728909
137	57	0.74267
137	58	0.737296
137	59	0.73798
137	72	0.754198
137	91	0.72704
137	93	0.757241
137	102	0.78058
137	103	0.776493
137	104	2.02303
137	105	2.6688
137	109	2.45345
137	118	0.749763
137	124	0.793565
137	128	0.747815
137	129	1.87959
137	133	1.95317
137	135	0.762966
137	138	0.747843
137	139	0.75596
137	141	0.747241
137	142	0.773519
137	143	0.739601
137	148	1.34898
137	151	0.765891
137	159	0.770122
137	165	0.767645
137	171	0.678101
137	173	0.763356
137	175	3.0932
138	9	0.719698
138	12	0.798817
138	14	0.708101
138	18	0.783965
138	31	0.783219
138	33	0.707091
138	34	0.783027
138	46	1.31622
138	56	0.725139
138	57	0.7389
138	59	0.73421
138	69	0.773325
138	80	1.2427
138	88	0.724614
138	89	0.764269
138	91	0.72327
138	93	0.753471
138	100	1.57903
138	102	0.77681
138	103	0.772723
138	118	0.745993
138	124	0.789795
138	128	0.744045
138	131	0.712738
138	132	3.12197
138	135	0.759196
138	136	2.04492
138	137	0.747843
138	139	0.75219
138	140	2.30906
138	141	0.743471
138	142	0.769749
138	143	0.735831
138	151	0.762121
138	155	2.05076
138	159	0.766352
138	165	0.763875
138	171	0.674331
138	173	0.759586
138	179	4.71548
139	5	0.727785
139	8	0.808878
139	9	0.727815
139	26	0.727641
139	28	0.789429
139	33	0.715208
139	37	0.704516
139	41	0.772309
139	45	5.19601
139	48	0.765771
139	53	0.747842
139	54	0.805694
139	56	0.733256
139	58	0.741644
139	70	0.734854
139	72	0.758545
139	95	0.763658
139	97	0.758354
139	100	0.854494
139	107	1.56999
139	109	0.748564
139	124	0.797912
139	126	1.45326
139	131	0.720855
139	132	0.723336
139	137	0.75596
139	138	0.75219
139	140	1.58452
139	141	0.751589
139	142	0.777866
139	143	0.743948
139	150	2.3696
139	151	0.770239
139	157	0.764825
139	159	0.774469
139	161	0.682763
139	171	0.682448
139	173	0.767703
139	174	2.21899
139	179	3.99094
140	14	1.93465
140	25	2.34476
140	55	1.86476
140	66	1.88784
140	83	0.766827
140	85	0.849158
140	90	1.89107
140	98	0.810918
140	101	0.784449
140	111	0.809351
140	123	2.58334
140	125	0.79116
140	126	0.78399
140	130	0.728036
140	132	0.746196
140	138	2.30906
140	139	1.58452
140	145	0.802606
140	146	0.781051
140	147	0.700893
140	148	0.794943
140	150	0.785669
140	152	0.707907
140	156	0.719649
140	158	0.758533
140	161	0.705624
140	162	0.791937
140	164	0.721106
140	166	0.703569
140	167	0.716848
140	168	0.726554
140	169	0.724799
140	170	0.727475
140	171	0.705309
140	172	0.704223
140	174	0.76492
140	175	0.714302
140	176	0.706398
140	178	0.675496
140	179	0.702666
140	180	0.686653
141	3	0.129306
141	16	4.02506
141	17	0.710558
141	20	0.783041
141	33	0.706489
141	63	0.727734
141	67	0.769944
141	72	0.749827
141	84	2.081
141	87	0.730751
141	88	0.724012
141	90	0.75974
141	91	0.722669
141	96	0.752464
141	102	0.776208
141	106	0.769163
141	110	0.733184
141	111	1.40164
141	113	0.756011
141	115	0.757869
141	120	0.74445
141	122	0.738774
141	123	0.737531
141	124	0.789193
141	125	1.49045
141	128	0.743443
141	135	0.758595
141	137	0.747241
141	138	0.743471
141	139	0.751589
141	142	0.769147
141	143	0.73523
141	151	0.76152
141	156	4.0035
141	159	0.76575
141	162	1.86077
141	165	0.763273
141	167	0.685269
141	171	0.67373
141	173	0.758984
141	179	3.81575
142	9	0.745374
142	14	0.733777
142	23	0.790109
142	33	0.732766
142	38	0.729943
142	56	0.750815
142	57	0.764575
142	58	0.759202
142	59	0.759886
142	69	0.799
142	72	0.776104
142	88	0.75029
142	89	0.789944
142	91	0.748946
142	93	0.779147
142	102	0.802486
142	103	0.798399
142	107	0.750492
142	118	0.771669
142	124	0.815471
142	128	0.769721
142	131	0.738414
142	135	0.784872
142	137	0.773519
142	138	0.769749
142	139	0.777866
142	141	0.769147
142	143	0.761507
142	147	6.59789
142	148	1.32874
142	151	0.787797
142	153	1.86008
142	159	0.792028
142	160	1.15088
142	161	3.98961
142	162	1.21647
142	165	0.789551
142	167	3.5485
142	171	0.700007
142	172	3.41685
142	173	0.785262
143	9	0.711456
143	12	0.790575
143	14	0.699859
143	18	0.775723
143	23	0.756191
143	31	0.774977
143	34	0.774785
143	44	0.712285
143	56	0.716897
143	57	0.730658
143	58	0.725285
143	59	0.725968
143	69	0.765083
143	72	0.742186
143	77	1.11605
143	88	0.716372
143	89	0.756027
143	91	0.715028
143	93	0.745229
143	102	0.768568
143	103	0.764481
143	114	0.583418
143	118	0.737751
143	128	0.735803
143	131	0.704496
143	135	0.750954
143	137	0.739601
143	138	0.735831
143	139	0.743948
143	141	0.73523
143	142	0.761507
143	151	0.75388
143	158	1.8851
143	159	0.75811
143	161	4.74483
143	162	1.97169
143	165	0.755633
143	171	0.666089
143	173	0.751344
143	174	2.15471
143	179	3.92666
143	180	5.30563
144	67	2.13686
144	71	0.714564
144	81	1.95538
144	83	0.740935
144	89	1.19205
144	101	0.758557
144	105	0.756024
144	108	0.772669
144	123	3.46098
144	125	0.765268
144	129	0.767167
144	130	0.702145
144	131	0.717824
144	133	0.738902
144	134	0.729286
144	145	0.776715
144	146	0.75516
144	148	0.769051
144	149	0.727035
144	150	0.759778
144	151	1.56201
144	152	0.682016
144	153	0.727362
144	155	0.772089
144	158	0.732642
144	160	0.74083
144	163	0.671057
144	164	0.695214
144	165	1.8819
144	166	0.677677
144	168	0.700662
144	170	0.701584
144	171	0.679417
144	172	0.678331
144	173	2.16245
144	174	0.739029
144	175	0.688411
144	176	0.680507
144	177	0.694906
144	178	0.649604
144	179	0.676775
144	180	0.660761
145	10	1.6298
145	19	2.2281
145	20	3.02409
145	42	1.05071
145	63	3.17767
145	68	0.789813
145	80	0.850902
145	100	0.813987
145	102	0.992527
145	105	0.778494
145	108	0.795138
145	114	0.822822
145	122	2.13792
145	124	0.817351
145	129	0.789636
145	130	0.724615
145	136	0.810985
145	140	0.802606
145	144	0.776715
145	146	0.777629
145	147	0.697471
145	148	0.791521
145	150	0.782247
145	153	0.749832
145	154	0.766256
145	156	0.716228
145	158	0.755112
145	159	0.810031
145	160	0.7633
145	163	0.693526
145	164	0.717684
145	166	0.700147
145	167	0.713426
145	168	0.723132
145	169	0.721377
145	170	0.724053
145	171	0.701887
145	172	0.700801
145	173	1.29203
145	174	0.761498
145	175	0.71088
145	176	0.702977
145	178	0.672074
145	179	0.699245
145	180	0.683231
146	15	0.859781
146	48	0.955688
146	56	2.31447
146	65	0.82441
146	79	2.88563
146	83	0.74185
146	84	0.737572
146	101	0.759472
146	108	0.773583
146	114	0.801267
146	119	0.729642
146	120	1.88827
146	123	2.8273
146	125	0.766183
146	133	0.739816
146	134	0.730201
146	140	0.781051
146	144	0.75516
146	145	0.777629
146	147	0.675916
146	148	0.769966
146	151	0.928331
146	154	0.744701
146	155	0.773003
146	156	0.694672
146	157	2.53705
146	158	0.733556
146	160	0.741745
146	162	0.76696
146	163	0.671971
146	164	0.696128
146	165	1.24822
146	166	0.678592
146	167	0.691871
146	168	0.701577
146	169	0.699822
146	170	0.702498
146	171	0.680332
146	174	0.739943
146	175	0.689325
146	176	0.681421
146	177	0.695821
146	178	0.650519
146	179	0.677689
146	180	0.661676
147	4	0.641625
147	6	5.72448
147	48	4.07763
147	80	0.749189
147	82	0.638557
147	92	0.666105
147	101	0.679313
147	104	0.673451
147	105	0.67678
147	114	0.721109
147	119	0.649483
147	125	0.686025
147	129	0.687923
147	131	0.63858
147	133	0.659658
147	134	0.650043
147	136	0.709272
147	140	0.700893
147	142	6.59789
147	145	0.697471
147	146	0.675916
147	152	0.602772
147	153	0.648118
147	154	0.664543
147	156	0.614514
147	158	0.653398
147	160	0.661587
147	162	0.686801
147	164	0.61597
147	166	0.598433
147	167	0.611713
147	168	0.621419
147	169	0.619663
147	170	0.62234
147	172	0.599088
147	175	0.609167
147	176	0.601263
147	177	0.615663
147	178	0.57036
147	179	0.597531
147	180	0.581518
148	19	2.10434
148	35	1.55162
148	38	0.747764
148	46	0.807979
148	53	3.3754
148	71	0.72937
148	83	0.755741
148	88	2.22243
148	91	3.76312
148	98	0.799832
148	104	0.767501
148	108	0.787475
148	112	0.818653
148	117	0.808483
148	119	0.743533
148	121	0.775618
148	125	0.780075
148	130	0.716951
148	131	0.73263
148	133	0.753708
148	134	0.744093
148	136	0.803322
148	137	1.34898
148	140	0.794943
148	142	1.32874
148	144	0.769051
148	145	0.791521
148	146	0.769966
148	150	0.774584
148	152	0.696822
148	158	0.747448
148	160	0.755637
148	162	0.780851
148	163	0.685863
148	164	0.71002
148	166	0.692483
148	170	0.71639
148	172	0.693138
148	173	1.16827
148	174	0.753835
148	175	0.703217
148	176	0.695313
148	177	0.709713
148	178	0.66441
148	179	0.691581
148	180	0.675568
149	6	0.781418
149	7	0.700569
149	11	0.773794
149	16	0.654369
149	21	1.86003
149	22	0.692457
149	27	0.767489
149	30	2.85101
149	42	0.73319
149	45	0.662617
149	49	0.736099
149	54	1.30281
149	64	0.692473
149	69	0.751201
149	73	0.684839
149	74	0.732235
149	79	3.385
149	81	0.710042
149	86	0.698242
149	92	0.71814
149	100	0.764307
149	107	0.781873
149	118	3.28683
149	120	2.38764
149	121	0.733603
149	123	3.32667
149	125	0.738059
149	127	0.726685
149	134	0.702077
149	136	0.761306
149	144	0.727035
149	154	0.716577
149	155	0.744879
149	156	0.666548
149	158	0.705432
149	161	0.652522
149	162	0.738835
149	163	0.643847
149	165	0.741751
149	170	0.674374
149	172	0.651122
149	175	0.661201
149	176	0.653297
149	177	0.667697
149	178	0.622395
149	180	0.633552
150	1	1.48541
150	54	1.34455
150	74	2.82121
150	83	0.746468
150	98	0.790559
150	100	0.79705
150	104	0.758227
150	106	2.66743
150	117	0.799209
150	119	0.73426
150	121	0.766345
150	127	2.3951
150	129	0.772699
150	132	0.725837
150	133	0.744435
150	135	2.59842
150	136	0.794048
150	139	2.3696
150	140	0.785669
150	144	0.759778
150	145	0.782247
150	148	0.774584
150	151	1.46944
150	152	0.687549
150	153	0.732895
150	154	0.749319
150	155	0.777621
150	156	0.69929
150	160	0.746363
150	163	0.676589
150	164	0.700747
150	166	0.68321
150	167	0.696489
150	168	0.706195
150	169	0.70444
150	170	0.707116
150	171	0.68495
150	172	0.683864
150	174	0.744561
150	175	0.693943
150	176	0.686039
150	177	0.700439
150	178	0.655137
150	179	0.682307
150	180	0.666294
151	9	0.737746
151	12	0.816866
151	14	0.72615
151	18	0.802014
151	23	0.782481
151	31	0.801268
151	33	0.725139
151	34	0.801075
151	44	0.738575
151	56	0.743188
151	57	0.756948
151	58	0.751575
151	59	0.752258
151	69	0.791373
151	72	0.768477
151	88	0.742662
151	89	0.782317
151	91	0.741319
151	93	0.771519
151	102	0.794858
151	103	0.790772
151	111	0.676678
151	118	0.764041
151	124	0.807843
151	128	0.762093
151	131	0.730786
151	132	1.49728
151	135	0.777245
151	137	0.765891
151	138	0.762121
151	139	0.770239
151	141	0.76152
151	142	0.787797
151	143	0.75388
151	144	1.56201
151	146	0.928331
151	150	1.46944
151	159	0.7844
151	164	2.89384
151	165	0.781923
151	167	3.46785
151	170	2.55245
151	171	0.69238
151	173	0.777634
151	179	3.09079
151	180	4.46975
152	21	4.66243
152	57	3.81115
152	68	0.695114
152	75	0.7454
152	84	0.664429
152	95	4.19538
152	98	0.712797
152	101	0.686328
152	102	4.53104
152	104	0.680465
152	109	0.673304
152	111	0.711231
152	112	0.731618
152	114	0.728124
152	121	0.688583
152	124	0.722652
152	129	0.694938
152	134	0.657057
152	140	0.707907
152	144	0.682016
152	147	0.602772
152	148	0.696822
152	150	0.687549
152	153	0.655133
152	154	0.671557
152	155	0.69986
152	156	0.621529
152	158	0.660413
152	160	0.668601
152	162	0.693816
152	164	0.622985
152	167	0.618728
152	168	0.628433
152	169	0.626678
152	170	0.629354
152	171	0.607188
152	172	0.606102
152	175	0.616182
152	176	0.608278
152	177	0.622677
152	178	0.577375
152	179	0.604546
152	180	0.588532
153	4	0.693986
153	32	2.2104
153	67	2.35427
153	71	0.687681
153	75	0.790746
153	76	3.81702
153	96	3.3255
153	100	0.764634
153	104	0.725811
153	105	0.729141
153	111	0.756577
153	112	0.776964
153	114	0.77347
153	116	2.72324
153	117	0.766794
153	119	0.701844
153	121	0.733929
153	124	0.767998
153	125	0.738385
153	130	0.675262
153	133	0.712019
153	134	0.702403
153	142	1.86008
153	144	0.727362
153	145	0.749832
153	147	0.648118
153	150	0.732895
153	152	0.655133
153	154	0.716903
153	155	0.745206
153	156	0.666875
153	158	0.705759
153	160	0.713947
153	163	0.644174
153	164	0.668331
153	165	2.09931
153	166	0.650794
153	168	0.673779
153	169	0.672024
153	170	0.6747
153	172	0.651448
153	174	0.712146
153	175	0.661528
153	176	0.653624
153	177	0.668023
153	178	0.622721
153	179	0.649892
153	180	0.633878
154	5	2.77431
154	47	0.791578
154	52	2.52649
154	63	3.689
154	68	0.756885
154	71	0.704105
154	84	0.726199
154	85	0.812808
154	87	0.963378
154	93	2.44836
154	100	0.781059
154	102	1.50386
154	108	0.76221
154	112	0.793389
154	117	0.783218
154	119	0.718269
154	123	3.1019
154	125	0.75481
154	130	0.691686
154	133	0.728443
154	134	0.718828
154	136	0.778057
154	145	0.766256
154	146	0.744701
154	147	0.664543
154	149	0.716577
154	150	0.749319
154	152	0.671557
154	153	0.716903
154	155	0.76163
154	160	0.730372
154	161	0.669274
154	162	0.755587
154	163	0.660598
154	164	0.684755
154	166	0.667219
154	167	0.680498
154	168	0.690204
154	169	0.688449
154	170	0.691125
154	172	0.667873
154	173	1.80336
154	174	0.72857
154	175	0.677952
154	176	0.670048
154	177	0.684448
154	178	0.639146
154	179	0.666316
154	180	0.650303
155	3	0.885196
155	15	0.87671
155	24	0.787135
155	29	1.9446
155	30	1.84938
155	65	0.841339
155	76	2.46367
155	80	0.846276
155	88	2.08068
155	92	0.763193
155	93	1.67151
155	104	0.770538
155	105	0.773868
155	107	0.826927
155	111	0.801304
155	113	1.49028
155	115	2.2723
155	117	0.811521
155	120	1.38602
155	130	0.719989
155	133	0.756746
155	138	2.05076
155	144	0.772089
155	146	0.773003
155	149	0.744879
155	150	0.777621
155	152	0.69986
155	153	0.745206
155	154	0.76163
155	157	2.03479
155	158	0.750486
155	160	0.758674
155	161	0.697576
155	162	0.783889
155	163	0.6889
155	164	0.713058
155	166	0.695521
155	167	0.7088
155	168	0.718506
155	169	0.716751
155	170	0.719427
155	171	0.697261
155	172	0.696175
155	174	0.756872
155	175	0.706254
155	176	0.698351
155	177	0.71275
155	178	0.667448
155	179	0.694619
155	180	0.678605
156	24	0.708804
156	40	0.702689
156	42	3.63766
156	45	0.62934
156	71	0.654077
156	75	0.757142
156	82	0.657314
156	83	0.680448
156	85	0.762779
156	95	3.24382
156	105	0.695537
156	106	4.47652
156	108	0.712181
156	109	0.685045
156	112	0.74336
156	117	0.73319
156	120	4.23849
156	121	0.700325
156	125	0.704781
156	129	0.70668
156	131	0.657337
156	133	0.678415
156	136	0.728028
156	140	0.719649
156	141	4.0035
156	145	0.716228
156	146	0.694672
156	147	0.614514
156	149	0.666548
156	150	0.69929
156	152	0.621529
156	153	0.666875
156	158	0.672155
156	160	0.680343
156	161	0.619245
156	164	0.634727
156	166	0.61719
156	167	0.630469
156	168	0.640175
156	169	0.63842
156	170	0.641096
156	171	0.61893
156	172	0.617844
156	175	0.627923
156	176	0.62002
156	177	0.634419
156	178	0.589117
156	179	0.616288
156	180	0.600274
157	3	1.01306
157	5	0.732302
157	8	0.813396
157	17	0.723795
157	19	0.792205
157	20	0.796278
157	26	0.732158
157	28	0.793946
157	32	0.789003
157	37	0.709034
157	41	0.776827
157	43	0.762588
157	48	0.770289
157	50	0.753737
157	52	0.754721
157	53	0.75236
157	54	0.810212
157	61	0.743782
157	63	0.74097
157	65	0.985833
157	67	0.783181
157	70	0.739372
157	76	0.765267
157	77	1.88889
157	79	0.751198
157	85	1.21805
157	87	0.743988
157	91	0.735905
157	94	0.731487
157	95	0.768176
157	97	0.762872
157	98	1.44556
157	99	0.761157
157	104	2.85059
157	106	0.782399
157	109	0.753082
157	110	0.746421
157	112	1.09724
157	115	0.771106
157	116	0.77329
157	120	0.757687
157	122	0.752011
157	123	0.750768
157	132	0.727854
157	135	0.771831
157	139	0.764825
157	146	2.53705
157	155	2.03479
157	161	0.687281
157	162	2.74453
157	167	0.698506
157	171	5.02585
157	173	0.772221
158	2	0.839864
158	4	0.699266
158	35	2.03301
158	47	0.780433
158	56	2.43536
158	70	2.58968
158	79	3.00653
158	82	0.696198
158	83	0.719332
158	86	2.92629
158	92	0.723746
158	98	0.763423
158	108	0.751065
158	112	0.782244
158	117	0.772074
158	118	2.90835
158	124	0.773278
158	125	0.743665
158	128	2.6157
158	129	0.745564
158	130	0.680542
158	134	0.707683
158	136	0.766912
158	140	0.758533
158	143	1.8851
158	144	0.732642
158	145	0.755112
158	146	0.733556
158	147	0.653398
158	148	0.747448
158	149	0.705432
158	152	0.660413
158	153	0.705759
158	155	0.750486
158	156	0.672155
158	160	0.719227
158	161	0.658129
158	162	0.744442
158	164	0.673611
158	166	0.656074
158	167	0.669354
158	168	0.679059
158	170	0.67998
158	172	0.656728
158	174	0.717426
158	175	0.666807
158	176	0.658904
158	177	0.673303
158	178	0.628001
158	179	0.655172
158	180	0.639158
159	10	0.73893
159	13	0.816955
159	15	0.083238
159	25	0.720574
159	29	0.805938
159	30	0.794614
159	31	0.805498
159	35	0.781267
159	36	0.758233
159	39	0.774294
159	40	1.73044
159	51	0.8208
159	56	0.747418
159	57	0.761178
159	60	0.753791
159	62	0.735913
159	66	0.787962
159	69	0.795603
159	72	0.772707
159	78	0.764316
159	84	1.47448
159	88	0.746893
159	89	0.786547
159	93	0.77575
159	102	0.799089
159	103	0.795002
159	118	0.768272
159	127	0.771087
159	128	0.766324
159	129	1.21688
159	131	0.735017
159	137	0.770122
159	138	0.766352
159	139	0.774469
159	141	0.76575
159	142	0.792028
159	143	0.75811
159	145	0.810031
159	151	0.7844
159	160	1.18867
159	162	0.783238
159	163	4.83462
159	165	0.786154
159	166	3.37723
159	170	2.67089
159	173	0.781865
159	174	0.756222
159	177	2.57187
159	180	4.58819
160	2	0.848053
160	24	0.755877
160	34	1.80794
160	46	0.779758
160	47	0.788621
160	68	0.753929
160	77	0.799242
160	80	0.815018
160	84	0.723243
160	94	2.5999
160	97	3.79801
160	98	0.771612
160	100	0.778102
160	101	0.745142
160	103	2.69222
160	105	0.742609
160	115	2.91646
160	118	2.92936
160	121	0.747398
160	122	2.51656
160	130	0.68873
160	132	0.70689
160	133	0.725487
160	136	0.775101
160	142	1.15088
160	144	0.74083
160	145	0.7633
160	146	0.741745
160	147	0.661587
160	148	0.755637
160	150	0.746363
160	152	0.668601
160	153	0.713947
160	154	0.730372
160	155	0.758674
160	156	0.680343
160	158	0.719227
160	159	1.18867
160	161	0.666317
160	163	0.657642
160	164	0.681799
160	166	0.664262
160	167	0.677542
160	168	0.687248
160	169	0.685493
160	170	0.688169
160	172	0.664917
160	174	0.725614
160	175	0.674996
160	176	0.667092
160	177	0.681492
160	178	0.63619
160	179	0.66336
160	180	0.647347
161	4	0.646356
161	5	0.65024
161	8	0.731333
161	10	4.84717
161	16	0.607066
161	19	0.710143
161	26	0.650096
161	28	0.711884
161	32	0.706941
161	37	0.626972
161	41	0.694765
161	43	0.680526
161	45	0.615314
161	48	0.688227
161	53	0.670298
161	54	0.72815
161	64	4.51606
161	65	0.748982
161	70	0.65731
161	76	0.683205
161	81	4.30233
161	82	0.643288
161	83	0.666422
161	84	0.662145
161	91	0.653843
161	95	0.686114
161	97	0.68081
161	105	0.681511
161	109	0.67102
161	121	0.686299
161	125	0.690755
161	132	0.645792
161	134	0.654773
161	139	0.682763
161	140	0.705624
161	142	3.98961
161	143	4.74483
161	149	0.652522
161	154	0.669274
161	155	0.697576
161	156	0.619245
161	157	0.687281
161	158	0.658129
161	160	0.666317
161	163	0.596544
161	166	0.603164
161	167	0.616444
161	168	0.626149
161	169	0.624394
161	170	0.627071
161	172	0.603818
161	175	0.613898
161	176	0.605994
161	177	0.620393
161	179	0.602262
161	180	0.586248
162	10	0.733537
162	13	0.811562
162	25	0.715181
162	29	0.800545
162	30	0.789221
162	31	2.25799
162	32	1.56679
162	35	0.775874
162	36	0.75284
162	39	0.768901
162	51	0.815407
162	60	0.748398
162	62	0.73052
162	66	0.78257
162	69	1.86672
162	78	0.758923
162	93	2.38125
162	98	0.796826
162	104	0.764495
162	106	2.33379
162	108	0.784469
162	113	2.20001
162	125	0.777069
162	127	0.765695
162	136	0.800315
162	140	0.791937
162	141	1.86077
162	142	1.21647
162	143	1.97169
162	146	0.76696
162	147	0.686801
162	148	0.780851
162	149	0.738835
162	152	0.693816
162	154	0.755587
162	155	0.783889
162	157	2.74453
162	158	0.744442
162	159	0.783238
162	163	0.682857
162	164	0.707014
162	168	0.712462
162	169	0.710707
162	170	0.713384
162	172	0.690132
162	174	0.750829
162	175	0.700211
162	177	0.706706
162	178	0.661404
162	179	0.688575
162	180	0.672561
163	12	4.55714
163	36	0.657852
163	47	0.718848
163	57	4.29723
163	60	3.8349
163	65	0.740307
163	68	0.684155
163	83	0.657747
163	85	0.740078
163	100	0.708329
163	104	0.669506
163	105	0.672836
163	107	0.725895
163	108	0.68948
163	109	0.662344
163	111	0.700272
163	112	0.720659
163	114	0.717164
163	117	0.710488
163	119	0.645539
163	120	5.67612
163	121	0.677624
163	126	0.67491
163	129	0.683978
163	130	0.618956
163	131	0.634635
163	132	0.637116
163	133	0.655714
163	134	0.646098
163	136	0.705327
163	144	0.671057
163	145	0.693526
163	146	0.671971
163	148	0.685863
163	149	0.643847
163	150	0.676589
163	153	0.644174
163	154	0.660598
163	155	0.6889
163	159	4.83462
163	160	0.657642
163	161	0.596544
163	162	0.682857
163	164	0.612026
163	166	0.594489
163	167	0.607768
163	168	0.617474
163	169	0.615719
163	170	0.618395
163	171	0.596229
163	172	0.595143
163	174	0.65584
163	175	0.605222
163	176	0.597319
163	177	0.611718
163	178	0.566416
163	179	0.593587
163	180	0.577573
164	8	3.52931
164	15	0.799836
164	16	0.622548
164	25	4.55424
164	43	4.40461
164	47	0.743005
164	54	2.76895
164	65	0.764464
164	68	0.708312
164	71	0.655533
164	77	0.753625
164	85	0.764235
164	87	2.65429
164	100	0.732486
164	101	0.699526
164	102	3.19478
164	107	0.750052
164	108	0.713637
164	109	0.686502
164	111	0.724429
164	114	0.741322
164	119	0.669696
164	124	0.73585
164	126	0.699068
164	130	0.643114
164	132	0.661274
164	133	0.679871
164	134	0.670255
164	136	0.729484
164	140	0.721106
164	144	0.695214
164	145	0.717684
164	146	0.696128
164	147	0.61597
164	148	0.71002
164	150	0.700747
164	151	2.89384
164	152	0.622985
164	153	0.668331
164	154	0.684755
164	155	0.713058
164	156	0.634727
164	158	0.673611
164	160	0.681799
164	162	0.707014
164	163	0.612026
164	166	0.618646
164	167	0.631926
164	168	0.641631
164	169	0.639876
164	170	0.642552
164	171	0.620386
164	172	0.6193
164	174	0.679998
164	175	0.62938
164	176	0.621476
164	177	0.635875
164	178	0.590573
164	179	0.617744
164	180	0.60173
165	1	0.835068
165	4	3.98981
165	6	0.823343
165	7	0.742494
165	9	0.739499
165	11	0.815719
165	14	0.727903
165	16	0.696294
165	22	0.734382
165	23	0.784234
165	27	0.809414
165	31	0.803021
165	33	0.726892
165	38	0.724069
165	42	0.775115
165	49	0.778024
165	57	0.758701
165	58	0.753328
165	64	0.734399
165	65	0.273515
165	69	0.793126
165	71	3.50832
165	72	0.77023
165	73	0.726764
165	74	0.77416
165	81	0.751967
165	86	0.740167
165	88	0.744415
165	89	0.78407
165	92	0.760065
165	93	0.773273
165	102	0.796611
165	103	0.792525
165	105	2.20754
165	107	0.823799
165	117	1.37429
165	118	0.765794
165	125	1.08538
165	126	0.772814
165	127	0.76861
165	128	0.763846
165	131	0.732539
165	133	1.4919
165	135	0.778998
165	136	0.74012
165	137	0.767645
165	138	0.763875
165	141	0.763273
165	142	0.789551
165	143	0.755633
165	144	1.8819
165	146	1.24822
165	149	0.741751
165	151	0.781923
165	153	2.09931
165	159	0.786154
165	168	2.67847
165	171	0.694133
165	173	0.779388
165	176	2.99576
166	3	0.790785
166	14	4.50907
166	24	0.692724
166	45	0.613259
166	46	0.716605
166	65	0.746927
166	71	0.637996
166	75	0.741061
166	77	0.736089
166	80	0.751865
166	82	0.641233
166	83	0.664367
166	84	0.66009
166	88	4.91339
166	94	4.78846
166	95	3.22407
166	98	0.708458
166	101	0.681989
166	105	0.679456
166	109	0.668965
166	111	0.706892
166	112	0.727279
166	117	0.717109
166	119	0.652159
166	121	0.684244
166	125	0.688701
166	126	0.681531
166	129	0.690599
166	131	0.641256
166	133	0.662334
166	134	0.652718
166	135	4.38776
166	136	0.711947
166	140	0.703569
166	144	0.677677
166	145	0.700147
166	146	0.678592
166	147	0.598433
166	148	0.692483
166	150	0.68321
166	153	0.650794
166	154	0.667219
166	155	0.695521
166	156	0.61719
166	158	0.656074
166	159	3.37723
166	160	0.664262
166	161	0.603164
166	163	0.594489
166	164	0.618646
166	167	0.614389
166	168	0.624094
166	169	0.622339
166	170	0.625016
166	171	0.602849
166	172	0.601764
166	174	0.662461
166	175	0.611843
166	176	0.603939
166	177	0.618338
166	178	0.573036
166	179	0.600207
166	180	0.584193
167	17	0.652957
167	20	0.72544
167	21	0.669206
167	32	3.89883
167	37	4.11412
167	38	0.646065
167	50	0.6829
167	52	0.683884
167	55	0.681581
167	60	2.58657
167	61	0.672944
167	63	0.670133
167	65	0.760207
167	66	4.67132
167	67	0.712344
167	72	4.5128
167	79	0.680361
167	84	0.67337
167	87	0.673151
167	90	0.702139
167	94	0.660649
167	96	0.694863
167	99	0.690319
167	106	0.711562
167	110	0.675583
167	113	0.69841
167	115	0.700268
167	116	0.702452
167	119	0.665439
167	120	0.686849
167	122	0.681173
167	123	0.679931
167	126	0.69481
167	129	0.703878
167	133	0.675614
167	134	0.665998
167	135	0.700994
167	140	0.716848
167	141	0.685269
167	142	3.5485
167	145	0.713426
167	146	0.691871
167	147	0.611713
167	150	0.696489
167	151	3.46785
167	152	0.618728
167	154	0.680498
167	155	0.7088
167	156	0.630469
167	157	0.698506
167	158	0.669354
167	160	0.677542
167	161	0.616444
167	163	0.607768
167	164	0.631926
167	166	0.614389
167	168	0.637374
167	169	0.635619
167	170	0.638295
167	172	0.615043
167	173	0.701384
167	174	0.67574
167	176	0.617218
167	177	0.631618
167	178	0.586316
167	179	0.613486
167	180	0.597473
168	34	3.0963
168	40	0.709594
168	44	0.67203
168	46	0.73959
168	52	3.68215
168	67	2.93343
168	69	3.08949
168	71	0.660981
168	77	0.759074
168	80	0.77485
168	82	0.664218
168	85	0.769684
168	92	0.691767
168	100	0.737934
168	101	0.704974
168	104	0.699112
168	105	0.702441
168	107	0.7555
168	108	0.719086
168	111	0.729877
168	112	0.750265
168	114	0.74677
168	117	0.740094
168	119	0.675144
168	121	0.70723
168	125	0.711686
168	127	3.28424
168	129	0.713584
168	130	0.648562
168	133	0.685319
168	134	0.675704
168	135	3.48756
168	136	0.734933
168	140	0.726554
168	144	0.700662
168	145	0.723132
168	146	0.701577
168	147	0.621419
168	150	0.706195
168	152	0.628433
168	153	0.673779
168	154	0.690204
168	155	0.718506
168	156	0.640175
168	158	0.679059
168	160	0.687248
168	161	0.626149
168	162	0.712462
168	163	0.617474
168	164	0.641631
168	165	2.67847
168	166	0.624094
168	167	0.637374
168	169	0.645325
168	170	0.648001
168	171	0.625835
168	172	0.624749
168	173	2.95902
168	174	0.685446
168	175	0.634828
168	176	0.626924
168	177	0.641324
168	178	0.596022
168	179	0.623192
168	180	0.607179
169	5	3.65152
169	8	2.71561
169	18	3.2446
169	24	0.713954
169	39	3.1808
169	40	0.707839
169	46	0.737835
169	55	3.26053
169	65	0.768158
169	68	0.712006
169	71	0.659226
169	75	0.762292
169	77	0.757319
169	80	0.773095
169	82	0.662463
169	83	0.685597
169	84	0.68132
169	85	0.767929
169	90	3.28684
169	92	0.690012
169	98	0.729689
169	100	0.736179
169	101	0.703219
169	102	2.38108
169	105	0.700686
169	107	0.753745
169	108	0.717331
169	109	0.690195
169	111	0.728122
169	112	0.74851
169	114	0.745015
169	117	0.738339
169	119	0.673389
169	121	0.705474
169	124	0.739543
169	125	0.709931
169	129	0.711829
169	130	0.646807
169	131	0.662486
169	132	0.664967
169	134	0.673949
169	135	3.20911
169	136	0.733178
169	140	0.724799
169	145	0.721377
169	146	0.699822
169	147	0.619663
169	150	0.70444
169	152	0.626678
169	153	0.672024
169	154	0.688449
169	155	0.716751
169	156	0.63842
169	160	0.685493
169	161	0.624394
169	162	0.710707
169	163	0.615719
169	164	0.639876
169	166	0.622339
169	167	0.635619
169	168	0.645325
169	170	0.646246
169	171	0.624079
169	172	0.622994
169	173	2.68058
169	175	0.633073
169	176	0.625169
169	177	0.639569
169	178	0.594267
169	179	0.621437
169	180	0.605424
170	2	0.808806
170	4	0.668208
170	23	3.4635
170	27	2.42364
170	37	3.19873
170	46	0.740511
170	55	3.73285
170	59	3.88167
170	68	0.714682
170	71	0.661902
170	75	0.764968
170	77	0.759995
170	80	0.775771
170	82	0.665139
170	83	0.688274
170	84	0.683996
170	85	0.770605
170	99	3.62287
170	101	0.705895
170	102	2.85339
170	104	0.700033
170	107	0.756422
170	108	0.720007
170	109	0.692871
170	111	0.730798
170	112	0.751186
170	117	0.741015
170	119	0.676066
170	121	0.708151
170	124	0.74222
170	126	0.705437
170	129	0.714505
170	130	0.649483
170	132	0.667643
170	133	0.68624
170	134	0.676625
170	136	0.735854
170	140	0.727475
170	144	0.701584
170	145	0.724053
170	146	0.702498
170	147	0.62234
170	148	0.71639
170	149	0.674374
170	150	0.707116
170	151	2.55245
170	152	0.629354
170	153	0.6747
170	154	0.691125
170	155	0.719427
170	156	0.641096
170	158	0.67998
170	159	2.67089
170	160	0.688169
170	161	0.627071
170	162	0.713384
170	163	0.618395
170	164	0.642552
170	166	0.625016
170	167	0.638295
170	168	0.648001
170	169	0.646246
170	171	0.626756
170	172	0.62567
170	174	0.686367
170	175	0.635749
170	176	0.627845
170	177	0.642245
170	178	0.596943
170	179	0.624113
170	180	0.6081
171	9	0.649956
171	12	0.729075
171	18	0.714223
171	31	0.713477
171	33	0.637349
171	34	0.713285
171	38	0.634525
171	42	3.77626
171	49	4.34094
171	50	4.02924
171	56	0.655397
171	57	0.669158
171	58	0.663785
171	60	2.53586
171	68	0.692516
171	69	0.703583
171	72	0.680686
171	75	0.742802
171	77	0.737829
171	81	3.81051
171	84	0.66183
171	88	0.654872
171	89	0.694527
171	91	0.653528
171	93	0.683729
171	102	0.707068
171	103	0.702981
171	111	0.708632
171	112	0.729019
171	113	4.48134
171	117	0.718849
171	118	0.676251
171	121	0.685984
171	128	0.674303
171	130	0.627317
171	131	0.642996
171	134	0.654459
171	135	0.689454
171	137	0.678101
171	138	0.674331
171	139	0.682448
171	140	0.705309
171	141	0.67373
171	142	0.700007
171	143	0.666089
171	144	0.679417
171	145	0.701887
171	146	0.680332
171	150	0.68495
171	151	0.69238
171	152	0.607188
171	155	0.697261
171	156	0.61893
171	157	5.02585
171	163	0.596229
171	164	0.620386
171	165	0.694133
171	166	0.602849
171	168	0.625835
171	169	0.624079
171	170	0.626756
171	172	0.603504
171	173	0.689844
171	174	0.664201
171	175	0.613583
171	176	0.605679
171	177	0.620079
171	178	0.574776
171	179	0.601947
171	180	0.585934
172	3	0.791439
172	4	0.644956
172	15	0.782953
172	24	0.693378
172	28	3.3361
172	35	4.31998
172	40	0.687263
172	41	3.44713
172	44	0.649699
172	45	0.613913
172	47	0.726123
172	65	0.747582
172	70	4.87665
172	71	0.63865
172	73	4.27733
172	77	0.736743
172	83	0.665022
172	84	0.660744
172	98	0.709113
172	100	0.715604
172	101	0.682643
172	104	0.676781
172	105	0.680111
172	107	0.73317
172	108	0.696755
172	109	0.669619
172	111	0.707546
172	112	0.727934
172	114	0.724439
172	117	0.717763
172	121	0.684899
172	125	0.689355
172	126	0.682185
172	129	0.691253
172	130	0.626231
172	132	0.644391
172	134	0.653373
172	136	0.712602
172	140	0.704223
172	142	3.41685
172	144	0.678331
172	145	0.700801
172	147	0.599088
172	148	0.693138
172	149	0.651122
172	150	0.683864
172	152	0.606102
172	153	0.651448
172	154	0.667873
172	155	0.696175
172	156	0.617844
172	158	0.656728
172	160	0.664917
172	161	0.603818
172	162	0.690132
172	163	0.595143
172	164	0.6193
172	166	0.601764
172	167	0.615043
172	168	0.624749
172	169	0.622994
172	170	0.62567
172	171	0.603504
172	173	3.93663
172	174	0.663115
172	175	0.612497
172	176	0.604593
172	177	0.618993
172	178	0.573691
172	179	0.600861
172	180	0.584848
173	9	0.735211
173	12	0.81433
173	14	0.723614
173	17	0.726673
173	18	0.799478
173	20	0.799156
173	21	0.742922
173	23	0.779946
173	33	0.722604
173	34	0.79854
173	38	0.71978
173	40	2.21244
173	44	0.73604
173	50	0.756615
173	52	0.757599
173	55	0.755297
173	56	0.740652
173	57	0.754413
173	58	0.749039
173	59	0.749723
173	61	0.74666
173	63	0.743848
173	67	0.786059
173	72	0.765941
173	75	0.66962
173	79	0.754076
173	85	0.209766
173	87	0.746866
173	88	0.740127
173	89	0.779781
173	90	0.775855
173	91	0.738783
173	93	0.768984
173	94	0.734365
173	96	0.768579
173	99	0.764035
173	102	0.792323
173	103	0.788236
173	106	0.785277
173	107	1.27027
173	109	2.27273
173	110	0.749298
173	113	0.772125
173	115	0.773984
173	116	0.776168
173	118	0.761506
173	119	2.52674
173	120	0.760565
173	122	0.754889
173	123	0.753646
173	124	0.805308
173	125	1.36593
173	128	0.759558
173	131	0.728251
173	132	2.09772
173	133	1.77245
173	135	0.774709
173	137	0.763356
173	138	0.759586
173	139	0.767703
173	141	0.758984
173	142	0.785262
173	143	0.751344
173	144	2.16245
173	145	1.29203
173	148	1.16827
173	151	0.777634
173	154	1.80336
173	157	0.772221
173	159	0.781865
173	165	0.779388
173	167	0.701384
173	168	2.95902
173	169	2.68058
173	171	0.689844
173	172	3.93663
174	10	0.706521
174	13	0.784545
174	17	2.68533
174	25	0.688165
174	29	0.773528
174	30	0.762205
174	35	0.748858
174	36	0.725824
174	39	0.741884
174	51	0.788391
174	52	2.6424
174	60	0.721382
174	61	1.41189
174	62	0.703503
174	66	0.755553
174	69	2.04974
174	72	2.36379
174	75	0.802413
174	78	0.731906
174	81	1.7122
174	86	3.1959
174	108	0.757452
174	115	3.16506
174	117	0.77846
174	119	0.713511
174	125	0.750052
174	126	0.742882
174	127	0.738678
174	133	0.723686
174	136	0.773299
174	139	2.21899
174	140	0.76492
174	143	2.15471
174	144	0.739029
174	145	0.761498
174	146	0.739943
174	148	0.753835
174	150	0.744561
174	153	0.712146
174	154	0.72857
174	155	0.756872
174	158	0.717426
174	159	0.756222
174	160	0.725614
174	162	0.750829
174	163	0.65584
174	164	0.679998
174	166	0.662461
174	167	0.67574
174	168	0.685446
174	170	0.686367
174	171	0.664201
174	172	0.663115
174	175	0.673194
174	176	0.665291
174	177	0.67969
174	178	0.634388
174	179	0.661559
174	180	0.645545
175	2	0.795633
175	3	0.801518
175	4	0.655035
175	15	0.793032
175	23	3.2231
175	24	0.703457
175	28	2.31196
175	36	0.675206
175	40	0.697342
175	44	0.659778
175	45	0.623993
175	46	0.727338
175	49	3.23585
175	62	4.70966
175	77	0.746822
175	80	0.762598
175	82	0.651967
175	83	0.675101
175	84	0.670824
175	85	0.757432
175	86	4.18912
175	92	0.679515
175	98	0.719192
175	100	0.725683
175	101	0.692723
175	105	0.69019
175	108	0.706834
175	109	0.679698
175	111	0.717625
175	112	0.738013
175	114	0.734518
175	117	0.727842
175	119	0.662893
175	121	0.694978
175	122	3.75839
175	124	0.729047
175	125	0.699434
175	127	3.23771
175	129	0.701332
175	130	0.63631
175	131	0.651989
175	132	0.65447
175	133	0.673068
175	134	0.663452
175	135	3.44102
175	136	0.722681
175	137	3.0932
175	140	0.714302
175	144	0.688411
175	145	0.71088
175	146	0.689325
175	147	0.609167
175	148	0.703217
175	149	0.661201
175	150	0.693943
175	152	0.616182
175	153	0.661528
175	154	0.677952
175	155	0.706254
175	156	0.627923
175	158	0.666807
175	160	0.674996
175	161	0.613898
175	162	0.700211
175	163	0.605222
175	164	0.62938
175	166	0.611843
175	168	0.634828
175	169	0.633073
175	170	0.635749
175	171	0.613583
175	172	0.612497
175	174	0.673194
175	176	0.614672
175	177	0.629072
175	178	0.58377
175	179	0.61094
175	180	0.594927
176	2	0.787729
176	3	0.793614
176	15	0.785128
176	26	4.36839
176	27	2.54706
176	40	0.689438
176	44	0.651875
176	47	0.728298
176	56	4.06201
176	69	3.40679
176	71	0.640826
176	75	0.743891
176	77	0.738918
176	80	0.754694
176	82	0.644063
176	83	0.667197
176	84	0.66292
176	85	0.749528
176	98	0.711288
176	99	3.7463
176	100	0.717779
176	101	0.684819
176	104	0.678956
176	105	0.682286
176	107	0.735345
176	108	0.69893
176	110	4.63134
176	112	0.730109
176	114	0.726615
176	117	0.719939
176	119	0.654989
176	121	0.687074
176	124	0.721143
176	125	0.69153
176	126	0.684361
176	128	4.24235
176	129	0.693429
176	130	0.628407
176	131	0.644086
176	132	0.646566
176	133	0.665164
176	134	0.655548
176	136	0.714777
176	140	0.706398
176	144	0.680507
176	145	0.702977
176	146	0.681421
176	147	0.601263
176	148	0.695313
176	149	0.653297
176	150	0.686039
176	152	0.608278
176	153	0.653624
176	154	0.670048
176	155	0.698351
176	156	0.62002
176	158	0.658904
176	160	0.667092
176	161	0.605994
176	163	0.597319
176	164	0.621476
176	165	2.99576
176	166	0.603939
176	167	0.617218
176	168	0.626924
176	169	0.625169
176	170	0.627845
176	171	0.605679
176	172	0.604593
176	174	0.665291
176	175	0.614672
176	177	0.621168
176	178	0.575866
176	179	0.603037
176	180	0.587023
177	3	0.808014
177	4	0.661531
177	16	0.62224
177	24	0.709953
177	33	4.71274
177	36	0.681701
177	40	0.703838
177	45	0.630488
177	47	0.742697
177	64	3.06053
177	65	0.764157
177	67	3.02827
177	68	0.708005
177	71	0.655225
177	74	3.8052
177	75	0.758291
177	77	0.753318
177	80	0.769094
177	82	0.658462
177	84	0.677319
177	85	0.763928
177	92	0.686011
177	95	2.41871
177	98	0.725688
177	99	3.52385
177	100	0.732178
177	101	0.699218
177	105	0.696685
177	107	0.749744
177	111	0.724121
177	114	0.741014
177	117	0.734338
177	119	0.669388
177	121	0.701474
177	122	3.89976
177	124	0.735542
177	126	0.69876
177	127	3.37908
177	129	0.707828
177	130	0.642806
177	131	0.658485
177	132	0.660966
177	133	0.679563
177	134	0.669948
177	136	0.729177
177	144	0.694906
177	146	0.695821
177	147	0.615663
177	148	0.709713
177	149	0.667697
177	150	0.700439
177	152	0.622677
177	153	0.668023
177	154	0.684448
177	155	0.71275
177	156	0.634419
177	158	0.673303
177	159	2.57187
177	160	0.681492
177	161	0.620393
177	162	0.706706
177	163	0.611718
177	164	0.635875
177	166	0.618338
177	167	0.631618
177	168	0.641324
177	169	0.639569
177	170	0.642245
177	171	0.620079
177	172	0.618993
177	174	0.67969
177	175	0.629072
177	176	0.621168
177	178	0.590266
177	179	0.617436
177	180	0.601423
178	2	0.756827
178	3	0.762712
178	4	0.616228
178	15	0.754226
178	22	6.23048
178	24	0.664651
178	36	0.636399
178	38	6.63961
178	40	0.658535
178	45	0.585186
178	46	0.688532
178	47	0.697395
178	48	4.02007
178	65	0.718855
178	75	0.712989
178	77	0.708016
178	80	0.723792
178	82	0.61316
178	83	0.636294
178	85	0.718626
178	87	6.22012
178	89	6.08971
178	98	0.680385
178	100	0.686876
178	104	0.648054
178	105	0.651383
178	108	0.668028
178	111	0.678819
178	112	0.699206
178	114	0.695712
178	117	0.689036
178	119	0.624086
178	121	0.656171
178	124	0.69024
178	125	0.660628
178	126	0.653458
178	129	0.662526
178	130	0.597504
178	132	0.615664
178	133	0.634261
178	134	0.624646
178	136	0.683875
178	140	0.675496
178	144	0.649604
178	145	0.672074
178	146	0.650519
178	147	0.57036
178	148	0.66441
178	149	0.622395
178	150	0.655137
178	152	0.577375
178	153	0.622721
178	154	0.639146
178	155	0.667448
178	156	0.589117
178	158	0.628001
178	160	0.63619
178	162	0.661404
178	163	0.566416
178	164	0.590573
178	166	0.573036
178	167	0.586316
178	168	0.596022
178	169	0.594267
178	170	0.596943
178	171	0.574776
178	172	0.573691
178	174	0.634388
178	175	0.58377
178	176	0.575866
178	177	0.590266
178	179	0.572134
178	180	0.556121
179	2	0.783997
179	3	0.789882
179	4	0.643399
179	13	3.80486
179	15	0.781396
179	16	0.604109
179	24	0.691821
179	36	0.66357
179	40	0.685706
179	41	3.20172
179	44	0.648143
179	45	0.612357
179	46	0.715703
179	47	0.724566
179	58	4.2192
179	65	0.746025
179	68	0.689873
179	71	0.637094
179	75	0.740159
179	77	0.735186
179	80	0.750962
179	82	0.640331
179	83	0.663465
179	84	0.659188
179	85	0.745796
179	92	0.667879
179	98	0.707556
179	100	0.714047
179	101	0.681087
179	104	0.675224
179	105	0.678554
179	107	0.731613
179	108	0.695198
179	109	0.668062
179	111	0.70599
179	112	0.726377
179	114	0.722883
179	116	4.0346
179	117	0.716207
179	119	0.651257
179	121	0.683342
179	124	0.717411
179	125	0.687798
179	126	0.680628
179	129	0.689697
179	130	0.624675
179	131	0.640354
179	132	0.642834
179	133	0.661432
179	134	0.651816
179	136	0.711045
179	138	4.71548
179	139	3.99094
179	140	0.702666
179	141	3.81575
179	143	3.92666
179	144	0.676775
179	145	0.699245
179	146	0.677689
179	147	0.597531
179	148	0.691581
179	150	0.682307
179	151	3.09079
179	152	0.604546
179	153	0.649892
179	154	0.666316
179	155	0.694619
179	156	0.616288
179	158	0.655172
179	160	0.66336
179	161	0.602262
179	162	0.688575
179	163	0.593587
179	164	0.617744
179	166	0.600207
179	167	0.613486
179	168	0.623192
179	169	0.621437
179	170	0.624113
179	171	0.601947
179	172	0.600861
179	174	0.661559
179	175	0.61094
179	176	0.603037
179	177	0.617436
179	178	0.572134
179	180	0.583291
180	2	0.767984
180	3	0.773869
180	4	0.627385
180	15	0.765383
180	16	0.588095
180	24	0.675808
180	36	0.647556
180	40	0.669693
180	44	0.632129
180	45	0.596343
180	46	0.699689
180	47	0.708552
180	54	4.34486
180	61	4.56281
180	65	0.730012
180	68	0.67386
180	71	0.62108
180	75	0.724146
180	77	0.719173
180	80	0.734949
180	82	0.624317
180	83	0.647451
180	84	0.643174
180	85	0.729783
180	92	0.651866
180	93	5.71519
180	98	0.691543
180	100	0.698033
180	101	0.665073
180	104	0.659211
180	105	0.66254
180	107	0.715599
180	108	0.679185
180	109	0.652049
180	111	0.689976
180	112	0.710364
180	114	0.706869
180	116	5.41357
180	117	0.700193
180	119	0.635243
180	121	0.667328
180	124	0.701397
180	125	0.671785
180	126	0.664615
180	129	0.673683
180	130	0.608661
180	131	0.62434
180	132	0.626821
180	133	0.645418
180	134	0.635803
180	136	0.695032
180	140	0.686653
180	143	5.30563
180	144	0.660761
180	145	0.683231
180	146	0.661676
180	147	0.581518
180	148	0.675568
180	149	0.633552
180	150	0.666294
180	151	4.46975
180	152	0.588532
180	153	0.633878
180	154	0.650303
180	155	0.678605
180	156	0.600274
180	158	0.639158
180	159	4.58819
180	160	0.647347
180	161	0.586248
180	162	0.672561
180	163	0.577573
180	164	0.60173
180	166	0.584193
180	167	0.597473
180	168	0.607179
180	169	0.605424
180	170	0.6081
180	171	0.585934
180	172	0.584848
180	174	0.645545
180	175	0.594927
180	176	0.587023
180	177	0.601423
180	178	0.556121
180	179	0.583291
