1	132	0.615237
1	142	0.598309
1	143	1.2046
1	152	1.23942
1	153	0.582477
1	154	1.1676
1	165	1.21079
1	171	0.602709
1	175	1.20912
1	176	1.17424
1	177	1.19924
1	178	1.19672
2	68	1.3716
2	88	1.31714
2	101	1.36512
2	106	1.42221
2	135	0.480054
2	137	1.36067
2	143	0.504095
2	145	1.39721
2	151	0.453481
2	156	0.480679
2	159	0.484455
2	162	1.36798
3	84	1.16801
3	95	1.17743
3	97	0.617378
3	101	0.6025
3	140	1.212
3	148	0.609161
3	155	1.20945
3	164	1.2133
3	169	1.20014
3	174	1.2129
3	179	1.20686
3	180	0.568815
4	85	1.33485
4	110	1.34007
4	114	1.3881
4	128	1.38692
4	129	1.36024
4	134	0.485976
4	155	0.475364
4	159	1.3662
4	162	0.473769
4	176	0.50134
4	179	0.464583
4	180	1.42512
5	29	0.396341
5	120	0.481179
5	129	0.518721
5	140	0.496365
5	143	1.38275
5	155	1.37681
5	163	1.35041
5	166	1.38168
5	168	1.36984
5	172	0.500269
5	175	1.38727
5	176	1.35239
6	106	0.574974
6	121	1.23586
6	133	1.16925
6	143	0.615852
6	147	1.18669
6	160	0.595177
6	161	1.18884
6	165	0.613715
6	167	1.21049
6	170	1.20965
6	171	1.20885
6	173	1.19111
7	71	0.509156
7	107	0.447932
7	116	1.36586
7	133	1.35677
7	135	0.470174
7	147	1.37421
7	151	1.38124
7	155	0.485836
7	161	1.37636
7	162	1.36796
7	173	1.37863
7	177	0.490545
8	46	1.57731
8	67	0.401388
8	76	1.63005
8	83	1.64123
8	97	1.5524
8	98	1.5532
8	126	0.413984
8	146	0.419416
8	162	0.382934
8	165	0.39077
8	178	0.39508
8	180	1.64548
9	10	1.11729
9	13	1.22015
9	62	1.16516
9	63	1.10478
9	82	1.2466
9	89	0.584183
9	100	1.23342
9	113	1.26777
9	151	0.595202
9	162	0.635844
9	170	0.592752
9	172	1.2418
10	9	1.11729
10	34	1.30589
10	52	1.18619
10	62	1.12615
10	86	0.546415
10	90	1.23843
10	100	1.19441
10	102	0.611395
10	113	1.22876
10	146	0.665959
10	170	0.586386
10	172	1.20278
11	14	1.36012
11	27	1.29236
11	55	1.42579
11	79	0.515425
11	94	1.36712
11	142	1.38988
11	143	0.472701
11	149	1.37123
11	157	0.474088
11	165	0.470564
11	167	0.470883
11	179	1.3912
12	23	0.347349
12	27	0.61386
12	80	1.30337
12	105	1.27479
12	111	0.559706
12	131	0.524467
12	141	0.548148
12	158	1.29467
12	161	1.2955
12	167	1.31714
12	171	1.3155
12	172	1.30116
12	173	1.29776
13	9	1.22015
13	34	1.40874
13	62	1.229
13	63	1.16862
13	64	0.536646
13	65	1.43878
13	100	1.29727
13	107	0.49046
13	113	1.33161
13	122	0.522559
13	124	0.531805
13	172	1.30564
13	179	0.517583
14	11	1.36012
14	37	1.3012
14	40	0.341431
14	95	1.27651
14	104	1.31197
14	121	0.544109
14	144	0.583731
14	146	1.23261
14	169	1.29922
14	173	0.558453
14	174	1.31198
14	175	0.570763
14	179	1.30594
15	17	1.26548
15	40	0.357505
15	77	1.3432
15	83	0.538453
15	129	1.27979
15	131	0.549426
15	143	1.30289
15	153	0.568129
15	158	1.283
15	173	1.28609
15	178	1.29501
15	179	0.579754
15	180	1.34467
16	59	0.504296
16	67	1.44876
16	77	0.425233
16	100	1.48191
16	110	0.482524
16	113	1.51626
16	139	0.404538
16	167	0.412485
16	172	1.49029
16	176	1.47332
16	178	1.49581
16	179	1.49516
16	180	0.370542
17	15	1.26548
17	99	0.524471
17	133	0.546416
17	140	0.50422
17	154	1.27967
17	156	0.510016
17	157	1.31358
17	163	1.28434
17	165	1.32286
17	166	1.3156
17	177	1.31131
17	178	1.30879
17	179	0.514273
18	22	1.28241
18	115	1.25584
18	116	1.29795
18	132	0.524914
18	133	1.28886
18	134	0.525173
18	147	1.3063
18	157	0.524326
18	167	1.3301
18	171	1.32846
18	173	1.31072
18	174	0.506981
18	177	0.51927
19	57	0.481452
19	59	0.603753
19	80	0.50216
19	138	0.524929
19	143	1.30638
19	144	1.31063
19	166	1.30531
19	168	1.29347
19	172	0.488454
19	175	1.3109
19	176	1.27602
19	177	1.30102
19	178	1.2985
20	67	0.551061
20	80	0.530978
20	87	0.493824
20	152	1.34148
20	163	1.27432
20	166	1.30559
20	168	1.29374
20	175	1.31117
20	176	1.27629
20	177	1.3013
20	178	1.29878
20	179	0.523421
20	180	0.498818
21	45	0.516534
21	68	0.545901
21	108	1.27681
21	133	1.27478
21	139	1.33417
21	158	1.29355
21	161	1.29438
21	164	0.50819
21	165	0.522792
21	167	1.31602
21	171	1.31438
21	173	1.29665
21	179	0.50577
22	18	1.28241
22	92	1.31847
22	93	0.51014
22	103	1.30143
22	107	0.487658
22	111	0.519692
22	155	0.525562
22	158	1.28909
22	163	0.560417
22	167	1.31156
22	171	1.30992
22	172	1.29558
22	173	1.29218
23	12	0.347349
23	44	1.47754
23	64	1.45524
23	88	1.4384
23	101	1.48638
23	106	1.54346
23	110	0.355324
23	146	0.313612
23	151	0.653608
23	155	1.51076
23	162	1.48923
23	167	0.285285
23	170	0.651158
24	69	1.46979
24	110	1.45847
24	111	0.436896
24	114	1.5065
24	128	1.50532
24	129	1.47864
24	132	1.43849
24	152	0.441175
24	157	0.452531
24	166	0.444559
24	170	0.398079
24	179	0.431984
24	180	1.54353
25	103	1.23969
25	117	1.34366
25	120	0.526628
25	129	0.56417
25	139	1.26796
25	143	0.571026
25	146	1.16537
25	149	0.562395
25	158	1.22735
25	161	1.22818
25	170	1.24898
25	171	1.24818
25	173	1.23044
25	178	0.573199
26	35	0.545257
26	76	0.450345
26	118	0.414934
26	125	1.36636
26	142	0.453285
26	147	0.480082
26	157	1.40899
26	164	0.451498
26	165	1.41827
26	168	1.39917
26	175	1.4166
26	176	1.38172
26	177	1.40672
26	178	1.4042
27	11	1.29236
27	12	0.61386
27	55	1.27277
27	119	1.19052
27	122	0.539431
27	124	1.23368
27	152	0.543645
27	153	1.24282
27	155	1.24077
27	164	1.24462
27	174	1.24422
27	177	0.549945
27	178	0.555787
27	179	1.23819
28	75	0.504522
28	86	1.46204
28	91	1.32601
28	104	0.453477
28	115	1.34309
28	121	1.44273
28	125	0.481584
28	132	0.457992
28	144	0.456908
28	155	0.447638
28	161	1.39571
28	167	1.41735
28	171	1.41571
28	173	1.39797
29	5	0.396341
29	70	0.412166
29	85	1.34986
29	110	1.35508
29	114	1.40311
29	117	1.49477
29	128	1.40193
29	129	1.37525
29	130	0.404358
29	148	0.381056
29	159	1.38121
29	163	0.410949
29	170	0.803922
29	180	1.44013
30	69	1.22911
30	85	1.21257
30	110	1.21779
30	114	1.26583
30	128	1.26464
30	129	1.23797
30	134	0.590773
30	137	1.22629
30	151	0.537925
30	159	1.24392
30	160	0.567864
30	164	0.5718
30	170	0.535474
30	180	1.30285
31	73	1.37334
31	92	1.42234
31	97	1.36154
31	124	0.478445
31	131	0.433895
31	134	0.485617
31	149	0.474751
31	156	0.459966
31	173	1.39605
31	176	1.38248
31	177	1.40749
31	178	1.40497
31	179	0.464223
31	180	1.45463
32	95	0.490658
32	102	0.456209
32	140	0.455053
32	161	0.485062
32	163	1.37792
32	165	1.41644
32	166	1.40919
32	168	1.39734
32	169	0.471562
32	175	1.41477
32	176	1.37989
32	177	1.4049
32	178	1.40238
32	180	0.440502
33	46	1.22186
33	73	1.20874
33	76	1.2746
33	78	0.581976
33	86	0.518786
33	93	0.58802
33	97	1.19695
33	98	1.19775
33	107	1.30084
33	118	1.27738
33	130	1.23199
33	151	0.561206
33	170	0.558756
33	180	1.29003
34	10	1.30589
34	13	1.40874
34	39	1.4167
34	63	1.29337
34	81	0.409091
34	90	1.46604
34	100	1.42202
34	113	1.45636
34	118	0.441989
34	126	0.51637
34	146	0.521802
34	160	0.474618
34	170	0.442228
34	172	1.43039
35	26	0.545257
35	72	1.23342
35	75	1.1953
35	102	0.562672
35	121	0.551997
35	134	1.23843
35	138	1.22801
35	160	1.25368
35	164	1.26811
35	168	0.575229
35	169	1.25495
35	173	0.566341
35	174	1.26771
35	179	1.26168
36	49	1.2056
36	69	1.22337
36	73	0.611942
36	89	0.531279
36	110	1.21205
36	114	1.26009
36	118	0.539608
36	122	1.25315
36	128	1.2589
36	129	1.23223
36	145	1.25709
36	170	0.539847
36	175	0.580835
36	180	1.29711
37	14	1.3012
37	72	1.30404
37	122	0.498512
37	131	1.38972
37	135	1.35041
37	148	0.509278
37	149	1.31231
37	156	1.34467
37	157	0.514082
37	165	0.510558
37	171	0.502143
37	172	1.32742
37	174	1.33832
37	179	1.33229
37	180	0.468933
38	76	1.37309
38	81	0.454317
38	87	0.491762
38	88	1.26844
38	98	1.29624
38	101	1.31642
38	106	1.37351
38	117	0.460651
38	134	0.542753
38	159	0.520878
38	168	1.33383
38	169	0.527816
38	176	1.31638
38	178	1.33887
38	180	1.38852
39	34	1.4167
39	52	1.29701
39	56	1.35548
39	63	1.17658
39	65	1.44674
39	86	0.436048
39	90	1.34925
39	100	1.30522
39	113	1.33957
39	140	0.499871
39	143	0.529083
39	146	0.555592
39	170	0.476018
39	172	1.3136
39	174	0.513124
40	14	0.341431
40	15	0.357505
40	44	1.49073
40	45	1.50689
40	51	0.266326
40	64	1.46843
40	77	0.283229
40	79	0.315024
40	88	1.45159
40	101	1.49957
40	106	1.55666
40	146	0.756579
40	155	1.52395
40	162	1.50243
40	180	0.686308
41	72	1.31392
41	84	1.30332
41	101	0.492808
41	103	0.50143
41	125	0.528454
41	149	1.32219
41	153	1.3468
41	156	1.35455
41	160	1.33418
41	166	0.496302
41	169	1.33544
41	171	0.492334
41	174	1.34821
41	175	0.49081
41	179	1.34217
42	78	1.33379
42	129	0.491306
42	134	1.31375
42	136	0.503289
42	138	1.30333
42	142	1.33567
42	147	0.510007
42	153	1.34163
42	156	1.34938
42	161	0.49896
42	164	1.34343
42	174	1.34303
42	177	0.494493
42	178	0.500336
42	179	1.33699
43	92	0.502414
43	136	1.32564
43	138	0.524856
43	145	0.500983
43	149	0.505058
43	150	1.34715
43	163	1.31269
43	166	1.34396
43	168	1.33212
43	175	1.34955
43	176	1.31466
43	177	1.33967
43	178	1.33715
43	179	0.494529
43	180	0.469926
44	23	1.47754
44	40	1.49073
44	57	0.480076
44	64	1.25346
44	68	1.29108
44	88	1.23662
44	94	0.525329
44	101	1.2846
44	106	1.34169
44	145	1.31669
44	146	0.538895
44	155	1.30898
44	158	0.506177
44	168	0.496886
44	170	0.459321
45	21	0.516534
45	40	1.50689
45	64	1.26962
45	66	0.520136
45	68	1.30723
45	83	1.36861
45	88	1.25278
45	101	1.30076
45	106	1.35784
45	113	0.483579
45	145	1.33284
45	162	1.30361
45	169	0.492611
45	176	0.522911
45	180	0.461552
46	8	1.57731
46	33	1.22186
46	70	0.530797
46	73	1.2882
46	76	1.35405
46	97	1.2764
46	98	1.2772
46	122	1.32552
46	130	1.31144
46	136	0.50823
46	138	0.514271
46	150	0.489181
46	159	0.483463
46	173	0.478717
46	180	1.36948
47	79	0.546684
47	80	0.492358
47	112	0.491471
47	120	1.36292
47	122	0.489777
47	124	1.31951
47	130	0.523845
47	131	1.38144
47	135	1.34214
47	141	1.30701
47	160	1.31602
47	169	1.31729
47	174	1.33005
47	179	1.32401
47	180	0.460198
48	77	0.548024
48	78	0.507251
48	88	0.560536
48	116	0.53615
48	145	0.524389
48	150	1.29041
48	157	1.28521
48	163	1.25596
48	165	1.29448
48	166	1.28722
48	168	1.27538
48	174	0.521136
48	175	1.29281
48	176	1.25793
48	177	1.28294
48	178	1.28042
49	36	1.2056
49	85	1.25586
49	110	1.26109
49	114	1.30912
49	118	0.502394
49	128	1.30793
49	129	1.28126
49	132	1.2411
49	145	1.30612
49	156	0.532281
49	157	0.557084
49	159	1.28721
49	161	0.556495
49	170	0.502633
49	177	0.552028
49	180	1.34614
50	84	1.40039
50	121	0.41862
50	130	0.477236
50	136	0.462477
50	140	1.44438
50	141	1.42224
50	143	0.457351
50	146	1.36591
50	148	0.453934
50	149	1.41927
50	160	1.43125
50	169	1.43252
50	174	1.44528
50	176	0.474948
50	178	0.459524
50	179	1.43924
51	40	0.266326
51	90	0.527612
51	109	0.457524
51	127	1.38838
51	131	0.458247
51	140	0.478523
51	154	1.39673
51	157	1.43064
51	161	0.508532
51	162	0.497762
51	165	1.43992
51	166	1.43266
51	168	1.42082
51	175	1.43825
51	177	1.42837
51	178	1.42585
52	10	1.18619
52	39	1.29701
52	56	1.35258
52	62	1.23406
52	63	1.17368
52	90	1.34634
52	100	1.30232
52	113	1.33667
52	132	1.26084
52	140	0.533181
52	160	0.541718
52	162	0.55242
52	170	0.509329
52	172	1.3107
52	174	0.546435
52	180	0.518631
53	67	0.564544
53	99	0.547101
53	113	0.534328
53	117	0.476195
53	141	0.530257
53	144	1.29203
53	154	1.25078
53	155	1.28185
53	157	1.2847
53	165	1.29397
53	166	1.28672
53	169	0.54336
53	175	1.2923
53	176	1.25742
53	177	1.28243
53	178	1.27991
54	61	0.459534
54	72	0.464458
54	77	1.46589
54	94	0.471511
54	103	1.41803
54	105	1.38581
54	112	1.4351
54	132	0.460543
54	139	1.44631
54	158	1.40569
54	161	1.40652
54	164	0.441828
54	167	1.42816
54	173	1.40878
54	174	0.442609
54	178	0.460741
55	11	1.42579
55	27	1.27277
55	75	1.30524
55	134	1.34837
55	135	1.38974
55	137	0.508805
55	141	1.35462
55	142	1.37029
55	144	0.497627
55	156	1.384
55	164	1.37805
55	171	0.486183
55	173	0.472348
55	175	0.484659
55	178	0.498908
55	179	1.37162
55	180	0.452973
56	39	1.35548
56	52	1.35258
56	62	1.29254
56	63	1.23215
56	65	1.50232
56	82	1.37398
56	90	1.40482
56	104	0.500857
56	113	1.39515
56	132	1.31932
56	156	0.479981
56	164	0.486657
56	170	0.450332
56	172	1.36917
56	173	0.47901
56	176	0.520994
56	179	0.484237
57	19	0.481452
57	44	0.480076
57	66	0.496221
57	70	1.3395
57	74	0.490512
57	95	1.33368
57	124	1.35861
57	130	0.501284
57	135	1.38124
57	139	0.471634
57	153	1.36774
57	156	1.3755
57	160	1.35512
57	167	0.479581
57	169	1.35639
57	174	1.36915
57	179	1.36311
58	118	0.651165
58	144	1.13924
58	150	1.13712
58	152	1.16982
58	154	1.09799
58	155	1.12906
58	157	1.13191
58	158	0.69826
58	159	0.684828
58	165	1.14118
58	168	1.12208
58	170	1.13674
58	172	0.679161
58	175	1.13951
58	177	1.12964
58	178	1.12712
58	179	0.685309
59	16	0.504296
59	19	0.603753
59	77	1.28432
59	81	0.517499
59	93	0.5799
59	102	1.24204
59	103	1.23647
59	116	1.21444
59	132	0.605676
59	147	1.2228
59	150	0.589778
59	159	1.22687
59	161	1.22495
59	167	1.24659
59	171	1.24495
59	172	1.23062
59	173	1.22722
60	81	0.434493
60	92	0.50942
60	120	0.476296
60	125	1.32597
60	144	1.37594
60	150	1.37381
60	157	1.36861
60	163	1.33936
60	166	1.37062
60	172	0.495387
60	174	0.504736
60	175	1.37621
60	176	1.34133
60	177	1.36634
60	178	1.36382
60	179	0.501535
60	180	0.476932
61	54	0.459534
61	101	0.504597
61	106	0.473797
61	131	0.465188
61	141	0.488869
61	146	1.29141
61	150	1.37539
61	152	1.40809
61	162	0.504702
61	163	1.34094
61	166	1.3722
61	168	1.36036
61	174	0.498716
61	175	1.37779
61	176	1.34291
61	177	1.36791
61	178	1.36539
62	9	1.16516
62	10	1.12615
62	13	1.229
62	52	1.23406
62	56	1.29254
62	63	1.11363
62	65	1.3838
62	90	1.2863
62	91	0.613943
62	100	1.24228
62	113	1.27662
62	126	0.592311
62	146	0.597743
62	148	0.567817
62	151	0.52062
62	170	0.518169
62	172	1.25065
63	9	1.10478
63	13	1.16862
63	34	1.29337
63	39	1.17658
63	52	1.17368
63	56	1.23215
63	62	1.11363
63	65	1.32341
63	90	1.22591
63	100	1.18189
63	113	1.21624
63	140	0.590941
63	150	0.60623
63	153	0.589369
63	166	0.613568
63	168	0.604653
63	172	1.19027
63	173	0.595766
64	13	0.536646
64	23	1.45524
64	40	1.46843
64	44	1.25346
64	45	1.26962
64	68	1.26878
64	101	1.2623
64	106	1.31939
64	125	0.53918
64	137	1.25785
64	138	0.52478
64	145	1.29439
64	146	0.540121
64	155	1.28668
64	158	0.507404
64	162	1.26516
64	170	0.460548
64	174	0.497654
65	13	1.43878
65	39	1.44674
65	56	1.50232
65	62	1.3838
65	63	1.32341
65	75	0.509028
65	90	1.49608
65	100	1.45206
65	113	1.4864
65	132	1.41058
65	151	0.409909
65	165	0.458386
65	170	0.407459
65	172	1.46043
65	174	0.444565
65	176	0.478121
65	177	0.456854
65	179	0.441364
66	45	0.520136
66	57	0.496221
66	103	1.31291
66	105	1.28069
66	112	1.32998
66	130	1.3042
66	136	0.533657
66	139	1.34119
66	142	0.513578
66	147	1.29925
66	155	0.520152
66	156	0.505114
66	158	1.30057
66	159	1.30332
66	161	1.3014
66	167	1.32304
66	168	0.513031
66	173	1.30366
67	8	0.401388
67	16	1.44876
67	20	0.551061
67	53	0.564544
67	80	1.28797
67	126	0.543267
67	128	1.30273
67	129	1.27605
67	150	0.508267
67	153	1.29526
67	161	1.28009
67	166	0.515605
67	171	1.30009
67	173	1.28236
67	174	1.29666
67	177	0.518521
67	179	1.29063
67	180	1.34094
68	2	1.3716
68	21	0.545901
68	44	1.29108
68	45	1.30723
68	64	1.26878
68	72	0.540571
68	88	1.25194
68	89	0.473048
68	101	1.29992
68	106	1.357
68	137	1.29547
68	142	0.519729
68	145	1.332
68	151	0.484067
68	155	1.3243
68	162	1.30277
68	165	0.532544
68	172	0.509373
69	24	1.46979
69	30	1.22911
69	36	1.22337
69	85	1.27364
69	110	1.27886
69	114	1.32689
69	127	0.538921
69	128	1.32571
69	129	1.29903
69	136	0.521209
69	137	1.28736
69	141	0.490277
69	145	1.3239
69	146	0.542591
69	155	0.507704
69	164	0.499343
69	169	0.503379
69	180	1.36391
70	29	0.412166
70	46	0.530797
70	57	1.3395
70	90	0.561279
70	106	0.500523
70	113	0.519666
70	115	1.25027
70	128	0.531785
70	129	0.534545
70	150	1.32407
70	162	1.29448
70	168	1.30904
70	169	1.3067
70	171	1.32289
70	173	1.30515
70	174	1.31946
70	177	1.31659
70	178	1.31407
71	7	0.509156
71	119	0.541877
71	144	1.32039
71	147	0.540495
71	148	1.31937
71	149	0.52002
71	153	0.497866
71	157	1.31305
71	163	1.28381
71	165	1.32233
71	166	1.31507
71	168	1.30323
71	172	0.503343
71	175	1.32066
71	176	1.28578
71	177	1.31078
71	178	1.30826
71	180	0.484888
72	35	1.23342
72	37	1.30404
72	41	1.31392
72	54	0.464458
72	68	0.540571
72	74	0.528712
72	87	1.38552
72	120	1.34769
72	130	0.539484
72	138	1.27511
72	140	1.31392
72	160	1.30079
72	164	1.31521
72	169	1.30205
72	176	0.537197
72	177	0.51593
72	179	1.30878
72	180	0.475837
73	31	1.37334
73	33	1.20874
73	36	0.611942
73	46	1.2882
73	76	1.34093
73	89	0.471105
73	94	1.28197
73	97	1.26328
73	98	1.26408
73	107	1.36717
73	117	0.452871
73	118	1.34371
73	122	1.3124
73	146	0.559247
73	151	0.482124
73	162	0.522766
73	172	0.507431
73	180	1.35636
74	57	0.490512
74	72	0.528712
74	95	0.529215
74	96	1.28557
74	135	0.498781
74	139	0.513056
74	143	1.31506
74	147	0.534666
74	148	1.31828
74	150	1.31718
74	152	1.34988
74	154	1.27805
74	165	1.32124
74	166	1.31399
74	176	1.28469
74	177	1.3097
74	178	1.30718
74	179	0.503662
75	28	0.504522
75	35	1.1953
75	55	1.30524
75	65	0.509028
75	84	1.23181
75	99	1.25017
75	123	0.555014
75	131	1.32809
75	134	1.24741
75	135	1.28878
75	142	1.26933
75	155	1.27324
75	157	0.563601
75	160	1.26267
75	161	0.563011
75	164	1.27709
75	167	0.560395
75	168	0.546714
75	179	1.27066
76	8	1.63005
76	26	0.450345
76	33	1.2746
76	38	1.37309
76	46	1.35405
76	73	1.34093
76	82	1.37184
76	97	1.32913
76	98	1.32993
76	111	0.481568
76	118	1.40956
76	130	1.36417
76	155	0.487438
76	157	0.497203
76	162	0.485843
76	166	0.489232
76	170	0.442752
76	173	0.471429
76	180	1.42221
77	15	1.3432
77	16	0.425233
77	40	0.283229
77	48	0.548024
77	54	1.46589
77	59	1.28432
77	82	0.512774
77	112	1.40391
77	116	1.36482
77	120	0.480239
77	133	1.35573
77	137	1.35962
77	139	1.41511
77	153	0.493853
77	163	0.551114
77	171	1.39533
77	173	1.37759
77	179	0.505478
77	180	1.43617
78	33	0.581976
78	42	1.33379
78	48	0.507251
78	131	1.39126
78	134	1.31058
78	136	0.488991
78	138	1.30016
78	140	1.33896
78	144	0.484756
78	147	0.495709
78	149	1.31385
78	153	1.33846
78	156	1.34621
78	160	1.32583
78	168	0.468365
78	171	0.473312
78	172	1.32895
78	174	1.33986
78	176	0.501462
78	179	1.33382
79	11	0.515425
79	40	0.315024
79	47	0.546684
79	117	0.476565
79	136	1.31922
79	141	0.530627
79	144	1.34286
79	148	1.34183
79	152	1.37343
79	154	1.30161
79	159	0.536792
79	165	1.3448
79	166	1.33754
79	168	1.3257
79	171	0.545881
79	172	0.531125
79	175	1.34313
79	176	1.30825
79	177	1.33325
79	178	1.33073
80	12	1.30337
80	19	0.50216
80	20	0.530978
80	47	0.492358
80	67	1.28797
80	94	0.51505
80	95	0.508501
80	102	1.34092
80	108	1.30626
80	112	1.35241
80	139	1.36362
80	158	1.323
80	160	0.481432
80	161	1.32383
80	164	0.485368
80	167	1.34548
80	171	1.34384
80	173	1.3261
80	179	0.482948
80	180	1.38468
81	34	0.409091
81	38	0.454317
81	59	0.517499
81	60	0.434493
81	90	0.447384
81	92	0.416233
81	93	1.31435
81	109	1.38788
81	119	1.28968
81	120	1.37625
81	134	1.31409
81	138	1.30367
81	141	1.32034
81	142	1.33602
81	145	1.34763
81	160	1.32935
81	164	1.34377
81	173	0.872982
81	176	0.445104
81	179	1.33734
82	9	1.2466
82	56	1.37398
82	76	1.37184
82	77	0.512774
82	90	1.36774
82	97	1.29419
82	98	1.29499
82	113	1.35807
82	119	0.515073
82	129	0.49499
82	133	0.514829
82	154	1.30849
82	160	0.48117
82	161	0.502643
82	162	0.491873
82	163	1.31316
82	175	1.35001
82	178	1.33762
82	179	0.482686
82	180	1.38728
83	8	1.64123
83	15	0.538453
83	45	1.36861
83	97	1.34032
83	98	1.34112
83	101	1.3613
83	106	1.41838
83	108	0.467831
83	143	0.453248
83	152	0.443279
83	153	1.38772
83	157	0.454635
83	162	1.36415
83	163	0.479725
83	166	0.446664
83	169	1.37637
83	174	1.38913
83	176	0.470846
83	177	0.449579
83	179	1.38309
83	180	1.4334
84	3	1.16801
84	41	1.30332
84	50	1.40039
84	75	1.23181
84	105	0.538742
84	108	0.540651
84	113	0.504333
84	115	0.555828
84	120	1.33709
84	135	1.31631
84	138	1.26451
84	140	1.30332
84	148	0.522651
84	149	1.2782
84	157	0.527455
84	161	0.526865
84	164	1.30461
84	169	1.29145
84	174	1.30422
84	179	1.29818
84	180	0.482306
85	4	1.33485
85	29	1.34986
85	30	1.21257
85	49	1.25586
85	69	1.27364
85	86	0.465939
85	109	0.508763
85	110	1.26232
85	114	1.31035
85	120	0.514576
85	122	1.30341
85	128	1.30917
85	129	1.28249
85	137	1.27082
85	151	0.50836
85	155	0.550596
85	159	1.28845
85	167	0.557156
85	175	0.546898
85	177	0.555305
85	180	1.34737
86	10	0.546415
86	28	1.46204
86	33	0.518786
86	39	0.436048
86	85	0.465939
86	90	0.440551
86	97	0.425474
86	98	0.441253
86	110	0.488894
86	114	0.426863
86	127	1.35601
86	131	1.45026
86	141	1.37583
86	161	1.38229
86	166	1.40028
86	167	1.40393
86	169	1.3861
86	171	1.40229
86	177	1.39599
86	178	1.39347
86	179	1.39282
87	20	0.493824
87	38	0.491762
87	72	1.38552
87	95	1.38434
87	119	1.36611
87	127	0.487791
87	134	1.39053
87	138	1.38011
87	139	0.455187
87	140	1.41891
87	149	1.3938
87	152	0.454984
87	153	1.4184
87	160	1.40578
87	163	0.491429
87	170	1.42404
87	171	0.4544
87	174	1.41981
87	175	0.452876
87	179	1.41377
87	180	0.42119
88	2	1.31714
88	23	1.4384
88	38	1.26844
88	40	1.45159
88	44	1.23662
88	45	1.25278
88	48	0.560536
88	68	1.25194
88	101	1.24546
88	106	1.30255
88	137	1.24101
88	145	1.27755
88	146	0.563658
88	151	0.486535
88	155	1.26984
88	156	0.513733
88	159	0.517509
88	162	1.24832
88	171	0.526597
88	172	0.511842
88	175	0.525073
89	9	0.584183
89	36	0.531279
89	68	0.473048
89	73	0.471105
89	100	0.480441
89	110	0.520296
89	113	0.43034
89	114	0.458265
89	128	0.442459
89	134	1.3359
89	138	1.32548
89	156	1.37153
89	158	1.34779
89	162	1.34021
89	165	1.37386
89	167	1.37026
89	171	1.36862
89	173	1.35088
89	176	1.33731
89	177	1.36232
89	178	1.3598
89	179	1.35915
90	10	1.23843
90	34	1.46604
90	39	1.34925
90	51	0.527612
90	52	1.34634
90	56	1.40482
90	62	1.2863
90	63	1.22591
90	65	1.49608
90	70	0.561279
90	81	0.447384
90	82	1.36774
90	86	0.440551
90	100	1.35456
90	107	0.487303
90	113	1.38891
90	117	0.453718
90	132	1.31308
90	139	0.52382
90	151	0.482972
90	170	0.480521
90	172	1.36294
91	28	1.32601
91	62	0.613943
91	93	0.532617
91	99	0.547456
91	105	1.22555
91	112	1.27484
91	113	0.534682
91	115	1.19364
91	120	0.512019
91	121	1.29328
91	134	0.558652
91	137	1.23055
91	139	1.28605
91	147	1.24411
91	151	1.25113
91	158	1.24543
91	161	1.24626
91	164	0.539678
91	167	1.2679
91	170	1.26707
91	173	1.24852
91	178	0.558591
92	22	1.31847
92	31	1.42234
92	43	0.502414
92	60	0.50942
92	81	0.416233
92	108	1.32694
92	116	1.334
92	121	1.39153
92	124	0.497497
92	147	1.34236
92	149	0.493803
92	151	1.34939
92	152	0.492465
92	155	0.494056
92	158	1.34368
92	161	1.34451
92	165	0.500297
92	166	0.49585
92	167	1.36616
92	171	1.36451
92	172	1.35018
92	173	1.34678
93	22	0.51014
93	33	0.58802
93	59	0.5799
93	81	1.31435
93	91	0.532617
93	96	0.493973
93	119	1.26638
93	120	1.35295
93	134	1.2908
93	135	1.33217
93	139	0.480143
93	140	1.31918
93	149	1.29407
93	153	1.31867
93	156	1.32643
93	164	1.32048
93	165	0.487771
93	166	0.483324
93	169	1.30732
93	170	1.32431
93	174	1.32008
93	179	1.31404
93	180	0.446146
94	11	1.36712
94	44	0.525329
94	54	0.471511
94	73	1.28197
94	80	0.51505
94	97	1.27017
94	98	1.27097
94	112	0.514163
94	121	0.487921
94	128	0.517035
94	137	0.538721
94	152	1.35629
94	161	0.527449
94	163	1.28914
94	164	1.31938
94	168	1.30856
94	169	1.30622
94	173	0.502265
94	174	1.31898
94	175	1.32599
94	178	1.31359
94	179	1.31294
94	180	1.36325
95	3	1.17743
95	14	1.27651
95	32	0.490658
95	57	1.33368
95	74	0.529215
95	80	0.508501
95	87	1.38434
95	117	1.41254
95	120	1.3465
95	123	0.512903
95	131	1.36503
95	135	1.32572
95	136	0.525229
95	138	1.27393
95	140	1.31273
95	141	1.2906
95	142	1.30627
95	149	1.28762
95	150	0.506179
95	167	0.518284
95	168	0.504603
95	175	0.508026
95	179	1.30759
96	74	1.28557
96	93	0.493973
96	100	0.546139
96	108	0.532356
96	111	1.32997
96	120	0.473375
96	127	1.27925
96	136	1.30521
96	137	0.529843
96	142	0.502821
96	148	1.32783
96	150	1.32672
96	157	1.32151
96	158	0.511565
96	162	0.5078
96	165	1.33079
96	166	1.32353
96	168	1.31169
96	175	1.32912
96	176	1.29424
96	177	1.31924
96	178	1.31672
96	179	0.498614
97	3	0.617378
97	8	1.5524
97	31	1.36154
97	33	1.19695
97	46	1.2764
97	73	1.26328
97	76	1.32913
97	82	1.29419
97	83	1.34032
97	86	0.425474
97	94	1.27017
97	98	1.25228
97	118	1.33191
97	122	1.30061
97	130	1.28652
97	138	0.529676
97	146	0.545018
97	155	0.51013
97	170	0.465444
97	172	0.493201
97	175	0.506432
97	177	0.514839
97	180	1.34456
98	8	1.5532
98	33	1.19775
98	38	1.29624
98	46	1.2772
98	73	1.26408
98	76	1.32993
98	82	1.29499
98	83	1.34112
98	86	0.441253
98	94	1.27097
98	97	1.25228
98	107	1.35617
98	118	1.33271
98	130	1.28732
98	144	0.535179
98	156	0.510871
98	159	0.514647
98	164	0.517548
98	168	0.518788
98	169	0.521584
98	173	0.5099
98	177	0.530618
98	180	1.34537
99	17	0.524471
99	53	0.547101
99	75	1.25017
99	91	0.547456
99	104	1.32257
99	114	0.510936
99	119	1.26888
99	120	1.35545
99	128	0.49513
99	135	1.33467
99	153	1.32118
99	156	1.32893
99	159	1.30793
99	161	0.505544
99	164	1.32298
99	166	0.498162
99	169	1.30982
99	170	1.32682
99	172	1.31168
99	174	1.32258
99	178	0.50692
99	179	1.31655
99	180	0.460985
100	9	1.23342
100	10	1.19441
100	13	1.29727
100	16	1.48191
100	34	1.42202
100	39	1.30522
100	52	1.30232
100	62	1.24228
100	63	1.18189
100	65	1.45206
100	89	0.480441
100	90	1.35456
100	96	0.546139
100	106	0.501196
100	113	1.34488
100	132	1.26906
100	135	0.518033
100	140	0.512862
100	151	0.49146
100	166	0.535489
100	170	0.489009
100	172	1.31891
100	175	0.529998
101	2	1.36512
101	3	0.6025
101	23	1.48638
101	38	1.31642
101	40	1.49957
101	41	0.492808
101	44	1.2846
101	45	1.30076
101	61	0.504597
101	64	1.2623
101	68	1.29992
101	83	1.3613
101	88	1.24546
101	106	1.35053
101	109	0.453419
101	116	0.502685
101	137	1.28899
101	138	0.514798
101	144	0.504522
101	145	1.32553
101	155	1.31782
101	159	0.48399
101	162	1.2963
101	169	0.490928
101	170	0.450566
102	10	0.611395
102	32	0.456209
102	35	0.562672
102	59	1.24204
102	80	1.34092
102	105	1.31233
102	112	1.36162
102	115	1.28043
102	128	0.476036
102	130	1.33585
102	137	1.31734
102	138	0.49682
102	139	1.37283
102	142	0.470701
102	154	0.511376
102	156	0.462237
102	158	1.33222
102	159	1.33496
102	161	1.33305
102	167	1.35469
102	171	1.35305
102	173	1.33531
102	174	0.469694
102	177	0.481983
102	180	1.39389
103	22	1.30143
103	25	1.23969
103	41	0.50143
103	54	1.41803
103	59	1.23647
103	66	1.31291
103	107	0.465969
103	118	1.37567
103	121	1.3745
103	124	0.507314
103	133	1.30788
103	139	1.36726
103	147	1.32532
103	156	0.488836
103	160	0.491577
103	161	1.32747
103	163	0.538728
103	167	1.34912
103	168	0.496753
103	169	0.499549
103	171	1.34748
103	173	1.32974
103	174	0.496293
103	178	0.514425
103	180	1.38832
104	14	1.31197
104	28	0.453477
104	56	0.500857
104	99	1.32257
104	116	0.510224
104	121	0.472438
104	124	1.33855
104	126	0.532246
104	133	0.524153
104	134	1.31981
104	136	0.516296
104	138	1.30939
104	140	1.34819
104	141	1.32605
104	142	1.34173
104	149	1.32308
104	153	1.34768
104	160	1.33506
104	164	1.34949
104	167	0.509351
104	168	0.49567
104	169	1.33633
104	173	0.486782
104	174	1.34909
104	179	1.34305
105	12	1.27479
105	54	1.38581
105	66	1.28069
105	84	0.538742
105	91	1.22555
105	102	1.31233
105	111	0.512135
105	115	1.24263
105	121	1.34227
105	133	1.27565
105	142	0.511431
105	145	0.513677
105	147	1.2931
105	149	0.517752
105	154	0.552106
105	155	0.518005
105	161	1.29525
105	162	1.28684
105	164	0.509644
105	166	0.519798
105	167	1.31689
105	171	1.31525
105	172	1.30091
105	173	1.29751
105	179	0.507224
105	180	1.35609
106	2	1.42221
106	6	0.574974
106	23	1.54346
106	38	1.37351
106	40	1.55666
106	44	1.34169
106	45	1.35784
106	61	0.473797
106	64	1.31939
106	68	1.357
106	70	0.500523
106	83	1.41838
106	88	1.30255
106	100	0.501196
106	101	1.35053
106	130	0.492716
106	137	1.34608
106	138	0.483998
106	145	1.38261
106	151	0.422216
106	155	1.37491
106	159	0.45319
106	162	1.35338
106	170	0.419766
106	179	0.453671
106	180	0.429068
107	7	0.447932
107	13	0.49046
107	22	0.487658
107	33	1.30084
107	73	1.36717
107	90	0.487303
107	98	1.35617
107	103	0.465969
107	115	0.497186
107	121	0.428695
107	122	1.4045
107	133	0.48041
107	147	0.47927
107	154	1.36967
107	160	1.39015
107	161	0.468223
107	163	1.37434
107	164	1.40458
107	165	1.41286
107	167	0.465607
107	172	1.39328
107	174	1.40418
107	176	1.37631
107	177	1.40131
107	179	1.39815
107	180	1.44846
108	21	1.27681
108	80	1.30626
108	83	0.467831
108	84	0.540651
108	92	1.32694
108	96	0.532356
108	112	1.32697
108	115	1.24577
108	116	1.28788
108	119	0.541518
108	120	0.483893
108	127	0.551129
108	133	1.27879
108	135	0.50425
108	136	0.533417
108	137	1.28268
108	139	1.33818
108	147	1.29624
108	158	1.29756
108	159	1.30031
108	161	1.29839
108	167	1.32003
108	171	1.31839
108	173	1.30065
108	175	0.516215
108	178	0.530464
109	51	0.457524
109	81	1.38788
109	85	0.508763
109	101	0.453419
109	119	1.33991
109	125	0.489065
109	126	0.484575
109	131	1.445
109	140	1.39271
109	141	1.37057
109	142	1.38625
109	143	0.463497
109	153	1.3922
109	154	0.489221
109	156	1.39995
109	160	1.37958
109	162	1.36863
109	163	0.489974
109	164	1.39401
109	165	0.46136
109	166	0.456913
109	169	1.38085
109	172	1.3827
109	174	1.39361
109	175	0.451421
109	179	1.38757
110	4	1.34007
110	16	0.482524
110	23	0.355324
110	24	1.45847
110	29	1.35508
110	30	1.21779
110	36	1.21205
110	49	1.26109
110	69	1.27886
110	85	1.26232
110	86	0.488894
110	89	0.520296
110	114	1.31557
110	122	1.30863
110	128	1.31439
110	129	1.28771
110	132	1.24756
110	135	0.557888
110	137	1.27604
110	145	1.31258
110	151	0.531315
110	155	0.573551
110	168	0.56643
110	171	0.571377
110	172	0.556622
110	180	1.35259
111	12	0.559706
111	22	0.519692
111	24	0.436896
111	76	0.481568
111	96	1.32997
111	105	0.512135
111	113	0.477726
111	126	1.32105
111	134	0.501695
111	136	1.34006
111	139	0.489695
111	144	1.3637
111	148	1.36267
111	152	1.39427
111	153	0.468677
111	154	1.32245
111	157	1.35636
111	163	1.32711
111	165	1.36564
111	166	1.35838
111	170	1.36119
111	172	0.474153
111	173	0.475074
111	175	1.36397
111	176	1.32909
111	177	1.35409
111	178	1.35157
112	47	0.491471
112	54	1.4351
112	66	1.32998
112	77	1.40391
112	80	1.35241
112	91	1.27484
112	94	0.514163
112	102	1.36162
112	108	1.32697
112	115	1.29192
112	129	0.494363
112	131	0.451732
112	147	1.34239
112	150	0.487296
112	153	0.470435
112	154	0.526943
112	156	0.477803
112	158	1.34371
112	161	1.34454
112	165	0.499082
112	166	0.494635
112	167	1.36618
112	169	0.488516
112	170	1.36534
112	171	1.36454
112	172	1.3502
112	173	1.3468
113	9	1.26777
113	10	1.22876
113	13	1.33161
113	16	1.51626
113	34	1.45636
113	39	1.33957
113	45	0.483579
113	52	1.33667
113	53	0.534328
113	56	1.39515
113	62	1.27662
113	63	1.21624
113	65	1.4864
113	70	0.519666
113	82	1.35807
113	84	0.504333
113	89	0.43034
113	90	1.38891
113	91	0.534682
113	100	1.34488
113	111	0.477726
113	132	1.3034
113	162	0.482
113	170	0.438909
113	172	1.35326
113	176	0.509571
113	177	0.488304
114	4	1.3881
114	24	1.5065
114	29	1.40311
114	30	1.26583
114	36	1.26009
114	49	1.30912
114	69	1.32689
114	85	1.31035
114	86	0.426863
114	89	0.458265
114	99	0.510936
114	110	1.31557
114	117	1.45526
114	121	0.481167
114	128	1.36242
114	129	1.33574
114	132	1.29559
114	137	1.32407
114	139	0.510132
114	146	0.546407
114	151	0.469284
114	155	0.51152
114	157	0.521285
114	159	1.3417
114	170	0.466833
114	175	0.507821
114	180	1.40063
115	18	1.25584
115	28	1.34309
115	70	1.25027
115	84	0.555828
115	91	1.19364
115	102	1.28043
115	105	1.24263
115	107	0.497186
115	108	1.24577
115	112	1.29192
115	126	0.564545
115	129	0.536612
115	132	0.545444
115	133	1.24375
115	139	1.30313
115	147	1.26119
115	152	0.5335
115	154	0.569192
115	158	1.26252
115	164	0.526729
115	167	1.28499
115	171	1.28335
115	172	1.26901
115	173	1.26561
115	175	0.531392
115	177	0.539799
115	180	1.32419
116	7	1.36586
116	18	1.29795
116	48	0.53615
116	59	1.21444
116	77	1.36482
116	92	1.334
116	101	0.502685
116	104	0.510224
116	108	1.28788
116	121	1.35247
116	130	1.30825
116	134	0.514997
116	135	0.488723
116	137	1.28974
116	139	1.34524
116	140	0.483551
116	147	1.3033
116	154	0.538487
116	155	0.504385
116	158	1.30462
116	161	1.30545
116	165	0.510626
116	167	1.32709
116	171	1.32545
116	173	1.30772
116	174	0.496805
116	178	0.514937
116	180	1.36629
117	25	1.34366
117	29	1.49477
117	38	0.460651
117	53	0.476195
117	73	0.452871
117	79	0.476565
117	90	0.453718
117	95	1.41254
117	114	1.45526
117	128	1.45408
117	129	1.4274
117	136	0.438967
117	141	1.42498
117	143	0.433841
117	150	0.419918
117	154	0.459564
117	156	1.45436
117	157	0.435228
117	160	1.43398
117	161	1.43144
117	163	0.460317
117	164	1.44841
117	167	1.45308
117	173	1.43371
117	178	0.436014
117	179	1.44198
117	180	1.49229
118	26	0.414934
118	33	1.27738
118	34	0.441989
118	36	0.539608
118	49	0.502394
118	58	0.651165
118	73	1.34371
118	76	1.40956
118	97	1.33191
118	98	1.33271
118	103	1.37567
118	126	0.481482
118	141	1.35769
118	143	0.460405
118	147	1.362
118	148	0.456988
118	158	1.36332
118	160	1.3667
118	163	0.486881
118	164	1.38112
118	165	0.458268
118	169	1.36796
118	170	1.38496
118	173	1.36642
118	174	1.38072
118	175	0.448328
118	178	0.462578
118	179	1.37469
118	180	1.425
119	27	1.19052
119	71	0.541877
119	81	1.28968
119	82	0.515073
119	87	1.36611
119	93	1.26638
119	99	1.26888
119	108	0.541518
119	109	1.33991
119	128	0.517319
119	131	1.3468
119	133	0.539919
119	134	1.26612
119	140	1.2945
119	141	1.27237
119	142	1.28804
119	144	0.527827
119	145	1.29966
119	149	1.26939
119	153	1.294
119	157	0.528323
119	160	1.28137
119	164	1.2958
119	167	0.525117
119	169	1.28264
119	171	0.516383
119	173	0.502549
119	176	0.544533
119	179	1.28937
120	5	0.481179
120	25	0.526628
120	47	1.36292
120	60	0.476296
120	72	1.34769
120	77	0.480239
120	81	1.37625
120	84	1.33709
120	85	0.514576
120	91	0.512019
120	93	1.35295
120	95	1.3465
120	96	0.473375
120	99	1.35545
120	108	0.483893
120	124	1.37143
120	138	1.34227
120	141	1.35894
120	144	0.470202
120	152	0.459342
120	153	1.38057
120	156	1.38832
120	159	1.36732
120	169	1.36921
120	170	1.38621
120	171	0.458758
120	174	1.38197
120	177	0.465641
120	179	1.37594
121	6	1.23586
121	14	0.544109
121	28	1.44273
121	35	0.551997
121	50	0.41862
121	91	1.29328
121	92	1.39153
121	94	0.487921
121	103	1.3745
121	104	0.472438
121	105	1.34227
121	107	0.428695
121	114	0.481167
121	116	1.35247
121	127	0.497816
121	134	0.477212
121	139	1.40277
121	145	0.462272
121	147	1.36083
121	154	0.500701
121	158	1.36215
121	161	1.36298
121	162	1.35458
121	167	1.38462
121	171	1.38298
121	172	1.36865
121	173	1.36525
121	178	0.477151
121	180	1.42382
122	13	0.522559
122	27	0.539431
122	36	1.25315
122	37	0.498512
122	46	1.32552
122	47	0.489777
122	73	1.3124
122	85	1.30341
122	97	1.30061
122	107	1.4045
122	110	1.30863
122	124	0.494588
122	128	1.35548
122	129	1.32881
122	130	1.33565
122	133	0.512509
122	138	0.510693
122	142	0.484573
122	147	0.51137
122	153	0.468741
122	159	1.33476
122	163	1.31957
122	165	1.35809
122	174	0.483567
122	175	1.35642
122	176	1.32154
122	177	1.34655
122	178	1.34403
122	179	0.480366
122	180	1.39369
123	75	0.555014
123	95	0.512903
123	124	0.501571
123	126	1.30273
123	127	1.29578
123	129	0.499653
123	136	1.32174
123	143	1.34113
123	144	1.34537
123	145	0.493803
123	148	1.34435
123	149	0.497878
123	150	1.34325
123	152	1.37595
123	156	0.483093
123	157	1.33804
123	158	0.500301
123	159	0.486868
123	160	0.485834
123	163	1.30879
123	165	1.34732
123	166	1.34006
123	168	1.32822
123	170	1.34287
123	174	0.49055
123	175	1.34565
123	176	1.31077
123	177	1.33577
123	178	1.33325
123	179	0.48735
124	13	0.531805
124	27	1.23368
124	31	0.478445
124	47	1.31951
124	57	1.35861
124	92	0.497497
124	103	0.507314
124	104	1.33855
124	120	1.37143
124	122	0.494588
124	123	0.501571
124	130	0.528656
124	131	1.38996
124	134	1.30928
124	135	1.35065
124	140	1.33766
124	142	1.3312
124	144	0.509662
124	149	1.31255
124	156	1.34491
124	160	1.32453
124	164	1.33896
124	169	1.3258
124	170	1.3428
124	171	0.498219
124	173	0.484384
124	174	1.33856
124	177	0.505102
124	179	1.33252
124	180	0.465009
125	26	1.36636
125	28	0.481584
125	41	0.528454
125	60	1.32597
125	64	0.53918
125	109	0.489065
125	126	1.26996
125	129	0.53242
125	136	1.28897
125	140	0.510064
125	143	1.30836
125	144	1.31261
125	145	0.52657
125	148	1.31159
125	150	1.31048
125	152	1.34318
125	154	1.27136
125	157	1.30527
125	163	1.27603
125	164	0.522537
125	165	1.31455
125	166	1.30729
125	168	1.29545
125	169	0.526573
125	174	0.523317
125	175	1.31288
125	176	1.278
125	177	1.303
125	178	1.30048
125	179	0.520117
125	180	0.495514
126	8	0.413984
126	34	0.51637
126	62	0.592311
126	67	0.543267
126	104	0.532246
126	109	0.484575
126	111	1.32105
126	115	0.564545
126	118	0.481482
126	123	1.30273
126	125	1.26996
126	127	1.27034
126	135	0.510745
126	136	1.29629
126	140	0.505574
126	143	1.31569
126	144	1.31993
126	150	1.31781
126	152	1.3505
126	154	1.27868
126	157	1.3126
126	161	0.535583
126	163	1.28335
126	165	1.32187
126	166	1.31461
126	168	1.30277
126	174	0.518827
126	175	1.3202
126	176	1.28532
126	177	1.31033
126	178	1.30781
127	51	1.38838
127	69	0.538921
127	86	1.35601
127	87	0.487791
127	96	1.27925
127	108	0.551129
127	121	0.497816
127	123	1.29578
127	126	1.27034
127	141	0.510741
127	142	0.521595
127	143	1.30874
127	144	1.31298
127	148	1.31196
127	150	1.31086
127	154	1.27173
127	157	1.30565
127	160	0.515872
127	163	1.2764
127	164	0.519807
127	165	1.31492
127	166	1.30767
127	168	1.29583
127	169	0.523844
127	171	0.525995
127	172	0.511239
127	175	1.31325
127	176	1.27837
127	177	1.30338
127	178	1.30086
127	180	0.492785
128	4	1.38692
128	24	1.50532
128	29	1.40193
128	30	1.26464
128	36	1.2589
128	49	1.30793
128	67	1.30273
128	69	1.32571
128	70	0.531785
128	85	1.30917
128	89	0.442459
128	94	0.517035
128	99	0.49513
128	102	0.476036
128	110	1.31439
128	114	1.36242
128	117	1.45408
128	119	0.517319
128	122	1.35548
128	129	1.33456
128	132	1.29441
128	133	0.517076
128	137	1.32289
128	145	1.35943
128	151	0.453478
128	159	1.34052
128	162	0.494119
128	171	0.49354
128	172	0.478784
128	177	0.500423
128	179	0.484933
128	180	1.39944
129	4	1.36024
129	5	0.518721
129	15	1.27979
129	24	1.47864
129	25	0.56417
129	29	1.37525
129	30	1.23797
129	36	1.23223
129	42	0.491306
129	49	1.28126
129	67	1.27605
129	69	1.29903
129	70	0.534545
129	82	0.49499
129	85	1.28249
129	110	1.28771
129	112	0.494363
129	114	1.33574
129	115	0.536612
129	117	1.4274
129	122	1.32881
129	123	0.499653
129	125	0.53242
129	128	1.33456
129	132	1.26773
129	137	1.29621
129	145	1.33275
129	146	0.533361
129	151	0.456238
129	155	0.498474
129	159	1.31384
129	170	0.453788
129	180	1.37277
130	29	0.404358
130	33	1.23199
130	46	1.31144
130	47	0.523845
130	50	0.477236
130	57	0.501284
130	66	1.3042
130	72	0.539484
130	76	1.36417
130	97	1.28652
130	98	1.28732
130	102	1.33585
130	106	0.492716
130	116	1.30825
130	122	1.33565
130	124	0.528656
130	136	1.31843
130	138	0.544761
130	140	0.504382
130	145	0.520888
130	149	0.524963
130	158	1.31793
130	163	1.30549
130	167	1.3404
130	168	1.32491
130	169	0.520891
130	171	1.33876
130	175	1.34234
130	176	1.30746
130	177	1.33246
130	178	1.32994
130	179	0.514435
130	180	1.3796
131	12	0.524467
131	15	0.549426
131	31	0.433895
131	37	1.38972
131	47	1.38144
131	51	0.458247
131	61	0.465188
131	75	1.32809
131	78	1.39126
131	86	1.45026
131	95	1.36503
131	109	1.445
131	112	0.451732
131	119	1.3468
131	124	1.38996
131	134	1.37122
131	142	1.39314
131	148	0.460804
131	149	1.37449
131	153	1.39909
131	156	1.40684
131	158	0.458013
131	159	1.38584
131	163	0.490698
131	164	1.40089
131	166	0.457637
131	169	1.38773
131	171	0.453669
131	174	1.4005
131	175	0.452145
131	176	0.481819
131	178	0.466394
131	179	1.39446
132	1	0.615237
132	18	0.524914
132	24	1.43849
132	28	0.457992
132	49	1.2411
132	52	1.26084
132	54	0.460543
132	56	1.31932
132	59	0.605676
132	65	1.41058
132	90	1.31308
132	100	1.26906
132	110	1.24756
132	113	1.3034
132	114	1.29559
132	115	0.545444
132	128	1.29441
132	129	1.26773
132	134	1.25906
132	142	1.28098
132	152	0.505715
132	156	1.29469
132	158	0.509475
132	160	1.27431
132	161	0.516481
132	162	1.26336
132	165	0.513547
132	166	0.509099
132	169	1.27558
132	171	0.505131
132	172	1.27743
132	176	0.533281
132	179	1.2823
132	180	1.33261
133	6	1.16925
133	7	1.35677
133	17	0.546416
133	18	1.28886
133	21	1.27478
133	77	1.35573
133	82	0.514829
133	103	1.30788
133	104	0.524153
133	105	1.27565
133	107	0.48041
133	108	1.27879
133	115	1.24375
133	119	0.539919
133	122	0.512509
133	128	0.517076
133	136	0.531819
133	139	1.33615
133	146	1.23356
133	147	1.29421
133	150	0.512769
133	155	0.518314
133	158	1.29553
133	159	1.29828
133	161	1.29636
133	162	1.28796
133	163	0.553169
133	167	1.318
133	170	1.31717
133	171	1.31636
133	173	1.29863
133	176	0.54429
133	179	0.507533
133	180	1.35721
134	4	0.485976
134	18	0.525173
134	30	0.590773
134	31	0.485617
134	35	1.23843
134	38	0.542753
134	42	1.31375
134	55	1.34837
134	75	1.24741
134	78	1.31058
134	81	1.31409
134	87	1.39053
134	89	1.3359
134	91	0.558652
134	93	1.2908
134	104	1.31981
134	111	0.501695
134	116	0.514997
134	119	1.26612
134	121	0.477212
134	124	1.30928
134	131	1.37122
134	132	1.25906
134	140	1.31892
134	141	1.29678
134	142	1.31246
134	149	1.29381
134	155	1.31637
134	156	1.32617
134	165	0.513806
134	167	0.514124
134	168	0.500443
134	169	1.30706
134	178	0.518116
134	179	1.31378
134	180	0.472181
135	2	0.480054
135	7	0.470174
135	37	1.35041
135	47	1.34214
135	55	1.38974
135	57	1.38124
135	74	0.498781
135	75	1.28878
135	84	1.31631
135	93	1.33217
135	95	1.32572
135	99	1.33467
135	100	0.518033
135	108	0.50425
135	110	0.557888
135	116	0.488723
135	124	1.35065
135	126	0.510745
135	138	1.32149
135	140	1.36029
135	141	1.33816
135	149	1.33518
135	153	1.35979
135	157	0.491055
135	160	1.34716
135	161	0.490465
135	162	1.33622
135	164	1.36159
135	165	0.487531
135	169	1.34843
135	170	1.36543
135	173	0.465281
135	174	1.36119
135	176	0.507265
135	177	0.485999
135	179	1.35516
135	180	0.445906
136	42	0.503289
136	43	1.32564
136	46	0.50823
136	50	0.462477
136	66	0.533657
136	69	0.521209
136	78	0.488991
136	79	1.31922
136	95	0.525229
136	96	1.30521
136	104	0.516296
136	108	0.533417
136	111	1.34006
136	117	0.438967
136	123	1.32174
136	125	1.28897
136	126	1.29629
136	130	1.31843
136	133	0.531819
136	137	0.530904
136	143	1.33469
136	148	1.33792
136	150	1.33681
136	151	1.3205
136	153	0.488051
136	154	1.29769
136	155	1.32875
136	157	1.3316
136	159	0.499194
136	163	1.30236
136	165	1.34088
136	166	1.33362
136	167	0.517016
136	168	1.32178
136	175	1.33921
136	176	1.30433
136	177	1.32933
136	178	1.32681
137	2	1.36067
137	30	1.22629
137	55	0.508805
137	64	1.25785
137	68	1.29547
137	69	1.28736
137	77	1.35962
137	85	1.27082
137	88	1.24101
137	91	1.23055
137	94	0.538721
137	96	0.529843
137	101	1.28899
137	102	1.31734
137	106	1.34608
137	108	1.28268
137	110	1.27604
137	114	1.32407
137	116	1.28974
137	128	1.32289
137	129	1.29621
137	136	0.530904
137	139	1.34004
137	140	0.496566
137	141	0.499972
137	143	0.525778
137	149	0.517147
137	150	0.511855
137	154	0.551502
137	155	1.31337
137	161	1.30025
137	162	1.29185
137	164	0.509039
137	165	0.523641
137	166	0.519194
137	168	0.510279
137	171	1.32025
137	178	0.527951
137	180	1.36109
138	19	0.524929
138	35	1.22801
138	42	1.30333
138	43	0.524856
138	46	0.514271
138	64	0.52478
138	72	1.27511
138	78	1.30016
138	81	1.30367
138	84	1.26451
138	87	1.38011
138	89	1.32548
138	95	1.27393
138	97	0.529676
138	101	0.514798
138	102	0.49682
138	104	1.30939
138	106	0.483998
138	120	1.34227
138	122	0.510693
138	130	0.544761
138	135	1.32149
138	139	0.515111
138	140	1.3085
138	141	1.28636
138	143	0.524876
138	146	1.23003
138	153	1.30799
138	156	1.31575
138	159	1.29475
138	160	1.29537
138	163	0.551353
138	164	1.3098
138	170	1.31363
138	171	0.514324
138	172	1.29849
138	174	1.3094
138	178	0.527049
138	179	1.30336
139	16	0.404538
139	21	1.33417
139	25	1.26796
139	54	1.44631
139	57	0.471634
139	66	1.34119
139	74	0.513056
139	77	1.41511
139	80	1.36362
139	87	0.455187
139	90	0.52382
139	91	1.28605
139	93	0.480143
139	102	1.37283
139	103	1.36726
139	108	1.33818
139	111	0.489695
139	114	0.510132
139	115	1.30313
139	116	1.34524
139	121	1.40277
139	133	1.33615
139	137	1.34004
139	138	0.515111
139	144	0.504835
139	147	1.3536
139	152	0.493974
139	153	0.473159
139	156	0.480527
139	158	1.35492
139	159	1.35767
139	160	0.483268
139	162	1.34734
139	165	0.501806
139	167	1.37739
139	171	1.37575
139	173	1.35801
139	177	0.500274
139	180	1.41659
140	3	1.212
140	5	0.496365
140	17	0.50422
140	32	0.455053
140	39	0.499871
140	50	1.44438
140	51	0.478523
140	52	0.533181
140	63	0.590941
140	72	1.31392
140	78	1.33896
140	84	1.30332
140	87	1.41891
140	93	1.31918
140	95	1.31273
140	100	0.512862
140	104	1.34819
140	109	1.39271
140	116	0.483551
140	119	1.2945
140	124	1.33766
140	125	0.510064
140	126	0.505574
140	130	0.504382
140	134	1.31892
140	135	1.36029
140	137	0.496566
140	138	1.3085
140	141	1.32517
140	146	1.26883
140	149	1.32219
140	153	1.3468
140	156	1.35455
140	159	1.33355
140	169	1.33544
140	174	1.3482
140	176	0.502094
140	178	0.48667
140	179	1.34217
140	180	0.440734
141	12	0.548148
141	47	1.30701
141	50	1.42224
141	53	0.530257
141	55	1.35462
141	61	0.488869
141	69	0.490277
141	79	0.530627
141	81	1.32034
141	86	1.37583
141	95	1.2906
141	104	1.32605
141	109	1.37057
141	117	1.42498
141	118	1.35769
141	119	1.27237
141	120	1.35894
141	127	0.510741
141	134	1.29678
141	135	1.33816
141	137	0.499972
141	138	1.28636
141	140	1.32517
141	142	1.31871
141	148	0.484486
141	153	1.32466
141	156	1.33241
141	157	0.48929
141	160	1.31204
141	161	0.4887
141	163	0.514379
141	164	1.32646
141	165	0.485766
141	166	0.481318
141	168	0.472403
141	169	1.3133
141	174	1.32607
141	176	0.5055
141	177	0.484233
141	179	1.32003
142	1	0.598309
142	11	1.38988
142	26	0.453285
142	42	1.33567
142	55	1.37029
142	66	0.513578
142	68	0.519729
142	75	1.26933
142	81	1.33602
142	95	1.30627
142	96	0.502821
142	102	0.470701
142	104	1.34173
142	105	0.511431
142	109	1.38625
142	119	1.28804
142	122	0.484573
142	124	1.3312
142	127	0.521595
142	131	1.39314
142	132	1.28098
142	134	1.31246
142	141	1.31871
142	149	1.31573
142	151	1.33005
142	153	1.34034
142	154	0.52448
142	156	1.34809
142	158	0.492548
142	160	1.32771
142	164	1.34214
142	168	0.483257
142	169	1.32898
142	172	1.33084
142	173	0.47437
142	174	1.34174
142	177	0.495087
142	178	0.50093
142	179	1.33571
142	180	0.454994
143	1	1.2046
143	2	0.504095
143	5	1.38275
143	6	0.615852
143	11	0.472701
143	15	1.30289
143	19	1.30638
143	25	0.571026
143	39	0.529083
143	50	0.457351
143	74	1.31506
143	83	0.453248
143	109	0.463497
143	117	0.433841
143	118	0.460405
143	123	1.34113
143	125	1.30836
143	126	1.31569
143	127	1.30874
143	136	1.33469
143	137	0.525778
143	138	0.524876
143	144	1.35833
143	148	1.35731
143	150	1.35621
143	152	1.38891
143	154	1.31708
143	157	1.351
143	159	0.494068
143	162	0.503736
143	163	1.32175
143	165	1.36027
143	166	1.35302
143	168	1.34117
143	169	0.501005
143	172	0.488401
143	175	1.3586
143	176	1.32372
143	177	1.34873
143	178	1.34621
144	14	0.583731
144	19	1.31063
144	28	0.456908
144	53	1.29203
144	55	0.497627
144	58	1.13924
144	60	1.37594
144	71	1.32039
144	78	0.484756
144	79	1.34286
144	98	0.535179
144	101	0.504522
144	111	1.3637
144	119	0.527827
144	120	0.470202
144	123	1.34537
144	124	0.509662
144	125	1.31261
144	126	1.31993
144	127	1.31298
144	139	0.504835
144	143	1.35833
144	146	1.27647
144	148	1.36155
144	152	1.39315
144	153	0.483816
144	157	1.35524
144	159	0.494959
144	160	0.493925
144	165	1.36452
144	166	1.35726
144	168	1.34542
144	170	1.36007
144	172	0.489292
144	173	0.490213
144	175	1.36285
144	176	1.32797
144	177	1.35297
144	178	1.35045
144	180	0.470838
145	2	1.39721
145	36	1.25709
145	43	0.500983
145	44	1.31669
145	45	1.33284
145	48	0.524389
145	49	1.30612
145	64	1.29439
145	68	1.332
145	69	1.3239
145	81	1.34763
145	88	1.27755
145	101	1.32553
145	105	0.513677
145	106	1.38261
145	110	1.31258
145	119	1.29966
145	121	0.462272
145	123	0.493803
145	125	0.52657
145	128	1.35943
145	129	1.33275
145	130	0.520888
145	150	0.48708
145	152	0.491034
145	153	1.35195
145	156	1.3597
145	158	0.494794
145	159	1.33871
145	160	1.33933
145	161	0.5018
145	162	1.32838
145	163	0.527479
145	166	0.494418
145	168	0.485503
145	169	1.3406
145	171	0.490451
145	175	0.488926
145	179	1.34732
145	180	1.39763
146	8	0.419416
146	10	0.665959
146	14	1.23261
146	23	0.313612
146	25	1.16537
146	34	0.521802
146	39	0.555592
146	40	0.756579
146	44	0.538895
146	50	1.36591
146	61	1.29141
146	62	0.597743
146	64	0.540121
146	69	0.542591
146	73	0.559247
146	88	0.563658
146	97	0.545018
146	114	0.546407
146	129	0.533361
146	133	1.23356
146	138	1.23003
146	140	1.26883
146	144	1.27647
146	156	1.27608
146	158	1.25233
146	161	1.25316
146	162	1.24475
146	163	1.23989
146	164	1.27013
146	165	1.27841
146	166	1.27115
146	167	1.2748
146	169	1.25697
146	170	1.27396
146	171	1.27316
146	173	1.25542
146	174	1.26973
146	175	1.27674
146	176	1.24186
146	177	1.26686
146	179	1.26369
147	6	1.18669
147	7	1.37421
147	18	1.3063
147	26	0.480082
147	42	0.510007
147	59	1.2228
147	66	1.29925
147	71	0.540495
147	74	0.534666
147	78	0.495709
147	91	1.24411
147	92	1.34236
147	103	1.32532
147	105	1.2931
147	107	0.47927
147	108	1.29624
147	112	1.34239
147	115	1.26119
147	116	1.3033
147	118	1.362
147	121	1.36083
147	122	0.51137
147	133	1.29421
147	139	1.3536
147	148	0.522136
147	151	1.31868
147	160	0.504878
147	161	1.31381
147	162	1.3054
147	167	1.33545
147	168	0.510054
147	169	0.51285
147	170	1.33461
147	171	1.33381
147	173	1.31607
147	174	0.509594
147	175	0.513477
147	176	0.543151
147	178	0.527726
147	179	0.506394
147	180	1.37465
148	3	0.609161
148	29	0.381056
148	37	0.509278
148	50	0.453934
148	62	0.567817
148	71	1.31937
148	74	1.31828
148	79	1.34183
148	84	0.522651
148	96	1.32783
148	111	1.36267
148	118	0.456988
148	123	1.34435
148	125	1.31159
148	127	1.31196
148	131	0.460804
148	136	1.33792
148	141	0.484486
148	143	1.35731
148	144	1.36155
148	147	0.522136
148	150	1.35943
148	151	1.34312
148	152	1.39213
148	154	1.32031
148	157	1.35422
148	159	0.490651
148	160	0.489617
148	162	0.500319
148	163	1.32497
148	165	1.36349
148	166	1.35624
148	168	1.3444
148	169	0.497589
148	170	1.35905
148	174	0.494333
148	175	1.36183
148	176	1.32694
148	177	1.35195
148	178	1.34943
148	179	0.491133
148	180	0.46653
149	11	1.37123
149	25	0.562395
149	31	0.474751
149	37	1.31231
149	41	1.32219
149	43	0.505058
149	50	1.41927
149	71	0.52002
149	78	1.31385
149	84	1.2782
149	87	1.3938
149	92	0.493803
149	93	1.29407
149	95	1.28762
149	104	1.32308
149	105	0.517752
149	119	1.26939
149	123	0.497878
149	124	1.31255
149	130	0.524963
149	131	1.37449
149	134	1.29381
149	135	1.33518
149	137	0.517147
149	140	1.32219
149	142	1.31573
149	151	1.31139
149	154	0.530801
149	156	1.32944
149	158	0.498869
149	159	1.30844
149	160	1.30906
149	164	1.32349
149	165	0.502941
149	166	0.498493
149	170	1.32733
149	172	1.31218
149	173	0.480691
149	174	1.32309
149	175	0.493001
149	176	0.522675
149	179	1.31705
149	180	0.461316
150	43	1.34715
150	46	0.489181
150	48	1.29041
150	58	1.13712
150	59	0.589778
150	60	1.37381
150	61	1.37539
150	63	0.60623
150	67	0.508267
150	70	1.32407
150	74	1.31718
150	95	0.506179
150	96	1.32672
150	112	0.487296
150	117	0.419918
150	123	1.34325
150	125	1.31048
150	126	1.31781
150	127	1.31086
150	133	0.512769
150	136	1.33681
150	137	0.511855
150	143	1.35621
150	145	0.48708
150	148	1.35943
150	151	1.34202
150	152	1.39102
150	154	1.3192
150	157	1.35311
150	161	0.500583
150	162	0.489813
150	163	1.32387
150	164	0.483046
150	165	1.36239
150	166	1.35513
150	168	1.34329
150	169	0.487083
150	171	0.489233
150	172	0.474478
150	173	0.475399
150	175	1.36072
150	176	1.32584
150	177	1.35084
150	178	1.34833
150	179	0.480626
151	2	0.453481
151	7	1.38124
151	9	0.595202
151	23	0.653608
151	30	0.537925
151	33	0.561206
151	62	0.52062
151	65	0.409909
151	68	0.484067
151	73	0.482124
151	85	0.50836
151	88	0.486535
151	90	0.482972
151	91	1.25113
151	92	1.34939
151	100	0.49146
151	106	0.422216
151	110	0.531315
151	114	0.469284
151	128	0.453478
151	129	0.456238
151	136	1.3205
151	142	1.33005
151	147	1.31868
151	148	1.34312
151	149	1.31139
151	150	1.34202
151	152	1.37471
151	156	1.34375
151	158	1.32001
151	160	1.32338
151	162	1.31243
151	163	1.30756
151	164	1.3378
151	167	1.34248
151	168	1.32698
151	170	1.34164
151	171	1.34084
151	173	1.3231
151	174	1.3374
151	175	1.34441
151	177	1.33454
151	178	1.33202
151	179	1.33137
151	180	1.38168
152	1	1.23942
152	20	1.34148
152	24	0.441175
152	27	0.543645
152	58	1.16982
152	61	1.40809
152	74	1.34988
152	79	1.37343
152	83	0.443279
152	87	0.454984
152	92	0.492465
152	94	1.35629
152	111	1.39427
152	115	0.5335
152	120	0.459342
152	123	1.37595
152	125	1.34318
152	126	1.3505
152	132	0.505715
152	139	0.493974
152	143	1.38891
152	144	1.39315
152	145	0.491034
152	148	1.39213
152	150	1.39102
152	151	1.37471
152	153	0.472955
152	154	1.3519
152	156	0.480324
152	157	1.38581
152	159	0.484099
152	161	0.504537
152	163	1.35657
152	165	1.39509
152	166	1.38783
152	168	1.37599
152	169	0.491037
152	170	1.39065
152	172	0.478432
152	173	0.479353
152	174	0.487781
152	175	1.39342
152	176	1.35854
152	177	1.38354
152	178	1.38102
152	180	0.459978
153	1	0.582477
153	15	0.568129
153	27	1.24282
153	41	1.3468
153	42	1.34163
153	57	1.36774
153	63	0.589369
153	67	1.29526
153	71	0.497866
153	77	0.493853
153	78	1.33846
153	83	1.38772
153	87	1.4184
153	93	1.31867
153	99	1.32118
153	104	1.34768
153	109	1.3922
153	111	0.468677
153	112	0.470435
153	119	1.294
153	120	1.38057
153	122	0.468741
153	131	1.39909
153	135	1.35979
153	136	0.488051
153	138	1.30799
153	139	0.473159
153	140	1.3468
153	141	1.32466
153	142	1.34034
153	144	0.483816
153	145	1.35195
153	152	0.472955
153	155	1.34425
153	160	1.33367
153	162	1.32272
153	165	0.480787
153	166	0.47634
153	167	0.481106
153	169	1.33493
153	170	1.35193
153	171	0.472372
153	174	1.3477
153	175	0.470848
153	177	0.479255
153	178	0.485098
153	179	1.34166
154	1	1.1676
154	17	1.27967
154	51	1.39673
154	53	1.25078
154	58	1.09799
154	74	1.27805
154	79	1.30161
154	82	1.30849
154	102	0.511376
154	105	0.552106
154	107	1.36967
154	109	0.489221
154	111	1.32245
154	112	0.526943
154	115	0.569192
154	116	0.538487
154	117	0.459564
154	121	0.500701
154	125	1.27136
154	126	1.27868
154	127	1.27173
154	136	1.29769
154	137	0.551502
154	142	0.52448
154	143	1.31708
154	148	1.32031
154	149	0.530801
154	150	1.3192
154	152	1.3519
154	155	1.31114
154	157	1.31399
154	158	0.533224
154	162	0.529459
154	163	1.28475
154	165	1.32327
154	166	1.31601
154	167	0.537614
154	168	1.30417
154	170	1.31882
154	172	0.514124
154	173	0.515045
154	175	1.3216
154	176	1.28672
154	177	1.31172
154	178	1.3092
154	179	0.520273
154	180	0.49567
155	3	1.20945
155	4	0.475364
155	5	1.37681
155	7	0.485836
155	22	0.525562
155	23	1.51076
155	27	1.24077
155	28	0.447638
155	40	1.52395
155	44	1.30898
155	53	1.28185
155	58	1.12906
155	64	1.28668
155	66	0.520152
155	68	1.3243
155	69	0.507704
155	75	1.27324
155	76	0.487438
155	85	0.550596
155	88	1.26984
155	92	0.494056
155	97	0.51013
155	101	1.31782
155	105	0.518005
155	106	1.37491
155	110	0.573551
155	114	0.51152
155	116	0.504385
155	129	0.498474
155	133	0.518314
155	134	1.31637
155	136	1.32875
155	137	1.31337
155	153	1.34425
155	154	1.31114
155	159	1.331
155	161	0.506128
155	162	1.32068
155	164	1.34605
155	165	1.35433
155	167	0.503512
155	168	1.33523
155	169	1.33289
155	176	1.31778
155	177	1.34278
155	178	1.34027
155	179	1.33962
155	180	0.461568
156	2	0.480679
156	17	0.510016
156	31	0.459966
156	37	1.34467
156	41	1.35455
156	42	1.34938
156	49	0.532281
156	55	1.384
156	56	0.479981
156	57	1.3755
156	66	0.505114
156	78	1.34621
156	88	0.513733
156	89	1.37153
156	93	1.32643
156	98	0.510871
156	99	1.32893
156	102	0.462237
156	103	0.488836
156	109	1.39995
156	112	0.477803
156	117	1.45436
156	120	1.38832
156	123	0.483093
156	124	1.34491
156	131	1.40684
156	132	1.29469
156	134	1.32617
156	138	1.31575
156	139	0.480527
156	140	1.35455
156	141	1.33241
156	142	1.34809
156	145	1.3597
156	146	1.27608
156	149	1.32944
156	151	1.34375
156	152	0.480324
156	158	0.484084
156	160	1.34142
156	163	0.516769
156	164	1.35584
156	167	0.488474
156	169	1.34269
156	174	1.35545
156	176	0.50789
156	178	0.492466
156	179	1.34941
156	180	0.44653
157	11	0.474088
157	17	1.31358
157	18	0.524326
157	24	0.452531
157	26	1.40899
157	37	0.514082
157	48	1.28521
157	49	0.557084
157	51	1.43064
157	53	1.2847
157	58	1.13191
157	60	1.36861
157	71	1.31305
157	75	0.563601
157	76	0.497203
157	83	0.454635
157	84	0.527455
157	96	1.32151
157	111	1.35636
157	114	0.521285
157	117	0.435228
157	119	0.528323
157	123	1.33804
157	125	1.30527
157	126	1.3126
157	127	1.30565
157	135	0.491055
157	136	1.3316
157	141	0.48929
157	143	1.351
157	144	1.35524
157	148	1.35422
157	150	1.35311
157	152	1.38581
157	154	1.31399
157	158	0.508887
157	159	0.495455
157	162	0.505123
157	163	1.31866
157	164	0.498356
157	165	1.35718
157	166	1.34992
157	168	1.33808
157	170	1.35274
157	172	0.489788
157	175	1.35551
157	176	1.32063
157	177	1.34564
157	178	1.34312
157	180	0.471334
158	12	1.29467
158	15	1.283
158	21	1.29355
158	22	1.28909
158	25	1.22735
158	44	0.506177
158	54	1.40569
158	58	0.69826
158	64	0.507404
158	66	1.30057
158	80	1.323
158	89	1.34779
158	91	1.24543
158	92	1.34368
158	96	0.511565
158	102	1.33222
158	108	1.29756
158	112	1.34371
158	115	1.26252
158	116	1.30462
158	118	1.36332
158	121	1.36215
158	123	0.500301
158	130	1.31793
158	131	0.458013
158	132	0.509475
158	133	1.29553
158	139	1.35492
158	142	0.492548
158	145	0.494794
158	146	1.25233
158	149	0.498869
158	151	1.32001
158	154	0.533224
158	156	0.484084
158	157	0.508887
158	159	1.31705
158	160	0.486825
158	161	1.31513
158	162	1.30673
158	166	0.500916
158	167	1.33677
158	170	1.33594
158	171	1.33513
158	173	1.3174
158	174	0.491542
158	175	0.495424
158	176	0.525098
158	178	0.509674
158	179	0.488341
158	180	1.37597
159	2	0.484455
159	4	1.3662
159	29	1.38121
159	30	1.24392
159	38	0.520878
159	46	0.483463
159	49	1.28721
159	58	0.684828
159	59	1.22687
159	66	1.30332
159	79	0.536792
159	85	1.28845
159	88	0.517509
159	98	0.514647
159	99	1.30793
159	101	0.48399
159	102	1.33496
159	106	0.45319
159	108	1.30031
159	114	1.3417
159	120	1.36732
159	122	1.33476
159	123	0.486868
159	128	1.34052
159	129	1.31384
159	131	1.38584
159	133	1.29828
159	136	0.499194
159	138	1.29475
159	139	1.35767
159	140	1.33355
159	143	0.494068
159	144	0.494959
159	145	1.33871
159	148	0.490651
159	149	1.30844
159	152	0.484099
159	155	1.331
159	157	0.495455
159	158	1.31705
159	163	0.520544
159	164	1.33485
159	165	0.491931
159	167	1.33952
159	168	0.478569
159	171	1.33788
159	172	1.32354
159	173	1.32014
159	174	1.33445
159	177	0.490399
159	178	0.496241
159	179	1.32841
159	180	1.37872
160	6	0.595177
160	30	0.567864
160	34	0.474618
160	35	1.25368
160	41	1.33418
160	47	1.31602
160	50	1.43125
160	52	0.541718
160	57	1.35512
160	72	1.30079
160	75	1.26267
160	78	1.32583
160	80	0.481432
160	81	1.32935
160	82	0.48117
160	87	1.40578
160	103	0.491577
160	104	1.33506
160	107	1.39015
160	109	1.37958
160	117	1.43398
160	118	1.3667
160	119	1.28137
160	123	0.485834
160	124	1.32453
160	127	0.515872
160	132	1.27431
160	135	1.34716
160	138	1.29537
160	139	0.483268
160	141	1.31204
160	142	1.32771
160	144	0.493925
160	145	1.33933
160	147	0.504878
160	148	0.489617
160	149	1.30906
160	151	1.32338
160	153	1.33367
160	156	1.34142
160	158	0.486825
160	162	1.3101
160	164	1.33547
160	165	0.490896
160	167	0.491215
160	169	1.32231
160	170	1.33931
160	171	0.482481
160	173	0.468646
160	174	1.33507
160	175	0.480957
160	176	0.510631
160	177	0.489364
160	178	0.495207
160	179	1.32904
161	6	1.18884
161	7	1.37636
161	12	1.2955
161	21	1.29438
161	25	1.22818
161	28	1.39571
161	32	0.485062
161	42	0.49896
161	49	0.556495
161	51	0.508532
161	54	1.40652
161	59	1.22495
161	66	1.3014
161	67	1.28009
161	75	0.563011
161	80	1.32383
161	82	0.502643
161	84	0.526865
161	86	1.38229
161	91	1.24626
161	92	1.34451
161	94	0.527449
161	99	0.505544
161	102	1.33305
161	103	1.32747
161	105	1.29525
161	107	0.468223
161	108	1.29839
161	112	1.34454
161	116	1.30545
161	117	1.43144
161	121	1.36298
161	126	0.535583
161	132	0.516481
161	133	1.29636
161	135	0.490465
161	137	1.30025
161	141	0.4887
161	145	0.5018
161	146	1.25316
161	147	1.31381
161	150	0.500583
161	152	0.504537
161	155	0.506128
161	158	1.31513
161	162	1.30756
161	167	1.3376
161	169	0.501803
161	170	1.33677
161	171	1.33596
161	172	1.32162
161	173	1.31822
161	174	0.498547
161	178	0.516679
161	179	0.495347
161	180	1.3768
162	2	1.36798
162	4	0.473769
162	7	1.36796
162	8	0.382934
162	9	0.635844
162	23	1.48923
162	40	1.50243
162	45	1.30361
162	51	0.497762
162	52	0.55242
162	61	0.504702
162	64	1.26516
162	68	1.30277
162	70	1.29448
162	73	0.522766
162	76	0.485843
162	82	0.491873
162	83	1.36415
162	88	1.24832
162	89	1.34021
162	96	0.5078
162	101	1.2963
162	105	1.28684
162	106	1.35338
162	109	1.36863
162	113	0.482
162	121	1.35458
162	128	0.494119
162	132	1.26336
162	133	1.28796
162	135	1.33622
162	137	1.29185
162	139	1.34734
162	143	0.503736
162	145	1.32838
162	146	1.24475
162	147	1.3054
162	148	0.500319
162	150	0.489813
162	151	1.31243
162	153	1.32272
162	154	0.529459
162	155	1.32068
162	157	0.505123
162	158	1.30673
162	160	1.3101
162	161	1.30756
162	163	0.530212
162	164	1.32452
162	166	0.497151
162	167	1.3292
162	168	0.488236
162	171	1.32756
162	173	1.30982
162	176	0.521333
162	177	0.500066
162	178	0.505909
162	179	1.31809
163	5	1.35041
163	17	1.28434
163	20	1.27432
163	22	0.560417
163	29	0.410949
163	32	1.37792
163	43	1.31269
163	48	1.25596
163	60	1.33936
163	61	1.34094
163	71	1.28381
163	77	0.551114
163	82	1.31316
163	83	0.479725
163	87	0.491429
163	94	1.28914
163	103	0.538728
163	107	1.37434
163	109	0.489974
163	111	1.32711
163	117	0.460317
163	118	0.486881
163	122	1.31957
163	123	1.30879
163	125	1.27603
163	126	1.28335
163	127	1.2764
163	130	1.30549
163	131	0.490698
163	133	0.553169
163	136	1.30236
163	138	0.551353
163	141	0.514379
163	143	1.32175
163	145	0.527479
163	146	1.23989
163	148	1.32497
163	150	1.32387
163	151	1.30756
163	152	1.35657
163	154	1.28475
163	156	0.516769
163	157	1.31866
163	159	0.520544
163	162	0.530212
163	164	0.523446
163	165	1.32794
163	166	1.32068
163	167	0.538367
163	168	1.30884
163	169	0.527482
163	170	1.32349
163	172	0.514877
163	174	0.524226
163	175	1.32627
163	176	1.29139
163	177	1.31639
163	178	1.31387
163	180	0.496423
164	3	1.2133
164	21	0.50819
164	26	0.451498
164	27	1.24462
164	30	0.5718
164	35	1.26811
164	42	1.34343
164	54	0.441828
164	55	1.37805
164	56	0.486657
164	69	0.499343
164	72	1.31521
164	75	1.27709
164	80	0.485368
164	81	1.34377
164	84	1.30461
164	91	0.539678
164	93	1.32048
164	94	1.31938
164	98	0.517548
164	99	1.32298
164	104	1.34949
164	105	0.509644
164	107	1.40458
164	109	1.39401
164	115	0.526729
164	117	1.44841
164	118	1.38112
164	119	1.2958
164	124	1.33896
164	125	0.522537
164	127	0.519807
164	131	1.40089
164	135	1.36159
164	137	0.509039
164	138	1.3098
164	141	1.32646
164	142	1.34214
164	146	1.27013
164	149	1.32349
164	150	0.483046
164	151	1.3378
164	155	1.34605
164	156	1.35584
164	157	0.498356
164	159	1.33485
164	160	1.33547
164	162	1.32452
164	163	0.523446
164	165	0.494832
164	168	0.48147
164	169	1.33674
164	171	0.486417
164	172	1.33859
164	174	1.3495
164	175	0.484893
164	176	0.514567
164	177	0.4933
164	179	1.34346
164	180	0.453207
165	1	1.21079
165	6	0.613715
165	8	0.39077
165	11	0.470564
165	17	1.32286
165	21	0.522792
165	26	1.41827
165	32	1.41644
165	37	0.510558
165	48	1.29448
165	51	1.43992
165	53	1.29397
165	58	1.14118
165	65	0.458386
165	68	0.532544
165	71	1.32233
165	74	1.32124
165	79	1.3448
165	89	1.37386
165	92	0.500297
165	93	0.487771
165	96	1.33079
165	107	1.41286
165	109	0.46136
165	111	1.36564
165	112	0.499082
165	116	0.510626
165	118	0.458268
165	122	1.35809
165	123	1.34732
165	125	1.31455
165	126	1.32187
165	127	1.31492
165	132	0.513547
165	134	0.513806
165	135	0.487531
165	136	1.34088
165	137	0.523641
165	139	0.501806
165	141	0.485766
165	143	1.36027
165	144	1.36452
165	146	1.27841
165	148	1.36349
165	149	0.502941
165	150	1.36239
165	152	1.39509
165	153	0.480787
165	154	1.32327
165	155	1.35433
165	157	1.35718
165	159	0.491931
165	160	0.490896
165	163	1.32794
165	164	0.494832
165	166	1.3592
165	168	1.34736
165	174	0.495613
165	175	1.36479
165	176	1.32991
165	177	1.35491
165	178	1.35239
166	5	1.38168
166	17	1.3156
166	19	1.30531
166	20	1.30559
166	24	0.444559
166	32	1.40919
166	41	0.496302
166	43	1.34396
166	48	1.28722
166	51	1.43266
166	53	1.28672
166	60	1.37062
166	61	1.3722
166	63	0.613568
166	67	0.515605
166	71	1.31507
166	74	1.31399
166	76	0.489232
166	79	1.33754
166	83	0.446664
166	86	1.40028
166	92	0.49585
166	93	0.483324
166	96	1.32353
166	99	0.498162
166	100	0.535489
166	105	0.519798
166	109	0.456913
166	111	1.35838
166	112	0.494635
166	123	1.34006
166	125	1.30729
166	126	1.31461
166	127	1.30767
166	131	0.457637
166	132	0.509099
166	136	1.33362
166	137	0.519194
166	141	0.481318
166	143	1.35302
166	144	1.35726
166	145	0.494418
166	146	1.27115
166	148	1.35624
166	149	0.498493
166	150	1.35513
166	152	1.38783
166	153	0.47634
166	154	1.31601
166	157	1.34992
166	158	0.500916
166	162	0.497151
166	163	1.32068
166	165	1.3592
166	167	0.505306
166	168	1.3401
166	172	0.481816
166	175	1.35753
166	176	1.32265
166	177	1.34765
166	178	1.34514
166	179	0.487965
167	6	1.21049
167	11	0.470883
167	12	1.31714
167	16	0.412485
167	18	1.3301
167	21	1.31602
167	22	1.31156
167	23	0.285285
167	28	1.41735
167	54	1.42816
167	57	0.479581
167	59	1.24659
167	66	1.32304
167	75	0.560395
167	80	1.34548
167	85	0.557156
167	86	1.40393
167	89	1.37026
167	91	1.2679
167	92	1.36616
167	95	0.518284
167	102	1.35469
167	103	1.34912
167	104	0.509351
167	105	1.31689
167	107	0.465607
167	108	1.32003
167	112	1.36618
167	115	1.28499
167	116	1.32709
167	117	1.45308
167	119	0.525117
167	121	1.38462
167	130	1.3404
167	133	1.318
167	134	0.514124
167	136	0.517016
167	139	1.37739
167	146	1.2748
167	147	1.33545
167	151	1.34248
167	153	0.481106
167	154	0.537614
167	155	0.503512
167	156	0.488474
167	158	1.33677
167	159	1.33952
167	160	0.491215
167	161	1.3376
167	162	1.3292
167	163	0.538367
167	166	0.505306
167	169	0.499187
167	170	1.35841
167	171	1.3576
167	172	1.34327
167	174	0.495931
167	176	0.529488
167	177	0.508221
167	178	0.514063
167	179	0.492731
167	180	1.39845
168	5	1.36984
168	19	1.29347
168	20	1.29374
168	26	1.39917
168	32	1.39734
168	35	0.575229
168	38	1.33383
168	43	1.33212
168	44	0.496886
168	48	1.27538
168	51	1.42082
168	58	1.12208
168	61	1.36036
168	63	0.604653
168	66	0.513031
168	70	1.30904
168	71	1.30323
168	75	0.546714
168	78	0.468365
168	79	1.3257
168	94	1.30856
168	95	0.504603
168	96	1.31169
168	98	0.518788
168	103	0.496753
168	104	0.49567
168	110	0.56643
168	123	1.32822
168	125	1.29545
168	126	1.30277
168	127	1.29583
168	130	1.32491
168	134	0.500443
168	136	1.32178
168	137	0.510279
168	141	0.472403
168	142	0.483257
168	143	1.34117
168	144	1.34542
168	145	0.485503
168	147	0.510054
168	148	1.3444
168	150	1.34329
168	151	1.32698
168	152	1.37599
168	154	1.30417
168	155	1.33523
168	157	1.33808
168	159	0.478569
168	162	0.488236
168	163	1.30884
168	164	0.48147
168	165	1.34736
168	166	1.3401
168	169	0.485506
168	171	0.487657
168	172	0.472902
168	173	0.473822
168	174	0.482251
168	175	1.34569
168	176	1.31081
168	177	1.33581
168	178	1.33329
169	3	1.20014
169	14	1.29922
169	32	0.471562
169	35	1.25495
169	38	0.527816
169	41	1.33544
169	45	0.492611
169	47	1.31729
169	50	1.43252
169	53	0.54336
169	57	1.35639
169	69	0.503379
169	70	1.3067
169	72	1.30205
169	83	1.37637
169	84	1.29145
169	86	1.3861
169	93	1.30732
169	94	1.30622
169	98	0.521584
169	99	1.30982
169	101	0.490928
169	103	0.499549
169	104	1.33633
169	109	1.38085
169	112	0.488516
169	118	1.36796
169	119	1.28264
169	120	1.36921
169	124	1.3258
169	125	0.526573
169	127	0.523844
169	130	0.520891
169	131	1.38773
169	132	1.27558
169	134	1.30706
169	135	1.34843
169	140	1.33544
169	141	1.3133
169	142	1.32898
169	143	0.501005
169	145	1.3406
169	146	1.25697
169	147	0.51285
169	148	0.497589
169	150	0.487083
169	152	0.491037
169	153	1.33493
169	155	1.33289
169	156	1.34269
169	160	1.32231
169	161	0.501803
169	163	0.527482
169	164	1.33674
169	167	0.499187
169	168	0.485506
169	172	1.32543
169	173	0.476619
169	174	1.33634
169	175	0.488929
169	176	0.518603
169	178	0.503179
169	179	1.3303
170	6	1.20965
170	9	0.592752
170	10	0.586386
170	23	0.651158
170	24	0.398079
170	25	1.24898
170	29	0.803922
170	30	0.535474
170	33	0.558756
170	34	0.442228
170	36	0.539847
170	39	0.476018
170	44	0.459321
170	49	0.502633
170	52	0.509329
170	56	0.450332
170	58	1.13674
170	62	0.518169
170	64	0.460548
170	65	0.407459
170	76	0.442752
170	87	1.42404
170	90	0.480521
170	91	1.26707
170	93	1.32431
170	97	0.465444
170	99	1.32682
170	100	0.489009
170	101	0.450566
170	106	0.419766
170	111	1.36119
170	112	1.36534
170	113	0.438909
170	114	0.466833
170	118	1.38496
170	120	1.38621
170	123	1.34287
170	124	1.3428
170	129	0.453788
170	133	1.31717
170	135	1.36543
170	138	1.31363
170	144	1.36007
170	146	1.27396
170	147	1.33461
170	148	1.35905
170	149	1.32733
170	151	1.34164
170	152	1.39065
170	153	1.35193
170	154	1.31882
170	157	1.35274
170	158	1.33594
170	160	1.33931
170	161	1.33677
170	163	1.32349
170	167	1.35841
170	171	1.35677
170	173	1.33903
170	174	1.35334
170	175	1.36035
170	176	1.32546
170	177	1.35047
170	178	1.34795
170	179	1.3473
171	1	0.602709
171	6	1.20885
171	12	1.3155
171	18	1.32846
171	21	1.31438
171	22	1.30992
171	25	1.24818
171	28	1.41571
171	37	0.502143
171	41	0.492334
171	55	0.486183
171	59	1.24495
171	67	1.30009
171	70	1.32289
171	77	1.39533
171	78	0.473312
171	79	0.545881
171	80	1.34384
171	86	1.40229
171	87	0.4544
171	88	0.526597
171	89	1.36862
171	92	1.36451
171	102	1.35305
171	103	1.34748
171	105	1.31525
171	108	1.31839
171	110	0.571377
171	112	1.36454
171	115	1.28335
171	116	1.32545
171	119	0.516383
171	120	0.458758
171	121	1.38298
171	124	0.498219
171	127	0.525995
171	128	0.49354
171	130	1.33876
171	131	0.453669
171	132	0.505131
171	133	1.31636
171	137	1.32025
171	138	0.514324
171	139	1.37575
171	145	0.490451
171	146	1.27316
171	147	1.33381
171	150	0.489233
171	151	1.34084
171	153	0.472372
171	158	1.33513
171	159	1.33788
171	160	0.482481
171	161	1.33596
171	162	1.32756
171	164	0.486417
171	167	1.3576
171	168	0.487657
171	170	1.35677
171	172	1.34163
171	173	1.33823
171	174	0.487198
171	177	0.499487
171	179	0.483997
171	180	1.39681
172	5	0.500269
172	9	1.2418
172	10	1.20278
172	12	1.30116
172	13	1.30564
172	16	1.49029
172	19	0.488454
172	22	1.29558
172	34	1.43039
172	37	1.32742
172	39	1.3136
172	52	1.3107
172	56	1.36917
172	58	0.679161
172	59	1.23062
172	60	0.495387
172	62	1.25065
172	63	1.19027
172	65	1.46043
172	68	0.509373
172	71	0.503343
172	73	0.507431
172	78	1.32895
172	79	0.531125
172	88	0.511842
172	90	1.36294
172	92	1.35018
172	97	0.493201
172	99	1.31168
172	100	1.31891
172	105	1.30091
172	107	1.39328
172	109	1.3827
172	110	0.556622
172	111	0.474153
172	112	1.3502
172	113	1.35326
172	115	1.26901
172	121	1.36865
172	127	0.511239
172	128	0.478784
172	132	1.27743
172	138	1.29849
172	142	1.33084
172	143	0.488401
172	144	0.489292
172	149	1.31218
172	150	0.474478
172	152	0.478432
172	154	0.514124
172	157	0.489788
172	159	1.32354
172	161	1.32162
172	163	0.514877
172	164	1.33859
172	166	0.481816
172	167	1.34327
172	168	0.472902
172	169	1.32543
172	171	1.34163
172	173	1.32389
172	174	1.3382
172	175	0.476324
172	176	0.505999
172	177	0.484732
172	178	0.490574
172	179	1.33216
172	180	1.38247
173	6	1.19111
173	7	1.37863
173	12	1.29776
173	14	0.558453
173	15	1.28609
173	18	1.31072
173	21	1.29665
173	22	1.29218
173	25	1.23044
173	28	1.39797
173	31	1.39605
173	35	0.566341
173	46	0.478717
173	54	1.40878
173	55	0.472348
173	56	0.47901
173	59	1.22722
173	63	0.595766
173	66	1.30366
173	67	1.28236
173	70	1.30515
173	76	0.471429
173	77	1.37759
173	80	1.3261
173	81	0.872982
173	89	1.35088
173	91	1.24852
173	92	1.34678
173	94	0.502265
173	98	0.5099
173	102	1.33531
173	103	1.32974
173	104	0.486782
173	105	1.29751
173	108	1.30065
173	111	0.475074
173	112	1.3468
173	115	1.26561
173	116	1.30772
173	117	1.43371
173	118	1.36642
173	119	0.502549
173	121	1.36525
173	124	0.484384
173	133	1.29863
173	135	0.465281
173	139	1.35801
173	142	0.47437
173	144	0.490213
173	146	1.25542
173	147	1.31607
173	149	0.480691
173	150	0.475399
173	151	1.3231
173	152	0.479353
173	154	0.515045
173	158	1.3174
173	159	1.32014
173	160	0.468646
173	161	1.31822
173	162	1.30982
173	168	0.473822
173	169	0.476619
173	170	1.33903
173	171	1.33823
173	172	1.32389
173	175	0.477245
173	176	0.506919
173	178	0.491495
173	179	0.470162
173	180	1.37907
174	3	1.2129
174	14	1.31198
174	18	0.506981
174	27	1.24422
174	35	1.26771
174	37	1.33832
174	39	0.513124
174	41	1.34821
174	42	1.34303
174	47	1.33005
174	48	0.521136
174	50	1.44528
174	52	0.546435
174	54	0.442609
174	57	1.36915
174	60	0.504736
174	61	0.498716
174	64	0.497654
174	65	0.444565
174	67	1.29666
174	70	1.31946
174	78	1.33986
174	83	1.38913
174	84	1.30422
174	87	1.41981
174	93	1.32008
174	94	1.31898
174	99	1.32258
174	102	0.469694
174	103	0.496293
174	104	1.34909
174	107	1.40418
174	109	1.39361
174	116	0.496805
174	118	1.38072
174	120	1.38197
174	122	0.483567
174	123	0.49055
174	124	1.33856
174	125	0.523317
174	126	0.518827
174	131	1.4005
174	135	1.36119
174	138	1.3094
174	140	1.3482
174	141	1.32607
174	142	1.34174
174	146	1.26973
174	147	0.509594
174	148	0.494333
174	149	1.32309
174	151	1.3374
174	152	0.487781
174	153	1.3477
174	156	1.35545
174	158	0.491542
174	159	1.33445
174	160	1.33507
174	161	0.498547
174	163	0.524226
174	164	1.3495
174	165	0.495613
174	167	0.495931
174	168	0.482251
174	169	1.33634
174	170	1.35334
174	171	0.487198
174	172	1.3382
174	175	0.485673
174	177	0.494081
174	178	0.499923
174	179	1.34307
175	1	1.20912
175	5	1.38727
175	14	0.570763
175	19	1.3109
175	20	1.31117
175	26	1.4166
175	32	1.41477
175	36	0.580835
175	41	0.49081
175	43	1.34955
175	48	1.29281
175	51	1.43825
175	53	1.2923
175	55	0.484659
175	58	1.13951
175	60	1.37621
175	61	1.37779
175	71	1.32066
175	79	1.34313
175	82	1.35001
175	85	0.546898
175	87	0.452876
175	88	0.525073
175	94	1.32599
175	95	0.508026
175	96	1.32912
175	97	0.506432
175	100	0.529998
175	108	0.516215
175	109	0.451421
175	111	1.36397
175	114	0.507821
175	115	0.531392
175	118	0.448328
175	122	1.35642
175	123	1.34565
175	125	1.31288
175	126	1.3202
175	127	1.31325
175	130	1.34234
175	131	0.452145
175	136	1.33921
175	143	1.3586
175	144	1.36285
175	145	0.488926
175	146	1.27674
175	147	0.513477
175	148	1.36183
175	149	0.493001
175	150	1.36072
175	151	1.34441
175	152	1.39342
175	153	0.470848
175	154	1.3216
175	157	1.35551
175	158	0.495424
175	160	0.480957
175	163	1.32627
175	164	0.484893
175	165	1.36479
175	166	1.35753
175	168	1.34569
175	169	0.488929
175	170	1.36035
175	172	0.476324
175	173	0.477245
175	174	0.485673
175	176	1.32824
175	177	1.35324
175	178	1.35072
175	179	0.482473
175	180	0.45787
176	1	1.17424
176	4	0.50134
176	5	1.35239
176	16	1.47332
176	19	1.27602
176	20	1.27629
176	26	1.38172
176	31	1.38248
176	32	1.37989
176	38	1.31638
176	43	1.31466
176	45	0.522911
176	48	1.25793
176	50	0.474948
176	53	1.25742
176	56	0.520994
176	60	1.34133
176	61	1.34291
176	65	0.478121
176	71	1.28578
176	72	0.537197
176	74	1.28469
176	78	0.501462
176	79	1.30825
176	81	0.445104
176	83	0.470846
176	89	1.33731
176	96	1.29424
176	107	1.37631
176	111	1.32909
176	113	0.509571
176	119	0.544533
176	122	1.32154
176	123	1.31077
176	125	1.278
176	126	1.28532
176	127	1.27837
176	130	1.30746
176	131	0.481819
176	132	0.533281
176	133	0.54429
176	135	0.507265
176	136	1.30433
176	140	0.502094
176	141	0.5055
176	143	1.32372
176	144	1.32797
176	146	1.24186
176	147	0.543151
176	148	1.32694
176	149	0.522675
176	150	1.32584
176	152	1.35854
176	154	1.28672
176	155	1.31778
176	156	0.50789
176	157	1.32063
176	158	0.525098
176	160	0.510631
176	162	0.521333
176	163	1.29139
176	164	0.514567
176	165	1.32991
176	166	1.32265
176	167	0.529488
176	168	1.31081
176	169	0.518603
176	170	1.32546
176	172	0.505999
176	173	0.506919
176	175	1.32824
176	177	1.31836
176	178	1.31584
176	179	0.512147
177	1	1.19924
177	7	0.490545
177	17	1.31131
177	18	0.51927
177	19	1.30102
177	20	1.3013
177	26	1.40672
177	27	0.549945
177	31	1.40749
177	32	1.4049
177	42	0.494493
177	43	1.33967
177	48	1.28294
177	49	0.552028
177	51	1.42837
177	53	1.28243
177	58	1.12964
177	60	1.36634
177	61	1.36791
177	65	0.456854
177	67	0.518521
177	70	1.31659
177	71	1.31078
177	72	0.51593
177	74	1.3097
177	79	1.33325
177	83	0.449579
177	85	0.555305
177	86	1.39599
177	89	1.36232
177	96	1.31924
177	97	0.514839
177	98	0.530618
177	102	0.481983
177	107	1.40131
177	111	1.35409
177	113	0.488304
177	115	0.539799
177	120	0.465641
177	122	1.34655
177	123	1.33577
177	124	0.505102
177	125	1.303
177	126	1.31033
177	127	1.30338
177	128	0.500423
177	130	1.33246
177	135	0.485999
177	136	1.32933
177	139	0.500274
177	141	0.484233
177	142	0.495087
177	143	1.34873
177	144	1.35297
177	146	1.26686
177	148	1.35195
177	150	1.35084
177	151	1.33454
177	152	1.38354
177	153	0.479255
177	154	1.31172
177	155	1.34278
177	157	1.34564
177	159	0.490399
177	160	0.489364
177	162	0.500066
177	163	1.31639
177	164	0.4933
177	165	1.35491
177	166	1.34765
177	167	0.508221
177	168	1.33581
177	170	1.35047
177	171	0.499487
177	172	0.484732
177	174	0.494081
177	175	1.35324
177	176	1.31836
177	178	1.34085
177	180	0.466277
178	1	1.19672
178	8	0.39508
178	15	1.29501
178	16	1.49581
178	17	1.30879
178	19	1.2985
178	20	1.29878
178	25	0.573199
178	26	1.4042
178	27	0.555787
178	31	1.40497
178	32	1.40238
178	38	1.33887
178	42	0.500336
178	43	1.33715
178	48	1.28042
178	50	0.459524
178	51	1.42585
178	53	1.27991
178	54	0.460741
178	55	0.498908
178	58	1.12712
178	60	1.36382
178	61	1.36539
178	70	1.31407
178	71	1.30826
178	74	1.30718
178	79	1.33073
178	82	1.33762
178	86	1.39347
178	89	1.3598
178	91	0.558591
178	94	1.31359
178	96	1.31672
178	99	0.50692
178	103	0.514425
178	108	0.530464
178	111	1.35157
178	116	0.514937
178	117	0.436014
178	118	0.462578
178	121	0.477151
178	122	1.34403
178	123	1.33325
178	125	1.30048
178	126	1.30781
178	127	1.30086
178	130	1.32994
178	131	0.466394
178	134	0.518116
178	136	1.32681
178	137	0.527951
178	138	0.527049
178	140	0.48667
178	142	0.50093
178	143	1.34621
178	144	1.35045
178	147	0.527726
178	148	1.34943
178	150	1.34833
178	151	1.33202
178	152	1.38102
178	153	0.485098
178	154	1.3092
178	155	1.34027
178	156	0.492466
178	157	1.34312
178	158	0.509674
178	159	0.496241
178	160	0.495207
178	161	0.516679
178	162	0.505909
178	163	1.31387
178	165	1.35239
178	166	1.34514
178	167	0.514063
178	168	1.33329
178	169	0.503179
178	170	1.34795
178	172	0.490574
178	173	0.491495
178	174	0.499923
178	175	1.35072
178	176	1.31584
178	177	1.34085
179	3	1.20686
179	4	0.464583
179	11	1.3912
179	13	0.517583
179	14	1.30594
179	15	0.579754
179	16	1.49516
179	17	0.514273
179	20	0.523421
179	21	0.50577
179	24	0.431984
179	27	1.23819
179	31	0.464223
179	35	1.26168
179	37	1.33229
179	41	1.34217
179	42	1.33699
179	43	0.494529
179	47	1.32401
179	50	1.43924
179	55	1.37162
179	56	0.484237
179	57	1.36311
179	58	0.685309
179	60	0.501535
179	65	0.441364
179	67	1.29063
179	72	1.30878
179	74	0.503662
179	75	1.27066
179	77	0.505478
179	78	1.33382
179	80	0.482948
179	81	1.33734
179	82	0.482686
179	83	1.38309
179	84	1.29818
179	86	1.39282
179	87	1.41377
179	89	1.35915
179	93	1.31404
179	94	1.31294
179	95	1.30759
179	96	0.498614
179	99	1.31655
179	104	1.34305
179	105	0.507224
179	106	0.453671
179	107	1.39815
179	109	1.38757
179	117	1.44198
179	118	1.37469
179	119	1.28937
179	120	1.37594
179	122	0.480366
179	123	0.48735
179	124	1.33252
179	125	0.520117
179	128	0.484933
179	130	0.514435
179	131	1.39446
179	132	1.2823
179	133	0.507533
179	134	1.31378
179	135	1.35516
179	138	1.30336
179	140	1.34217
179	141	1.32003
179	142	1.33571
179	145	1.34732
179	146	1.26369
179	147	0.506394
179	148	0.491133
179	149	1.31705
179	150	0.480626
179	151	1.33137
179	153	1.34166
179	154	0.520273
179	155	1.33962
179	156	1.34941
179	158	0.488341
179	159	1.32841
179	160	1.32904
179	161	0.495347
179	162	1.31809
179	164	1.34346
179	166	0.487965
179	167	0.492731
179	169	1.3303
179	170	1.3473
179	171	0.483997
179	172	1.33216
179	173	0.470162
179	174	1.34307
179	175	0.482473
179	176	0.512147
179	180	0.450787
180	3	0.568815
180	4	1.42512
180	8	1.64548
180	15	1.34467
180	16	0.370542
180	20	0.498818
180	24	1.54353
180	29	1.44013
180	30	1.30285
180	31	1.45463
180	32	0.440502
180	33	1.29003
180	36	1.29711
180	37	0.468933
180	38	1.38852
180	40	0.686308
180	43	0.469926
180	45	0.461552
180	46	1.36948
180	47	0.460198
180	49	1.34614
180	52	0.518631
180	55	0.452973
180	60	0.476932
180	67	1.34094
180	69	1.36391
180	71	0.484888
180	72	0.475837
180	73	1.35636
180	76	1.42221
180	77	1.43617
180	80	1.38468
180	82	1.38728
180	83	1.4334
180	84	0.482306
180	85	1.34737
180	87	0.42119
180	93	0.446146
180	94	1.36325
180	97	1.34456
180	98	1.34537
180	99	0.460985
180	102	1.39389
180	103	1.38832
180	105	1.35609
180	106	0.429068
180	107	1.44846
180	110	1.35259
180	114	1.40063
180	115	1.32419
180	116	1.36629
180	117	1.49229
180	118	1.425
180	121	1.42382
180	122	1.39369
180	124	0.465009
180	125	0.495514
180	127	0.492785
180	128	1.39944
180	129	1.37277
180	130	1.3796
180	132	1.33261
180	133	1.35721
180	134	0.472181
180	135	0.445906
180	137	1.36109
180	139	1.41659
180	140	0.440734
180	142	0.454994
180	144	0.470838
180	145	1.39763
180	147	1.37465
180	148	0.46653
180	149	0.461316
180	151	1.38168
180	152	0.459978
180	154	0.49567
180	155	0.461568
180	156	0.44653
180	157	0.471334
180	158	1.37597
180	159	1.37872
180	161	1.3768
180	163	0.496423
180	164	0.453207
180	167	1.39845
180	171	1.39681
180	172	1.38247
180	173	1.37907
180	175	0.45787
180	177	0.466277
180	179	0.450787
