1	80	1.00587
1	92	0.981158
1	106	1.05625
1	114	1.02741
1	117	1.06549
1	123	1.042
1	129	1.01636
1	163	1.01243
1	168	0.999852
1	176	0.967475
1	177	0.905639
1	180	1.14559
2	37	0.966625
2	81	1.04158
2	98	1.03069
2	104	1.04151
2	116	1.04791
2	121	1.05603
2	125	1.06027
2	164	0.913877
2	176	1.01052
2	178	1.15714
2	179	0.959311
2	180	0.99839
3	30	1.09856
3	62	0.971029
3	83	1.02559
3	86	1.02938
3	87	1.02842
3	93	1.07391
3	111	0.874646
3	164	1.00198
3	167	0.981234
3	175	1.07767
3	176	1.09862
3	180	0.987229
4	13	1.06405
4	52	0.978833
4	57	0.964177
4	65	1.04762
4	141	1.01545
4	144	0.989691
4	149	1.0987
4	150	1.03635
4	152	0.982724
4	159	1.0139
4	160	1.00571
4	173	1.04964
5	51	1.06919
5	59	0.946459
5	72	0.97277
5	74	1.07905
5	144	0.915714
5	161	0.970775
5	162	1.00373
5	174	1.05777
5	175	1.05983
5	177	1.08366
5	179	1.02958
5	180	1.06866
6	114	1.0042
6	117	1.04228
6	123	1.0188
6	129	0.993158
6	151	1.07742
6	156	0.953743
6	157	1.02412
6	166	1.02591
6	168	0.956162
6	169	1.04436
6	171	1.02633
6	174	1.0458
7	92	0.896346
7	102	1.11088
7	114	1.00688
7	117	1.04496
7	123	1.02148
7	124	1.24336
7	129	0.995835
7	154	1.0213
7	163	0.927622
7	167	0.955519
7	174	1.04848
7	176	0.946951
8	86	1.24341
8	94	1.14514
8	102	1.09036
8	146	0.914845
8	155	0.910463
8	160	0.940736
8	166	0.908904
8	167	0.942313
8	169	1.12839
8	172	0.869294
8	178	0.811407
8	179	0.889862
9	32	1.04445
9	62	0.972759
9	83	1.02732
9	87	1.03015
9	91	0.972979
9	93	1.07564
9	135	1.01315
9	157	1.07626
9	168	1.01465
9	177	0.920438
9	179	1.12131
9	180	0.988959
10	14	1.06891
10	107	1.00626
10	118	1.02199
10	119	1.01925
10	122	1.05202
10	132	1.00866
10	137	1.04013
10	153	1.0442
10	162	1.02649
10	170	1.00328
10	171	1.05902
10	177	0.894633
11	69	0.99819
11	71	1.0811
11	76	1.08739
11	78	1.13935
11	96	1.12267
11	147	0.890884
11	150	0.893475
11	161	0.943497
11	170	0.91007
11	177	1.17555
11	179	1.0023
12	102	1.10691
12	106	1.03176
12	117	1.041
12	123	1.01752
12	129	0.991873
12	144	0.946246
12	145	1.09378
12	155	1.01112
12	170	0.96788
12	171	1.02362
12	174	1.04452
12	176	0.942989
13	4	1.06405
13	16	1.03155
13	17	1.02687
13	28	1.11464
13	34	0.959093
13	57	0.984392
13	65	1.06784
13	97	0.914601
13	143	1.06275
13	148	0.983986
13	160	0.963592
13	176	1.11264
14	10	1.06891
14	107	0.996898
14	109	1.07483
14	111	0.855947
14	118	1.01263
14	119	1.00989
14	122	1.04265
14	132	0.999295
14	134	1.05244
14	176	1.07992
14	177	0.827842
14	178	1.22654
15	88	1.18196
15	100	0.89802
15	105	0.958857
15	108	0.882642
15	115	0.858843
15	141	0.896367
15	155	1.23911
15	163	0.90499
15	164	1.24267
15	165	0.852799
15	174	0.944232
15	180	1.32718
16	13	1.03155
16	17	0.974161
16	28	1.06193
16	34	0.906385
16	52	0.946339
16	57	0.931684
16	65	1.01513
16	126	1.05257
16	141	0.982958
16	148	1.08289
16	154	1.15994
16	175	1.19059
16	177	0.959464
17	13	1.02687
17	16	0.974161
17	28	1.05725
17	34	0.901702
17	52	0.941655
17	57	0.927
17	65	1.01045
17	143	1.13812
17	148	1.05936
17	150	0.999171
17	163	1.04272
17	165	1.15763
17	170	1.04458
18	77	1.06111
18	98	0.947674
18	103	0.99267
18	104	0.958489
18	111	1.02549
18	121	0.973009
18	125	0.977253
18	162	0.947632
18	165	1.16379
18	169	1.00024
18	171	1.10647
18	175	1.17322
18	177	0.942087
19	31	0.803874
19	41	0.882842
19	113	0.886016
19	119	1.08031
19	121	1.11293
19	122	1.11308
19	125	1.11718
19	132	1.06972
19	158	0.940404
19	164	0.940585
19	174	1.1416
19	177	1.16749
19	180	1.0251
20	80	0.946973
20	106	0.99735
20	111	1.00342
20	114	0.968508
20	123	0.983107
20	129	0.957462
20	156	1.06711
20	169	1.00867
20	174	1.01011
20	176	0.908578
20	177	0.975319
20	179	1.17619
20	180	1.21527
21	40	0.962252
21	50	0.997371
21	60	0.981503
21	68	0.927263
21	73	0.933806
21	79	0.986788
21	149	1.03126
21	154	1.12737
21	166	1.09085
21	168	1.02111
21	169	0.994431
21	173	1.07385
21	179	1.12777
22	53	1.06432
22	62	1.12165
22	80	0.978135
22	103	0.908517
22	105	0.895925
22	116	0.957873
22	118	0.982727
22	119	0.979983
22	129	0.988624
22	132	0.969391
22	177	1.06715
22	178	0.877145
22	179	0.9556
23	71	0.952168
23	76	0.958451
23	78	1.01041
23	96	0.993738
23	124	0.866269
23	136	1.01947
23	146	1.0988
23	158	1.07652
23	159	1.03248
23	165	0.929295
23	167	1.05596
23	176	1.17334
23	177	1.04661
24	40	1.13108
24	45	1.00285
24	50	1.1662
24	68	1.09609
24	73	1.10263
24	79	1.15561
24	145	0.977692
24	161	0.885218
24	163	0.849939
24	166	0.907101
24	167	0.877837
24	169	1.16326
24	172	0.992152
25	36	1.02061
25	69	0.869798
25	71	0.952711
25	78	1.01095
25	88	0.97683
25	96	0.994281
25	144	1.00227
25	145	1.14981
25	163	1.02205
25	165	0.929837
25	177	1.04716
25	179	1.11613
25	180	1.15521
26	55	0.870619
26	102	1.022
26	106	0.946844
26	114	0.918001
26	117	0.956081
26	123	0.932601
26	129	0.906955
26	139	1.09962
26	149	1.10332
26	155	1.20275
26	163	1.15766
26	165	1.27257
26	174	0.9596
26	176	0.858072
27	44	0.894324
27	82	1.0638
27	101	1.09057
27	128	1.05607
27	130	1.03262
27	131	1.0319
27	133	1.06625
27	151	1.01157
27	161	0.938174
27	163	1.06001
27	168	0.890314
27	171	0.960482
27	178	1.1948
27	180	0.990273
28	13	1.11464
28	16	1.06193
28	17	1.05725
28	34	0.98947
28	52	1.02942
28	57	1.01477
28	137	0.992615
28	138	1.02298
28	139	0.895874
28	141	1.06604
28	144	0.934133
28	145	1.08167
28	150	1.08694
28	170	0.955767
29	100	0.930359
29	105	0.991197
29	111	1.08392
29	112	0.948724
29	115	0.891183
29	120	0.922747
29	126	1.14892
29	144	0.969357
29	148	0.926748
29	152	1.13586
29	163	0.93733
29	165	0.885139
29	171	1.2202
29	179	1.25669
30	3	1.09856
30	39	1.05842
30	42	1.05619
30	54	1.12773
30	83	1.01452
30	86	1.01831
30	93	1.06285
30	127	0.968783
30	144	0.955935
30	149	0.92137
30	163	0.975718
30	166	1.03288
30	171	1.03331
30	180	0.976162
31	19	0.803874
31	45	1.1289
31	46	0.898682
31	103	0.850878
31	126	1.09573
31	133	0.855541
31	135	1.07479
31	164	1.03896
31	167	1.07933
31	170	1.07349
31	173	1.06175
31	174	0.819486
31	178	0.948421
31	179	1.02688
32	9	1.04445
32	42	1.00035
32	54	1.07189
32	75	0.928576
32	83	0.958685
32	86	0.962474
32	87	0.961519
32	124	0.874847
32	135	1.00962
32	158	1.07217
32	178	1.31561
32	179	1.11778
32	180	0.920324
33	40	0.940031
33	45	0.811808
33	60	0.959282
33	68	0.905042
33	73	0.911585
33	79	0.964567
33	135	1.11646
33	137	0.941488
33	145	1.2583
33	149	1.00904
33	169	0.97221
33	171	1.18813
33	175	1.25488
33	177	1.02375
34	13	0.959093
34	16	0.906385
34	17	0.901702
34	28	0.98947
34	52	0.87388
34	65	0.942671
34	141	0.910499
34	142	1.06082
34	149	0.99375
34	150	0.931395
34	159	1.12611
34	161	1.15697
34	165	1.2366
34	172	1.2639
35	36	1.10801
35	69	0.957202
35	76	1.0464
35	78	1.09836
35	96	1.08168
35	97	0.917062
35	124	0.954215
35	143	1.06521
35	148	0.986448
35	149	0.915465
35	159	0.974237
35	164	1.01846
35	165	1.01724
35	177	1.13456
36	25	1.02061
36	35	1.10801
36	44	0.93206
36	71	1.01358
36	76	1.01986
36	78	1.07182
36	96	1.05515
36	111	0.861941
36	127	0.933696
36	165	0.990707
36	170	0.942483
36	173	0.980799
36	177	1.10802
36	178	1.23254
37	2	0.966625
37	81	0.921613
37	98	0.910726
37	103	0.955722
37	104	0.921541
37	116	0.927944
37	121	0.936061
37	125	0.940305
37	144	1.14791
37	147	1.15036
37	150	1.15295
37	164	1.21634
37	169	0.963287
37	170	1.16954
38	90	1.09222
38	128	1.06431
38	130	1.04086
38	131	1.04014
38	133	1.07448
38	140	0.944735
38	151	1.04177
38	160	0.929335
38	163	1.06825
38	165	1.048
38	170	0.934947
38	171	0.990682
38	176	1.00597
38	180	0.998512
39	30	1.05842
39	42	1.02712
39	62	0.930895
39	83	0.985456
39	86	0.989245
39	87	0.98829
39	93	1.03378
39	146	1.06648
39	148	1.01238
39	156	0.980741
39	157	1.03439
39	166	1.0529
39	171	1.05333
39	175	1.12008
39	180	0.947095
40	21	0.962252
40	24	1.13108
40	33	0.940031
40	45	0.887337
40	50	1.05068
40	68	0.980571
40	73	0.987114
40	124	1.29612
40	135	0.9663
40	137	1.01702
40	144	0.9606
40	159	0.984806
40	168	0.967802
40	169	1.04774
40	180	1.11354
41	19	0.882842
41	66	0.951967
41	72	1.00547
41	82	1.02154
41	100	0.994831
41	158	1.02329
41	160	1.03631
41	161	1.02791
41	164	0.997516
41	167	1.03788
41	169	0.897255
41	171	0.994894
41	172	0.964864
41	178	0.906977
41	179	0.985432
42	30	1.05619
42	32	1.00035
42	39	1.02712
42	62	0.928666
42	86	0.987016
42	87	0.986061
42	93	1.03155
42	127	0.966858
42	145	1.10155
42	157	1.03217
42	158	1.02226
42	159	0.978216
42	175	1.09813
42	176	1.11908
42	180	0.944866
43	63	1.01851
43	88	1.0464
43	100	0.994927
43	105	1.05577
43	108	0.97955
43	112	1.01329
43	115	0.955751
43	120	0.987315
43	140	1.0701
43	146	1.12921
43	156	1.04346
43	157	1.01946
43	163	1.0019
43	168	1.04588
43	177	0.951669
44	27	0.894324
44	36	0.93206
44	46	0.978176
44	107	1.03042
44	112	0.965239
44	141	1.01233
44	158	1.02199
44	159	1.03492
44	160	1.035
44	166	1.00317
44	168	1.0319
44	171	0.993591
44	175	0.967638
44	178	0.905674
44	179	0.984128
45	24	1.00285
45	31	1.1289
45	33	0.811808
45	40	0.887337
45	60	0.906588
45	68	0.852348
45	73	0.858891
45	79	0.911873
45	124	1.5327
45	137	0.888794
45	149	0.956344
45	156	1.20196
45	163	1.21696
45	169	0.919516
45	177	1.11017
46	31	0.898682
46	44	0.978176
46	100	1.0048
46	105	1.06564
46	108	0.989426
46	112	1.02317
46	115	0.965626
46	120	0.997191
46	141	1.00315
46	148	1.00119
46	155	1.03184
46	164	1.03539
46	165	0.959583
46	175	1.11108
46	176	1.13203
47	51	1.1032
47	59	0.980464
47	72	1.00678
47	74	1.11305
47	91	0.884798
47	136	1.09052
47	147	0.921718
47	150	1.06481
47	151	1.04772
47	152	0.912302
47	162	1.03773
47	163	0.939051
47	167	0.966949
47	174	1.09178
47	175	1.06339
47	177	1.11767
48	80	1.03685
48	106	1.08722
48	114	1.05838
48	117	1.09646
48	123	1.07298
48	129	1.04734
48	140	0.955793
48	142	0.883285
48	149	0.889804
48	157	1.0783
48	158	0.992617
48	160	0.940392
48	172	1.08636
48	173	0.98432
48	174	1.09998
48	176	0.998451
49	56	1.03407
49	94	0.978406
49	99	0.942547
49	107	0.926757
49	109	1.00469
49	118	0.94249
49	119	0.939746
49	122	0.972513
49	132	0.929154
49	134	1.22543
49	139	1.04958
49	153	1.15039
49	155	1.15271
49	162	0.946987
49	170	1.10947
49	177	1.00083
50	21	0.997371
50	24	1.1662
50	40	1.05068
50	60	1.06993
50	68	1.01569
50	73	1.02223
50	79	1.07522
50	134	0.997545
50	149	1.11969
50	151	0.988412
50	158	0.928204
50	161	0.915019
50	169	1.08286
50	170	0.881592
50	175	1.00408
50	176	1.02503
51	5	1.06919
51	47	1.1032
51	59	0.982904
51	72	1.00922
51	74	1.11549
51	126	0.875224
51	142	0.828043
51	148	0.905544
51	150	1.06725
51	153	0.931682
51	162	1.04017
51	165	1.00382
51	174	1.09422
51	177	1.12011
51	178	1.18081
51	180	1.02207
52	4	0.978833
52	16	0.946339
52	17	0.941655
52	28	1.02942
52	34	0.87388
52	57	0.899178
52	65	0.982624
52	139	0.98897
52	141	0.950452
52	147	1.02968
52	149	1.0337
52	150	0.971349
52	153	1.08978
52	170	1.04886
52	176	1.1923
52	178	1.33892
53	22	1.06432
53	58	0.953037
53	67	0.918357
53	85	1.04209
53	128	0.977151
53	130	0.953699
53	131	0.952978
53	133	0.987326
53	137	0.988173
53	138	1.16381
53	148	1.11138
53	152	1.06799
53	153	1.13752
53	160	1.09098
53	176	0.918808
53	180	0.911354
54	30	1.12773
54	32	1.07189
54	62	1.00021
54	77	0.92373
54	83	1.05477
54	86	1.05856
54	87	1.0576
54	93	1.10309
54	127	0.904571
54	135	0.897423
54	143	1.0069
54	149	0.857157
54	157	1.1037
54	167	0.939403
54	178	1.20341
54	180	1.0164
55	26	0.870619
55	105	1.00844
55	108	0.93223
55	109	0.997476
55	118	0.935277
55	123	0.96682
55	132	0.921941
55	135	1.09345
55	138	1.17659
55	142	1.04666
55	147	1.0902
55	157	0.972136
55	159	1.11195
55	169	0.992378
55	171	1.16512
55	174	0.993819
56	49	1.03407
56	94	1.09321
56	95	1.08628
56	99	1.05735
56	107	1.04156
56	109	1.1195
56	113	0.914297
56	118	1.0573
56	122	1.08732
56	132	1.04396
56	154	1.0139
56	159	0.924644
56	160	0.916461
56	163	0.920221
56	171	0.977808
56	176	1.06551
57	4	0.964177
57	13	0.984392
57	16	0.931684
57	17	0.927
57	28	1.01477
57	52	0.899178
57	65	0.967969
57	134	1.15188
57	141	0.935797
57	149	1.01905
57	150	0.956694
57	153	1.07684
57	161	1.06935
57	163	1.03407
57	170	1.03592
57	178	1.32598
58	53	0.953037
58	82	0.980046
58	85	1.03726
58	110	0.953821
58	128	0.972316
58	130	0.948864
58	131	0.948143
58	133	0.982491
58	158	1.15024
58	159	1.1062
58	165	1.21668
58	167	1.12967
58	168	1.0892
58	176	0.913973
58	177	0.994982
58	180	0.906519
59	5	0.946459
59	47	0.980464
59	51	0.982904
59	72	0.886481
59	74	0.992755
59	89	1.04615
59	111	1.02901
59	127	1.10076
59	136	0.970223
59	138	1.17676
59	146	1.17844
59	150	0.944517
59	162	0.91744
59	173	1.14787
59	174	0.971485
59	177	0.99737
60	21	0.981503
60	33	0.959282
60	45	0.906588
60	50	1.06993
60	68	0.999822
60	73	1.00636
60	79	1.05935
60	111	0.91887
60	137	1.03627
60	140	1.0092
60	149	1.10382
60	150	0.982818
60	159	1.00198
60	164	1.04621
60	169	1.06699
60	173	1.03773
60	180	1.13072
61	84	0.930319
61	94	1.04472
61	95	1.03778
61	99	1.00886
61	107	0.993067
61	109	1.071
61	118	1.0088
61	119	1.00606
61	122	1.03882
61	132	0.995464
61	161	0.960922
61	162	1.0133
61	166	0.982805
61	173	0.96581
61	178	1.21755
61	179	1.01972
61	180	1.0588
62	3	0.971029
62	9	0.972759
62	22	1.12165
62	39	0.930895
62	42	0.928666
62	54	1.00021
62	83	0.886998
62	86	0.890787
62	87	0.889831
62	93	0.935321
62	143	1.24747
62	157	0.935936
62	168	1.1395
62	171	1.20966
62	175	1.27641
62	177	1.04528
62	180	0.848636
63	43	1.01851
63	97	0.917584
63	100	1.01396
63	105	1.0748
63	108	0.998585
63	112	1.03233
63	115	0.974785
63	120	1.00635
63	143	1.06573
63	148	1.01035
63	163	1.02093
63	167	0.998233
63	170	0.972187
63	173	1.0105
63	174	1.06017
63	179	1.06441
63	180	1.10349
64	81	1.00994
64	92	0.961853
64	98	0.999056
64	103	1.04405
64	104	1.00987
64	116	1.01627
64	121	1.02439
64	125	1.02864
64	136	1.0518
64	139	0.935087
64	145	1.12088
64	159	0.997552
64	162	0.999013
64	163	0.993129
64	164	1.04177
64	169	1.05162
64	179	1.08721
65	4	1.04762
65	13	1.06784
65	16	1.01513
65	17	1.01045
65	34	0.942671
65	52	0.982624
65	57	0.967969
65	139	0.902358
65	141	1.01924
65	147	0.943066
65	149	1.10249
65	150	1.04014
65	152	0.93365
65	172	1.10261
65	176	1.10568
65	179	1.05448
65	180	1.09356
66	41	0.951967
66	70	1.02105
66	85	1.09375
66	101	1.06331
66	110	1.01032
66	124	1.2768
66	128	1.02881
66	130	1.00536
66	131	1.00464
66	133	1.03899
66	149	0.906716
66	153	1.00384
66	167	0.988962
66	172	1.10328
66	176	0.97047
66	177	0.85427
66	180	0.963016
67	53	0.918357
67	90	0.965542
67	101	0.972136
67	110	0.919141
67	128	0.937636
67	130	0.914184
67	131	0.913463
67	133	0.947811
67	135	1.1106
67	137	0.948658
67	139	1.06665
67	142	1.06382
67	172	1.2669
67	173	1.16485
67	176	0.879292
67	178	1.41659
67	180	0.871839
68	21	0.927263
68	24	1.09609
68	33	0.905042
68	40	0.980571
68	45	0.852348
68	50	1.01569
68	60	0.999822
68	73	0.952125
68	79	1.00511
68	89	0.975308
68	113	1.03093
68	149	1.04958
68	161	1.07213
68	164	1.0855
68	167	1.06475
68	169	1.01275
68	179	1.13093
68	180	1.17001
69	11	0.99819
69	25	0.869798
69	35	0.957202
69	71	0.86277
69	76	0.869053
69	78	0.921013
69	88	0.886889
69	96	0.90434
69	124	0.776871
69	127	1.18903
69	136	0.930067
69	160	1.19221
69	165	0.839896
69	166	1.25313
69	168	1.18339
69	172	1.33818
69	177	0.957214
69	180	1.32913
70	66	1.02105
70	82	0.996392
70	90	1.01657
70	101	1.02316
70	110	0.970167
70	128	0.988662
70	130	0.96521
70	131	0.964489
70	133	0.998837
70	161	1.07655
70	164	1.08992
70	166	1.09844
70	167	1.06917
70	171	1.09886
70	175	1.16561
70	176	0.930319
70	177	0.93448
70	180	0.922865
71	11	1.0811
71	23	0.952168
71	25	0.952711
71	36	1.01358
71	69	0.86277
71	76	0.951965
71	78	1.00393
71	84	1.06911
71	91	1.01018
71	96	0.987252
71	136	1.01298
71	156	1.04944
71	161	1.09972
71	163	1.06444
71	165	0.922809
71	168	1.05186
71	175	1.18877
71	177	1.04013
72	5	0.97277
72	41	1.00547
72	47	1.00678
72	51	1.00922
72	59	0.886481
72	74	1.01907
72	88	0.953356
72	136	0.996535
72	139	0.956527
72	143	1.10996
72	147	0.997234
72	150	0.970828
72	162	0.943752
72	165	1.12948
72	174	0.997796
72	175	1.1389
72	177	1.02368
72	180	1.14773
73	21	0.933806
73	24	1.10263
73	33	0.911585
73	40	0.987114
73	45	0.858891
73	50	1.02223
73	60	1.00636
73	68	0.952125
73	79	1.01165
73	137	0.988571
73	153	1.03809
73	159	0.999746
73	160	0.991562
73	163	0.995322
73	169	1.01929
73	176	1.14061
73	178	1.28723
73	179	1.0894
74	5	1.07905
74	47	1.11305
74	51	1.11549
74	59	0.992755
74	72	1.01907
74	75	0.809663
74	127	0.897855
74	136	1.10281
74	138	0.973851
74	150	1.0771
74	156	0.889789
74	159	0.909213
74	162	1.05003
74	165	1.0197
74	174	1.10407
74	175	1.02913
74	176	1.05007
74	177	1.12996
75	32	0.928576
75	74	0.809663
75	78	0.85746
75	100	0.908802
75	121	0.875867
75	128	0.894632
75	136	0.831257
75	158	1.10221
75	160	1.11523
75	164	1.07644
75	166	1.08339
75	168	1.11212
75	170	1.11097
75	171	1.07381
75	174	0.812424
75	175	1.04786
75	178	0.985897
75	179	1.06435
76	11	1.08739
76	23	0.958451
76	35	1.0464
76	36	1.01986
76	69	0.869053
76	71	0.951965
76	78	1.01021
76	96	0.993535
76	124	0.866066
76	126	1.00906
76	150	1.008
76	154	1.11643
76	163	1.02274
76	165	0.929092
76	173	1.06291
76	176	1.16803
76	177	1.04641
76	180	1.1559
77	18	1.06111
77	54	0.92373
77	86	1.0336
77	108	0.973773
77	117	0.931468
77	120	0.981537
77	125	0.991354
77	131	1.06539
77	133	0.955831
77	145	0.938268
77	160	1.00057
77	162	0.981318
77	163	0.996121
77	167	1.00214
77	174	1.03536
77	177	1.06125
77	178	0.871238
77	179	0.949693
78	11	1.13935
78	23	1.01041
78	25	1.01095
78	35	1.09836
78	36	1.07182
78	69	0.921013
78	71	1.00393
78	75	0.85746
78	76	1.01021
78	96	1.0455
78	138	1.02165
78	142	0.891719
78	147	0.935253
78	155	0.997677
78	165	0.981052
78	172	1.0948
78	177	1.09837
78	179	1.04667
78	180	1.08575
79	21	0.986788
79	24	1.15561
79	33	0.964567
79	45	0.911873
79	50	1.07522
79	60	1.05935
79	68	1.00511
79	73	1.01165
79	126	0.938978
79	135	0.938581
79	137	1.04155
79	149	1.1091
79	158	1.00113
79	161	0.987942
79	167	0.980561
79	169	1.07228
79	171	1.01025
79	179	1.04674
79	180	1.08582
80	1	1.00587
80	20	0.946973
80	22	0.978135
80	48	1.03685
80	89	1.01619
80	102	1.08206
80	106	1.00691
80	114	0.978067
80	117	1.01615
80	129	0.967021
80	142	1.01687
80	150	1.06299
80	156	1.06274
80	161	1.11302
80	168	1.06516
80	169	1.01823
80	170	1.07959
80	174	1.01967
80	176	0.918138
80	177	0.970943
81	2	1.04158
81	37	0.921613
81	64	1.00994
81	98	0.985682
81	103	1.03068
81	104	0.996497
81	111	1.0635
81	116	1.0029
81	121	1.01102
81	125	1.01526
81	134	1.13372
81	143	0.963849
81	144	0.996133
81	158	1.06438
81	160	1.01216
81	162	0.98564
81	163	1.01592
81	177	0.909121
81	179	1.11
81	180	1.14907
82	27	1.0638
82	41	1.02154
82	58	0.980046
82	70	0.996392
82	90	1.03207
82	97	0.977889
82	110	0.985665
82	111	1.07116
82	126	1.01695
82	128	1.00416
82	130	0.980708
82	131	0.979987
82	133	1.01433
82	144	1.01086
82	153	1.07341
82	161	1.06592
82	165	1.14555
82	170	1.03249
82	176	0.945816
82	180	0.938363
83	3	1.02559
83	9	1.02732
83	30	1.01452
83	32	0.958685
83	39	0.985456
83	54	1.05477
83	62	0.886998
83	86	0.945348
83	87	0.944393
83	92	1.04274
83	93	0.989882
83	124	0.857721
83	143	1.16941
83	146	1.14476
83	148	1.09065
83	154	1.1677
83	157	0.990497
83	163	1.07401
83	171	1.1316
83	177	0.96722
83	180	0.903197
84	61	0.930319
84	71	1.06911
84	86	1.02605
84	108	1.05103
84	110	1.0736
84	112	0.978487
84	119	1.04926
84	124	0.883768
84	133	0.948283
84	147	1.01652
84	155	0.973159
84	158	0.990419
84	159	1.00335
84	161	0.995034
84	171	0.962019
84	172	0.931989
84	173	0.987431
84	175	0.936067
84	177	1.06411
84	178	0.874103
84	179	0.952557
85	53	1.04209
85	58	1.03726
85	66	1.09375
85	101	1.09587
85	110	1.04287
85	128	1.06137
85	130	1.03792
85	131	1.0372
85	133	1.07154
85	134	1.06961
85	150	0.937063
85	153	0.994577
85	154	1.04549
85	155	0.996895
85	159	0.956229
85	163	1.06531
85	166	1.00897
85	167	0.979703
85	176	1.00303
85	177	0.845011
85	180	0.995572
86	3	1.02938
86	8	1.24341
86	30	1.01831
86	32	0.962474
86	39	0.989245
86	42	0.987016
86	54	1.05856
86	62	0.890787
86	77	1.0336
86	83	0.945348
86	84	1.02605
86	87	0.948182
86	93	0.993671
86	111	0.942683
86	124	0.86151
86	138	1.09043
86	142	0.960505
86	157	0.994286
86	159	1.0258
86	178	1.31328
86	180	0.906986
87	3	1.02842
87	9	1.03015
87	32	0.961519
87	39	0.98829
87	42	0.986061
87	54	1.0576
87	62	0.889831
87	83	0.944393
87	86	0.948182
87	93	0.992716
87	113	1.02894
87	124	0.860555
87	144	1.01508
87	147	1.01753
87	150	1.02012
87	157	0.99333
87	160	1.0311
87	170	1.03671
87	172	1.17708
87	174	1.36028
87	180	0.906031
88	15	1.18196
88	25	0.97683
88	43	1.0464
88	69	0.886889
88	72	0.953356
88	95	0.939698
88	115	1.09639
88	116	0.976236
88	121	0.958931
88	123	0.977731
88	134	0.957213
88	151	0.951132
88	157	0.93709
88	162	0.984316
88	165	0.946928
88	166	0.971733
88	172	0.932123
88	173	0.987565
88	174	1.03836
88	175	0.936201
88	177	1.06425
89	59	1.04615
89	68	0.975308
89	80	1.01619
89	93	0.944095
89	106	0.876513
89	125	0.917585
89	140	1.0668
89	141	0.959353
89	153	1.02011
89	156	1.05324
89	159	1.04701
89	162	0.922754
89	164	1.0083
89	166	1.01526
89	167	1.04867
89	168	1.04399
89	171	1.00568
89	172	0.975652
89	174	0.846006
89	175	0.97973
89	178	0.917766
89	179	0.99622
90	38	1.09222
90	67	0.965542
90	70	1.01657
90	82	1.03207
90	101	1.05884
90	110	1.00584
90	113	0.913419
90	121	1.30821
90	128	1.02434
90	130	1.00088
90	131	1.00016
90	133	1.03451
90	135	0.90526
90	139	0.861301
90	151	1.02801
90	163	1.02828
90	165	1.03425
90	172	1.06156
90	176	0.965993
90	177	0.812548
90	178	1.21125
90	180	0.958539
91	9	0.972979
91	47	0.884798
91	71	1.01018
91	114	0.889832
91	116	0.934046
91	119	0.990329
91	129	0.954149
91	130	0.985373
91	142	1.09558
91	151	0.994903
91	153	1.02035
91	157	0.8949
91	160	1.04734
91	163	1.04289
91	166	1.0155
91	168	1.04423
91	170	1.04308
91	171	1.00592
91	172	0.975894
91	175	0.979972
91	178	0.918007
91	179	0.996462
92	1	0.981158
92	7	0.896346
92	64	0.961853
92	83	1.04274
92	99	0.980591
92	105	0.895076
92	124	0.940178
92	128	0.958483
92	145	0.997542
92	153	1.03285
92	156	1.06599
92	159	1.05976
92	162	0.953023
92	164	1.02105
92	167	1.06142
92	168	1.05673
92	171	1.01843
92	172	0.988399
92	174	0.876275
92	175	0.992477
92	178	0.930512
92	179	1.00897
93	3	1.07391
93	9	1.07564
93	30	1.06285
93	39	1.03378
93	42	1.03155
93	54	1.10309
93	62	0.935321
93	83	0.989882
93	86	0.993671
93	87	0.992716
93	89	0.944095
93	124	0.906045
93	137	1.04434
93	147	0.988306
93	150	0.990897
93	157	1.03882
93	161	1.04092
93	166	1.0628
93	171	1.06323
93	176	1.15092
93	177	0.898845
93	180	0.951521
94	8	1.14514
94	49	0.978406
94	56	1.09321
94	61	1.04472
94	95	1.03062
94	99	1.00169
94	107	0.9859
94	109	1.06383
94	118	1.00163
94	119	0.998888
94	122	1.03166
94	124	1.23884
94	132	0.988296
94	143	0.984338
94	148	0.939738
94	153	0.965876
94	159	0.927528
94	161	0.958383
94	162	1.00613
94	171	0.980692
94	173	0.963272
94	176	1.06839
95	56	1.08628
95	61	1.03778
95	88	0.939698
95	94	1.03062
95	99	0.994756
95	107	0.978967
95	109	1.0569
95	118	0.994699
95	119	0.991955
95	122	1.02472
95	132	0.981363
95	143	0.977405
95	144	1.04603
95	152	0.925011
95	159	0.956184
95	162	0.999197
95	165	1.06667
95	168	0.939179
95	170	0.953612
95	175	1.0761
95	178	1.24367
95	180	1.08492
96	11	1.12267
96	23	0.993738
96	25	0.994281
96	35	1.08168
96	36	1.05515
96	69	0.90434
96	71	0.987252
96	76	0.993535
96	78	1.0455
96	124	0.901353
96	136	1.05455
96	137	1.03864
96	148	1.01658
96	149	0.945593
96	152	0.973192
96	158	1.04841
96	163	0.999941
96	165	0.964379
96	168	0.98736
96	175	1.12428
96	177	1.0817
96	179	1.09402
97	13	0.914601
97	35	0.917062
97	63	0.917584
97	82	0.977889
97	107	0.986238
97	110	1.01617
97	115	1.0557
97	154	0.992567
97	155	1.01382
97	159	1.04401
97	160	1.04409
97	161	1.03569
97	162	0.931548
97	167	1.04566
97	168	1.04098
97	170	1.03983
97	171	1.00268
97	173	1.02809
97	174	0.8548
97	175	0.976724
97	178	0.91476
97	179	0.993214
98	2	1.03069
98	18	0.947674
98	37	0.910726
98	64	0.999056
98	81	0.985682
98	103	1.01979
98	104	0.98561
98	116	0.992014
98	121	1.00013
98	125	1.00437
98	127	1.0565
98	143	0.952962
98	148	0.978974
98	150	1.04869
98	151	1.1721
98	158	1.1119
98	162	0.974753
98	163	1.06343
98	168	1.05085
98	169	1.02736
98	170	1.06528
98	173	1.1036
98	177	0.956638
99	49	0.942547
99	56	1.05735
99	61	1.00886
99	92	0.980591
99	94	1.00169
99	95	0.994756
99	107	0.950041
99	109	1.02797
99	111	0.933176
99	118	0.965773
99	119	0.963029
99	122	0.995797
99	132	0.952437
99	143	0.948479
99	144	1.0171
99	153	1.05464
99	159	1.01629
99	162	0.970271
99	165	1.12677
99	171	1.06945
99	176	1.15715
99	179	1.10595
99	180	1.14503
100	15	0.89802
100	29	0.930359
100	41	0.994831
100	43	0.994927
100	46	1.0048
100	63	1.01396
100	75	0.908802
100	105	1.05121
100	108	0.974999
100	112	1.00874
100	115	0.951199
100	120	0.982763
100	140	1.01557
100	147	0.986595
100	157	1.01491
100	163	0.997347
100	165	0.945156
100	167	1.03183
100	170	1.00578
100	172	1.14614
100	174	1.03659
100	176	1.14921
100	178	1.29583
101	27	1.09057
101	66	1.06331
101	67	0.972136
101	70	1.02316
101	85	1.09587
101	90	1.05884
101	110	1.01243
101	124	1.26708
101	128	1.03093
101	130	1.00748
101	131	1.00676
101	133	1.0411
101	137	1.04195
101	139	0.8933
101	142	0.890474
101	144	0.931559
101	148	0.967976
101	165	1.06625
101	168	0.93876
101	172	1.09355
101	173	0.991509
101	176	0.972586
101	179	1.04542
101	180	0.965133
102	7	1.11088
102	8	1.09036
102	12	1.10691
102	26	1.022
102	80	1.08206
102	106	1.13244
102	114	1.1036
102	117	1.14168
102	123	1.1182
102	127	0.861388
102	129	1.09255
102	137	0.907023
102	149	0.813975
102	150	0.85358
102	151	0.976995
102	155	0.913413
102	156	0.853322
102	157	1.12351
102	167	0.896221
102	169	1.14376
102	173	0.908491
102	174	1.1452
102	175	0.99266
102	176	1.04367
103	18	0.99267
103	22	0.908517
103	31	0.850878
103	37	0.955722
103	64	1.04405
103	81	1.03068
103	98	1.01979
103	104	1.03061
103	116	1.03701
103	121	1.04513
103	125	1.04937
103	136	1.07253
103	140	0.950584
103	141	1.02593
103	143	0.997957
103	148	1.02397
103	166	0.996106
103	169	1.07235
103	172	1.08116
103	173	0.979111
103	176	1.08423
103	177	0.832149
103	178	1.23085
103	180	1.0721
104	2	1.04151
104	18	0.958489
104	37	0.921541
104	64	1.00987
104	81	0.996497
104	98	0.98561
104	103	1.03061
104	116	1.00283
104	121	1.01095
104	125	1.01519
104	126	0.986725
104	136	1.03835
104	143	0.963777
104	144	0.980629
104	148	0.989789
104	151	1.10908
104	153	1.04318
104	158	1.04888
104	162	0.985568
104	169	1.03817
104	170	1.00226
104	173	1.04058
104	177	0.893617
104	178	1.29232
104	179	1.09449
105	15	0.958857
105	22	0.895925
105	29	0.991197
105	43	1.05577
105	46	1.06564
105	55	1.00844
105	63	1.0748
105	92	0.895076
105	100	1.05121
105	108	1.03584
105	112	1.06958
105	115	1.01204
105	120	1.0436
105	124	1.24209
105	126	0.912665
105	142	0.865484
105	146	0.997095
105	150	0.911609
105	157	1.07574
105	163	1.05818
105	165	1.00599
105	170	0.928203
105	172	1.06856
105	174	1.09743
105	175	1.05069
105	176	1.07164
106	1	1.05625
106	12	1.03176
106	20	0.99735
106	26	0.946844
106	48	1.08722
106	80	1.00691
106	89	0.876513
106	102	1.13244
106	114	1.02844
106	117	1.06652
106	123	1.04304
106	129	1.0174
106	140	0.949699
106	143	1.03345
106	146	1.0088
106	150	0.923315
106	154	1.03174
106	157	1.04836
106	163	0.938058
106	169	1.0686
106	171	0.995646
106	172	1.08027
106	173	0.978225
106	174	1.07004
106	175	1.06239
106	176	0.968515
107	10	1.00626
107	14	0.996898
107	44	1.03042
107	49	0.926757
107	56	1.04156
107	61	0.993067
107	94	0.9859
107	95	0.978967
107	97	0.986238
107	99	0.950041
107	109	1.01218
107	113	1.03307
107	118	0.949984
107	119	0.94724
107	122	0.980007
107	126	1.0253
107	132	0.936648
107	137	1.07769
107	143	0.93269
107	144	1.00131
107	145	1.16674
107	162	0.954481
107	168	1.02641
107	173	1.07916
107	176	1.18427
107	180	1.17215
108	15	0.882642
108	43	0.97955
108	46	0.989426
108	55	0.93223
108	63	0.998585
108	77	0.973773
108	84	1.05103
108	100	0.974999
108	105	1.03584
108	112	0.993363
108	115	0.935822
108	120	0.967386
108	135	1.03227
108	137	1.08505
108	141	0.973347
108	144	1.014
108	149	0.992007
108	150	1.03161
108	153	1.08913
108	157	0.999528
108	165	0.929778
108	167	1.07425
108	170	1.04821
108	173	1.08652
108	174	1.02121
108	178	1.33826
109	14	1.07483
109	49	1.00469
109	55	0.997476
109	56	1.1195
109	61	1.071
109	94	1.06383
109	95	1.0569
109	99	1.02797
109	107	1.01218
109	118	1.02792
109	119	1.02517
109	122	1.05794
109	132	1.01458
109	134	1.06623
109	143	1.01062
109	146	1.01917
109	152	0.921678
109	156	0.933427
109	162	1.03241
109	168	0.935847
109	171	1.00602
109	172	1.09064
109	173	0.988595
109	177	0.841633
109	179	1.04251
109	180	1.08159
110	58	0.953821
110	66	1.01032
110	67	0.919141
110	70	0.970167
110	82	0.985665
110	84	1.0736
110	85	1.04287
110	90	1.00584
110	97	1.01617
110	101	1.01243
110	127	1.06199
110	128	0.977935
110	130	0.954483
110	131	0.953762
110	133	0.98811
110	137	0.988957
110	148	1.08556
110	154	1.1626
110	155	1.11401
110	156	1.05392
110	163	0.981879
110	164	1.11757
110	171	1.12651
110	176	0.919591
110	177	0.962128
110	180	0.912138
111	3	0.874646
111	14	0.855947
111	18	1.02549
111	20	1.00342
111	29	1.08392
111	36	0.861941
111	59	1.02901
111	60	0.91887
111	81	1.0635
111	82	1.07116
111	86	0.942683
111	99	0.933176
111	116	1.06983
111	121	1.07795
111	130	1.03998
111	131	1.03925
111	132	0.981026
111	133	1.0736
111	139	1.10941
111	154	1.0203
111	166	1.03998
111	172	1.00037
111	174	0.82886
111	178	0.942488
111	179	1.02094
111	180	0.99763
112	29	0.948724
112	43	1.01329
112	44	0.965239
112	46	1.02317
112	63	1.03233
112	84	0.978487
112	100	1.00874
112	105	1.06958
112	108	0.993363
112	115	0.969564
112	120	1.00113
112	138	1.04287
112	141	1.00709
112	143	1.0692
112	144	1.04774
112	148	1.00513
112	149	0.919462
112	157	1.03327
112	158	1.02227
112	160	0.97005
112	161	1.00909
112	163	1.01571
112	165	0.96352
112	166	1.03097
112	174	1.05495
112	175	1.09815
112	176	1.1191
113	19	0.886016
113	56	0.914297
113	68	1.03093
113	87	1.02894
113	90	0.913419
113	107	1.03307
113	122	0.937292
113	131	1.04724
113	142	1.08878
113	151	0.9881
113	156	1.04668
113	160	1.04053
113	161	1.03213
113	162	0.978375
113	165	0.983895
113	166	1.0087
113	167	1.04211
113	168	1.03743
113	169	0.900429
113	170	1.03627
113	171	0.999121
113	173	1.02453
113	174	0.901627
113	175	0.973168
113	178	0.911204
113	179	0.989658
113	180	0.966345
114	1	1.02741
114	6	1.0042
114	7	1.00688
114	20	0.968508
114	26	0.918001
114	48	1.05838
114	80	0.978067
114	91	0.889832
114	102	1.1036
114	106	1.02844
114	117	1.03768
114	123	1.0142
114	129	0.988557
114	137	0.982785
114	140	0.955726
114	145	1.07184
114	154	1.03777
114	155	0.989175
114	157	1.01952
114	158	0.99255
114	164	0.992732
114	169	1.03976
114	172	1.0863
114	174	1.0412
114	176	0.939673
114	178	1.23599
114	179	1.03816
115	15	0.858843
115	29	0.891183
115	43	0.955751
115	46	0.965626
115	63	0.974785
115	88	1.09639
115	97	1.0557
115	100	0.951199
115	105	1.01204
115	108	0.935822
115	112	0.969564
115	120	0.943586
115	139	1.05041
115	141	0.949547
115	144	0.990196
115	147	1.09112
115	148	0.947587
115	152	1.0817
115	157	0.975728
115	163	0.95817
115	164	1.1571
115	165	0.905979
115	168	1.09587
115	171	1.16604
115	173	1.14862
115	174	0.997411
115	175	1.23279
116	2	1.04791
116	22	0.957873
116	37	0.927944
116	64	1.01627
116	81	1.0029
116	88	0.976236
116	91	0.934046
116	98	0.992014
116	103	1.03701
116	104	1.00283
116	111	1.06983
116	121	1.01735
116	125	1.02159
116	136	1.04475
116	141	0.998152
116	143	0.97018
116	148	0.996192
116	149	0.933951
116	151	1.09697
116	161	1.02358
116	162	0.991972
116	163	0.988299
116	164	1.03695
116	167	1.0162
116	169	1.04457
116	176	1.13358
116	179	1.08238
117	1	1.06549
117	6	1.04228
117	7	1.04496
117	12	1.041
117	26	0.956081
117	48	1.09646
117	77	0.931468
117	80	1.01615
117	102	1.14168
117	106	1.06652
117	114	1.03768
117	123	1.05228
117	124	1.23498
117	129	1.02664
117	140	0.930884
117	143	1.01464
117	149	0.864896
117	152	0.892494
117	157	1.0576
117	158	0.967708
117	160	0.915484
117	165	1.03415
117	168	0.906663
117	169	1.07784
117	171	0.976831
117	174	1.07928
117	176	0.977753
117	180	1.0524
118	10	1.02199
118	14	1.01263
118	22	0.982727
118	49	0.94249
118	55	0.935277
118	56	1.0573
118	61	1.0088
118	94	1.00163
118	95	0.994699
118	99	0.965773
118	107	0.949984
118	109	1.02792
118	119	0.962972
118	122	0.99574
118	132	0.95238
118	144	1.01704
118	145	1.1426
118	150	1.0001
118	152	0.988096
118	153	1.05762
118	155	1.05993
118	156	0.999844
118	160	1.01109
118	162	0.970213
118	166	1.07201
118	175	1.13918
118	179	1.10892
118	180	1.148
119	10	1.01925
119	14	1.00989
119	19	1.08031
119	22	0.979983
119	49	0.939746
119	61	1.00606
119	84	1.04926
119	91	0.990329
119	94	0.998888
119	95	0.991955
119	99	0.963029
119	107	0.94724
119	109	1.02517
119	118	0.962972
119	122	0.992996
119	132	0.949637
119	134	1.16239
119	139	0.986541
119	140	1.05622
119	143	0.945678
119	144	1.0143
119	147	1.02725
119	149	0.990234
119	151	1.15325
119	152	1.01783
119	155	1.08967
119	162	0.96747
119	166	1.10174
120	29	0.922747
120	43	0.987315
120	46	0.997191
120	63	1.00635
120	77	0.981537
120	100	0.982763
120	105	1.0436
120	108	0.967386
120	112	1.00113
120	115	0.943586
120	126	1.01693
120	137	1.06931
120	141	0.981111
120	144	1.02176
120	145	1.15837
120	148	0.979152
120	151	1.13928
120	155	1.0757
120	157	1.00729
120	160	1.02685
120	161	1.06589
120	163	0.989734
120	165	0.937543
120	167	1.05851
120	173	1.07078
120	174	1.02898
120	177	0.923818
120	179	1.12469
121	2	1.05603
121	18	0.973009
121	19	1.11293
121	37	0.936061
121	64	1.02439
121	75	0.875867
121	81	1.01102
121	88	0.958931
121	90	1.30821
121	98	1.00013
121	103	1.04513
121	104	1.01095
121	111	1.07795
121	116	1.01735
121	125	1.02971
121	126	0.957308
121	127	0.964059
121	136	1.05287
121	141	1.00627
121	143	0.978297
121	149	0.916646
121	153	1.01377
121	158	1.01946
121	162	1.00009
121	166	1.02816
121	169	1.05269
121	173	1.01116
121	176	1.11628
121	177	0.864199
122	10	1.05202
122	14	1.04265
122	19	1.11308
122	49	0.972513
122	56	1.08732
122	61	1.03882
122	94	1.03166
122	95	1.02472
122	99	0.995797
122	107	0.980007
122	109	1.05794
122	113	0.937292
122	118	0.99574
122	119	0.992996
122	132	0.982404
122	134	1.06102
122	138	1.01228
122	143	0.978446
122	144	1.04707
122	146	1.01396
122	154	1.0369
122	158	0.99168
122	162	1.00024
122	164	0.991861
122	165	1.05812
122	167	0.971113
122	168	0.930634
122	179	1.03729
122	180	1.07637
123	1	1.042
123	6	1.0188
123	7	1.02148
123	12	1.01752
123	20	0.983107
123	26	0.932601
123	48	1.07298
123	55	0.96682
123	88	0.977731
123	102	1.1182
123	106	1.04304
123	114	1.0142
123	117	1.05228
123	129	1.00316
123	142	0.928926
123	143	1.08519
123	148	1.00643
123	150	0.975051
123	154	1.08348
123	155	1.03488
123	156	0.974793
123	157	1.03412
123	163	0.989794
123	166	1.04696
123	168	0.977212
123	169	1.05436
123	171	1.04738
123	174	1.0558
123	176	0.954272
124	7	1.24336
124	23	0.866269
124	32	0.874847
124	35	0.954215
124	40	1.29612
124	45	1.5327
124	66	1.2768
124	69	0.776871
124	76	0.866066
124	83	0.857721
124	84	0.883768
124	86	0.86151
124	87	0.860555
124	92	0.940178
124	93	0.906045
124	94	1.23884
124	96	0.901353
124	101	1.26708
124	105	1.24209
124	117	1.23498
124	160	0.893547
124	171	0.852135
124	173	0.877546
124	174	1.22328
124	175	0.826182
124	177	0.954228
124	178	0.764218
124	179	0.842673
124	180	0.81936
125	2	1.06027
125	18	0.977253
125	19	1.11718
125	37	0.940305
125	64	1.02864
125	77	0.991354
125	81	1.01526
125	89	0.917585
125	98	1.00437
125	103	1.04937
125	104	1.01519
125	116	1.02159
125	121	1.02971
125	136	1.05712
125	139	0.921088
125	141	1.01051
125	143	0.982541
125	148	1.00855
125	152	0.95238
125	154	1.07281
125	162	1.00433
125	165	1.09404
125	166	1.03629
125	167	1.00703
125	169	1.05694
125	173	1.0193
125	176	1.12441
125	177	0.872335
125	179	1.07321
126	16	1.05257
126	29	1.14892
126	31	1.09573
126	51	0.875224
126	76	1.00906
126	79	0.938978
126	82	1.01695
126	104	0.986725
126	105	0.912665
126	107	1.0253
126	120	1.01693
126	121	0.957308
126	139	1.06878
126	141	1.00721
126	145	0.968892
126	146	1.0053
126	161	1.02279
126	164	0.992401
126	166	0.999359
126	167	1.03277
126	168	1.02808
126	170	1.02693
126	171	0.989779
126	172	0.959749
126	173	1.01519
126	175	0.963827
126	176	0.964458
126	178	0.901862
126	179	0.980317
126	180	0.957004
127	30	0.968783
127	36	0.933696
127	42	0.966858
127	54	0.904571
127	59	1.10076
127	69	1.18903
127	74	0.897855
127	98	1.0565
127	102	0.861388
127	110	1.06199
127	121	0.964059
127	132	1.05278
127	140	1.05551
127	145	0.973509
127	146	1.00992
127	151	0.983375
127	153	1.00882
127	154	0.984286
127	155	1.00554
127	156	1.04195
127	159	1.03573
127	160	1.03581
127	164	0.997018
127	170	1.03155
127	171	0.994396
127	172	0.964366
127	173	1.01981
127	175	0.968444
127	178	0.906479
127	179	0.984934
128	27	1.05607
128	38	1.06431
128	53	0.977151
128	58	0.972316
128	66	1.02881
128	67	0.937636
128	70	0.988662
128	75	0.894632
128	82	1.00416
128	85	1.06137
128	90	1.02434
128	92	0.958483
128	101	1.03093
128	110	0.977935
128	130	0.972978
128	133	1.0066
128	137	1.00745
128	144	0.969976
128	151	1.09843
128	156	0.974758
128	160	0.985998
128	163	1.00037
128	165	1.10467
128	166	1.04692
128	170	0.99161
128	171	1.04735
128	172	1.13197
128	176	0.938086
128	178	1.28166
128	180	0.930633
129	1	1.01636
129	6	0.993158
129	7	0.995835
129	12	0.991873
129	20	0.957462
129	22	0.988624
129	26	0.906955
129	48	1.04734
129	80	0.967021
129	91	0.954149
129	102	1.09255
129	106	1.0174
129	114	0.988557
129	117	1.02664
129	123	1.00316
129	140	1.02004
129	148	1.02504
129	149	0.954055
129	154	1.10209
129	156	0.993402
129	157	1.00847
129	164	1.05705
129	165	1.12331
129	166	1.06556
129	169	1.02871
129	170	1.01025
129	171	1.06599
129	172	1.15062
129	174	1.03016
129	176	0.928627
130	27	1.03262
130	38	1.04086
130	53	0.953699
130	58	0.948864
130	66	1.00536
130	67	0.914184
130	70	0.96521
130	82	0.980708
130	85	1.03792
130	90	1.00088
130	91	0.985373
130	101	1.00748
130	110	0.954483
130	111	1.03998
130	128	0.972978
130	131	0.948805
130	133	0.983153
130	142	0.978759
130	148	1.05626
130	150	1.02488
130	152	1.01288
130	154	1.13331
130	158	1.08809
130	159	1.04405
130	160	1.03587
130	161	1.07491
130	163	0.976922
130	175	1.16396
130	176	0.914634
130	178	1.33153
130	180	0.907181
131	27	1.0319
131	38	1.04014
131	53	0.952978
131	58	0.948143
131	66	1.00464
131	67	0.913463
131	70	0.964489
131	77	1.06539
131	82	0.979987
131	85	1.0372
131	90	1.00016
131	101	1.00676
131	110	0.953762
131	111	1.03925
131	113	1.04724
131	130	0.948805
131	133	0.982432
131	135	1.03908
131	137	0.983279
131	142	0.992296
131	146	1.12391
131	148	1.0698
131	149	0.998815
131	156	1.03816
131	160	1.0494
131	163	0.976201
131	164	1.10181
131	165	1.16807
131	175	1.1775
131	176	0.913914
131	180	0.90646
132	10	1.00866
132	14	0.999295
132	19	1.06972
132	22	0.969391
132	49	0.929154
132	55	0.921941
132	56	1.04396
132	61	0.995464
132	94	0.988296
132	95	0.981363
132	99	0.952437
132	107	0.936648
132	109	1.01458
132	111	0.981026
132	118	0.95238
132	119	0.949637
132	122	0.982404
132	127	1.05278
132	137	1.09842
132	138	1.12878
132	140	1.07136
132	143	0.935086
132	144	1.00371
132	156	1.04472
132	160	1.05596
132	162	0.956878
132	164	1.10836
132	166	1.11688
132	170	1.06157
132	177	0.952922
132	180	1.19288
133	27	1.06625
133	31	0.855541
133	38	1.07448
133	53	0.987326
133	58	0.982491
133	66	1.03899
133	67	0.947811
133	70	0.998837
133	77	0.955831
133	82	1.01433
133	84	0.948283
133	85	1.07154
133	90	1.03451
133	101	1.0411
133	110	0.98811
133	111	1.0736
133	128	1.0066
133	130	0.983153
133	131	0.982432
133	143	1.039
133	145	1.07136
133	151	1.05228
133	163	1.01055
133	165	1.05851
133	168	0.931025
133	170	0.945458
133	172	1.08582
133	175	1.06794
133	176	0.948261
133	178	1.23551
133	179	1.03769
133	180	0.940808
134	14	1.05244
134	49	1.22543
134	50	0.997545
134	57	1.15188
134	81	1.13372
134	85	1.06961
134	88	0.957213
134	109	1.06623
134	119	1.16239
134	122	1.06102
134	136	1.04419
134	138	0.930625
134	142	1.01511
134	145	0.904558
134	146	0.940967
134	147	0.979946
134	151	0.914425
134	152	0.995261
134	153	0.939869
134	154	0.915336
134	156	0.973004
134	157	1.06696
134	167	0.968434
134	168	0.963751
134	169	1.02416
134	170	0.962598
134	171	0.925446
134	172	0.895416
134	173	0.950857
134	175	0.899493
134	177	1.02754
134	178	0.837529
134	179	0.915983
135	9	1.01315
135	31	1.07479
135	32	1.00962
135	33	1.11646
135	40	0.9663
135	54	0.897423
135	55	1.09345
135	67	1.1106
135	79	0.938581
135	90	0.90526
135	108	1.03227
135	131	1.03908
135	139	1.04784
135	140	1.02995
135	141	1.00682
135	148	0.995221
135	151	0.957817
135	153	0.983261
135	154	0.958728
135	155	0.979977
135	156	1.0164
135	158	0.997237
135	159	1.01017
135	161	1.00185
135	162	0.970216
135	166	0.978417
135	168	1.00714
135	170	1.00599
135	171	0.968838
135	172	0.938808
135	173	0.994249
135	178	0.880921
135	179	0.959375
136	23	1.01947
136	47	1.09052
136	59	0.970223
136	64	1.0518
136	69	0.930067
136	71	1.01298
136	72	0.996535
136	74	1.10281
136	75	0.831257
136	96	1.05455
136	103	1.07253
136	104	1.03835
136	116	1.04475
136	121	1.05287
136	125	1.05712
136	134	1.04419
136	137	0.965083
136	140	0.938024
136	144	0.906601
136	146	0.997127
136	152	0.899634
136	155	0.971473
136	158	0.974848
136	159	0.930807
136	162	1.02749
136	165	0.990106
136	167	0.954281
136	169	1.0801
136	172	1.0686
136	174	1.08154
136	176	1.07167
136	177	1.10742
136	178	1.21829
137	10	1.04013
137	28	0.992615
137	33	0.941488
137	40	1.01702
137	45	0.888794
137	53	0.988173
137	60	1.03627
137	67	0.948658
137	73	0.988571
137	79	1.04155
137	93	1.04434
137	96	1.03864
137	101	1.04195
137	102	0.907023
137	107	1.07769
137	108	1.08505
137	110	0.988957
137	114	0.982785
137	120	1.06931
137	128	1.00745
137	131	0.983279
137	132	1.09842
137	136	0.965083
137	157	0.987852
137	162	1.023
137	163	1.0114
137	164	0.977052
137	169	1.0492
137	171	0.97443
137	172	0.9444
137	173	0.999841
137	174	0.94625
137	175	0.948478
137	178	0.886513
137	179	0.964968
137	180	0.941655
138	28	1.02298
138	53	1.16381
138	55	1.17659
138	59	1.17676
138	74	0.973851
138	78	1.02165
138	86	1.09043
138	112	1.04287
138	122	1.01228
138	132	1.12878
138	134	0.930625
138	147	0.990066
138	149	1.04716
138	152	1.00538
138	153	0.949989
138	154	0.925456
138	155	0.946705
138	156	0.983123
138	157	1.01821
138	158	0.963965
138	159	0.976895
138	161	0.96858
138	162	1.05336
138	164	0.938187
138	165	0.92034
138	166	0.945145
138	167	0.978554
138	168	0.973871
138	170	0.972718
138	172	0.905535
138	173	0.960977
138	174	0.976613
138	175	0.909613
138	178	0.847649
138	179	0.926103
139	26	1.09962
139	28	0.895874
139	49	1.04958
139	52	0.98897
139	64	0.935087
139	65	0.902358
139	67	1.06665
139	72	0.956527
139	90	0.861301
139	101	0.8933
139	111	1.10941
139	115	1.05041
139	119	0.986541
139	125	0.921088
139	126	1.06878
139	135	1.04784
139	146	1.02491
139	151	0.998369
139	152	1.0792
139	154	0.99928
139	160	1.0508
139	164	1.01201
139	166	1.01897
139	167	1.05238
139	168	1.04769
139	169	0.848311
139	170	1.04654
139	171	1.00939
139	172	0.979359
139	173	1.0348
139	174	0.849509
139	175	0.983437
139	177	1.11148
139	178	0.921473
139	179	0.999927
139	180	0.976614
140	38	0.944735
140	43	1.0701
140	48	0.955793
140	60	1.0092
140	89	1.0668
140	100	1.01557
140	103	0.950584
140	106	0.949699
140	114	0.955726
140	117	0.930884
140	119	1.05622
140	127	1.05551
140	129	1.02004
140	132	1.07136
140	135	1.02995
140	136	0.938024
140	142	1.08116
140	147	1.046
140	151	0.980483
140	152	1.06132
140	153	1.00593
140	154	0.981394
140	155	1.00264
140	156	1.03906
140	158	1.0199
140	166	1.00108
140	167	1.03449
140	169	0.917993
140	170	1.02866
140	172	0.961473
140	173	1.01691
140	174	0.919191
140	175	0.965551
140	176	0.966182
140	178	0.903587
140	179	0.982041
140	180	0.958728
141	4	1.01545
141	15	0.896367
141	16	0.982958
141	28	1.06604
141	34	0.910499
141	44	1.01233
141	46	1.00315
141	52	0.950452
141	57	0.935797
141	65	1.01924
141	89	0.959353
141	103	1.02593
141	108	0.973347
141	112	1.00709
141	115	0.949547
141	116	0.998152
141	120	0.981111
141	121	1.00627
141	125	1.01051
141	126	1.00721
141	135	1.00682
141	142	0.960031
141	148	0.985112
141	149	1.07032
141	154	1.11458
141	156	1.0059
141	159	1.02532
141	162	0.980891
141	165	0.943504
141	166	1.07806
141	167	1.0488
141	169	1.03349
141	172	1.16311
141	174	1.03494
141	176	1.16618
141	177	0.914104
141	179	1.11498
141	180	1.15406
142	34	1.06082
142	48	0.883285
142	51	0.828043
142	55	1.04666
142	67	1.06382
142	78	0.891719
142	80	1.01687
142	86	0.960505
142	91	1.09558
142	101	0.890474
142	105	0.865484
142	113	1.08878
142	123	0.928926
142	130	0.978759
142	131	0.992296
142	134	1.01511
142	140	1.08116
142	141	0.960031
142	145	0.999159
142	151	1.00903
142	152	1.08986
142	153	1.03447
142	155	1.03119
142	157	0.888285
142	158	1.04845
142	159	1.06138
142	164	1.02267
142	166	1.02963
142	167	1.06303
142	168	1.05835
142	169	0.845485
142	170	1.0572
142	171	1.02005
142	172	0.990016
142	173	1.04546
142	175	0.994094
142	178	0.93213
142	179	1.01058
143	13	1.06275
143	17	1.13812
143	35	1.06521
143	54	1.0069
143	62	1.24747
143	63	1.06573
143	72	1.10996
143	81	0.963849
143	83	1.16941
143	94	0.984338
143	95	0.977405
143	98	0.952962
143	99	0.948479
143	103	0.997957
143	104	0.963777
143	106	1.03345
143	107	0.93269
143	109	1.01062
143	112	1.0692
143	116	0.97018
143	117	1.01464
143	119	0.945678
143	121	0.978297
143	122	0.978446
143	123	1.08519
143	125	0.982541
143	132	0.935086
143	133	1.039
143	151	0.919737
143	157	1.04455
143	164	0.933379
143	166	0.940337
143	170	0.967909
143	171	0.930757
143	175	0.904805
143	178	0.842841
143	179	0.921295
143	180	0.897982
144	4	0.989691
144	5	0.915714
144	12	0.946246
144	25	1.00227
144	28	0.934133
144	29	0.969357
144	30	0.955935
144	37	1.14791
144	40	0.9606
144	81	0.996133
144	82	1.01086
144	87	1.01508
144	95	1.04603
144	99	1.0171
144	101	0.931559
144	104	0.980629
144	107	1.00131
144	108	1.014
144	112	1.04774
144	115	0.990196
144	118	1.01704
144	119	1.0143
144	120	1.02176
144	122	1.04707
144	128	0.969976
144	132	1.00371
144	136	0.906601
144	147	1.05388
144	157	1.0539
144	165	0.984153
144	167	1.04237
144	168	1.03768
144	169	0.88657
144	170	1.03653
144	172	0.969348
144	173	1.02479
144	174	1.07559
144	178	0.911462
144	179	0.989916
145	12	1.09378
145	24	0.977692
145	25	1.14981
145	28	1.08167
145	33	1.2583
145	42	1.10155
145	64	1.12088
145	77	0.938268
145	92	0.997542
145	107	1.16674
145	114	1.07184
145	118	1.1426
145	120	1.15837
145	126	0.968892
145	127	0.973509
145	133	1.07136
145	134	0.904558
145	142	0.999159
145	147	0.963999
145	152	0.979314
145	153	0.923923
145	155	0.920638
145	156	0.957057
145	157	1.07691
145	158	0.937899
145	159	0.950828
145	161	0.942513
145	164	0.91212
145	166	0.919078
145	167	0.952487
145	168	0.947804
145	170	0.946651
145	171	0.909499
145	172	0.879469
145	173	0.93491
145	174	1.0353
145	175	0.883546
145	178	0.821582
145	179	0.900037
146	8	0.914845
146	23	1.0988
146	39	1.06648
146	43	1.12921
146	59	1.17844
146	83	1.14476
146	105	0.997095
146	106	1.0088
146	109	1.01917
146	122	1.01396
146	126	1.0053
146	127	1.00992
146	131	1.12391
146	134	0.940967
146	136	0.997127
146	139	1.02491
146	147	1.00041
146	154	0.935798
146	155	0.957046
146	157	1.0199
146	158	0.974307
146	159	0.987236
146	160	0.987319
146	161	0.978921
146	162	1.05504
146	164	0.948529
146	166	0.955487
146	167	0.988896
146	168	0.984213
146	169	0.977096
146	170	0.983059
146	171	0.945907
146	172	0.915877
146	173	0.971319
146	174	0.978294
146	175	0.919955
146	176	0.920586
146	178	0.85799
146	179	0.936445
146	180	0.913132
147	11	0.890884
147	37	1.15036
147	47	0.921718
147	52	1.02968
147	55	1.0902
147	65	0.943066
147	72	0.997234
147	78	0.935253
147	84	1.01652
147	87	1.01753
147	93	0.988306
147	100	0.986595
147	115	1.09112
147	119	1.02725
147	134	0.979946
147	138	0.990066
147	140	1.046
147	144	1.05388
147	145	0.963999
147	146	1.00041
147	153	0.99931
147	155	0.996026
147	157	0.931819
147	158	1.01329
147	159	1.02622
147	160	1.0263
147	161	1.0179
147	162	0.966965
147	163	1.02185
147	167	1.02788
147	168	1.02319
147	170	1.02204
147	171	0.984887
147	172	0.954856
147	173	1.0103
147	174	0.890217
147	175	0.958934
147	178	0.89697
147	179	0.975424
147	180	0.952112
148	13	0.983986
148	16	1.08289
148	17	1.05936
148	29	0.926748
148	35	0.986448
148	39	1.01238
148	46	1.00119
148	51	0.905544
148	53	1.11138
148	63	1.01035
148	83	1.09065
148	94	0.939738
148	96	1.01658
148	98	0.978974
148	101	0.967976
148	103	1.02397
148	104	0.989789
148	110	1.08556
148	112	1.00513
148	115	0.947587
148	116	0.996192
148	120	0.979152
148	123	1.00643
148	125	1.00855
148	129	1.02504
148	130	1.05626
148	131	1.0698
148	135	0.995221
148	141	0.985112
148	154	0.94666
148	157	1.01129
148	158	0.985169
148	159	0.998098
148	162	0.978932
148	167	0.999758
148	169	1.03154
148	170	0.993921
148	174	1.03298
148	175	0.930817
148	178	0.868853
148	179	0.947307
149	4	1.0987
149	21	1.03126
149	26	1.10332
149	30	0.92137
149	33	1.00904
149	34	0.99375
149	35	0.915465
149	45	0.956344
149	48	0.889804
149	50	1.11969
149	52	1.0337
149	54	0.857157
149	57	1.01905
149	60	1.10382
149	65	1.10249
149	66	0.906716
149	68	1.04958
149	79	1.1091
149	96	0.945593
149	102	0.813975
149	108	0.992007
149	112	0.919462
149	116	0.933951
149	117	0.864896
149	119	0.990234
149	121	0.916646
149	129	0.954055
149	131	0.998815
149	138	1.04716
149	141	1.07032
149	150	1.09122
149	151	1.03096
149	154	1.03187
149	159	1.08331
149	161	1.07499
149	162	0.929951
149	169	1.11675
149	172	1.01195
149	174	0.853203
149	175	1.01603
149	178	0.954063
149	179	1.03252
150	4	1.03635
150	11	0.893475
150	17	0.999171
150	28	1.08694
150	34	0.931395
150	37	1.15295
150	47	1.06481
150	51	1.06725
150	52	0.971349
150	57	0.956694
150	59	0.944517
150	60	0.982818
150	65	1.04014
150	72	0.970828
150	74	1.0771
150	76	1.008
150	80	1.06299
150	85	0.937063
150	87	1.02012
150	93	0.990897
150	98	1.04869
150	102	0.85358
150	105	0.911609
150	106	0.923315
150	108	1.03161
150	118	1.0001
150	123	0.975051
150	130	1.02488
150	149	1.09122
150	153	0.994049
150	154	0.969515
150	157	0.93441
150	161	1.01264
150	162	1.00179
150	164	0.982247
150	168	1.01793
150	173	1.00504
150	174	1.05583
150	175	0.953673
150	177	1.08172
150	178	0.891708
150	179	0.970163
151	6	1.07742
151	27	1.01157
151	38	1.04177
151	47	1.04772
151	50	0.988412
151	88	0.951132
151	90	1.02801
151	91	0.994903
151	98	1.1721
151	102	0.976995
151	104	1.10908
151	113	0.9881
151	116	1.09697
151	119	1.15325
151	120	1.13928
151	127	0.983375
151	128	1.09843
151	133	1.05228
151	134	0.914425
151	135	0.957817
151	139	0.998369
151	140	0.980483
151	142	1.00903
151	143	0.919737
151	149	1.03096
151	152	0.989181
151	155	0.930505
151	156	0.966923
151	158	0.947765
151	159	0.960695
151	161	0.95238
151	162	1.09297
151	164	0.921987
151	166	0.928945
151	167	0.962354
151	168	0.957671
151	169	1.01502
151	170	0.956518
151	171	0.919366
151	173	0.944777
151	175	0.893413
151	176	0.894044
151	179	0.909903
152	4	0.982724
152	29	1.13586
152	47	0.912302
152	53	1.06799
152	65	0.93365
152	95	0.925011
152	96	0.973192
152	109	0.921678
152	115	1.0817
152	117	0.892494
152	118	0.988096
152	119	1.01783
152	125	0.95238
152	130	1.01288
152	134	0.995261
152	136	0.899634
152	138	1.00538
152	139	1.0792
152	140	1.06132
152	142	1.08986
152	145	0.979314
152	151	0.989181
152	153	1.01463
152	155	1.01134
152	156	1.04776
152	157	0.922404
152	158	1.0286
152	159	1.04153
152	160	1.04161
152	161	1.03322
152	162	0.957549
152	164	1.00282
152	167	1.04319
152	168	1.03851
152	170	1.03735
152	171	1.0002
152	172	0.970171
152	173	1.02561
152	174	0.880801
152	175	0.974249
152	176	0.97488
152	178	0.912285
152	179	0.990739
152	180	0.967426
153	10	1.0442
153	49	1.15039
153	51	0.931682
153	52	1.08978
153	53	1.13752
153	57	1.07684
153	66	1.00384
153	73	1.03809
153	82	1.07341
153	85	0.994577
153	89	1.02011
153	91	1.02035
153	92	1.03285
153	94	0.965876
153	99	1.05464
153	104	1.04318
153	108	1.08913
153	118	1.05762
153	121	1.01377
153	127	1.00882
153	134	0.939869
153	135	0.983261
153	138	0.949989
153	140	1.00593
153	142	1.03447
153	145	0.923923
153	147	0.99931
153	150	0.994049
153	152	1.01463
153	154	0.9347
153	155	0.955949
153	156	0.992368
153	157	0.991925
153	158	0.97321
153	159	0.986139
153	160	0.986222
153	164	0.947431
153	166	0.954389
153	170	0.981962
153	171	0.94481
153	172	0.91478
153	174	0.950323
153	175	0.918857
153	177	1.0469
153	178	0.856893
153	179	0.935347
153	180	0.912035
154	7	1.0213
154	16	1.15994
154	21	1.12737
154	56	1.0139
154	76	1.11643
154	83	1.1677
154	85	1.04549
154	97	0.992567
154	106	1.03174
154	110	1.1626
154	111	1.0203
154	114	1.03777
154	122	1.0369
154	123	1.08348
154	125	1.07281
154	127	0.984286
154	129	1.10209
154	130	1.13331
154	134	0.915336
154	135	0.958728
154	138	0.925456
154	139	0.99928
154	140	0.981394
154	141	1.11458
154	146	0.935798
154	148	0.94666
154	149	1.03187
154	150	0.969515
154	153	0.9347
154	155	0.931416
154	156	0.967835
154	158	0.948676
154	159	0.961606
154	160	0.961688
154	161	0.953291
154	162	1.07798
154	164	0.922898
154	165	0.905051
154	166	0.929856
154	167	0.963265
154	168	0.958582
154	170	0.957429
154	171	0.920277
154	172	0.890246
154	173	0.945688
154	174	1.00123
154	175	0.894324
154	178	0.83236
154	179	0.910814
155	8	0.910463
155	12	1.01112
155	15	1.23911
155	26	1.20275
155	46	1.03184
155	49	1.15271
155	78	0.997677
155	84	0.973159
155	85	0.996895
155	97	1.01382
155	102	0.913413
155	110	1.11401
155	114	0.989175
155	118	1.05993
155	119	1.08967
155	120	1.0757
155	123	1.03488
155	127	1.00554
155	135	0.979977
155	136	0.971473
155	138	0.946705
155	140	1.00264
155	142	1.03119
155	145	0.920638
155	146	0.957046
155	147	0.996026
155	151	0.930505
155	152	1.01134
155	153	0.955949
155	154	0.931416
155	156	0.989083
155	157	0.994243
155	158	0.969925
155	159	0.982855
155	160	0.982937
155	161	0.97454
155	162	1.02939
155	164	0.944147
155	166	0.951105
155	167	0.984514
155	168	0.979831
155	169	0.951442
155	170	0.978678
155	171	0.941525
155	173	0.966937
155	174	0.952641
155	175	0.915573
155	177	1.04362
155	178	0.853609
155	179	0.932063
156	6	0.953743
156	20	1.06711
156	39	0.980741
156	43	1.04346
156	45	1.20196
156	71	1.04944
156	74	0.889789
156	80	1.06274
156	89	1.05324
156	92	1.06599
156	102	0.853322
156	109	0.933427
156	110	1.05392
156	113	1.04668
156	118	0.999844
156	123	0.974793
156	127	1.04195
156	128	0.974758
156	129	0.993402
156	131	1.03816
156	132	1.04472
156	134	0.973004
156	135	1.0164
156	138	0.983123
156	140	1.03906
156	141	1.0059
156	145	0.957057
156	151	0.966923
156	152	1.04776
156	153	0.992368
156	154	0.967835
156	155	0.989083
156	158	1.00634
156	159	1.01927
156	160	1.01936
156	161	1.01096
156	164	0.980566
156	165	0.962719
156	166	0.987524
156	168	1.01625
156	169	0.891352
156	170	1.0151
156	172	0.947914
156	173	1.00336
156	174	0.89255
156	175	0.951992
156	176	0.952623
156	177	1.08004
156	178	0.890028
156	179	0.968482
157	6	1.02412
157	9	1.07626
157	39	1.03439
157	42	1.03217
157	43	1.01946
157	48	1.0783
157	54	1.1037
157	55	0.972136
157	62	0.935936
157	83	0.990497
157	86	0.994286
157	87	0.99333
157	88	0.93709
157	91	0.8949
157	93	1.03882
157	100	1.01491
157	102	1.12351
157	105	1.07574
157	106	1.04836
157	108	0.999528
157	112	1.03327
157	114	1.01952
157	115	0.975728
157	117	1.0576
157	120	1.00729
157	123	1.03412
157	129	1.00847
157	134	1.06696
157	137	0.987852
157	138	1.01821
157	142	0.888285
157	143	1.04455
157	144	1.0539
157	145	1.07691
157	146	1.0199
157	147	0.931819
157	148	1.01129
157	150	0.93441
157	152	0.922404
157	153	0.991925
157	155	0.994243
157	160	0.945393
157	161	0.984432
157	164	0.997799
157	167	0.977051
157	169	1.05968
157	172	1.09137
157	173	0.98932
157	174	1.06112
157	176	0.959589
157	177	0.842359
157	179	1.04323
157	180	0.952135
158	19	0.940404
158	23	1.07652
158	32	1.07217
158	41	1.02329
158	42	1.02226
158	44	1.02199
158	48	0.992617
158	50	0.928204
158	58	1.15024
158	75	1.10221
158	79	1.00113
158	81	1.06438
158	84	0.990419
158	96	1.04841
158	98	1.1119
158	104	1.04888
158	112	1.02227
158	114	0.99255
158	117	0.967708
158	121	1.01946
158	122	0.99168
158	130	1.08809
158	135	0.997237
158	136	0.974848
158	138	0.963965
158	140	1.0199
158	142	1.04845
158	145	0.937899
158	146	0.974307
158	147	1.01329
158	148	0.985169
158	151	0.947765
158	152	1.0286
158	153	0.97321
158	154	0.948676
158	155	0.969925
158	156	1.00634
158	159	1.00011
158	160	1.0002
158	161	0.9918
158	162	1.03276
158	164	0.961407
158	166	0.968365
158	167	1.00177
158	169	0.954817
158	170	0.995938
158	171	0.958786
158	172	0.928756
158	173	0.984197
158	175	0.932833
158	176	0.933464
158	178	0.870869
158	179	0.949323
158	180	0.926011
159	4	1.0139
159	23	1.03248
159	34	1.12611
159	35	0.974237
159	40	0.984806
159	42	0.978216
159	44	1.03492
159	55	1.11195
159	56	0.924644
159	58	1.1062
159	60	1.00198
159	64	0.997552
159	73	0.999746
159	74	0.909213
159	84	1.00335
159	85	0.956229
159	86	1.0258
159	89	1.04701
159	92	1.05976
159	94	0.927528
159	95	0.956184
159	97	1.04401
159	99	1.01629
159	127	1.03573
159	130	1.04405
159	135	1.01017
159	136	0.930807
159	138	0.976895
159	141	1.02532
159	142	1.06138
159	145	0.950828
159	146	0.987236
159	147	1.02622
159	148	0.998098
159	149	1.08331
159	151	0.960695
159	152	1.04153
159	153	0.986139
159	154	0.961606
159	155	0.982855
159	156	1.01927
159	158	1.00011
159	161	1.00473
159	163	1.00868
159	164	0.974337
159	166	0.981295
159	168	1.01002
159	170	1.00887
159	171	0.971715
159	172	0.941685
159	173	0.997127
159	174	0.911974
159	175	0.945763
159	178	0.883799
159	179	0.962253
160	4	1.00571
160	8	0.940736
160	13	0.963592
160	38	0.929335
160	41	1.03631
160	44	1.035
160	48	0.940392
160	53	1.09098
160	56	0.916461
160	69	1.19221
160	73	0.991562
160	75	1.11523
160	77	1.00057
160	81	1.01216
160	87	1.0311
160	91	1.04734
160	97	1.04409
160	112	0.97005
160	113	1.04053
160	117	0.915484
160	118	1.01109
160	120	1.02685
160	124	0.893547
160	127	1.03581
160	128	0.985998
160	130	1.03587
160	131	1.0494
160	132	1.05596
160	139	1.0508
160	146	0.987319
160	147	1.0263
160	152	1.04161
160	153	0.986222
160	154	0.961688
160	155	0.982937
160	156	1.01936
160	157	0.945393
160	158	1.0002
160	161	1.00481
160	162	0.980539
160	164	0.974419
160	166	0.981377
160	167	1.01479
160	168	1.0101
160	169	0.902593
160	170	1.00895
160	171	0.971798
160	172	0.941768
160	173	0.997209
160	174	0.903791
160	175	0.945845
160	177	1.07389
160	178	0.883881
160	179	0.962335
160	180	0.939023
161	5	0.970775
161	11	0.943497
161	24	0.885218
161	27	0.938174
161	34	1.15697
161	41	1.02791
161	50	0.915019
161	57	1.06935
161	61	0.960922
161	68	1.07213
161	70	1.07655
161	71	1.09972
161	79	0.987942
161	80	1.11302
161	82	1.06592
161	84	0.995034
161	93	1.04092
161	94	0.958383
161	97	1.03569
161	112	1.00909
161	113	1.03213
161	116	1.02358
161	120	1.06589
161	126	1.02279
161	130	1.07491
161	135	1.00185
161	138	0.96858
161	145	0.942513
161	146	0.978921
161	147	1.0179
161	149	1.07499
161	150	1.01264
161	151	0.95238
161	152	1.03322
161	154	0.953291
161	155	0.97454
161	156	1.01096
161	157	0.984432
161	158	0.9918
161	159	1.00473
161	160	1.00481
161	165	0.948175
161	166	0.97298
161	167	1.00639
161	168	1.00171
161	170	1.00055
161	171	0.9634
161	172	0.93337
161	173	0.988812
161	174	0.94283
161	175	0.937448
161	176	0.938079
161	177	1.06549
161	178	0.875484
161	179	0.953938
161	180	0.930625
162	5	1.00373
162	10	1.02649
162	18	0.947632
162	47	1.03773
162	49	0.946987
162	51	1.04017
162	59	0.91744
162	61	1.0133
162	64	0.999013
162	72	0.943752
162	74	1.05003
162	77	0.981318
162	81	0.98564
162	88	0.984316
162	89	0.922754
162	92	0.953023
162	94	1.00613
162	95	0.999197
162	97	0.931548
162	98	0.974753
162	99	0.970271
162	104	0.985568
162	107	0.954481
162	109	1.03241
162	113	0.978375
162	116	0.991972
162	118	0.970213
162	119	0.96747
162	121	1.00009
162	122	1.00024
162	125	1.00433
162	132	0.956878
162	135	0.970216
162	136	1.02749
162	137	1.023
162	138	1.05336
162	141	0.980891
162	146	1.05504
162	147	0.966965
162	148	0.978932
162	149	0.929951
162	150	1.00179
162	151	1.09297
162	152	0.957549
162	154	1.07798
162	155	1.02939
162	158	1.03276
162	160	0.980539
162	166	1.04146
162	167	1.0122
162	168	0.971717
162	169	1.02731
162	172	1.12651
162	173	1.02447
162	174	1.02876
162	176	1.12958
162	177	1.05464
162	178	1.2762
163	1	1.01243
163	7	0.927622
163	15	0.90499
163	17	1.04272
163	24	0.849939
163	25	1.02205
163	26	1.15766
163	27	1.06001
163	29	0.93733
163	30	0.975718
163	38	1.06825
163	43	1.0019
163	45	1.21696
163	47	0.939051
163	56	0.920221
163	57	1.03407
163	63	1.02093
163	64	0.993129
163	71	1.06444
163	73	0.995322
163	76	1.02274
163	77	0.996121
163	81	1.01592
163	83	1.07401
163	85	1.06531
163	90	1.02828
163	91	1.04289
163	96	0.999941
163	98	1.06343
163	100	0.997347
163	105	1.05818
163	106	0.938058
163	110	0.981879
163	112	1.01571
163	115	0.95817
163	116	0.988299
163	120	0.989734
163	123	0.989794
163	128	1.00037
163	130	0.976922
163	131	0.976201
163	133	1.01055
163	137	1.0114
163	147	1.02185
163	159	1.00868
163	165	0.952126
163	167	1.01034
163	168	1.00566
163	169	0.906353
163	170	1.0045
163	171	0.967352
163	172	0.937322
163	173	0.992763
163	174	1.04356
163	175	0.941399
163	178	0.879435
163	179	0.957889
163	180	0.934577
164	2	0.913877
164	3	1.00198
164	15	1.24267
164	19	0.940585
164	31	1.03896
164	35	1.01846
164	37	1.21634
164	41	0.997516
164	46	1.03539
164	60	1.04621
164	64	1.04177
164	68	1.0855
164	70	1.08992
164	75	1.07644
164	89	1.0083
164	92	1.02105
164	110	1.11757
164	114	0.992732
164	115	1.1571
164	116	1.03695
164	122	0.991861
164	126	0.992401
164	127	0.997018
164	129	1.05705
164	131	1.10181
164	132	1.10836
164	137	0.977052
164	138	0.938187
164	139	1.01201
164	142	1.02267
164	143	0.933379
164	145	0.91212
164	146	0.948529
164	150	0.982247
164	151	0.921987
164	152	1.00282
164	153	0.947431
164	154	0.922898
164	155	0.944147
164	156	0.980566
164	157	0.997799
164	158	0.961407
164	159	0.974337
164	160	0.974419
164	166	0.942587
164	167	0.975996
164	168	0.971313
164	169	0.954999
164	170	0.97016
164	171	0.933008
164	172	0.902978
164	173	0.958419
164	174	0.956197
164	175	0.907055
164	176	0.907686
164	177	1.0351
164	178	0.845091
164	179	0.923545
165	15	0.852799
165	17	1.15763
165	18	1.16379
165	23	0.929295
165	25	0.929837
165	26	1.27257
165	29	0.885139
165	34	1.2366
165	35	1.01724
165	36	0.990707
165	38	1.048
165	46	0.959583
165	51	1.00382
165	58	1.21668
165	69	0.839896
165	71	0.922809
165	72	1.12948
165	74	1.0197
165	76	0.929092
165	78	0.981052
165	82	1.14555
165	88	0.946928
165	90	1.03425
165	95	1.06667
165	96	0.964379
165	99	1.12677
165	100	0.945156
165	101	1.06625
165	105	1.00599
165	108	0.929778
165	112	0.96352
165	113	0.983895
165	115	0.905979
165	117	1.03415
165	120	0.937543
165	122	1.05812
165	125	1.09404
165	128	1.10467
165	129	1.12331
165	131	1.16807
165	133	1.05851
165	136	0.990106
165	138	0.92034
165	141	0.943504
165	144	0.984153
165	154	0.905051
165	156	0.962719
165	161	0.948175
165	163	0.952126
165	166	0.92474
165	168	0.953466
165	169	1.02126
165	171	0.915161
165	172	0.885131
165	173	0.940572
165	174	0.991368
165	175	0.889208
165	176	0.889839
165	177	1.01725
165	178	0.827244
165	179	0.905698
166	6	1.02591
166	8	0.908904
166	21	1.09085
166	24	0.907101
166	30	1.03288
166	39	1.0529
166	44	1.00317
166	61	0.982805
166	69	1.25313
166	70	1.09844
166	75	1.08339
166	85	1.00897
166	88	0.971733
166	89	1.01526
166	91	1.0155
166	93	1.0628
166	103	0.996106
166	111	1.03998
166	112	1.03097
166	113	1.0087
166	118	1.07201
166	119	1.10174
166	121	1.02816
166	123	1.04696
166	125	1.03629
166	126	0.999359
166	128	1.04692
166	129	1.06556
166	132	1.11688
166	135	0.978417
166	138	0.945145
166	139	1.01897
166	140	1.00108
166	141	1.07806
166	142	1.02963
166	143	0.940337
166	145	0.919078
166	146	0.955487
166	151	0.928945
166	153	0.954389
166	154	0.929856
166	155	0.951105
166	156	0.987524
166	158	0.968365
166	159	0.981295
166	160	0.981377
166	161	0.97298
166	162	1.04146
166	164	0.942587
166	165	0.92474
166	167	0.982954
166	168	0.978271
166	169	0.963515
166	170	0.977118
166	171	0.939966
166	172	0.909936
166	173	0.965377
166	174	0.964713
166	175	0.914013
166	176	0.914644
166	177	1.04206
166	178	0.852049
166	179	0.930503
167	3	0.981234
167	7	0.955519
167	8	0.942313
167	23	1.05596
167	24	0.877837
167	31	1.07933
167	41	1.03788
167	47	0.966949
167	54	0.939403
167	58	1.12967
167	63	0.998233
167	66	0.988962
167	68	1.06475
167	70	1.06917
167	77	1.00214
167	79	0.980561
167	85	0.979703
167	89	1.04867
167	92	1.06142
167	97	1.04566
167	100	1.03183
167	102	0.896221
167	108	1.07425
167	113	1.04211
167	116	1.0162
167	120	1.05851
167	122	0.971113
167	125	1.00703
167	126	1.03277
167	134	0.968434
167	136	0.954281
167	138	0.978554
167	139	1.05238
167	140	1.03449
167	141	1.0488
167	142	1.06303
167	144	1.04237
167	145	0.952487
167	146	0.988896
167	147	1.02788
167	148	0.999758
167	151	0.962354
167	152	1.04319
167	154	0.963265
167	155	0.984514
167	157	0.977051
167	158	1.00177
167	160	1.01479
167	161	1.00639
167	162	1.0122
167	163	1.01034
167	164	0.975996
167	166	0.982954
167	168	1.01168
167	169	0.93425
167	170	1.01053
167	171	0.973375
167	172	0.943344
167	173	0.998786
167	174	0.935449
167	175	0.947422
167	176	0.948053
167	178	0.885458
167	179	0.963912
167	180	0.940599
168	1	0.999852
168	6	0.956162
168	9	1.01465
168	21	1.02111
168	27	0.890314
168	40	0.967802
168	43	1.04588
168	44	1.0319
168	58	1.0892
168	62	1.1395
168	69	1.18339
168	71	1.05186
168	75	1.11212
168	80	1.06516
168	89	1.04399
168	91	1.04423
168	92	1.05673
168	95	0.939179
168	96	0.98736
168	97	1.04098
168	98	1.05085
168	101	0.93876
168	107	1.02641
168	109	0.935847
168	113	1.03743
168	115	1.09587
168	117	0.906663
168	122	0.930634
168	123	0.977212
168	126	1.02808
168	133	0.931025
168	134	0.963751
168	135	1.00714
168	138	0.973871
168	139	1.04769
168	142	1.05835
168	144	1.03768
168	145	0.947804
168	146	0.984213
168	147	1.02319
168	150	1.01793
168	151	0.957671
168	152	1.03851
168	154	0.958582
168	155	0.979831
168	156	1.01625
168	159	1.01002
168	160	1.0101
168	161	1.00171
168	162	0.971717
168	163	1.00566
168	164	0.971313
168	165	0.953466
168	166	0.978271
168	167	1.01168
168	169	0.893771
168	170	1.00584
168	171	0.968692
168	172	0.938661
168	173	0.994103
168	174	0.894969
168	175	0.942739
168	178	0.880775
168	179	0.959229
168	180	0.935916
169	6	1.04436
169	8	1.12839
169	18	1.00024
169	20	1.00867
169	21	0.994431
169	24	1.16326
169	33	0.97221
169	37	0.963287
169	40	1.04774
169	41	0.897255
169	45	0.919516
169	50	1.08286
169	55	0.992378
169	60	1.06699
169	64	1.05162
169	68	1.01275
169	73	1.01929
169	79	1.07228
169	80	1.01823
169	98	1.02736
169	102	1.14376
169	103	1.07235
169	104	1.03817
169	106	1.0686
169	113	0.900429
169	114	1.03976
169	116	1.04457
169	117	1.07784
169	121	1.05269
169	123	1.05436
169	125	1.05694
169	129	1.02871
169	134	1.02416
169	136	1.0801
169	137	1.0492
169	139	0.848311
169	140	0.917993
169	141	1.03349
169	142	0.845485
169	144	0.88657
169	146	0.977096
169	148	1.03154
169	149	1.11675
169	151	1.01502
169	155	0.951442
169	156	0.891352
169	157	1.05968
169	158	0.954817
169	160	0.902593
169	162	1.02731
169	163	0.906353
169	164	0.954999
169	165	1.02126
169	166	0.963515
169	167	0.93425
169	168	0.893771
169	170	0.908204
169	172	1.04857
169	173	0.94652
169	174	1.08136
169	175	1.03069
169	176	0.97983
169	177	0.799558
169	178	1.19826
169	179	1.00043
169	180	1.03951
170	10	1.00328
170	11	0.91007
170	12	0.96788
170	17	1.04458
170	28	0.955767
170	31	1.07349
170	36	0.942483
170	37	1.16954
170	38	0.934947
170	49	1.10947
170	50	0.881592
170	52	1.04886
170	57	1.03592
170	63	0.972187
170	75	1.11097
170	80	1.07959
170	82	1.03249
170	87	1.03671
170	91	1.04308
170	95	0.953612
170	97	1.03983
170	98	1.06528
170	100	1.00578
170	104	1.00226
170	105	0.928203
170	108	1.04821
170	113	1.03627
170	126	1.02693
170	127	1.03155
170	128	0.99161
170	129	1.01025
170	132	1.06157
170	133	0.945458
170	134	0.962598
170	135	1.00599
170	138	0.972718
170	139	1.04654
170	140	1.02866
170	142	1.0572
170	143	0.967909
170	144	1.03653
170	145	0.946651
170	146	0.983059
170	147	1.02204
170	148	0.993921
170	151	0.956518
170	152	1.03735
170	153	0.981962
170	154	0.957429
170	155	0.978678
170	156	1.0151
170	158	0.995938
170	159	1.00887
170	160	1.00895
170	161	1.00055
170	163	1.0045
170	164	0.97016
170	166	0.977118
170	167	1.01053
170	168	1.00584
170	169	0.908204
170	171	0.967538
170	172	0.937508
170	173	0.99295
170	174	0.909403
170	175	0.941586
170	177	1.06963
170	178	0.879622
170	179	0.958076
170	180	0.934763
171	6	1.02633
171	10	1.05902
171	12	1.02362
171	18	1.10647
171	27	0.960482
171	29	1.2202
171	30	1.03331
171	33	1.18813
171	38	0.990682
171	39	1.05333
171	41	0.994894
171	44	0.993591
171	55	1.16512
171	56	0.977808
171	62	1.20966
171	70	1.09886
171	75	1.07381
171	79	1.01025
171	83	1.1316
171	84	0.962019
171	89	1.00568
171	91	1.00592
171	92	1.01843
171	93	1.06323
171	94	0.980692
171	97	1.00268
171	99	1.06945
171	106	0.995646
171	109	1.00602
171	110	1.12651
171	113	0.999121
171	115	1.16604
171	117	0.976831
171	123	1.04738
171	124	0.852135
171	126	0.989779
171	127	0.994396
171	128	1.04735
171	129	1.06599
171	134	0.925446
171	135	0.968838
171	137	0.97443
171	139	1.00939
171	142	1.02005
171	143	0.930757
171	145	0.909499
171	146	0.945907
171	147	0.984887
171	151	0.919366
171	152	1.0002
171	153	0.94481
171	154	0.920277
171	155	0.941525
171	158	0.958786
171	159	0.971715
171	160	0.971798
171	161	0.9634
171	163	0.967352
171	164	0.933008
171	165	0.915161
171	166	0.939966
171	167	0.973375
171	168	0.968692
171	170	0.967538
171	172	0.900356
171	173	0.955798
171	175	0.904434
171	176	0.905065
171	177	1.03248
171	178	0.84247
171	179	0.920924
171	180	0.897611
172	8	0.869294
172	24	0.992152
172	34	1.2639
172	41	0.964864
172	48	1.08636
172	65	1.10261
172	66	1.10328
172	67	1.2669
172	69	1.33818
172	78	1.0948
172	84	0.931989
172	87	1.17708
172	88	0.932123
172	89	0.975652
172	90	1.06156
172	91	0.975894
172	92	0.988399
172	100	1.14614
172	101	1.09355
172	103	1.08116
172	105	1.06856
172	106	1.08027
172	109	1.09064
172	111	1.00037
172	114	1.0863
172	126	0.959749
172	127	0.964366
172	128	1.13197
172	129	1.15062
172	133	1.08582
172	134	0.895416
172	135	0.938808
172	136	1.0686
172	137	0.9444
172	138	0.905535
172	139	0.979359
172	140	0.961473
172	141	1.16311
172	142	0.990016
172	144	0.969348
172	145	0.879469
172	146	0.915877
172	147	0.954856
172	149	1.01195
172	152	0.970171
172	153	0.91478
172	154	0.890246
172	156	0.947914
172	157	1.09137
172	158	0.928756
172	159	0.941685
172	160	0.941768
172	161	0.93337
172	162	1.12651
172	163	0.937322
172	164	0.902978
172	165	0.885131
172	166	0.909936
172	167	0.943344
172	168	0.938661
172	169	1.04857
172	170	0.937508
172	171	0.900356
172	173	0.925767
172	175	0.874404
172	176	0.875034
172	177	1.00245
172	178	0.812439
172	179	0.890894
172	180	0.867581
173	4	1.04964
173	21	1.07385
173	31	1.06175
173	36	0.980799
173	48	0.98432
173	59	1.14787
173	60	1.03773
173	61	0.96581
173	63	1.0105
173	67	1.16485
173	76	1.06291
173	84	0.987431
173	88	0.987565
173	94	0.963272
173	97	1.02809
173	98	1.1036
173	101	0.991509
173	102	0.908491
173	103	0.979111
173	104	1.04058
173	106	0.978225
173	107	1.07916
173	108	1.08652
173	109	0.988595
173	113	1.02453
173	115	1.14862
173	120	1.07078
173	121	1.01116
173	124	0.877546
173	125	1.0193
173	126	1.01519
173	127	1.01981
173	134	0.950857
173	135	0.994249
173	137	0.999841
173	138	0.960977
173	139	1.0348
173	140	1.01691
173	142	1.04546
173	144	1.02479
173	145	0.93491
173	146	0.971319
173	147	1.0103
173	150	1.00504
173	151	0.944777
173	152	1.02561
173	154	0.945688
173	155	0.966937
173	156	1.00336
173	157	0.98932
173	158	0.984197
173	159	0.997127
173	160	0.997209
173	161	0.988812
173	162	1.02447
173	163	0.992763
173	164	0.958419
173	165	0.940572
173	166	0.965377
173	167	0.998786
173	168	0.994103
173	169	0.94652
173	170	0.99295
173	171	0.955798
173	172	0.925767
173	174	0.947718
173	175	0.929845
173	176	0.930476
173	177	1.05789
173	178	0.867881
173	179	0.946335
173	180	0.923022
174	5	1.05777
174	6	1.0458
174	7	1.04848
174	12	1.04452
174	15	0.944232
174	19	1.1416
174	20	1.01011
174	26	0.9596
174	31	0.819486
174	47	1.09178
174	48	1.09998
174	51	1.09422
174	55	0.993819
174	59	0.971485
174	63	1.06017
174	72	0.997796
174	74	1.10407
174	75	0.812424
174	77	1.03536
174	80	1.01967
174	87	1.36028
174	88	1.03836
174	89	0.846006
174	92	0.876275
174	97	0.8548
174	100	1.03659
174	102	1.1452
174	105	1.09743
174	106	1.07004
174	108	1.02121
174	111	0.82886
174	112	1.05495
174	113	0.901627
174	114	1.0412
174	115	0.997411
174	117	1.07928
174	120	1.02898
174	123	1.0558
174	124	1.22328
174	129	1.03016
174	136	1.08154
174	137	0.94625
174	138	0.976613
174	139	0.849509
174	140	0.919191
174	141	1.03494
174	144	1.07559
174	145	1.0353
174	146	0.978294
174	147	0.890217
174	148	1.03298
174	149	0.853203
174	150	1.05583
174	152	0.880801
174	153	0.950323
174	154	1.00123
174	155	0.952641
174	156	0.89255
174	157	1.06112
174	159	0.911974
174	160	0.903791
174	161	0.94283
174	162	1.02876
174	163	1.04356
174	164	0.956197
174	165	0.991368
174	166	0.964713
174	167	0.935449
174	168	0.894969
174	169	1.08136
174	170	0.909403
174	173	0.947718
174	175	1.03189
174	176	0.981272
174	177	1.10869
175	3	1.07767
175	5	1.05983
175	16	1.19059
175	18	1.17322
175	33	1.25488
175	39	1.12008
175	42	1.09813
175	44	0.967638
175	46	1.11108
175	47	1.06339
175	50	1.00408
175	62	1.27641
175	70	1.16561
175	71	1.18877
175	72	1.1389
175	74	1.02913
175	75	1.04786
175	84	0.936067
175	88	0.936201
175	89	0.97973
175	91	0.979972
175	92	0.992477
175	95	1.0761
175	96	1.12428
175	97	0.976724
175	102	0.99266
175	105	1.05069
175	106	1.06239
175	112	1.09815
175	113	0.973168
175	115	1.23279
175	118	1.13918
175	124	0.826182
175	126	0.963827
175	127	0.968444
175	130	1.16396
175	131	1.1775
175	133	1.06794
175	134	0.899493
175	137	0.948478
175	138	0.909613
175	139	0.983437
175	140	0.965551
175	142	0.994094
175	143	0.904805
175	145	0.883546
175	146	0.919955
175	147	0.958934
175	148	0.930817
175	149	1.01603
175	150	0.953673
175	151	0.893413
175	152	0.974249
175	153	0.918857
175	154	0.894324
175	155	0.915573
175	156	0.951992
175	158	0.932833
175	159	0.945763
175	160	0.945845
175	161	0.937448
175	163	0.941399
175	164	0.907055
175	165	0.889208
175	166	0.914013
175	167	0.947422
175	168	0.942739
175	169	1.03069
175	170	0.941586
175	171	0.904434
175	172	0.874404
175	173	0.929845
175	174	1.03189
175	176	0.879112
175	177	1.00653
175	178	0.816517
175	179	0.894971
175	180	0.871659
176	1	0.967475
176	2	1.01052
176	3	1.09862
176	7	0.946951
176	12	0.942989
176	13	1.11264
176	14	1.07992
176	20	0.908578
176	23	1.17334
176	26	0.858072
176	38	1.00597
176	42	1.11908
176	46	1.13203
176	48	0.998451
176	50	1.02503
176	52	1.1923
176	53	0.918808
176	56	1.06551
176	58	0.913973
176	65	1.10568
176	66	0.97047
176	67	0.879292
176	70	0.930319
176	73	1.14061
176	74	1.05007
176	76	1.16803
176	80	0.918138
176	82	0.945816
176	85	1.00303
176	90	0.965993
176	93	1.15092
176	94	1.06839
176	99	1.15715
176	100	1.14921
176	101	0.972586
176	102	1.04367
176	103	1.08423
176	105	1.07164
176	106	0.968515
176	107	1.18427
176	110	0.919591
176	112	1.1191
176	114	0.939673
176	116	1.13358
176	117	0.977753
176	121	1.11628
176	123	0.954272
176	125	1.12441
176	126	0.964458
176	128	0.938086
176	129	0.928627
176	130	0.914634
176	131	0.913914
176	133	0.948261
176	136	1.07167
176	140	0.966182
176	141	1.16618
176	146	0.920586
176	151	0.894044
176	152	0.97488
176	156	0.952623
176	157	0.959589
176	158	0.933464
176	161	0.938079
176	162	1.12958
176	164	0.907686
176	165	0.889839
176	166	0.914644
176	167	0.948053
176	169	0.97983
176	171	0.905065
176	172	0.875034
176	173	0.930476
176	174	0.981272
176	175	0.879112
176	178	0.817148
176	179	0.895602
176	180	0.872289
177	1	0.905639
177	5	1.08366
177	9	0.920438
177	10	0.894633
177	11	1.17555
177	14	0.827842
177	16	0.959464
177	18	0.942087
177	19	1.16749
177	20	0.975319
177	22	1.06715
177	23	1.04661
177	25	1.04716
177	33	1.02375
177	35	1.13456
177	36	1.10802
177	43	0.951669
177	45	1.11017
177	47	1.11767
177	49	1.00083
177	51	1.12011
177	58	0.994982
177	59	0.99737
177	62	1.04528
177	66	0.85427
177	69	0.957214
177	70	0.93448
177	71	1.04013
177	72	1.02368
177	74	1.12996
177	76	1.04641
177	77	1.06125
177	78	1.09837
177	80	0.970943
177	81	0.909121
177	83	0.96722
177	84	1.06411
177	85	0.845011
177	88	1.06425
177	90	0.812548
177	93	0.898845
177	96	1.0817
177	98	0.956638
177	103	0.832149
177	104	0.893617
177	109	0.841633
177	110	0.962128
177	120	0.923818
177	121	0.864199
177	124	0.954228
177	125	0.872335
177	132	0.952922
177	134	1.02754
177	136	1.10742
177	139	1.11148
177	141	0.914104
177	150	1.08172
177	153	1.0469
177	155	1.04362
177	156	1.08004
177	157	0.842359
177	160	1.07389
177	161	1.06549
177	162	1.05464
177	164	1.0351
177	165	1.01725
177	166	1.04206
177	169	0.799558
177	170	1.06963
177	171	1.03248
177	172	1.00245
177	173	1.05789
177	174	1.10869
177	175	1.00653
177	178	0.944562
177	180	0.999704
178	2	1.15714
178	8	0.811407
178	14	1.22654
178	22	0.877145
178	27	1.1948
178	31	0.948421
178	32	1.31561
178	36	1.23254
178	41	0.906977
178	44	0.905674
178	51	1.18081
178	52	1.33892
178	54	1.20341
178	57	1.32598
178	61	1.21755
178	67	1.41659
178	73	1.28723
178	75	0.985897
178	77	0.871238
178	84	0.874103
178	86	1.31328
178	89	0.917766
178	90	1.21125
178	91	0.918007
178	92	0.930512
178	95	1.24367
178	97	0.91476
178	100	1.29583
178	103	1.23085
178	104	1.29232
178	108	1.33826
178	111	0.942488
178	113	0.911204
178	114	1.23599
178	124	0.764218
178	126	0.901862
178	127	0.906479
178	128	1.28166
178	130	1.33153
178	133	1.23551
178	134	0.837529
178	135	0.880921
178	136	1.21829
178	137	0.886513
178	138	0.847649
178	139	0.921473
178	140	0.903587
178	142	0.93213
178	143	0.842841
178	144	0.911462
178	145	0.821582
178	146	0.85799
178	147	0.89697
178	148	0.868853
178	149	0.954063
178	150	0.891708
178	152	0.912285
178	153	0.856893
178	154	0.83236
178	155	0.853609
178	156	0.890028
178	158	0.870869
178	159	0.883799
178	160	0.883881
178	161	0.875484
178	162	1.2762
178	163	0.879435
178	164	0.845091
178	165	0.827244
178	166	0.852049
178	167	0.885458
178	168	0.880775
178	169	1.19826
178	170	0.879622
178	171	0.84247
178	172	0.812439
178	173	0.867881
178	175	0.816517
178	176	0.817148
178	177	0.944562
178	179	0.833007
178	180	0.809694
179	2	0.959311
179	5	1.02958
179	8	0.889862
179	9	1.12131
179	11	1.0023
179	20	1.17619
179	21	1.12777
179	22	0.9556
179	25	1.11613
179	29	1.25669
179	31	1.02688
179	32	1.11778
179	41	0.985432
179	44	0.984128
179	61	1.01972
179	63	1.06441
179	64	1.08721
179	65	1.05448
179	68	1.13093
179	73	1.0894
179	75	1.06435
179	77	0.949693
179	78	1.04667
179	79	1.04674
179	81	1.11
179	84	0.952557
179	89	0.99622
179	91	0.996462
179	92	1.00897
179	96	1.09402
179	97	0.993214
179	99	1.10595
179	101	1.04542
179	104	1.09449
179	109	1.04251
179	111	1.02094
179	113	0.989658
179	114	1.03816
179	116	1.08238
179	118	1.10892
179	120	1.12469
179	122	1.03729
179	124	0.842673
179	125	1.07321
179	126	0.980317
179	127	0.984934
179	133	1.03769
179	134	0.915983
179	135	0.959375
179	137	0.964968
179	138	0.926103
179	139	0.999927
179	140	0.982041
179	141	1.11498
179	142	1.01058
179	143	0.921295
179	144	0.989916
179	145	0.900037
179	146	0.936445
179	147	0.975424
179	148	0.947307
179	149	1.03252
179	150	0.970163
179	151	0.909903
179	152	0.990739
179	153	0.935347
179	154	0.910814
179	155	0.932063
179	156	0.968482
179	157	1.04323
179	158	0.949323
179	159	0.962253
179	160	0.962335
179	161	0.953938
179	163	0.957889
179	164	0.923545
179	165	0.905698
179	166	0.930503
179	167	0.963912
179	168	0.959229
179	169	1.00043
179	170	0.958076
179	171	0.920924
179	172	0.890894
179	173	0.946335
179	175	0.894971
179	176	0.895602
179	178	0.833007
179	180	0.888149
180	1	1.14559
180	2	0.99839
180	3	0.987229
180	5	1.06866
180	9	0.988959
180	15	1.32718
180	19	1.0251
180	20	1.21527
180	25	1.15521
180	27	0.990273
180	30	0.976162
180	32	0.920324
180	38	0.998512
180	39	0.947095
180	40	1.11354
180	42	0.944866
180	51	1.02207
180	53	0.911354
180	54	1.0164
180	58	0.906519
180	60	1.13072
180	61	1.0588
180	62	0.848636
180	63	1.10349
180	65	1.09356
180	66	0.963016
180	67	0.871839
180	68	1.17001
180	69	1.32913
180	70	0.922865
180	72	1.14773
180	76	1.1559
180	78	1.08575
180	79	1.08582
180	81	1.14907
180	82	0.938363
180	83	0.903197
180	85	0.995572
180	86	0.906986
180	87	0.906031
180	90	0.958539
180	93	0.951521
180	95	1.08492
180	99	1.14503
180	101	0.965133
180	103	1.0721
180	107	1.17215
180	109	1.08159
180	110	0.912138
180	111	0.99763
180	113	0.966345
180	117	1.0524
180	118	1.148
180	122	1.07637
180	124	0.81936
180	126	0.957004
180	128	0.930633
180	130	0.907181
180	131	0.90646
180	132	1.19288
180	133	0.940808
180	137	0.941655
180	139	0.976614
180	140	0.958728
180	141	1.15406
180	143	0.897982
180	146	0.913132
180	147	0.952112
180	152	0.967426
180	153	0.912035
180	157	0.952135
180	158	0.926011
180	160	0.939023
180	161	0.930625
180	163	0.934577
180	167	0.940599
180	168	0.935916
180	169	1.03951
180	170	0.934763
180	171	0.897611
180	172	0.867581
180	173	0.923022
180	175	0.871659
180	176	0.872289
180	177	0.999704
180	178	0.809694
180	179	0.888149
