1	47	1.10974
1	52	1.18974
1	75	1.17038
1	82	0.551389
1	85	0.553286
1	116	0.717772
1	136	1.23857
1	140	0.571935
1	173	1.22932
1	177	1.23721
1	179	1.21184
1	180	1.21321
2	24	1.05484
2	69	0.871139
2	83	0.756319
2	107	0.779037
2	134	1.07698
2	140	1.06511
2	141	1.06445
2	148	1.04942
2	151	1.09349
2	157	1.08193
2	158	1.04466
2	161	1.06913
3	105	1.18835
3	133	0.638605
3	140	1.20184
3	146	0.599424
3	147	1.18754
3	148	1.18615
3	151	1.23022
3	152	0.555602
3	157	1.21865
3	158	1.18139
3	161	1.20585
3	174	0.610162
4	88	0.815393
4	128	1.04908
4	133	1.07423
4	135	1.08319
4	136	1.07763
4	159	1.08933
4	163	1.03375
4	165	1.04843
4	171	1.07599
4	173	1.06837
4	176	0.79509
4	177	0.795026
5	75	1.16158
5	128	1.20123
5	143	0.606536
5	151	0.590298
5	156	0.590958
5	163	1.18589
5	164	0.616514
5	165	1.20057
5	166	1.20031
5	170	1.20177
5	171	1.22814
5	173	1.22051
6	56	0.745185
6	124	0.85262
6	129	1.08601
6	135	0.796851
6	164	1.05428
6	169	1.07057
6	174	1.05953
6	176	1.08435
6	177	1.07442
6	178	1.07137
6	179	1.04905
6	180	1.05042
7	46	0.556569
7	47	0.706749
7	56	0.51271
7	65	0.615762
7	151	1.22658
7	161	1.20221
7	163	1.17269
7	165	1.18736
7	171	1.21493
7	177	1.2152
7	179	1.18983
7	180	1.1912
8	13	0.646136
8	37	1.18814
8	57	0.618918
8	60	0.486397
8	62	1.18571
8	87	1.27449
8	89	1.17141
8	101	1.22158
8	102	0.65851
8	116	1.16068
8	121	1.20902
8	162	1.18898
9	41	0.464932
9	54	1.28237
9	73	1.42556
9	77	1.39589
9	78	1.30885
9	89	0.597752
9	94	1.4026
9	156	1.37864
9	168	1.40609
9	172	0.463439
9	178	0.425592
9	180	0.457326
10	61	1.19332
10	123	0.563279
10	126	1.20295
10	132	1.20116
10	133	1.21016
10	151	0.61722
10	154	0.629748
10	159	1.22526
10	163	1.16968
10	169	0.593866
10	170	1.18555
10	171	1.21192
11	34	0.445154
11	62	0.60728
11	97	0.658899
11	115	1.15514
11	116	0.680125
11	133	1.21987
11	142	1.19273
11	158	1.18445
11	161	1.20892
11	175	1.22214
11	178	1.21885
11	180	1.1979
12	61	0.676655
12	111	0.625966
12	122	1.13597
12	164	1.15337
12	165	0.649738
12	167	1.14049
12	169	1.16966
12	171	0.641417
12	174	1.15863
12	175	1.17375
12	178	1.17047
12	179	1.14814
12	180	1.14951
13	8	0.646136
13	30	0.713052
13	77	0.610046
13	87	0.623766
13	147	1.14981
13	157	1.18092
13	158	1.14365
13	160	1.17281
13	163	1.13859
13	165	1.15327
13	167	1.14809
13	179	1.15574
13	180	1.15711
14	18	0.650398
14	134	0.624898
14	146	1.14421
14	159	0.621597
14	163	0.695707
14	169	1.16285
14	172	1.1598
14	174	1.15182
14	175	1.16694
14	177	1.1667
14	178	1.16365
14	179	1.14133
14	180	1.1427
15	105	1.13906
15	134	1.16442
15	140	1.15255
15	147	1.13825
15	151	1.18093
15	153	0.620589
15	157	1.16936
15	158	1.13209
15	161	1.15656
15	167	0.654212
15	168	1.16677
15	171	0.668371
15	180	0.661575
16	18	1.17114
16	103	1.16531
16	108	1.12009
16	149	0.677993
16	153	0.614192
16	154	0.642881
16	159	1.18677
16	162	0.672407
16	163	1.13118
16	165	1.14586
16	170	1.14706
16	172	1.16679
16	173	1.1658
17	122	0.661115
17	128	1.15042
17	142	1.14843
17	145	1.16882
17	146	0.634494
17	161	0.676236
17	163	1.13508
17	165	1.14976
17	166	1.1495
17	170	1.15096
17	171	1.17732
17	173	1.1697
17	178	0.631628
18	14	0.650398
18	16	1.17114
18	124	1.12076
18	138	1.14265
18	144	0.665542
18	145	1.1619
18	159	1.18375
18	166	1.14258
18	170	1.14404
18	171	1.1704
18	173	1.16278
18	174	0.651504
18	178	0.6379
19	56	1.18849
19	63	1.15662
19	70	1.12261
19	81	1.16199
19	90	1.11745
19	91	1.1952
19	93	1.19359
19	97	1.09465
19	100	0.654702
19	131	0.648701
19	153	1.16941
19	156	0.660237
19	160	0.643709
20	72	1.09633
20	76	1.06978
20	133	1.04172
20	136	1.04511
20	139	0.850047
20	143	0.873554
20	145	1.03497
20	163	1.00123
20	165	1.01591
20	166	1.01564
20	171	1.04347
20	173	1.03585
20	180	0.882142
21	47	1.05316
21	52	1.13316
21	109	0.645061
21	116	0.746481
21	126	0.578132
21	128	0.622505
21	141	1.16297
21	151	1.19202
21	152	1.19826
21	161	1.16765
21	175	1.18088
21	179	1.15527
21	180	1.15664
22	76	0.614897
22	92	0.744948
22	111	0.605274
22	137	1.14383
22	161	0.626802
22	164	1.14881
22	167	1.13593
22	175	1.16919
22	176	1.17888
22	177	1.16894
22	178	1.1659
22	179	1.14358
22	180	1.14495
23	29	1.2075
23	31	1.40518
23	34	1.27185
23	47	1.09507
23	48	1.40518
23	52	1.17507
23	106	0.56802
23	114	0.501111
23	152	1.24017
23	166	0.590168
23	172	0.544847
24	2	1.05484
24	118	1.12341
24	125	1.09271
24	134	1.14083
24	139	0.702242
24	140	1.12896
24	147	1.11466
24	151	1.15734
24	152	0.661646
24	157	1.14577
24	158	1.1085
24	161	1.13297
24	172	0.740449
24	178	0.702602
25	63	1.11871
25	65	1.11579
25	81	1.12409
25	82	1.12442
25	90	1.07954
25	91	1.15729
25	93	1.15568
25	97	1.05675
25	153	1.1315
25	156	0.691598
25	165	0.730881
25	168	1.13621
25	175	0.673003
25	179	0.708333
26	55	1.05419
26	87	1.19483
26	92	1.08821
26	101	1.14192
26	116	1.08102
26	121	1.12936
26	127	0.677198
26	137	0.720223
26	143	1.12019
26	149	0.736554
26	153	1.14019
26	160	0.673046
26	162	1.10932
26	172	1.14078
27	47	1.02412
27	52	1.10412
27	78	1.05157
27	88	0.679851
27	94	1.14532
27	98	0.683394
27	128	1.12442
27	145	1.14282
27	149	0.733622
27	152	1.16922
27	159	1.16467
27	168	1.14881
27	170	1.12495
27	180	0.710807
28	85	1.13232
28	86	0.74346
28	125	1.0853
28	134	1.13342
28	141	1.12088
28	146	0.695335
28	147	1.10725
28	148	1.10586
28	151	1.14993
28	152	0.651513
28	157	1.13836
28	158	1.1011
28	161	1.12556
28	167	0.71684
29	23	1.2075
29	31	1.34083
29	34	1.2075
29	47	1.03071
29	48	1.34083
29	52	1.11071
29	80	1.1861
29	99	0.543634
29	113	0.678237
29	144	0.586185
29	152	1.17582
29	172	0.59639
30	13	0.713052
30	44	1.22082
30	50	1.22082
30	54	0.999273
30	73	1.14247
30	77	1.11279
30	78	1.02575
30	94	1.1195
30	110	1.14003
30	120	0.723886
30	127	0.691629
30	156	1.09554
30	168	1.12299
30	177	0.676847
31	23	1.40518
31	29	1.34083
31	34	1.40518
31	40	0.566833
31	41	0.449077
31	47	1.2284
31	48	1.53851
31	52	1.3084
31	69	0.511951
31	152	1.3735
31	172	0.447584
31	179	0.434041
32	58	1.11364
32	71	1.18093
32	98	0.705554
32	99	0.686324
32	135	1.13693
32	142	1.10082
32	143	0.724379
32	153	0.691981
32	159	1.14307
32	163	1.08748
32	165	1.10216
32	166	1.10189
32	170	1.10335
32	171	1.12972
33	90	1.08852
33	92	1.08851
33	97	1.06573
33	105	0.712379
33	116	1.08131
33	129	1.15956
33	142	0.72419
33	157	0.66181
33	161	0.69495
33	168	1.14519
33	172	1.14107
33	175	1.14822
33	176	1.15791
33	180	1.12398
34	11	0.445154
34	23	1.27185
34	29	1.2075
34	31	1.40518
34	47	1.09507
34	48	1.40518
34	52	1.17507
34	102	0.606575
34	107	0.587697
34	152	1.24017
34	175	0.566558
35	84	0.684807
35	108	0.703356
35	123	1.15012
35	125	0.720593
35	144	1.12855
35	146	1.10609
35	155	1.12125
35	164	1.10844
35	166	0.683107
35	174	1.1137
35	176	1.13852
35	178	1.12553
35	179	1.10321
35	180	1.10458
36	79	0.655045
36	106	1.10797
36	113	0.751434
36	129	1.14405
36	136	0.669953
36	150	1.08497
36	163	0.718064
36	172	1.12557
36	174	1.11758
36	176	1.1424
36	177	1.13247
36	178	1.12942
36	179	1.1071
36	180	1.10847
37	8	1.18814
37	46	1.19556
37	55	1.04054
37	79	1.15618
37	92	1.07456
37	101	1.12827
37	116	1.06737
37	121	1.11571
37	127	0.673352
37	143	1.10654
37	154	0.697595
37	167	0.702529
37	172	1.12713
37	173	0.730095
38	45	0.651464
38	92	0.609794
38	116	0.662711
38	119	0.572689
38	135	0.49285
38	139	1.20458
38	149	1.17354
38	154	1.20898
38	156	1.18412
38	174	1.19947
38	176	1.22429
38	177	1.21436
38	178	1.21131
38	179	1.18899
38	180	1.19036
39	68	1.20013
39	76	0.622231
39	110	0.573458
39	118	1.19929
39	125	1.16859
39	141	1.20417
39	147	1.19054
39	148	1.18915
39	151	1.23322
39	157	1.22165
39	158	1.18439
39	161	1.20885
39	164	0.622653
39	167	0.6139
39	169	0.573084
40	31	0.566833
40	106	1.0799
40	137	1.07928
40	139	1.09462
40	145	0.787373
40	163	0.840304
40	164	1.08426
40	165	0.800832
40	167	1.07138
40	169	1.10055
40	174	1.08952
40	176	1.11433
40	177	1.1044
40	178	1.10135
40	180	1.0804
41	9	0.464932
41	31	0.449077
41	65	0.733422
41	82	0.685514
41	94	0.662424
41	148	1.18897
41	157	1.22147
41	158	1.1842
41	165	1.19382
41	166	1.19355
41	167	1.18864
41	173	1.21376
41	177	1.22165
41	179	1.19629
41	180	1.19766
42	45	1.14552
42	61	1.20023
42	84	1.20566
42	103	1.21071
42	128	1.19193
42	137	0.593707
42	141	0.60978
42	144	0.58313
42	150	0.644361
42	154	0.574926
42	159	1.23218
42	165	1.19127
42	170	1.19246
42	171	1.21883
42	173	1.21121
43	78	0.704725
43	102	0.562378
43	103	0.590607
43	118	1.19401
43	134	1.21143
43	140	1.19956
43	141	1.19889
43	147	1.18526
43	148	1.18387
43	151	1.22794
43	157	1.21637
43	158	1.1791
43	161	1.20357
43	171	0.571917
43	172	0.571234
44	30	1.22082
44	50	1.36333
44	54	1.14178
44	73	1.28497
44	77	1.2553
44	78	1.16825
44	94	1.26201
44	131	0.515128
44	150	0.607967
44	156	1.23805
44	162	0.568059
44	167	0.543466
44	168	1.2655
44	173	0.571032
45	38	0.651464
45	42	1.14552
45	58	1.0833
45	61	1.08078
45	109	1.05982
45	126	1.09041
45	133	1.09762
45	135	1.10658
45	165	1.07182
45	170	1.07301
45	171	1.09938
45	173	1.09176
45	175	0.790283
45	176	0.781785
45	177	0.781721
46	7	0.556569
46	37	1.19556
46	55	1.14127
46	62	1.19314
46	79	1.25692
46	92	1.1753
46	101	1.22901
46	116	1.1681
46	121	1.21644
46	129	0.615297
46	152	0.593932
46	160	0.625929
46	162	1.1964
46	172	1.22786
46	177	0.615299
47	1	1.10974
47	7	0.706749
47	21	1.05316
47	23	1.09507
47	27	1.02412
47	29	1.03071
47	31	1.2284
47	34	1.09507
47	48	1.2284
47	52	0.998284
47	60	0.641945
47	80	1.07367
47	152	1.06339
47	162	0.834032
47	172	0.822915
48	23	1.40518
48	29	1.34083
48	31	1.53851
48	34	1.40518
48	47	1.2284
48	52	1.3084
48	89	0.620496
48	139	0.447975
48	152	1.3735
48	160	0.439377
48	176	0.428811
48	179	0.472639
49	72	0.69813
49	114	1.10089
49	118	0.792571
49	129	1.10985
49	134	0.752488
49	144	1.09824
49	150	1.05077
49	154	1.09289
49	159	0.749187
49	175	1.09851
49	176	1.1082
49	177	1.09826
49	178	1.09522
49	179	1.0729
49	180	1.07427
50	30	1.22082
50	44	1.36333
50	54	1.14178
50	73	1.28497
50	77	1.2553
50	78	1.16825
50	94	1.26201
50	131	0.549313
50	153	0.544029
50	156	1.23805
50	160	0.544321
50	164	0.586405
50	168	1.2655
50	180	0.585015
51	103	1.09518
51	117	1.09476
51	135	1.1105
51	143	0.765513
51	145	1.09479
51	155	0.725167
51	156	0.749935
51	159	1.11664
51	163	1.06105
51	165	1.07573
51	166	1.07547
51	167	0.766737
51	170	1.07693
51	171	1.10329
51	173	1.09567
52	1	1.18974
52	21	1.13316
52	23	1.17507
52	27	1.10412
52	29	1.11071
52	31	1.3084
52	34	1.17507
52	47	0.998284
52	48	1.3084
52	66	0.660424
52	80	1.15367
52	119	0.706878
52	152	1.14339
52	162	0.630193
52	174	0.594834
52	180	0.612964
53	71	0.72461
53	126	0.836866
53	130	1.08697
53	149	1.04072
53	150	1.03404
53	151	0.796453
53	154	1.07616
53	165	0.836396
53	167	1.04852
53	174	1.06665
53	175	1.08177
53	176	1.09147
53	177	1.08153
53	178	1.07849
53	179	1.05616
53	180	1.05753
54	9	1.28237
54	30	0.999273
54	44	1.14178
54	50	1.14178
54	57	1.03611
54	73	1.06342
54	77	1.03375
54	78	0.946705
54	94	1.04046
54	96	1.05392
54	127	0.807603
54	153	0.803158
54	156	1.0165
54	160	0.803451
54	168	1.04395
54	176	0.792885
55	26	1.05419
55	37	1.04054
55	46	1.14127
55	79	1.10189
55	87	1.12689
55	92	1.02027
55	101	1.07398
55	116	1.01308
55	121	1.06142
55	138	0.794178
55	143	1.05225
55	156	0.806595
55	162	1.04138
55	169	0.782581
55	172	1.07284
55	179	0.82333
56	6	0.745185
56	7	0.51271
56	19	1.18849
56	59	0.628214
56	62	0.733855
56	63	1.16454
56	65	1.16162
56	70	1.13054
56	81	1.16992
56	82	1.17025
56	90	1.12537
56	91	1.20313
56	93	1.20151
56	97	1.10258
56	160	0.58207
56	168	1.18204
57	8	0.618918
57	54	1.03611
57	70	0.70823
57	77	1.14964
57	78	1.06259
57	94	1.15635
57	97	0.780727
57	124	1.1127
57	134	0.601798
57	154	1.15724
57	158	0.682386
57	166	1.13452
57	171	1.16235
57	173	1.15472
57	176	1.17255
57	177	1.16262
57	180	1.13862
58	32	1.11364
58	45	1.0833
58	120	0.704038
58	124	1.10696
58	128	1.12971
58	132	1.14585
58	136	1.15825
58	142	1.12771
58	153	0.667336
58	159	1.16996
58	166	1.12878
58	167	0.700958
58	169	0.660142
58	170	1.13024
58	171	1.15661
58	173	1.14899
58	178	0.676587
59	56	0.628214
59	61	0.707839
59	120	1.12752
59	122	1.10975
59	126	0.681392
59	130	1.15273
59	140	0.703905
59	162	1.10893
59	164	1.12715
59	171	0.672601
59	174	1.13241
59	175	1.14753
59	176	1.15723
59	177	1.14729
59	178	1.14424
59	179	1.12192
59	180	1.12329
60	8	0.486397
60	47	0.641945
60	62	0.596588
60	84	0.538632
60	119	0.579411
60	130	1.25848
60	139	1.24327
60	146	1.23056
60	150	1.20555
60	158	0.549866
60	164	1.23291
60	167	1.22003
60	169	1.24919
60	175	1.25329
60	178	1.25
60	179	1.22768
60	180	1.22905
61	10	1.19332
61	12	0.676655
61	42	1.20023
61	45	1.08078
61	59	0.707839
61	80	0.624621
61	89	1.09843
61	104	1.12164
61	117	1.14555
61	124	1.10444
61	132	1.14333
61	143	0.6938
61	163	1.11185
61	166	1.12626
61	170	1.12772
61	173	1.14647
61	180	0.702388
62	8	1.18571
62	11	0.60728
62	46	1.19314
62	56	0.733855
62	60	0.596588
62	79	1.15376
62	80	1.15952
62	87	1.17875
62	92	1.07214
62	101	1.12584
62	116	1.06494
62	121	1.11328
62	138	0.734862
62	143	1.10411
62	153	1.12411
62	160	0.730752
62	172	1.1247
63	19	1.15662
63	25	1.11871
63	56	1.16454
63	65	1.12975
63	70	1.09867
63	81	1.13805
63	82	1.13838
63	90	1.0935
63	91	1.17125
63	93	1.16964
63	97	1.07071
63	102	0.690125
63	106	0.722155
63	120	0.688585
63	138	0.656286
63	160	0.652175
63	168	1.15017
64	96	0.671733
64	100	1.1423
64	102	1.13409
64	123	1.16432
64	124	0.72859
64	128	0.718705
64	150	1.09529
64	151	0.633919
64	155	1.13545
64	157	0.638478
64	169	1.13893
64	174	1.1279
64	175	1.14302
64	177	1.14278
64	178	1.13973
64	179	1.11741
64	180	1.11878
65	7	0.615762
65	25	1.11579
65	41	0.733422
65	56	1.16162
65	63	1.12975
65	70	1.09575
65	82	1.13546
65	90	1.09058
65	91	1.16833
65	93	1.16672
65	97	1.06779
65	111	1.17841
65	130	0.671697
65	153	1.14254
65	155	0.676882
65	168	1.14725
65	174	0.707686
66	52	0.660424
66	71	0.611145
66	98	1.13065
66	114	1.14836
66	122	1.10819
66	132	0.715662
66	133	0.718127
66	146	1.12324
66	154	1.14036
66	159	0.688293
66	160	1.13743
66	164	1.12559
66	176	1.15567
66	177	1.14573
66	178	1.14269
66	179	1.12036
66	180	1.12173
67	68	0.712013
67	72	0.59983
67	131	1.15164
67	139	1.13564
67	145	0.672067
67	147	0.716216
67	150	1.09793
67	167	1.1124
67	169	1.14157
67	173	0.690611
67	174	1.13054
67	175	1.14566
67	176	1.15535
67	177	1.14542
67	178	1.14237
67	179	1.12005
67	180	1.12142
68	39	1.20013
68	67	0.712013
68	83	0.657618
68	105	1.12104
68	112	1.10625
68	125	1.09828
68	140	1.13452
68	141	1.13386
68	147	1.12022
68	148	1.11884
68	151	1.16291
68	157	1.15134
68	158	1.11407
68	161	1.13854
68	172	0.708071
68	175	0.659197
68	178	0.670223
69	2	0.871139
69	31	0.511951
69	79	1.14399
69	101	1.11608
69	104	1.08911
69	121	1.10351
69	134	0.714614
69	141	0.75339
69	143	1.09434
69	161	0.743707
69	166	1.09373
69	170	1.09519
69	172	1.11493
69	173	1.11394
69	175	1.12208
69	178	1.11879
69	179	1.09647
69	180	1.09784
70	19	1.12261
70	56	1.13054
70	57	0.70823
70	63	1.09867
70	65	1.09575
70	81	1.10404
70	82	1.10437
70	90	1.0595
70	91	1.13725
70	93	1.13564
70	97	1.0367
70	111	1.14732
70	146	0.721698
70	153	1.11146
70	155	0.701633
70	168	1.11616
70	174	0.732436
70	179	0.743136
71	32	1.18093
71	53	0.72461
71	66	0.611145
71	82	1.2096
71	93	1.24086
71	97	1.14193
71	121	0.618611
71	132	1.21314
71	133	1.22215
71	148	1.19149
71	157	1.22399
71	158	1.18672
71	161	1.21119
71	163	1.18166
71	164	0.565075
71	165	1.19634
71	175	0.520924
71	180	0.563685
72	20	1.09633
72	49	0.69813
72	67	0.59983
72	75	1.15899
72	84	1.21238
72	103	1.21743
72	104	1.1931
72	110	1.24007
72	119	1.20593
72	143	0.581188
72	145	1.21705
72	146	0.560907
72	154	0.577479
72	160	1.21752
72	166	1.19772
72	171	1.22555
72	173	1.21793
72	180	0.589776
73	9	1.42556
73	30	1.14247
73	44	1.28497
73	50	1.28497
73	54	1.06342
73	77	1.17694
73	78	1.0899
73	86	0.628755
73	94	1.18365
73	96	1.19711
73	110	1.20418
73	120	0.605216
73	138	0.572916
73	139	0.577404
73	150	0.666637
73	155	0.560566
73	156	1.15969
73	168	1.18714
74	111	1.14266
74	117	1.10548
74	123	0.68079
74	126	1.10504
74	129	0.708232
74	135	1.12122
74	142	1.08512
74	145	1.10551
74	159	1.12736
74	160	1.10599
74	166	1.08619
74	170	1.08765
74	171	1.11401
74	172	1.10738
74	173	1.10639
74	177	0.708234
74	179	0.752126
74	180	0.759557
75	1	1.17038
75	5	1.16158
75	72	1.15899
75	84	1.09296
75	113	1.0644
75	117	1.09759
75	130	0.691009
75	136	1.10777
75	159	1.11948
75	163	1.06389
75	165	1.07857
75	167	0.737764
75	169	0.696948
75	170	1.07976
75	171	1.10613
75	173	1.09851
75	179	0.737697
75	180	0.745128
76	20	1.06978
76	22	0.614897
76	39	0.622231
76	108	1.14566
76	109	1.15944
76	113	1.15727
76	132	1.18824
76	135	1.20621
76	142	1.1701
76	144	0.65723
76	149	0.684137
76	159	1.21235
76	163	1.15676
76	166	1.17117
76	170	1.17263
76	171	1.199
76	173	1.19138
76	175	0.618561
76	176	0.610064
77	9	1.39589
77	13	0.610046
77	30	1.11279
77	44	1.2553
77	50	1.2553
77	54	1.03375
77	57	1.14964
77	73	1.17694
77	78	1.06023
77	83	1.14421
77	89	0.76559
77	94	1.15398
77	110	1.1745
77	144	0.621072
77	156	1.13002
77	168	1.15747
77	172	0.631277
77	174	0.607034
77	177	0.573841
78	9	1.30885
78	27	1.05157
78	30	1.02575
78	43	0.704725
78	44	1.16825
78	50	1.16825
78	54	0.946705
78	57	1.06259
78	73	1.0899
78	77	1.06023
78	83	1.05717
78	94	1.06694
78	96	1.0804
78	131	0.764256
78	138	0.763375
78	156	1.04297
78	168	1.07043
78	172	0.80607
78	178	0.768223
79	36	0.655045
79	37	1.15618
79	46	1.25692
79	55	1.10189
79	62	1.15376
79	69	1.14399
79	87	1.24254
79	92	1.13592
79	101	1.18963
79	113	0.739884
79	116	1.12872
79	121	1.17706
79	127	0.615384
79	138	0.615342
79	143	1.16789
79	152	0.579234
79	162	1.15702
79	172	1.18848
79	177	0.600602
80	29	1.1861
80	47	1.07367
80	52	1.15367
80	61	0.624621
80	62	1.15952
80	90	0.671157
80	92	1.14168
80	116	1.13448
80	128	0.642548
80	135	0.596662
80	142	0.624701
80	152	1.21877
80	153	1.19366
80	166	0.634021
80	174	1.18626
80	177	1.20115
80	178	1.1981
80	179	1.17578
80	180	1.17715
81	19	1.16199
81	25	1.12409
81	56	1.16992
81	63	1.13805
81	70	1.10404
81	82	1.14376
81	90	1.09888
81	91	1.17663
81	93	1.17502
81	97	1.07608
81	111	1.18671
81	115	0.746215
81	119	1.13844
81	128	0.707883
81	153	1.15084
81	160	0.607229
81	168	1.15555
81	172	0.654035
81	179	0.640491
81	180	0.647922
82	1	0.551389
82	25	1.12442
82	41	0.685514
82	56	1.17025
82	63	1.13838
82	65	1.13546
82	70	1.10437
82	71	1.2096
82	81	1.14376
82	90	1.09921
82	91	1.17696
82	93	1.17535
82	97	1.07642
82	119	1.13877
82	141	0.700464
82	153	1.15117
82	162	0.695137
82	168	1.15588
82	171	0.684704
82	172	0.68402
83	2	0.756319
83	68	0.657618
83	77	1.14421
83	78	1.05717
83	87	1.20434
83	94	1.15092
83	101	1.15143
83	121	1.13887
83	142	0.658127
83	143	1.1297
83	161	0.628887
83	168	1.15441
83	170	0.656225
83	172	1.15029
83	173	0.636216
83	174	1.14231
83	177	1.15719
83	178	1.15415
83	179	1.13182
83	180	1.13319
84	35	0.684807
84	42	1.20566
84	60	0.538632
84	72	1.21238
84	75	1.09296
84	108	1.10618
84	109	1.11996
84	113	1.11779
84	123	0.634722
84	135	1.16672
84	150	0.770626
84	153	0.672503
84	163	1.11727
84	165	1.13195
84	166	1.13169
84	167	0.706125
84	170	1.13315
84	171	1.15952
84	172	1.15289
84	173	1.15189
85	1	0.553286
85	28	1.13232
85	105	1.13652
85	112	1.12174
85	118	1.14446
85	125	1.11376
85	140	1.15001
85	141	1.14934
85	142	0.721919
85	147	1.13571
85	149	0.70262
85	151	1.17839
85	152	0.607114
85	157	1.16682
85	158	1.12955
85	160	1.15871
85	161	1.15402
85	162	1.12864
85	166	0.731239
85	172	0.685917
86	28	0.74346
86	73	0.628755
86	106	1.10807
86	120	1.1128
86	130	1.138
86	132	0.687458
86	144	1.13254
86	149	1.09175
86	153	1.12508
86	155	1.12524
86	166	0.731044
86	167	1.09955
86	168	0.682887
86	169	1.12871
86	170	0.719821
86	174	1.11768
86	175	1.13281
86	176	1.1425
86	178	1.12952
86	179	1.1072
86	180	1.10857
87	8	1.27449
87	13	0.623766
87	26	1.19483
87	55	1.12689
87	62	1.17875
87	79	1.24254
87	83	1.20434
87	92	1.16092
87	96	1.22757
87	98	0.611471
87	101	1.21462
87	116	1.15372
87	121	1.20206
87	129	0.587559
87	143	1.19289
87	153	1.21289
87	155	0.58995
87	156	0.614718
87	172	1.21348
87	175	0.596123
87	177	0.587561
88	4	0.815393
88	27	0.679851
88	107	1.10516
88	115	0.727691
88	122	1.10058
88	141	0.651954
88	149	1.0973
88	150	1.09062
88	154	1.13274
88	160	1.12981
88	164	1.11798
88	167	1.1051
88	169	1.13426
88	170	0.669609
88	173	0.6496
88	175	1.13836
88	176	1.14805
88	177	1.13811
88	178	1.13507
88	179	1.11275
88	180	1.11412
89	8	1.17141
89	9	0.597752
89	48	0.620496
89	61	1.09843
89	77	0.76559
89	92	1.05783
89	112	0.846783
89	116	1.05063
89	121	1.09897
89	124	1.06738
89	134	0.78456
89	142	1.08813
89	152	1.13493
89	157	0.780513
89	162	1.07894
89	165	1.08946
89	173	1.1094
89	174	1.10241
89	176	1.12723
89	177	1.1173
89	178	1.11425
89	180	1.0933
90	19	1.11745
90	25	1.07954
90	33	1.08852
90	56	1.12537
90	63	1.0935
90	65	1.09058
90	70	1.0595
90	80	0.671157
90	81	1.09888
90	82	1.09921
90	91	1.13208
90	93	1.13047
90	96	0.761913
90	97	1.03154
90	111	1.14216
90	119	1.09389
90	136	0.755402
90	138	0.712341
90	153	1.10629
90	160	0.708231
90	168	1.111
90	170	0.789136
91	19	1.1952
91	25	1.15729
91	56	1.20313
91	63	1.17125
91	65	1.16833
91	70	1.13725
91	81	1.17663
91	82	1.17696
91	90	1.13208
91	93	1.20822
91	97	1.10929
91	111	1.21991
91	119	1.17164
91	127	0.621238
91	152	0.585088
91	153	1.18405
91	159	0.638258
91	160	0.617085
91	165	0.672895
91	168	1.18875
91	172	0.663891
91	176	0.60652
92	22	0.744948
92	26	1.08821
92	33	1.08851
92	37	1.07456
92	38	0.609794
92	46	1.1753
92	55	1.02027
92	62	1.07214
92	79	1.13592
92	80	1.14168
92	87	1.16092
92	89	1.05783
92	96	1.12095
92	101	1.10801
92	107	0.769751
92	116	1.0471
92	121	1.09544
92	139	0.759278
92	153	1.10628
92	160	0.75068
92	172	1.10686
92	174	0.773243
93	19	1.19359
93	25	1.15568
93	56	1.20151
93	63	1.16964
93	65	1.16672
93	70	1.13564
93	71	1.24086
93	81	1.17502
93	82	1.17535
93	90	1.13047
93	91	1.20822
93	97	1.10768
93	100	0.62934
93	114	0.621416
93	119	1.17003
93	149	0.681855
93	153	1.18243
93	156	0.634874
93	160	0.618346
93	168	1.18714
93	169	0.61086
93	175	0.616279
94	9	1.4026
94	27	1.14532
94	30	1.1195
94	41	0.662424
94	44	1.26201
94	50	1.26201
94	54	1.04046
94	57	1.15635
94	73	1.18365
94	77	1.15398
94	78	1.06694
94	83	1.15092
94	96	1.17415
94	110	1.18121
94	129	0.603494
94	138	0.618236
94	139	0.622723
94	152	0.582128
94	156	1.13673
94	168	1.16418
94	170	0.69503
94	178	0.623084
95	105	1.16611
95	110	0.608565
95	112	1.15132
95	125	1.14335
95	130	0.602251
95	134	1.19146
95	140	1.1796
95	141	1.17893
95	147	1.1653
95	148	1.16391
95	149	0.679185
95	151	1.20798
95	152	0.58368
95	156	1.16636
95	157	1.19641
95	158	1.15914
95	160	1.18829
95	161	1.18361
95	162	1.15823
95	164	0.65776
95	178	0.624636
95	180	0.65637
96	54	1.05392
96	64	0.671733
96	73	1.19711
96	78	1.0804
96	87	1.22757
96	90	0.761913
96	92	1.12095
96	94	1.17415
96	116	1.11376
96	121	1.1621
96	123	0.594576
96	134	1.17529
96	141	1.16276
96	147	1.14912
96	154	0.661045
96	155	0.624409
96	156	1.15019
96	157	1.18024
96	158	1.14297
96	161	1.16744
96	162	1.14206
96	176	0.622084
96	180	0.673343
97	11	0.658899
97	19	1.09465
97	25	1.05675
97	33	1.06573
97	56	1.10258
97	57	0.780727
97	63	1.07071
97	65	1.06779
97	70	1.0367
97	71	1.14193
97	81	1.07608
97	82	1.07642
97	90	1.03154
97	91	1.10929
97	93	1.10768
97	111	1.11936
97	119	1.0711
97	122	0.820816
97	129	0.771739
97	152	0.750373
97	153	1.0835
97	164	0.824454
97	168	1.08821
98	27	0.683394
98	32	0.705554
98	66	1.13065
98	87	0.611471
98	114	1.16078
98	120	1.13839
98	128	0.692902
98	129	1.16974
98	131	1.16437
98	139	1.14837
98	143	1.13066
98	145	0.634599
98	148	0.652413
98	154	1.15278
98	159	0.61342
98	169	1.1543
98	174	1.14327
98	175	1.1584
98	176	1.16809
98	177	1.15815
98	178	1.15511
98	179	1.13279
98	180	1.13416
99	29	0.543634
99	32	0.686324
99	104	0.667952
99	105	0.644013
99	116	0.797647
99	129	1.1704
99	131	1.16504
99	137	1.1337
99	144	1.15879
99	146	1.13633
99	153	1.15133
99	154	1.15344
99	155	1.15149
99	164	1.13868
99	168	0.616987
99	169	1.15496
99	173	0.633913
99	174	1.14393
99	175	1.15906
99	177	1.15882
99	178	1.15577
99	179	1.13345
99	180	1.13482
100	19	0.654702
100	64	1.1423
100	93	0.62934
100	112	0.676658
100	122	1.13521
100	127	1.15498
100	128	0.690615
100	135	0.64473
100	137	1.14763
100	149	1.13193
100	150	1.12525
100	154	1.16737
100	162	1.13438
100	164	1.15261
100	165	0.645771
100	167	1.13973
100	169	1.16889
100	173	0.650856
100	174	1.15786
100	175	1.17299
100	177	1.17274
100	179	1.14738
100	180	1.14875
101	8	1.22158
101	26	1.14192
101	37	1.12827
101	46	1.22901
101	55	1.07398
101	62	1.12584
101	69	1.11608
101	79	1.18963
101	83	1.15143
101	87	1.21462
101	92	1.10801
101	110	0.642544
101	116	1.10081
101	121	1.14915
101	123	0.611583
101	131	0.654648
101	138	0.653767
101	153	1.15998
101	162	1.12911
101	164	0.69174
101	171	0.697146
101	172	1.16057
101	178	0.658615
102	8	0.65851
102	34	0.606575
102	43	0.562378
102	63	0.690125
102	64	1.13409
102	108	0.729293
102	117	0.683019
102	120	1.14477
102	127	1.14677
102	136	0.664088
102	137	1.13942
102	138	1.13652
102	139	1.15476
102	146	1.14205
102	154	1.15916
102	164	1.1444
102	167	1.13152
102	169	1.16069
102	175	1.16478
102	176	1.17448
102	177	1.16454
102	178	1.16149
102	180	1.14054
103	16	1.16531
103	42	1.21071
103	43	0.590607
103	51	1.09518
103	72	1.21743
103	105	0.716142
103	109	1.12501
103	115	1.09808
103	127	0.649299
103	129	0.634515
103	133	1.16282
103	142	1.13567
103	145	1.15607
103	156	0.661674
103	157	0.665573
103	159	1.17792
103	163	1.12233
103	165	1.13701
103	166	1.13674
103	170	1.1382
103	171	1.16457
103	173	1.15695
103	180	0.68584
104	61	1.12164
104	69	1.08911
104	72	1.1931
104	99	0.667952
104	107	0.692973
104	126	1.13127
104	128	1.11333
104	132	1.12948
104	133	1.13848
104	135	1.14744
104	136	1.14188
104	142	1.11134
104	153	0.67361
104	159	1.15358
104	160	1.13221
104	163	1.098
104	166	1.11241
104	170	1.11387
104	171	1.14024
104	173	1.13262
104	175	0.671834
104	178	0.682861
104	179	0.707165
104	180	0.714596
105	3	1.18835
105	15	1.13906
105	33	0.712379
105	68	1.12104
105	85	1.13652
105	95	1.16611
105	99	0.644013
105	103	0.716142
105	106	0.719942
105	112	1.09748
105	118	1.1202
105	125	1.0895
105	134	1.13762
105	140	1.12575
105	141	1.12508
105	147	1.11145
105	148	1.11006
105	151	1.15413
105	154	0.678359
105	157	1.14256
105	158	1.1053
105	161	1.12976
105	172	0.696769
105	177	0.639333
106	23	0.56802
106	36	1.10797
106	40	1.0799
106	63	0.722155
106	86	1.10807
106	105	0.719942
106	120	1.12896
106	130	1.15417
106	139	1.13895
106	150	1.10124
106	151	0.664815
106	155	1.1414
106	159	0.670119
106	163	0.744229
106	164	1.12859
106	165	0.704757
106	167	1.11572
106	169	1.14488
106	175	1.14897
106	176	1.15867
106	177	1.14873
106	178	1.14569
106	179	1.12336
106	180	1.12473
107	2	0.779037
107	34	0.587697
107	88	1.10516
107	92	0.769751
107	104	0.692973
107	114	1.1429
107	129	1.15187
107	130	1.14572
107	139	1.1305
107	149	1.09946
107	155	1.13295
107	156	1.11005
107	164	1.12014
107	168	0.642008
107	169	1.13643
107	170	0.678943
107	171	0.645527
107	174	1.12539
107	175	1.14052
107	176	1.15021
107	177	1.14028
107	178	1.13723
107	179	1.11491
107	180	1.11628
108	16	1.12009
108	35	0.703356
108	76	1.14566
108	84	1.10618
108	102	0.729293
108	109	1.07979
108	117	1.11081
108	126	1.11038
108	132	1.10859
108	133	1.1176
108	135	1.12655
108	136	1.12099
108	142	1.09045
108	152	1.13725
108	159	1.1327
108	162	0.749266
108	163	1.07711
108	165	1.09179
108	170	1.09298
108	171	1.11935
108	173	1.11173
108	174	0.713907
108	177	0.680714
108	178	0.700302
108	180	0.732037
109	21	0.645061
109	45	1.05982
109	76	1.15944
109	84	1.11996
109	103	1.12501
109	108	1.07979
109	113	1.0914
109	115	1.06665
109	128	1.10623
109	132	1.12237
109	133	1.13138
109	142	1.10423
109	145	1.12463
109	154	0.730573
109	159	1.14648
109	162	0.7601
109	163	1.09089
109	164	0.744261
109	166	1.1053
109	169	0.694691
109	170	1.10676
109	171	1.13313
109	172	1.1265
109	174	0.72474
109	178	0.711136
110	30	1.14003
110	39	0.573458
110	72	1.24007
110	73	1.20418
110	77	1.1745
110	94	1.18121
110	95	0.608565
110	101	0.642544
110	115	1.12073
110	125	0.701469
110	140	0.650648
110	141	0.635105
110	151	0.587723
110	157	0.592282
110	166	1.15938
110	168	1.1847
110	170	1.16084
110	171	1.18721
110	173	1.17959
110	174	1.1726
110	176	1.19742
110	177	1.18748
110	178	1.18444
110	179	1.16212
110	180	1.16349
111	12	0.625966
111	22	0.605274
111	65	1.17841
111	70	1.14732
111	74	1.14266
111	81	1.18671
111	90	1.14216
111	91	1.21991
111	97	1.11936
111	126	1.19237
111	133	1.19958
111	144	0.647606
111	148	1.16892
111	151	1.21299
111	157	1.20142
111	158	1.16416
111	161	1.18862
111	163	1.1591
111	164	0.653089
111	170	1.17497
111	171	1.20134
111	174	0.633569
111	176	0.60044
111	177	0.600376
111	179	0.644268
112	68	1.10625
112	85	1.12174
112	89	0.846783
112	95	1.15132
112	100	0.676658
112	105	1.09748
112	118	1.10541
112	125	1.07472
112	134	1.12283
112	135	0.720433
112	140	1.11096
112	141	1.1103
112	147	1.09666
112	148	1.09528
112	151	1.13935
112	157	1.12778
112	158	1.09051
112	160	1.11966
112	161	1.11498
112	162	1.0896
112	168	1.12518
112	172	0.71247
112	173	0.72656
112	175	0.663597
112	176	0.655099
113	29	0.678237
113	36	0.751434
113	75	1.0644
113	76	1.15727
113	79	0.739884
113	84	1.11779
113	109	1.0914
113	115	1.06447
113	119	1.11134
113	124	1.08131
113	126	1.12199
113	128	1.10405
113	132	1.1202
113	135	1.13816
113	136	1.13259
113	155	0.699379
113	159	1.1443
113	163	1.08872
113	166	1.10313
113	167	0.740949
113	169	0.700133
113	170	1.10459
113	171	1.13096
113	173	1.12334
113	177	0.69699
114	23	0.501111
114	49	1.10089
114	66	1.14836
114	93	0.621416
114	98	1.16078
114	107	1.1429
114	117	0.648139
114	119	0.716645
114	120	1.15609
114	124	0.692576
114	125	0.711651
114	131	1.18208
114	137	1.15074
114	140	0.66083
114	149	1.13504
114	150	1.12837
114	154	1.17048
114	155	1.16853
114	161	0.635604
114	167	1.14284
114	175	1.1761
114	176	1.18579
114	177	1.17586
114	178	1.17281
114	179	1.15049
114	180	1.15186
115	11	1.15514
115	81	0.746215
115	88	0.727691
115	103	1.09808
115	109	1.06665
115	110	1.12073
115	113	1.06447
115	124	1.05655
115	126	1.09723
115	128	1.0793
115	133	1.10445
115	135	1.11341
115	136	1.10784
115	142	1.0773
115	145	1.0977
115	148	0.778118
115	159	1.11955
115	164	0.760037
115	165	1.07864
115	166	1.07837
115	170	1.07983
115	171	1.1062
115	173	1.09858
115	175	0.715886
115	178	0.726912
115	179	0.751216
116	1	0.717772
116	8	1.16068
116	11	0.680125
116	21	0.746481
116	26	1.08102
116	33	1.08131
116	37	1.06737
116	38	0.662711
116	46	1.1681
116	55	1.01308
116	62	1.06494
116	79	1.12872
116	80	1.13448
116	87	1.15372
116	89	1.05063
116	92	1.0471
116	96	1.11376
116	99	0.797647
116	101	1.10081
116	121	1.08824
116	143	1.07908
116	153	1.09908
116	155	0.795357
116	160	0.803598
116	162	1.06821
116	172	1.09967
117	51	1.09476
117	61	1.14555
117	74	1.10548
117	75	1.09759
117	102	0.683019
117	108	1.11081
117	114	0.648139
117	124	1.1145
117	126	1.15518
117	128	1.13725
117	135	1.17136
117	136	1.16579
117	142	1.13525
117	145	1.15565
117	149	0.708578
117	150	0.7429
117	155	0.636829
117	162	0.702992
117	163	1.12191
117	165	1.13659
117	166	1.13632
117	170	1.13778
117	171	1.16415
117	172	1.15752
117	173	1.15653
117	176	0.634504
117	178	0.654028
118	24	1.12341
118	39	1.19929
118	43	1.19401
118	49	0.792571
118	85	1.14446
118	105	1.1202
118	112	1.10541
118	122	0.681969
118	123	0.605451
118	125	1.09744
118	132	0.692066
118	134	1.14556
118	140	1.13369
118	141	1.13302
118	147	1.11939
118	148	1.118
118	151	1.16207
118	157	1.1505
118	158	1.11323
118	160	1.14239
118	161	1.1377
118	162	1.11232
118	164	0.685607
118	168	1.1479
118	175	0.641456
118	176	0.632958
118	179	0.676786
119	38	0.572689
119	52	0.706878
119	60	0.579411
119	72	1.20593
119	81	1.13844
119	82	1.13877
119	90	1.09389
119	91	1.17164
119	93	1.17003
119	97	1.0711
119	113	1.11134
119	114	0.716645
119	123	0.675502
119	136	1.15471
119	140	1.13634
119	141	1.13568
119	148	1.12065
119	151	1.16472
119	158	1.11589
119	161	1.14036
119	165	1.12551
119	166	1.12524
119	169	0.706089
119	170	1.1267
119	171	1.15307
119	177	0.702946
119	179	0.746838
120	30	0.723886
120	58	0.704038
120	59	1.12752
120	63	0.688585
120	73	0.605216
120	86	1.1128
120	98	1.13839
120	102	1.14477
120	106	1.12896
120	114	1.15609
120	122	1.11592
120	123	1.175
120	147	0.701878
120	148	0.675542
120	149	1.11265
120	150	1.10597
120	157	0.635804
120	164	1.13332
120	167	1.12045
120	168	0.659347
120	169	1.14961
120	175	1.1537
120	176	1.1634
120	177	1.15346
120	178	1.15042
120	179	1.1281
120	180	1.12946
121	8	1.20902
121	26	1.12936
121	37	1.11571
121	46	1.21644
121	55	1.06142
121	62	1.11328
121	69	1.10351
121	71	0.618611
121	79	1.17706
121	83	1.13887
121	87	1.20206
121	89	1.09897
121	92	1.09544
121	96	1.1621
121	101	1.14915
121	116	1.08824
121	138	0.678697
121	142	0.757394
121	143	1.12742
121	146	0.686412
121	153	1.14742
121	162	1.11655
121	169	0.667101
121	172	1.14801
121	175	0.672519
121	176	0.664021
121	177	0.663957
122	12	1.13597
122	17	0.661115
122	59	1.10975
122	66	1.10819
122	88	1.10058
122	97	0.820816
122	100	1.13521
122	118	0.681969
122	120	1.11592
122	123	1.15723
122	124	0.727951
122	127	1.11792
122	135	0.672181
122	148	0.677578
122	150	1.0882
122	154	1.13032
122	155	1.12836
122	157	0.637839
122	162	1.09733
122	163	0.712695
122	164	1.11555
122	167	1.10268
122	174	1.12081
122	176	1.14563
122	177	1.13569
122	178	1.13265
122	179	1.11032
122	180	1.11169
123	10	0.563279
123	35	1.15012
123	64	1.16432
123	74	0.68079
123	84	0.634722
123	96	0.594576
123	101	0.611583
123	118	0.605451
123	119	0.675502
123	120	1.175
123	122	1.15723
123	130	1.20021
123	144	1.19474
123	146	1.17228
123	149	1.15396
123	153	1.18728
123	154	1.18939
123	155	1.18744
123	158	0.645956
123	167	1.16175
123	168	0.584865
123	174	1.17989
123	175	1.19501
123	176	1.2047
123	177	1.19477
123	178	1.19172
123	179	1.1694
123	180	1.17077
124	6	0.85262
124	18	1.12076
124	57	1.1127
124	58	1.10696
124	61	1.10444
124	64	0.72859
124	89	1.06738
124	113	1.08131
124	114	0.692576
124	115	1.05655
124	117	1.1145
124	122	0.727951
124	128	1.09614
124	135	1.13024
124	142	1.09414
124	145	1.11454
124	152	1.14094
124	153	0.689213
124	156	0.706033
124	159	1.13639
124	163	1.0808
124	165	1.09548
124	166	1.09521
124	170	1.09667
124	171	1.12304
124	172	1.11641
124	173	1.11542
124	175	0.687438
124	179	0.722768
125	24	1.09271
125	28	1.0853
125	35	0.720593
125	39	1.16859
125	68	1.09828
125	85	1.11376
125	95	1.14335
125	105	1.0895
125	110	0.701469
125	112	1.07472
125	114	0.711651
125	118	1.09744
125	131	0.713573
125	134	1.11486
125	140	1.10299
125	141	1.10232
125	143	1.0925
125	146	0.720405
125	147	1.08869
125	148	1.0873
125	150	0.806412
125	151	1.13137
125	154	0.736977
125	156	1.08975
125	157	1.1198
125	158	1.08254
125	161	1.107
125	168	1.11721
125	176	0.698015
126	10	1.20295
126	21	0.578132
126	45	1.09041
126	53	0.836866
126	59	0.681392
126	74	1.10504
126	104	1.13127
126	108	1.11038
126	111	1.19237
126	113	1.12199
126	115	1.09723
126	117	1.15518
126	132	1.15296
126	136	1.16536
126	142	1.13482
126	145	1.15521
126	157	0.655675
126	159	1.17706
126	162	0.693171
126	163	1.12148
126	165	1.13616
126	166	1.13589
126	170	1.13735
126	171	1.16372
126	172	1.15709
126	173	1.1561
126	176	0.624683
126	177	0.624618
126	178	0.644207
126	179	0.668511
127	26	0.677198
127	30	0.691629
127	37	0.673352
127	54	0.807603
127	79	0.615384
127	91	0.621238
127	100	1.15498
127	102	1.14677
127	103	0.649299
127	122	1.11792
127	130	1.1609
127	131	1.16168
127	133	0.634126
127	137	1.13035
127	139	1.14568
127	144	1.15543
127	146	1.13297
127	149	1.11465
127	150	1.10797
127	152	1.17309
127	155	1.14813
127	167	1.12245
127	168	0.62709
127	169	1.15161
127	174	1.14058
127	176	1.1654
127	177	1.15546
127	178	1.15242
127	179	1.1301
127	180	1.13146
128	4	1.04908
128	5	1.20123
128	17	1.15042
128	21	0.622505
128	27	1.12442
128	42	1.19193
128	58	1.12971
128	64	0.718705
128	80	0.642548
128	81	0.707883
128	98	0.692902
128	100	0.690615
128	104	1.11333
128	109	1.10623
128	113	1.10405
128	115	1.0793
128	117	1.13725
128	124	1.09614
128	132	1.13503
128	142	1.11689
128	145	1.13728
128	152	1.16368
128	159	1.15913
128	162	0.737544
128	163	1.10354
128	165	1.11822
128	166	1.11796
128	169	0.672135
128	170	1.11942
128	171	1.14578
128	180	0.720315
129	6	1.08601
129	33	1.15956
129	36	1.14405
129	46	0.615297
129	49	1.10985
129	74	0.708232
129	87	0.587559
129	94	0.603494
129	97	0.771739
129	98	1.16974
129	99	1.1704
129	103	0.634515
129	107	1.15187
129	130	1.19026
129	134	0.592809
129	136	0.615507
129	144	1.18479
129	149	1.144
129	155	1.17749
129	164	1.16468
129	167	1.1518
129	169	1.18097
129	170	0.649241
129	171	0.615825
129	172	1.17792
129	174	1.16993
129	175	1.18506
129	176	1.19475
129	177	1.18482
129	178	1.18177
129	179	1.15945
129	180	1.16082
130	53	1.08697
130	59	1.15273
130	60	1.25848
130	65	0.671697
130	75	0.691009
130	86	1.138
130	95	0.602251
130	106	1.15417
130	107	1.14572
130	123	1.20021
130	127	1.1609
130	129	1.19026
130	140	0.644335
130	141	0.628792
130	142	0.648349
130	146	1.15618
130	147	0.652042
130	149	1.13786
130	150	1.13118
130	151	0.58141
130	154	1.17329
130	166	0.657669
130	167	1.14565
130	169	1.17482
130	171	0.613031
130	174	1.16379
130	175	1.17891
130	176	1.1886
130	177	1.17867
130	178	1.17562
130	179	1.1533
130	180	1.15467
131	19	0.648701
131	44	0.515128
131	50	0.549313
131	67	1.15164
131	78	0.764256
131	98	1.16437
131	99	1.16504
131	101	0.654648
131	114	1.18208
131	125	0.713573
131	127	1.16168
131	132	0.632501
131	137	1.15433
131	139	1.16967
131	141	0.647209
131	146	1.15696
131	149	1.13864
131	150	1.13196
131	155	1.17212
131	160	1.17115
131	161	0.637526
131	164	1.15931
131	167	1.14643
131	169	1.1756
131	171	0.631448
131	174	1.16457
131	175	1.17969
131	176	1.18938
131	177	1.17945
131	178	1.1764
131	179	1.15408
131	180	1.15545
132	10	1.20116
132	58	1.14585
132	61	1.14333
132	66	0.715662
132	71	1.21314
132	76	1.18824
132	86	0.687458
132	104	1.12948
132	108	1.10859
132	109	1.12237
132	113	1.1202
132	118	0.692066
132	126	1.15296
132	128	1.13503
132	131	0.632501
132	133	1.16018
132	136	1.16357
132	137	0.674686
132	138	1.13418
132	142	1.13303
132	143	0.659615
132	145	1.15343
132	153	0.627217
132	156	0.644037
132	163	1.11969
132	165	1.13437
132	166	1.1341
132	170	1.13556
132	171	1.16193
132	172	1.1553
132	173	1.15431
132	176	0.616944
132	179	0.660772
133	3	0.638605
133	4	1.07423
133	10	1.21016
133	11	1.21987
133	20	1.04172
133	45	1.09762
133	66	0.718127
133	71	1.22215
133	103	1.16282
133	104	1.13848
133	108	1.1176
133	109	1.13138
133	111	1.19958
133	115	1.10445
133	127	0.634126
133	132	1.16018
133	135	1.17814
133	138	1.14318
133	142	1.14204
133	143	0.662079
133	145	1.16243
133	158	0.735036
133	162	0.687896
133	163	1.12869
133	165	1.14337
133	166	1.14311
133	169	0.622488
133	170	1.14457
133	171	1.17093
133	173	1.16331
133	174	0.652537
133	177	0.619344
133	178	0.638933
134	2	1.07698
134	14	0.624898
134	15	1.16442
134	24	1.14083
134	28	1.13342
134	43	1.21143
134	49	0.752488
134	57	0.601798
134	69	0.714614
134	89	0.78456
134	95	1.19146
134	96	1.17529
134	105	1.13762
134	112	1.12283
134	118	1.14556
134	125	1.11486
134	129	0.592809
134	138	1.14008
134	140	1.1511
134	141	1.15044
134	143	1.14061
134	147	1.1368
134	148	1.13542
134	151	1.17949
134	156	1.13787
134	157	1.16792
134	158	1.13065
134	160	1.1598
134	161	1.15512
134	171	0.65093
134	174	0.626004
134	178	0.6124
134	180	0.644134
135	4	1.08319
135	6	0.796851
135	32	1.13693
135	38	0.49285
135	45	1.10658
135	51	1.1105
135	74	1.12122
135	76	1.20621
135	80	0.596662
135	84	1.16672
135	100	0.64473
135	104	1.14744
135	108	1.12655
135	112	0.720433
135	113	1.13816
135	115	1.11341
135	117	1.17136
135	122	0.672181
135	124	1.13024
135	133	1.17814
135	142	1.15099
135	145	1.17139
135	156	0.650264
135	159	1.19324
135	162	0.691659
135	163	1.13765
135	165	1.15233
135	166	1.15206
135	170	1.15352
135	171	1.17989
135	173	1.17227
135	179	0.666999
135	180	0.674429
136	1	1.23857
136	4	1.07763
136	20	1.04511
136	36	0.669953
136	58	1.15825
136	75	1.10777
136	90	0.755402
136	102	0.664088
136	104	1.14188
136	108	1.12099
136	113	1.13259
136	115	1.10784
136	117	1.16579
136	119	1.15471
136	126	1.16536
136	129	0.615507
136	132	1.16357
136	138	1.14657
136	139	0.634737
136	142	1.14543
136	145	1.16582
136	148	0.686304
136	150	0.72397
136	152	1.19222
136	159	1.18767
136	165	1.14676
136	166	1.1465
136	169	0.618652
136	170	1.14796
136	171	1.17432
136	173	1.1667
136	175	0.624071
136	177	0.615509
137	22	1.14383
137	26	0.720223
137	40	1.07928
137	42	0.593707
137	99	1.1337
137	100	1.14763
137	102	1.13942
137	114	1.15074
137	127	1.13035
137	131	1.15433
137	132	0.674686
137	138	1.12009
137	139	1.13833
137	142	0.708951
137	144	1.14809
137	145	0.668496
137	148	0.686309
137	149	1.1073
137	150	1.10062
137	151	0.642012
137	154	1.14274
137	155	1.14079
137	164	1.12798
137	166	0.718272
137	167	1.1151
137	168	0.670115
137	170	0.707049
137	174	1.13323
137	175	1.14836
137	176	1.15805
137	177	1.14811
137	178	1.14507
137	179	1.12275
137	180	1.12412
138	18	1.14265
138	55	0.794178
138	62	0.734862
138	63	0.656286
138	73	0.572916
138	78	0.763375
138	79	0.615342
138	90	0.712341
138	94	0.618236
138	101	0.653767
138	102	1.13652
138	121	0.678697
138	132	1.13418
138	133	1.14318
138	134	1.14008
138	136	1.14657
138	137	1.12009
138	140	1.12821
138	141	1.12754
138	147	1.11391
138	148	1.11252
138	151	1.15659
138	157	1.14502
138	161	1.13222
138	163	1.1027
138	170	1.11857
138	171	1.14494
138	173	1.13731
138	174	1.13032
138	175	1.14545
138	176	1.15514
138	177	1.14521
138	179	1.11984
138	180	1.12121
139	20	0.850047
139	24	0.702242
139	38	1.20458
139	40	1.09462
139	48	0.447975
139	60	1.24327
139	67	1.13564
139	73	0.577404
139	92	0.759278
139	94	0.622723
139	98	1.14837
139	102	1.15476
139	106	1.13895
139	107	1.1305
139	127	1.14568
139	131	1.16967
139	136	0.634737
139	137	1.13833
139	144	1.16342
139	145	0.629917
139	146	1.14096
139	149	1.12264
139	150	1.11596
139	155	1.15612
139	157	0.607992
139	158	0.692628
139	160	1.15515
139	164	1.14331
139	169	1.1596
139	170	0.668471
139	175	1.16369
139	176	1.17339
139	177	1.16345
139	178	1.1604
139	179	1.13808
139	180	1.13945
140	1	0.571935
140	2	1.06511
140	3	1.20184
140	15	1.15255
140	24	1.12896
140	43	1.19956
140	59	0.703905
140	68	1.13452
140	85	1.15001
140	95	1.1796
140	105	1.12575
140	110	0.650648
140	112	1.11096
140	114	0.66083
140	118	1.13369
140	119	1.13634
140	125	1.10299
140	130	0.644335
140	134	1.1511
140	138	1.12821
140	141	1.13857
140	143	1.12874
140	144	0.694361
140	146	0.669585
140	147	1.12493
140	148	1.12355
140	150	0.755591
140	151	1.16762
140	156	1.126
140	157	1.15605
140	158	1.11878
140	161	1.14325
140	162	1.11787
140	168	1.15345
140	171	0.705249
140	172	0.704566
140	177	0.647131
141	2	1.06445
141	21	1.16297
141	28	1.12088
141	39	1.20417
141	42	0.60978
141	43	1.19889
141	68	1.13386
141	69	0.75339
141	82	0.700464
141	85	1.14934
141	88	0.651954
141	95	1.17893
141	96	1.16276
141	105	1.12508
141	110	0.635105
141	112	1.1103
141	118	1.13302
141	119	1.13568
141	125	1.10232
141	130	0.628792
141	131	0.647209
141	134	1.15044
141	138	1.12754
141	140	1.13857
141	143	1.12808
141	147	1.12427
141	148	1.12288
141	150	0.740048
141	151	1.16695
141	156	1.12533
141	157	1.15538
141	158	1.11811
141	161	1.14258
141	162	1.11721
141	167	0.675547
141	172	0.689023
141	179	0.67548
142	11	1.19273
142	17	1.14843
142	32	1.10082
142	33	0.72419
142	58	1.12771
142	74	1.08512
142	76	1.1701
142	80	0.624701
142	83	0.658127
142	85	0.721919
142	89	1.08813
142	103	1.13567
142	104	1.11134
142	108	1.09045
142	109	1.10423
142	115	1.0773
142	117	1.13525
142	121	0.757394
142	124	1.09414
142	126	1.13482
142	128	1.11689
142	130	0.648349
142	132	1.13303
142	133	1.14204
142	135	1.15099
142	136	1.14543
142	137	0.708951
142	144	0.698375
142	145	1.13529
142	156	0.678302
142	159	1.15714
142	165	1.11623
142	166	1.11596
142	170	1.11742
142	172	1.13716
142	173	1.13617
142	174	0.684337
142	180	0.702468
143	5	0.606536
143	20	0.873554
143	26	1.12019
143	32	0.724379
143	37	1.10654
143	51	0.765513
143	55	1.05225
143	61	0.6938
143	62	1.10411
143	69	1.09434
143	72	0.581188
143	79	1.16789
143	83	1.1297
143	87	1.19289
143	98	1.13066
143	116	1.07908
143	121	1.12742
143	125	1.0925
143	132	0.659615
143	133	0.662079
143	134	1.14061
143	140	1.12874
143	141	1.12808
143	145	0.653424
143	147	1.11444
143	148	1.11306
143	151	1.15713
143	155	1.13841
143	157	1.14556
143	158	1.10829
143	166	0.7032
143	169	1.14189
143	173	0.671968
143	176	1.15568
143	177	1.14574
143	178	1.14269
143	179	1.12037
143	180	1.12174
144	18	0.665542
144	29	0.586185
144	35	1.12855
144	42	0.58313
144	49	1.09824
144	76	0.65723
144	77	0.621072
144	86	1.13254
144	99	1.15879
144	111	0.647606
144	123	1.19474
144	127	1.15543
144	129	1.18479
144	137	1.14809
144	139	1.16342
144	140	0.694361
144	142	0.698375
144	146	1.15071
144	148	0.675733
144	149	1.13239
144	150	1.12571
144	153	1.16572
144	154	1.16783
144	155	1.16587
144	156	1.14297
144	157	0.635995
144	161	0.669135
144	164	1.15306
144	167	1.14019
144	168	0.659538
144	169	1.16935
144	172	1.1663
144	174	1.15832
144	175	1.17344
144	176	1.18314
144	177	1.1732
144	178	1.17016
144	179	1.14784
144	180	1.14921
145	17	1.16882
145	18	1.1619
145	20	1.03497
145	27	1.14282
145	40	0.787373
145	51	1.09479
145	67	0.672067
145	72	1.21705
145	74	1.10551
145	98	0.634599
145	103	1.15607
145	109	1.12463
145	115	1.0977
145	117	1.15565
145	124	1.11454
145	126	1.15521
145	128	1.13728
145	132	1.15343
145	133	1.16243
145	135	1.17139
145	136	1.16582
145	137	0.668496
145	139	0.629917
145	142	1.13529
145	143	0.653424
145	150	0.71915
145	155	0.613079
145	158	0.726381
145	159	1.17753
145	160	1.15616
145	163	1.12194
145	165	1.13662
145	166	1.13636
145	170	1.13782
145	171	1.16418
145	172	1.15755
145	173	1.15656
145	176	0.610754
145	178	0.630278
145	180	0.662012
146	3	0.599424
146	14	1.14421
146	17	0.634494
146	28	0.695335
146	35	1.10609
146	60	1.23056
146	66	1.12324
146	70	0.721698
146	72	0.560907
146	99	1.13633
146	102	1.14205
146	121	0.686412
146	123	1.17228
146	125	0.720405
146	127	1.13297
146	130	1.15618
146	131	1.15696
146	139	1.14096
146	140	0.669585
146	144	1.15071
146	147	0.677293
146	149	1.10993
146	150	1.10325
146	152	1.16837
146	154	1.14537
146	155	1.14341
146	158	0.695854
146	163	0.686075
146	164	1.1306
146	165	0.646602
146	167	1.11773
146	169	1.14689
146	172	1.14384
146	174	1.13586
146	175	1.15098
146	176	1.16068
146	177	1.15074
146	178	1.1477
146	179	1.12537
146	180	1.12674
147	3	1.18754
147	13	1.14981
147	15	1.13825
147	24	1.11466
147	28	1.10725
147	39	1.19054
147	43	1.18526
147	67	0.716216
147	68	1.12022
147	85	1.13571
147	95	1.1653
147	96	1.14912
147	105	1.11145
147	112	1.09666
147	118	1.11939
147	120	0.701878
147	125	1.08869
147	130	0.652042
147	134	1.1368
147	138	1.11391
147	140	1.12493
147	141	1.12427
147	143	1.11444
147	146	0.677293
147	148	1.10925
147	151	1.15332
147	152	0.633471
147	155	0.657228
147	156	1.1117
147	157	1.14175
147	158	1.10448
147	160	1.13363
147	161	1.12895
147	162	1.10357
147	166	0.757595
147	167	0.698798
147	168	1.13915
147	169	0.657982
147	171	0.712957
147	174	0.688031
147	177	0.654838
148	2	1.04942
148	3	1.18615
148	28	1.10586
148	39	1.18915
148	41	1.18897
148	43	1.18387
148	68	1.11884
148	71	1.19149
148	95	1.16391
148	98	0.652413
148	105	1.11006
148	111	1.16892
148	112	1.09528
148	115	0.778118
148	118	1.118
148	119	1.12065
148	120	0.675542
148	122	0.677578
148	125	1.0873
148	134	1.13542
148	136	0.686304
148	137	0.686309
148	138	1.11252
148	140	1.12355
148	141	1.12288
148	143	1.11306
148	144	0.675733
148	147	1.10925
148	149	0.702641
148	151	1.15193
148	152	0.607135
148	156	1.11031
148	157	1.14036
148	158	1.10309
148	160	1.13225
148	161	1.12756
148	162	1.10218
148	165	0.694943
148	168	1.13776
148	171	0.686621
148	180	0.679826
149	16	0.677993
149	26	0.736554
149	27	0.733622
149	38	1.17354
149	53	1.04072
149	76	0.684137
149	85	0.70262
149	86	1.09175
149	88	1.0973
149	93	0.681855
149	95	0.679185
149	100	1.13193
149	107	1.09946
149	114	1.13504
149	117	0.708578
149	120	1.11265
149	123	1.15396
149	127	1.11465
149	129	1.144
149	130	1.13786
149	131	1.13864
149	137	1.1073
149	139	1.12264
149	144	1.13239
149	146	1.10993
149	148	0.702641
149	154	1.12704
149	155	1.12509
149	162	1.09406
149	164	1.11228
149	165	0.698286
149	167	1.0994
149	168	0.686446
149	169	1.12856
149	173	0.703371
149	174	1.11753
149	175	1.13266
149	176	1.14235
149	177	1.13242
149	178	1.12937
149	179	1.10705
149	180	1.10842
150	36	1.08497
150	42	0.644361
150	44	0.607967
150	49	1.05077
150	53	1.03404
150	60	1.20555
150	64	1.09529
150	67	1.09793
150	73	0.666637
150	84	0.770626
150	88	1.09062
150	100	1.12525
150	106	1.10124
150	114	1.12837
150	117	0.7429
150	120	1.10597
150	122	1.0882
150	125	0.806412
150	127	1.10797
150	130	1.13118
150	131	1.13196
150	136	0.72397
150	137	1.10062
150	139	1.11596
150	140	0.755591
150	141	0.740048
150	144	1.12571
150	145	0.71915
150	146	1.10325
150	154	1.12036
150	155	1.11841
150	159	0.697971
150	164	1.1056
150	167	1.09272
150	168	0.720769
150	169	1.12189
150	172	1.11884
150	174	1.11086
150	175	1.12598
150	176	1.13567
150	178	1.12269
150	179	1.10037
150	180	1.10174
151	2	1.09349
151	3	1.23022
151	5	0.590298
151	7	1.22658
151	10	0.61722
151	15	1.18093
151	21	1.19202
151	24	1.15734
151	28	1.14993
151	39	1.23322
151	43	1.22794
151	53	0.796453
151	64	0.633919
151	68	1.16291
151	85	1.17839
151	95	1.20798
151	105	1.15413
151	106	0.664815
151	110	0.587723
151	111	1.21299
151	112	1.13935
151	118	1.16207
151	119	1.16472
151	125	1.13137
151	130	0.58141
151	134	1.17949
151	137	0.642012
151	138	1.15659
151	140	1.16762
151	141	1.16695
151	143	1.15713
151	147	1.15332
151	148	1.15193
151	152	0.562838
151	154	0.623231
151	157	1.18443
151	158	1.14716
151	160	1.17632
151	161	1.17163
151	163	0.690118
151	164	0.636919
151	168	1.18184
151	169	0.587349
151	175	0.592767
152	3	0.555602
152	21	1.19826
152	23	1.24017
152	24	0.661646
152	27	1.16922
152	28	0.651513
152	29	1.17582
152	31	1.3735
152	34	1.24017
152	46	0.593932
152	47	1.06339
152	48	1.3735
152	52	1.14339
152	79	0.579234
152	80	1.21877
152	85	0.607114
152	89	1.13493
152	91	0.585088
152	94	0.582128
152	95	0.58368
152	97	0.750373
152	108	1.13725
152	124	1.14094
152	127	1.17309
152	128	1.16368
152	136	1.19222
152	146	1.16837
152	147	0.633471
152	148	0.607135
152	151	0.562838
152	158	0.652032
152	159	1.20393
152	160	1.18256
152	163	1.14835
152	164	1.17072
152	165	1.16302
152	168	0.59094
152	169	1.18701
152	170	1.16422
152	171	1.19059
152	173	1.18297
152	174	1.17598
152	176	1.20079
152	177	1.19086
152	179	1.16549
152	180	1.16686
153	15	0.620589
153	16	0.614192
153	19	1.16941
153	25	1.1315
153	26	1.14019
153	32	0.691981
153	50	0.544029
153	54	0.803158
153	58	0.667336
153	62	1.12411
153	65	1.14254
153	70	1.11146
153	80	1.19366
153	81	1.15084
153	82	1.15117
153	84	0.672503
153	86	1.12508
153	87	1.21289
153	90	1.10629
153	91	1.18405
153	92	1.10628
153	93	1.18243
153	97	1.0835
153	99	1.15133
153	101	1.15998
153	104	0.67361
153	116	1.09908
153	121	1.14742
153	123	1.18728
153	124	0.689213
153	132	0.627217
153	144	1.16572
153	162	1.12738
153	165	0.634485
153	166	0.670802
153	168	1.16296
153	169	1.16189
153	170	0.65958
153	171	0.626164
153	172	1.15884
153	174	1.15086
153	175	1.16598
153	176	1.17568
153	177	1.16574
153	178	1.1627
153	180	1.14174
154	10	0.629748
154	16	0.642881
154	37	0.697595
154	38	1.20898
154	42	0.574926
154	49	1.09289
154	53	1.07616
154	57	1.15724
154	66	1.14036
154	72	0.577479
154	88	1.13274
154	96	0.661045
154	98	1.15278
154	99	1.15344
154	100	1.16737
154	102	1.15916
154	105	0.678359
154	109	0.730573
154	114	1.17048
154	122	1.13032
154	123	1.18939
154	125	0.736977
154	130	1.17329
154	137	1.14274
154	144	1.16783
154	146	1.14537
154	149	1.12704
154	150	1.12036
154	151	0.623231
154	155	1.16053
154	156	1.13762
154	159	0.628536
154	161	0.66093
154	162	1.12949
154	164	1.14772
154	166	0.699491
154	167	1.13484
154	168	0.651334
154	169	1.164
154	174	1.15297
154	175	1.1681
154	176	1.17779
154	177	1.16785
154	178	1.16481
154	179	1.14249
154	180	1.14386
155	35	1.12125
155	51	0.725167
155	64	1.13545
155	65	0.676882
155	70	0.701633
155	73	0.560566
155	86	1.12524
155	87	0.58995
155	96	0.624409
155	99	1.15149
155	106	1.1414
155	107	1.13295
155	113	0.699379
155	114	1.16853
155	116	0.795357
155	117	0.636829
155	122	1.12836
155	123	1.18744
155	127	1.14813
155	129	1.17749
155	131	1.17212
155	137	1.14079
155	139	1.15612
155	143	1.13841
155	144	1.16587
155	145	0.613079
155	146	1.14341
155	147	0.657228
155	149	1.12509
155	150	1.11841
155	154	1.16053
155	160	1.1576
155	163	0.66601
155	164	1.14576
155	167	1.13289
155	169	1.16205
155	171	0.618216
155	172	1.159
155	173	0.631623
155	174	1.15102
155	175	1.16614
155	176	1.17584
155	177	1.1659
155	178	1.16286
155	179	1.14054
155	180	1.1419
156	5	0.590958
156	9	1.37864
156	19	0.660237
156	25	0.691598
156	30	1.09554
156	38	1.18412
156	44	1.23805
156	50	1.23805
156	51	0.749935
156	54	1.0165
156	55	0.806595
156	73	1.15969
156	77	1.13002
156	78	1.04297
156	87	0.614718
156	93	0.634874
156	94	1.13673
156	95	1.16636
156	96	1.15019
156	103	0.661674
156	107	1.11005
156	124	0.706033
156	125	1.08975
156	132	0.644037
156	134	1.13787
156	135	0.650264
156	140	1.126
156	141	1.12533
156	142	0.678302
156	144	1.14297
156	147	1.1117
156	148	1.11031
156	154	1.13762
156	157	1.14281
156	158	1.10555
156	159	0.616668
156	161	1.13001
156	163	0.690778
156	164	1.12286
156	168	1.14022
156	169	1.13915
156	174	1.12811
156	175	1.14324
156	177	1.143
156	178	1.13995
156	179	1.11763
156	180	1.119
157	2	1.08193
157	3	1.21865
157	13	1.18092
157	15	1.16936
157	24	1.14577
157	28	1.13836
157	33	0.66181
157	39	1.22165
157	41	1.22147
157	43	1.21637
157	64	0.638478
157	68	1.15134
157	71	1.22399
157	85	1.16682
157	89	0.780513
157	95	1.19641
157	96	1.18024
157	103	0.665573
157	105	1.14256
157	110	0.592282
157	111	1.20142
157	112	1.12778
157	118	1.1505
157	120	0.635804
157	122	0.637839
157	125	1.1198
157	126	0.655675
157	134	1.16792
157	138	1.14502
157	139	0.607992
157	140	1.15605
157	141	1.15538
157	143	1.14556
157	144	0.635995
157	147	1.14175
157	148	1.14036
157	151	1.18443
157	156	1.14281
157	158	1.13559
157	160	1.16475
157	161	1.16006
157	162	1.13469
157	168	1.17027
157	172	0.6462
157	176	0.588829
157	177	0.588764
157	179	0.632656
157	180	0.640087
158	2	1.04466
158	3	1.18139
158	11	1.18445
158	13	1.14365
158	15	1.13209
158	24	1.1085
158	28	1.1011
158	39	1.18439
158	41	1.1842
158	43	1.1791
158	57	0.682386
158	60	0.549866
158	68	1.11407
158	71	1.18672
158	85	1.12955
158	95	1.15914
158	96	1.14297
158	105	1.1053
158	111	1.16416
158	112	1.09051
158	118	1.11323
158	119	1.11589
158	123	0.645956
158	125	1.08254
158	133	0.735036
158	134	1.13065
158	139	0.692628
158	140	1.11878
158	141	1.11811
158	143	1.10829
158	145	0.726381
158	146	0.695854
158	147	1.10448
158	148	1.10309
158	151	1.14716
158	152	0.652032
158	156	1.10555
158	157	1.13559
158	160	1.12748
158	161	1.12279
158	162	1.09742
158	164	0.726113
158	168	1.133
158	172	0.730835
158	175	0.681962
158	176	0.673464
158	178	0.692988
158	180	0.724723
159	4	1.08933
159	10	1.22526
159	14	0.621597
159	16	1.18677
159	18	1.18375
159	27	1.16467
159	32	1.14307
159	42	1.23218
159	49	0.749187
159	51	1.11664
159	58	1.16996
159	66	0.688293
159	74	1.12736
159	75	1.11948
159	76	1.21235
159	91	0.638258
159	98	0.61342
159	103	1.17792
159	104	1.15358
159	106	0.670119
159	108	1.1327
159	109	1.14648
159	113	1.1443
159	115	1.11955
159	124	1.13639
159	126	1.17706
159	128	1.15913
159	135	1.19324
159	136	1.18767
159	142	1.15714
159	145	1.17753
159	150	0.697971
159	152	1.20393
159	154	0.628536
159	156	0.616668
159	160	1.17801
159	162	0.658063
159	163	1.14379
159	164	0.642223
159	165	1.15847
159	166	1.15821
159	170	1.15967
159	171	1.18603
159	173	1.17841
159	175	0.598072
159	176	0.589575
159	177	0.589511
159	178	0.609099
160	13	1.17281
160	19	0.643709
160	26	0.673046
160	46	0.625929
160	48	0.439377
160	50	0.544321
160	54	0.803451
160	56	0.58207
160	62	0.730752
160	63	0.652175
160	66	1.13743
160	72	1.21752
160	74	1.10599
160	81	0.607229
160	85	1.15871
160	88	1.12981
160	90	0.708231
160	91	0.617085
160	92	0.75068
160	93	0.618346
160	95	1.18829
160	104	1.13221
160	112	1.11966
160	116	0.803598
160	118	1.14239
160	131	1.17115
160	134	1.1598
160	139	1.15515
160	145	1.15616
160	147	1.13363
160	148	1.13225
160	151	1.17632
160	152	1.18256
160	155	1.1576
160	157	1.16475
160	158	1.12748
160	159	1.17801
160	161	1.15195
160	163	1.12242
160	165	1.1371
160	169	1.16108
160	170	1.13829
160	173	1.15704
160	174	1.15005
160	175	1.16517
160	176	1.17487
160	178	1.16189
160	179	1.13956
160	180	1.14093
161	2	1.06913
161	3	1.20585
161	7	1.20221
161	11	1.20892
161	15	1.15656
161	17	0.676236
161	21	1.16765
161	22	0.626802
161	24	1.13297
161	28	1.12556
161	33	0.69495
161	39	1.20885
161	43	1.20357
161	68	1.13854
161	69	0.743707
161	71	1.21119
161	83	0.628887
161	85	1.15402
161	95	1.18361
161	96	1.16744
161	105	1.12976
161	111	1.18862
161	112	1.11498
161	114	0.635604
161	118	1.1377
161	119	1.14036
161	125	1.107
161	131	0.637526
161	134	1.15512
161	138	1.13222
161	140	1.14325
161	141	1.14258
161	144	0.669135
161	147	1.12895
161	148	1.12756
161	151	1.17163
161	154	0.66093
161	156	1.13001
161	157	1.16006
161	158	1.12279
161	160	1.15195
161	162	1.12189
161	168	1.15747
161	174	0.655097
161	175	0.630466
161	176	0.621969
161	177	0.621904
161	178	0.641492
161	179	0.665796
162	8	1.18898
162	16	0.672407
162	26	1.10932
162	44	0.568059
162	46	1.1964
162	47	0.834032
162	52	0.630193
162	55	1.04138
162	59	1.10893
162	79	1.15702
162	82	0.695137
162	85	1.12864
162	89	1.07894
162	95	1.15823
162	96	1.14206
162	100	1.13438
162	101	1.12911
162	108	0.749266
162	109	0.7601
162	112	1.0896
162	116	1.06821
162	117	0.702992
162	118	1.11232
162	121	1.11655
162	122	1.09733
162	126	0.693171
162	128	0.737544
162	133	0.687896
162	135	0.691659
162	140	1.11787
162	141	1.11721
162	147	1.10357
162	148	1.10218
162	149	1.09406
162	153	1.12738
162	154	1.12949
162	157	1.13469
162	158	1.09742
162	159	0.658063
162	161	1.12189
162	167	1.10185
162	168	1.13209
162	169	1.13102
162	170	0.717795
162	176	1.1448
162	177	1.13487
162	178	1.13182
162	179	1.1095
162	180	1.11087
163	4	1.03375
163	5	1.18589
163	7	1.17269
163	10	1.16968
163	13	1.13859
163	14	0.695707
163	16	1.13118
163	17	1.13508
163	20	1.00123
163	32	1.08748
163	36	0.718064
163	40	0.840304
163	51	1.06105
163	61	1.11185
163	71	1.18166
163	75	1.06389
163	76	1.15676
163	84	1.11727
163	103	1.12233
163	104	1.098
163	106	0.744229
163	108	1.07711
163	109	1.09089
163	111	1.1591
163	113	1.08872
163	117	1.12191
163	122	0.712695
163	124	1.0808
163	126	1.12148
163	128	1.10354
163	132	1.11969
163	133	1.12869
163	135	1.13765
163	138	1.1027
163	145	1.12194
163	146	0.686075
163	151	0.690118
163	152	1.14835
163	155	0.66601
163	156	0.690778
163	159	1.14379
163	160	1.12242
163	165	1.10288
163	166	1.10262
163	168	0.71822
163	169	0.666764
163	170	1.10408
163	171	1.13045
163	173	1.12282
163	175	0.672182
163	178	0.683208
163	179	0.707512
163	180	0.714943
164	5	0.616514
164	6	1.05428
164	12	1.15337
164	22	1.14881
164	35	1.10844
164	39	0.622653
164	40	1.08426
164	50	0.586405
164	59	1.12715
164	60	1.23291
164	66	1.12559
164	71	0.565075
164	88	1.11798
164	95	0.65776
164	97	0.824454
164	99	1.13868
164	100	1.15261
164	101	0.69174
164	102	1.1444
164	106	1.12859
164	107	1.12014
164	109	0.744261
164	111	0.653089
164	115	0.760037
164	118	0.685607
164	120	1.13332
164	122	1.11555
164	129	1.16468
164	131	1.15931
164	137	1.12798
164	139	1.14331
164	144	1.15306
164	146	1.1306
164	149	1.11228
164	150	1.1056
164	151	0.636919
164	152	1.17072
164	154	1.14772
164	155	1.14576
164	156	1.12286
164	158	0.726113
164	159	0.642223
164	167	1.12008
164	169	1.14924
164	170	0.701956
164	172	1.14619
164	173	0.681946
164	174	1.13821
164	175	1.15333
164	176	1.16303
164	177	1.15309
164	178	1.15005
164	179	1.12773
164	180	1.12909
165	4	1.04843
165	5	1.20057
165	7	1.18736
165	12	0.649738
165	13	1.15327
165	16	1.14586
165	17	1.14976
165	20	1.01591
165	25	0.730881
165	32	1.10216
165	40	0.800832
165	41	1.19382
165	42	1.19127
165	45	1.07182
165	51	1.07573
165	53	0.836396
165	71	1.19634
165	75	1.07857
165	84	1.13195
165	89	1.08946
165	91	0.672895
165	100	0.645771
165	103	1.13701
165	106	0.704757
165	108	1.09179
165	115	1.07864
165	117	1.13659
165	119	1.12551
165	124	1.09548
165	126	1.13616
165	128	1.11822
165	132	1.13437
165	133	1.14337
165	135	1.15233
165	136	1.14676
165	142	1.11623
165	145	1.13662
165	146	0.646602
165	148	0.694943
165	149	0.698286
165	152	1.16302
165	153	0.634485
165	159	1.15847
165	160	1.1371
165	163	1.10288
165	166	1.1173
165	167	0.668107
165	170	1.11876
165	171	1.14512
165	172	1.1385
165	173	1.1375
165	174	0.657341
165	177	0.624148
165	179	0.66804
165	180	0.675471
166	5	1.20031
166	17	1.1495
166	18	1.14258
166	20	1.01564
166	23	0.590168
166	32	1.10189
166	35	0.683107
166	41	1.19355
166	51	1.07547
166	57	1.13452
166	58	1.12878
166	61	1.12626
166	69	1.09373
166	72	1.19772
166	74	1.08619
166	76	1.17117
166	80	0.634021
166	84	1.13169
166	85	0.731239
166	86	0.731044
166	103	1.13674
166	104	1.11241
166	109	1.1053
166	110	1.15938
166	113	1.10313
166	115	1.07837
166	117	1.13632
166	119	1.12524
166	124	1.09521
166	126	1.13589
166	128	1.11796
166	130	0.657669
166	132	1.1341
166	133	1.14311
166	135	1.15206
166	136	1.1465
166	137	0.718272
166	142	1.11596
166	143	0.7032
166	145	1.13636
166	147	0.757595
166	153	0.670802
166	154	0.699491
166	159	1.15821
166	163	1.10262
166	165	1.1173
166	167	0.704424
166	170	1.11849
166	171	1.14486
166	172	1.13823
166	173	1.13724
166	174	0.693658
166	175	0.669027
166	176	0.660529
166	179	0.704357
167	12	1.14049
167	13	1.14809
167	15	0.654212
167	22	1.13593
167	28	0.71684
167	37	0.702529
167	39	0.6139
167	40	1.07138
167	41	1.18864
167	44	0.543466
167	51	0.766737
167	53	1.04852
167	58	0.700958
167	60	1.22003
167	67	1.1124
167	75	0.737764
167	84	0.706125
167	86	1.09955
167	88	1.1051
167	100	1.13973
167	102	1.13152
167	106	1.11572
167	113	0.740949
167	114	1.14284
167	120	1.12045
167	122	1.10268
167	123	1.16175
167	127	1.12245
167	129	1.1518
167	130	1.14565
167	131	1.14643
167	137	1.1151
167	141	0.675547
167	144	1.14019
167	146	1.11773
167	147	0.698798
167	149	1.0994
167	150	1.09272
167	154	1.13484
167	155	1.13289
167	162	1.10185
167	164	1.12008
167	165	0.668107
167	166	0.704424
167	169	1.13636
167	170	0.693202
167	172	1.13331
167	173	0.673193
167	174	1.12533
167	175	1.14046
167	176	1.15015
167	177	1.14021
167	178	1.13717
167	179	1.11485
167	180	1.11622
168	9	1.40609
168	15	1.16677
168	25	1.13621
168	27	1.14881
168	30	1.12299
168	33	1.14519
168	44	1.2655
168	50	1.2655
168	54	1.04395
168	56	1.18204
168	63	1.15017
168	65	1.14725
168	70	1.11616
168	73	1.18714
168	77	1.15747
168	78	1.07043
168	81	1.15555
168	82	1.15588
168	83	1.15441
168	86	0.682887
168	90	1.111
168	91	1.18875
168	93	1.18714
168	94	1.16418
168	97	1.08821
168	99	0.616987
168	107	0.642008
168	110	1.1847
168	112	1.12518
168	118	1.1479
168	120	0.659347
168	123	0.584865
168	125	1.11721
168	127	0.62709
168	137	0.670115
168	140	1.15345
168	144	0.659538
168	147	1.13915
168	148	1.13776
168	149	0.686446
168	150	0.720769
168	151	1.18184
168	152	0.59094
168	153	1.16296
168	154	0.651334
168	156	1.14022
168	157	1.17027
168	158	1.133
168	161	1.15747
168	162	1.13209
168	163	0.71822
168	169	0.615452
168	176	0.612372
168	177	0.612308
168	179	0.6562
169	6	1.07057
169	10	0.593866
169	12	1.16966
169	14	1.16285
169	39	0.573084
169	40	1.10055
169	55	0.782581
169	58	0.660142
169	60	1.24919
169	64	1.13893
169	67	1.14157
169	75	0.696948
169	86	1.12871
169	88	1.13426
169	93	0.61086
169	98	1.1543
169	99	1.15496
169	100	1.16889
169	102	1.16069
169	106	1.14488
169	107	1.13643
169	109	0.694691
169	113	0.700133
169	119	0.706089
169	120	1.14961
169	121	0.667101
169	127	1.15161
169	128	0.672135
169	129	1.18097
169	130	1.17482
169	131	1.1756
169	133	0.622488
169	136	0.618652
169	139	1.1596
169	143	1.14189
169	144	1.16935
169	146	1.14689
169	147	0.657982
169	149	1.12856
169	150	1.12189
169	151	0.587349
169	152	1.18701
169	153	1.16189
169	154	1.164
169	155	1.16205
169	156	1.13915
169	160	1.16108
169	162	1.13102
169	163	0.666764
169	164	1.14924
169	167	1.13636
169	168	0.615452
169	170	0.652386
169	171	0.61897
169	172	1.16248
169	174	1.15449
169	175	1.16962
169	176	1.17931
169	177	1.16938
169	178	1.16633
169	179	1.14401
169	180	1.14538
170	5	1.20177
170	10	1.18555
170	16	1.14706
170	17	1.15096
170	18	1.14404
170	27	1.12495
170	32	1.10335
170	42	1.19246
170	45	1.07301
170	51	1.07693
170	58	1.13024
170	61	1.12772
170	69	1.09519
170	74	1.08765
170	75	1.07976
170	76	1.17263
170	83	0.656225
170	84	1.13315
170	86	0.719821
170	88	0.669609
170	90	0.789136
170	94	0.69503
170	103	1.1382
170	104	1.11387
170	107	0.678943
170	108	1.09298
170	109	1.10676
170	110	1.16084
170	111	1.17497
170	113	1.10459
170	115	1.07983
170	117	1.13778
170	119	1.1267
170	124	1.09667
170	126	1.13735
170	128	1.11942
170	129	0.649241
170	132	1.13556
170	133	1.14457
170	135	1.15352
170	136	1.14796
170	137	0.707049
170	138	1.11857
170	139	0.668471
170	142	1.11742
170	145	1.13782
170	152	1.16422
170	153	0.65958
170	159	1.15967
170	160	1.13829
170	162	0.717795
170	163	1.10408
170	164	0.701956
170	165	1.11876
170	166	1.11849
170	167	0.693202
170	169	0.652386
170	171	1.14632
170	172	1.13969
170	173	1.1387
170	174	0.682435
170	176	0.649307
170	177	0.649243
170	178	0.668831
170	180	0.700566
171	4	1.07599
171	5	1.22814
171	7	1.21493
171	10	1.21192
171	12	0.641417
171	15	0.668371
171	17	1.17732
171	18	1.1704
171	20	1.04347
171	32	1.12972
171	42	1.21883
171	43	0.571917
171	45	1.09938
171	51	1.10329
171	57	1.16235
171	58	1.15661
171	59	0.672601
171	72	1.22555
171	74	1.11401
171	75	1.10613
171	76	1.199
171	82	0.684704
171	84	1.15952
171	101	0.697146
171	103	1.16457
171	104	1.14024
171	107	0.645527
171	108	1.11935
171	109	1.13313
171	110	1.18721
171	111	1.20134
171	113	1.13096
171	115	1.1062
171	117	1.16415
171	119	1.15307
171	124	1.12304
171	126	1.16372
171	128	1.14578
171	129	0.615825
171	130	0.613031
171	131	0.631448
171	132	1.16193
171	133	1.17093
171	134	0.65093
171	135	1.17989
171	136	1.17432
171	138	1.14494
171	140	0.705249
171	145	1.16418
171	147	0.712957
171	148	0.686621
171	152	1.19059
171	153	0.626164
171	155	0.618216
171	159	1.18603
171	163	1.13045
171	165	1.14512
171	166	1.14486
171	169	0.61897
171	170	1.14632
171	172	1.16606
171	173	1.16507
171	174	0.64902
171	178	0.635415
171	179	0.659719
172	9	0.463439
172	14	1.1598
172	16	1.16679
172	23	0.544847
172	24	0.740449
172	26	1.14078
172	29	0.59639
172	31	0.447584
172	33	1.14107
172	36	1.12557
172	37	1.12713
172	43	0.571234
172	46	1.22786
172	47	0.822915
172	55	1.07284
172	62	1.1247
172	68	0.708071
172	69	1.11493
172	74	1.10738
172	77	0.631277
172	78	0.80607
172	79	1.18848
172	81	0.654035
172	82	0.68402
172	83	1.15029
172	84	1.15289
172	85	0.685917
172	87	1.21348
172	91	0.663891
172	92	1.10686
172	101	1.16057
172	105	0.696769
172	109	1.1265
172	112	0.71247
172	116	1.09967
172	117	1.15752
172	121	1.14801
172	124	1.11641
172	126	1.15709
172	129	1.17792
172	132	1.1553
172	140	0.704566
172	141	0.689023
172	142	1.13716
172	144	1.1663
172	145	1.15755
172	146	1.14384
172	150	1.11884
172	153	1.15884
172	155	1.159
172	157	0.6462
172	158	0.730835
172	164	1.14619
172	165	1.1385
172	166	1.13823
172	167	1.13331
172	169	1.16248
172	170	1.13969
172	171	1.16606
172	173	1.15844
172	175	1.16657
172	176	1.17626
172	177	1.16633
172	178	1.16328
172	179	1.14096
172	180	1.14233
173	1	1.22932
173	4	1.06837
173	5	1.22051
173	16	1.1658
173	17	1.1697
173	18	1.16278
173	20	1.03585
173	37	0.730095
173	41	1.21376
173	42	1.21121
173	44	0.571032
173	45	1.09176
173	51	1.09567
173	57	1.15472
173	58	1.14899
173	61	1.14647
173	67	0.690611
173	69	1.11394
173	72	1.21793
173	74	1.10639
173	75	1.09851
173	76	1.19138
173	83	0.636216
173	84	1.15189
173	88	0.6496
173	89	1.1094
173	99	0.633913
173	100	0.650856
173	103	1.15695
173	104	1.13262
173	108	1.11173
173	110	1.17959
173	112	0.72656
173	113	1.12334
173	115	1.09858
173	117	1.15653
173	124	1.11542
173	126	1.1561
173	132	1.15431
173	133	1.16331
173	135	1.17227
173	136	1.1667
173	138	1.13731
173	142	1.13617
173	143	0.671968
173	145	1.15656
173	149	0.703371
173	152	1.18297
173	155	0.631623
173	159	1.17841
173	160	1.15704
173	163	1.12282
173	164	0.681946
173	165	1.1375
173	166	1.13724
173	167	0.673193
173	170	1.1387
173	171	1.16507
173	172	1.15844
173	174	0.662426
173	175	0.637795
173	176	0.629298
173	177	0.629233
173	178	0.648821
173	179	0.673125
173	180	0.680556
174	3	0.610162
174	6	1.05953
174	12	1.15863
174	14	1.15182
174	18	0.651504
174	35	1.1137
174	36	1.11758
174	38	1.19947
174	40	1.08952
174	52	0.594834
174	53	1.06665
174	59	1.13241
174	64	1.1279
174	65	0.707686
174	67	1.13054
174	70	0.732436
174	77	0.607034
174	80	1.18626
174	83	1.14231
174	86	1.11768
174	89	1.10241
174	92	0.773243
174	98	1.14327
174	99	1.14393
174	100	1.15786
174	107	1.12539
174	108	0.713907
174	109	0.72474
174	110	1.1726
174	111	0.633569
174	122	1.12081
174	123	1.17989
174	127	1.14058
174	129	1.16993
174	130	1.16379
174	131	1.16457
174	133	0.652537
174	134	0.626004
174	137	1.13323
174	138	1.13032
174	142	0.684337
174	144	1.15832
174	146	1.13586
174	147	0.688031
174	149	1.11753
174	150	1.11086
174	152	1.17598
174	153	1.15086
174	154	1.15297
174	155	1.15102
174	156	1.12811
174	160	1.15005
174	161	0.655097
174	164	1.13821
174	165	0.657341
174	166	0.693658
174	167	1.12533
174	169	1.15449
174	170	0.682435
174	171	0.64902
174	173	0.662426
174	175	1.15859
174	176	1.16828
174	177	1.15835
174	178	1.1553
174	179	1.13298
174	180	1.13435
175	11	1.22214
175	12	1.17375
175	14	1.16694
175	21	1.18088
175	22	1.16919
175	25	0.673003
175	33	1.14822
175	34	0.566558
175	45	0.790283
175	49	1.09851
175	53	1.08177
175	59	1.14753
175	60	1.25329
175	64	1.14302
175	67	1.14566
175	68	0.659197
175	69	1.12208
175	71	0.520924
175	76	0.618561
175	86	1.13281
175	87	0.596123
175	88	1.13836
175	93	0.616279
175	98	1.1584
175	99	1.15906
175	100	1.17299
175	102	1.16478
175	104	0.671834
175	106	1.14897
175	107	1.14052
175	112	0.663597
175	114	1.1761
175	115	0.715886
175	118	0.641456
175	120	1.1537
175	121	0.672519
175	123	1.19501
175	124	0.687438
175	129	1.18506
175	130	1.17891
175	131	1.17969
175	136	0.624071
175	137	1.14836
175	138	1.14545
175	139	1.16369
175	144	1.17344
175	146	1.15098
175	149	1.13266
175	150	1.12598
175	151	0.592767
175	153	1.16598
175	154	1.1681
175	155	1.16614
175	156	1.14324
175	158	0.681962
175	159	0.598072
175	160	1.16517
175	161	0.630466
175	163	0.672182
175	164	1.15333
175	166	0.669027
175	167	1.14046
175	169	1.16962
175	172	1.16657
175	173	0.637795
175	174	1.15859
175	176	1.18341
175	177	1.17347
175	178	1.17043
175	179	1.14811
175	180	1.14947
176	4	0.79509
176	6	1.08435
176	22	1.17888
176	33	1.15791
176	35	1.13852
176	36	1.1424
176	38	1.22429
176	40	1.11433
176	45	0.781785
176	48	0.428811
176	49	1.1082
176	53	1.09147
176	54	0.792885
176	57	1.17255
176	59	1.15723
176	66	1.15567
176	67	1.15535
176	76	0.610064
176	86	1.1425
176	88	1.14805
176	89	1.12723
176	91	0.60652
176	96	0.622084
176	98	1.16809
176	102	1.17448
176	106	1.15867
176	107	1.15021
176	110	1.19742
176	111	0.60044
176	112	0.655099
176	114	1.18579
176	117	0.634504
176	118	0.632958
176	120	1.1634
176	121	0.664021
176	122	1.14563
176	123	1.2047
176	125	0.698015
176	126	0.624683
176	127	1.1654
176	129	1.19475
176	130	1.1886
176	131	1.18938
176	132	0.616944
176	137	1.15805
176	138	1.15514
176	139	1.17339
176	143	1.15568
176	144	1.18314
176	145	0.610754
176	146	1.16068
176	149	1.14235
176	150	1.13567
176	152	1.20079
176	153	1.17568
176	154	1.17779
176	155	1.17584
176	157	0.588829
176	158	0.673464
176	159	0.589575
176	160	1.17487
176	161	0.621969
176	162	1.1448
176	164	1.16303
176	166	0.660529
176	167	1.15015
176	168	0.612372
176	169	1.17931
176	170	0.649307
176	172	1.17626
176	173	0.629298
176	174	1.16828
176	175	1.18341
176	177	1.18316
176	178	1.18012
176	179	1.1578
176	180	1.15917
177	1	1.23721
177	4	0.795026
177	6	1.07442
177	7	1.2152
177	14	1.1667
177	22	1.16894
177	30	0.676847
177	36	1.13247
177	38	1.21436
177	40	1.1044
177	41	1.22165
177	45	0.781721
177	46	0.615299
177	49	1.09826
177	53	1.08153
177	57	1.16262
177	59	1.14729
177	64	1.14278
177	66	1.14573
177	67	1.14542
177	74	0.708234
177	77	0.573841
177	79	0.600602
177	80	1.20115
177	83	1.15719
177	87	0.587561
177	88	1.13811
177	89	1.1173
177	98	1.15815
177	99	1.15882
177	100	1.17274
177	102	1.16454
177	105	0.639333
177	106	1.14873
177	107	1.14028
177	108	0.680714
177	110	1.18748
177	111	0.600376
177	113	0.69699
177	114	1.17586
177	119	0.702946
177	120	1.15346
177	121	0.663957
177	122	1.13569
177	123	1.19477
177	126	0.624618
177	127	1.15546
177	129	1.18482
177	130	1.17867
177	131	1.17945
177	133	0.619344
177	136	0.615509
177	137	1.14811
177	138	1.14521
177	139	1.16345
177	140	0.647131
177	143	1.14574
177	144	1.1732
177	146	1.15074
177	147	0.654838
177	149	1.13242
177	152	1.19086
177	153	1.16574
177	154	1.16785
177	155	1.1659
177	156	1.143
177	157	0.588764
177	159	0.589511
177	161	0.621904
177	162	1.13487
177	164	1.15309
177	165	0.624148
177	167	1.14021
177	168	0.612308
177	169	1.16938
177	170	0.649243
177	172	1.16633
177	173	0.629233
177	174	1.15835
177	175	1.17347
177	176	1.18316
177	178	1.17018
177	179	1.14786
177	180	1.14923
178	6	1.07137
178	9	0.425592
178	11	1.21885
178	12	1.17047
178	14	1.16365
178	17	0.631628
178	18	0.6379
178	22	1.1659
178	24	0.702602
178	35	1.12553
178	36	1.12942
178	38	1.21131
178	40	1.10135
178	49	1.09522
178	53	1.07849
178	58	0.676587
178	59	1.14424
178	60	1.25
178	64	1.13973
178	66	1.14269
178	67	1.14237
178	68	0.670223
178	69	1.11879
178	78	0.768223
178	80	1.1981
178	83	1.15415
178	86	1.12952
178	88	1.13507
178	89	1.11425
178	94	0.623084
178	95	0.624636
178	98	1.15511
178	99	1.15577
178	101	0.658615
178	102	1.16149
178	104	0.682861
178	106	1.14569
178	107	1.13723
178	108	0.700302
178	109	0.711136
178	110	1.18444
178	114	1.17281
178	115	0.726912
178	117	0.654028
178	120	1.15042
178	122	1.13265
178	123	1.19172
178	126	0.644207
178	127	1.15242
178	129	1.18177
178	130	1.17562
178	131	1.1764
178	133	0.638933
178	134	0.6124
178	137	1.14507
178	139	1.1604
178	143	1.14269
178	144	1.17016
178	145	0.630278
178	146	1.1477
178	149	1.12937
178	150	1.12269
178	153	1.1627
178	154	1.16481
178	155	1.16286
178	156	1.13995
178	158	0.692988
178	159	0.609099
178	160	1.16189
178	161	0.641492
178	162	1.13182
178	163	0.683208
178	164	1.15005
178	167	1.13717
178	169	1.16633
178	170	0.668831
178	171	0.635415
178	172	1.16328
178	173	0.648821
178	174	1.1553
178	175	1.17043
178	176	1.18012
178	177	1.17018
178	179	1.14482
178	180	1.14619
179	1	1.21184
179	6	1.04905
179	7	1.18983
179	12	1.14814
179	13	1.15574
179	14	1.14133
179	21	1.15527
179	22	1.14358
179	25	0.708333
179	31	0.434041
179	35	1.10321
179	36	1.1071
179	38	1.18899
179	41	1.19629
179	48	0.472639
179	49	1.0729
179	53	1.05616
179	55	0.82333
179	59	1.12192
179	60	1.22768
179	64	1.11741
179	66	1.12036
179	67	1.12005
179	69	1.09647
179	70	0.743136
179	74	0.752126
179	75	0.737697
179	80	1.17578
179	81	0.640491
179	83	1.13182
179	86	1.1072
179	88	1.11275
179	98	1.13279
179	99	1.13345
179	100	1.14738
179	104	0.707165
179	106	1.12336
179	107	1.11491
179	110	1.16212
179	111	0.644268
179	114	1.15049
179	115	0.751216
179	118	0.676786
179	119	0.746838
179	120	1.1281
179	122	1.11032
179	123	1.1694
179	124	0.722768
179	126	0.668511
179	127	1.1301
179	129	1.15945
179	130	1.1533
179	131	1.15408
179	132	0.660772
179	135	0.666999
179	137	1.12275
179	138	1.11984
179	139	1.13808
179	141	0.67548
179	143	1.12037
179	144	1.14784
179	146	1.12537
179	149	1.10705
179	150	1.10037
179	152	1.16549
179	154	1.14249
179	155	1.14054
179	156	1.11763
179	157	0.632656
179	160	1.13956
179	161	0.665796
179	162	1.1095
179	163	0.707512
179	164	1.12773
179	165	0.66804
179	166	0.704357
179	167	1.11485
179	168	0.6562
179	169	1.14401
179	171	0.659719
179	172	1.14096
179	173	0.673125
179	174	1.13298
179	175	1.14811
179	176	1.1578
179	177	1.14786
179	178	1.14482
179	180	1.12387
180	1	1.21321
180	6	1.05042
180	7	1.1912
180	9	0.457326
180	11	1.1979
180	12	1.14951
180	13	1.15711
180	14	1.1427
180	15	0.661575
180	20	0.882142
180	21	1.15664
180	22	1.14495
180	27	0.710807
180	33	1.12398
180	35	1.10458
180	36	1.10847
180	38	1.19036
180	40	1.0804
180	41	1.19766
180	49	1.07427
180	50	0.585015
180	52	0.612964
180	53	1.05753
180	57	1.13862
180	59	1.12329
180	60	1.22905
180	61	0.702388
180	64	1.11878
180	66	1.12173
180	67	1.12142
180	69	1.09784
180	71	0.563685
180	72	0.589776
180	74	0.759557
180	75	0.745128
180	80	1.17715
180	81	0.647922
180	83	1.13319
180	86	1.10857
180	88	1.11412
180	89	1.0933
180	95	0.65637
180	96	0.673343
180	98	1.13416
180	99	1.13482
180	100	1.14875
180	102	1.14054
180	103	0.68584
180	104	0.714596
180	106	1.12473
180	107	1.11628
180	108	0.732037
180	110	1.16349
180	114	1.15186
180	120	1.12946
180	122	1.11169
180	123	1.17077
180	127	1.13146
180	128	0.720315
180	129	1.16082
180	130	1.15467
180	131	1.15545
180	134	0.644134
180	135	0.674429
180	137	1.12412
180	138	1.12121
180	139	1.13945
180	142	0.702468
180	143	1.12174
180	144	1.14921
180	145	0.662012
180	146	1.12674
180	148	0.679826
180	149	1.10842
180	150	1.10174
180	152	1.16686
180	153	1.14174
180	154	1.14386
180	155	1.1419
180	156	1.119
180	157	0.640087
180	158	0.724723
180	160	1.14093
180	162	1.11087
180	163	0.714943
180	164	1.12909
180	165	0.675471
180	167	1.11622
180	169	1.14538
180	170	0.700566
180	172	1.14233
180	173	0.680556
180	174	1.13435
180	175	1.14947
180	176	1.15917
180	177	1.14923
180	178	1.14619
180	179	1.12387
