1	56	1.02267
1	116	0.944177
1	143	1.04825
1	152	0.848171
1	162	1.05551
1	164	1.03419
1	170	0.884273
1	175	1.06643
1	176	0.920305
1	178	1.05814
1	179	1.06359
1	180	1.05122
2	44	0.939139
2	89	1.01201
2	125	1.07684
2	143	0.884734
2	146	1.04383
2	160	1.04271
2	164	0.893006
2	165	1.05181
2	170	1.05452
2	173	1.06595
2	176	1.05233
2	178	0.887195
3	122	0.994902
3	152	0.839096
3	155	1.05219
3	161	1.05544
3	162	1.0466
3	166	1.04742
3	168	1.04383
3	170	0.875199
3	173	0.887724
3	175	1.05752
3	179	1.05468
3	180	1.04231
4	33	1.06824
4	158	0.866907
4	160	1.28247
4	166	0.942226
4	167	0.942611
4	168	0.938638
4	172	0.926657
4	173	1.24505
4	175	0.952331
4	178	0.944036
4	179	0.949481
4	180	0.937112
5	45	0.76465
5	93	1.03815
5	94	1.04443
5	96	0.938631
5	99	1.08929
5	121	1.07525
5	130	1.07297
5	133	1.00815
5	164	0.982486
5	170	1.03017
5	173	1.0416
5	179	0.91703
6	13	0.857105
6	21	0.942498
6	34	0.939196
6	37	0.911345
6	62	1.31485
6	65	0.845432
6	68	0.981448
6	87	0.955071
6	88	0.946823
6	118	1.16361
6	169	1.02108
6	177	1.13208
7	17	1.07222
7	26	1.04669
7	45	1.11415
7	61	1.07858
7	67	0.937599
7	72	1.00858
7	75	0.899371
7	77	1.09905
7	84	1.04312
7	158	1.1524
7	161	0.870167
7	169	0.686625
8	22	0.952822
8	71	0.968694
8	111	0.951304
8	112	0.941007
8	124	0.911442
8	131	0.915431
8	144	0.910719
8	145	0.929418
8	158	1.40076
8	159	1.09399
8	166	0.919166
8	174	1.10703
9	26	0.94681
9	28	1.15343
9	41	0.924398
9	66	0.963368
9	136	0.934614
9	142	1.23482
9	165	0.922254
9	167	1.21577
9	170	0.924967
9	173	0.936398
9	174	0.928482
9	177	0.918712
10	22	0.976264
10	24	0.762464
10	51	1.02408
10	57	1.1171
10	59	0.896329
10	81	0.967838
10	94	1.19498
10	124	0.934884
10	131	0.938873
10	137	0.956665
10	166	0.942608
10	177	1.2912
11	70	1.06867
11	76	1.05117
11	87	0.914061
11	90	1.05463
11	97	1.04337
11	135	0.902093
11	148	1.06013
11	160	1.03237
11	174	1.04769
11	175	0.893617
11	176	1.04198
11	179	0.895111
12	29	0.934328
12	61	0.9747
12	72	0.9047
12	84	0.93924
12	94	1.13959
12	155	0.930415
12	165	1.23652
12	170	1.22142
12	175	0.935745
12	178	0.92745
12	179	0.932896
12	180	0.920527
13	6	0.857105
13	21	0.95396
13	25	0.952099
13	37	0.922807
13	47	0.899768
13	65	0.856895
13	70	1.23188
13	87	0.966533
13	88	0.958285
13	130	1.03711
13	169	1.03255
13	177	1.33862
14	33	1.11732
14	50	1.15148
14	69	0.960579
14	80	0.982397
14	135	0.931533
14	146	1.32603
14	150	0.919072
14	162	0.922953
14	172	0.908202
14	178	0.925581
14	179	0.931026
14	180	0.918657
15	58	1.00343
15	98	1.05901
15	134	1.05442
15	154	0.832325
15	159	0.845651
15	163	0.914128
15	167	1.04923
15	168	1.04526
15	172	1.03328
15	175	1.05895
15	179	1.0561
15	180	1.04374
16	21	1.07022
16	34	1.06692
16	37	1.03907
16	44	1.01125
16	47	1.01603
16	57	0.76076
16	65	0.973157
16	82	0.9188
16	88	1.07455
16	163	0.993581
16	169	1.14881
16	177	0.934853
17	7	1.07222
17	45	1.11661
17	61	1.08105
17	67	0.940061
17	72	1.01104
17	77	1.10151
17	84	1.04558
17	122	1.09811
17	126	1.03192
17	130	0.691285
17	169	0.824044
17	177	0.992792
18	33	1.06229
18	107	1.08566
18	114	1.03774
18	122	1.01537
18	143	0.917505
18	144	1.04222
18	159	1.05332
18	170	1.04599
18	171	0.883403
18	173	1.05742
18	178	0.919966
18	180	0.882777
19	102	1.33163
19	111	0.937729
19	124	0.897867
19	131	0.901856
19	137	0.919648
19	146	1.30559
19	150	0.900891
19	166	0.905591
19	170	1.26117
19	175	0.915695
19	178	0.9074
19	179	0.912846
19	180	0.900477
20	91	0.98951
20	96	0.970593
20	99	1.03915
20	101	0.968592
20	126	0.99055
20	136	0.989671
20	140	1.00619
20	154	1.00959
20	156	1.01011
20	157	0.99888
20	169	1.08831
20	171	0.972073
20	180	0.971447
21	6	0.942498
21	13	0.95396
21	16	1.07022
21	34	1.03605
21	37	1.0082
21	47	0.985161
21	65	0.942288
21	88	1.04368
21	119	1.08397
21	130	0.736576
21	161	1.05288
21	169	1.11794
21	177	1.03808
22	8	0.952822
22	10	0.976264
22	59	0.976666
22	82	1.00452
22	111	1.05508
22	112	1.04479
22	124	1.01522
22	131	1.01921
22	137	1.037
22	161	1.03537
22	166	1.02295
22	169	0.851827
22	177	1.02058
23	90	0.955192
23	120	0.958413
23	132	1.03272
23	141	1.05632
23	155	1.01969
23	158	0.939597
23	168	1.01133
23	170	0.949317
23	172	0.999347
23	175	1.02502
23	178	1.01673
23	179	1.02217
23	180	1.0098
24	10	0.762464
24	51	0.89062
24	71	0.858673
24	86	0.857402
24	111	0.841283
24	112	0.830986
24	124	0.801421
24	130	1.82621
24	131	0.80541
24	137	0.823202
24	145	0.819397
24	152	2.07723
24	166	0.809145
25	13	0.952099
25	43	0.995711
25	52	1.05724
25	65	0.940427
25	79	0.803229
25	88	1.04182
25	139	1.07376
25	142	1.00977
25	169	1.11608
25	171	1.01704
25	176	0.96154
25	179	1.01972
25	180	1.00735
26	7	1.04669
26	9	0.94681
26	45	1.09108
26	67	0.914536
26	84	1.02006
26	100	0.879383
26	121	1.04688
26	126	1.0064
26	140	1.02795
26	168	1.01036
26	172	1.03016
26	175	0.984098
26	176	0.999595
27	51	1.11779
27	61	0.903685
27	85	0.87109
27	110	1.03311
27	112	1.05815
27	117	0.861919
27	131	1.03258
27	153	1.04734
27	166	1.03631
27	170	1.03164
27	173	1.04307
27	175	0.961477
28	9	1.15343
28	128	0.866581
28	146	0.952026
28	151	1.03685
28	162	1.0068
28	166	1.00761
28	171	1.01219
28	172	0.992044
28	174	0.925282
28	175	1.01772
28	178	1.00942
28	179	1.01487
28	180	1.0025
29	12	0.934328
29	45	1.0826
29	53	1.06926
29	67	0.906052
29	72	0.977035
29	77	1.06751
29	82	0.964522
29	84	1.01158
29	113	1.05373
29	126	0.997913
29	130	0.679069
29	158	1.2776
29	161	0.995369
30	55	0.957839
30	59	0.966562
30	62	1.10197
30	81	1.03807
30	86	1.0611
30	111	1.04498
30	124	1.00512
30	131	1.00911
30	144	1.00439
30	153	0.945375
30	166	1.01284
30	176	0.940846
30	177	0.919201
31	49	0.99092
31	96	1.01159
31	98	1.01555
31	135	1.01315
31	136	0.987627
31	151	1.03462
31	154	0.95197
31	167	1.00577
31	170	0.960658
31	175	1.01549
31	176	0.996691
31	179	1.01264
31	180	1.00027
32	70	1.02572
32	95	1.00088
32	96	0.967222
32	129	1.00991
32	154	1.0308
32	156	1.03131
32	163	0.987295
32	165	0.998516
32	166	0.990597
32	173	1.01266
32	174	1.00474
32	176	0.999036
32	179	0.94562
33	4	1.06824
33	14	1.11732
33	18	1.06229
33	36	0.993136
33	87	0.838278
33	91	1.00573
33	119	0.985343
33	140	1.0224
33	154	1.02581
33	159	1.00357
33	173	1.00767
33	176	0.994049
33	178	0.878972
34	6	0.939196
34	16	1.06692
34	21	1.03605
34	37	1.0049
34	44	0.977076
34	47	0.981859
34	65	0.938986
34	75	1.04331
34	88	1.04038
34	104	0.857472
34	161	1.0141
34	169	1.11464
34	177	0.999307
35	60	0.933363
35	94	0.98185
35	98	1.05082
35	114	0.959333
35	118	0.956413
35	120	1.0016
35	149	0.983006
35	154	0.997155
35	157	0.98644
35	159	0.974915
35	161	0.980278
35	167	1.09078
35	168	1.12921
35	173	0.979015
36	33	0.993136
36	60	0.964179
36	83	1.01537
36	100	1.02906
36	114	0.968588
36	119	0.96594
36	120	1.01085
36	152	0.967215
36	160	0.965027
36	162	1.07504
36	163	0.962905
36	165	0.974127
36	170	0.97684
36	179	1.13527
37	6	0.911345
37	13	0.922807
37	16	1.03907
37	21	1.0082
37	34	1.0049
37	44	0.949225
37	47	0.954008
37	65	0.911135
37	88	1.01253
37	129	1.01433
37	161	1.07281
37	169	1.08679
37	174	1.06131
37	177	1.05802
38	69	1.05982
38	70	0.98976
38	77	0.93846
38	81	1.08367
38	90	0.975719
38	105	0.951293
38	107	1.00493
38	130	1.00807
38	153	0.98097
38	154	0.99484
38	162	1.1111
38	165	0.962557
38	174	0.968784
38	176	0.963076
39	86	1.04772
39	134	0.98452
39	144	1.09854
39	155	0.983724
39	161	0.986972
39	163	1.13887
39	169	0.911393
39	171	0.983526
39	172	0.963381
39	175	0.989054
39	177	0.968023
39	178	0.980759
39	179	0.986205
39	180	0.973836
40	57	1.12772
40	110	1.07653
40	138	0.905226
40	147	0.791152
40	149	1.09049
40	151	0.81285
40	156	1.10515
40	157	1.09392
40	159	1.08239
40	165	1.07235
40	167	0.811494
40	174	1.07858
40	176	1.07287
40	178	0.884807
41	9	0.924398
41	75	0.982285
41	98	1.04875
41	108	1.02464
41	129	0.988063
41	136	0.989024
41	146	0.968688
41	148	0.995327
41	154	1.00895
41	159	0.986708
41	162	1.04214
41	167	1.0887
41	170	0.979377
41	176	0.977184
42	117	1.03354
42	123	1.00484
42	127	0.965908
42	137	1.08539
42	144	1.04968
42	154	1.00821
42	167	0.972258
42	168	0.968285
42	171	0.976449
42	172	0.956304
42	175	0.981978
42	176	1.05293
42	178	0.973683
42	180	0.966759
43	25	0.995711
43	95	0.972352
43	96	0.978743
43	106	1.00454
43	110	1.01126
43	133	1.14984
43	134	0.97811
43	156	0.988978
43	159	1.04631
43	162	0.971722
43	168	0.968952
43	175	0.982645
43	179	0.979795
43	180	0.967426
44	2	0.939139
44	16	1.01125
44	34	0.977076
44	37	0.949225
44	53	0.956562
44	85	0.983349
44	88	0.984703
44	101	1.17022
44	169	1.05896
44	175	0.96545
44	176	1.13123
44	178	0.957155
44	179	0.962601
44	180	0.950232
45	5	0.76465
45	7	1.11415
45	17	1.11661
45	26	1.09108
45	29	1.0826
45	66	0.869961
45	67	0.981986
45	72	1.05297
45	77	1.14344
45	84	1.08751
45	113	1.12966
45	120	0.840326
45	160	0.881183
45	177	0.845617
46	63	1.01918
46	64	1.02636
46	76	0.987561
46	133	0.958554
46	139	0.971958
46	144	0.976797
46	146	0.969884
46	149	0.995995
46	154	1.01014
46	163	0.966639
46	168	1.08048
46	174	0.984088
46	176	0.97838
46	180	1.07817
47	13	0.899768
47	16	1.01603
47	21	0.985161
47	34	0.981859
47	37	0.954008
47	62	1.20889
47	65	0.888096
47	68	1.02411
47	87	0.997734
47	88	0.989486
47	134	1.01549
47	156	0.959037
47	169	1.06375
47	177	1.02612
48	76	0.868961
48	113	0.748908
48	120	0.828839
48	128	0.778721
48	139	0.967991
48	143	1.08177
48	150	1.08515
48	151	1.11908
48	164	1.0677
48	167	1.09023
48	172	1.07428
48	175	1.09995
48	179	1.0971
48	180	1.08473
49	31	0.99092
49	116	1.08701
49	134	0.980392
49	141	1.01622
49	164	0.952679
49	165	1.04221
49	167	0.975208
49	168	0.971235
49	170	1.02711
49	173	1.03963
49	175	0.984927
49	178	0.976632
49	179	0.982078
49	180	0.969709
50	14	1.15148
50	87	0.872433
50	91	1.05424
50	100	0.747274
50	110	1.04622
50	116	1.05462
50	118	1.03358
50	132	1.04101
50	148	1.0607
50	153	1.06045
50	155	0.857798
50	170	1.04475
50	171	0.876565
50	173	1.05618
50	174	1.04826
51	10	1.02408
51	24	0.89062
51	27	1.11779
51	55	1.01576
51	81	1.09599
51	112	1.09261
51	124	1.06304
51	131	1.06703
51	136	0.876828
51	139	0.998107
51	144	1.06232
51	146	0.894281
51	148	0.785568
51	166	1.07076
51	178	0.943198
52	25	1.05724
52	76	0.947317
52	137	0.959058
52	145	1.14738
52	146	0.92964
52	153	0.95603
52	157	0.959185
52	159	0.94766
52	160	0.928517
52	166	1.16032
52	169	1.04862
52	173	0.95176
52	176	0.938136
52	177	0.934074
52	180	1.1378
53	29	1.06926
53	44	0.956562
53	58	1.0164
53	61	1.10963
53	67	0.968648
53	72	1.03963
53	77	1.1301
53	84	1.07417
53	95	0.900231
53	158	0.985254
53	165	1.05319
53	166	0.889949
53	172	0.889545
53	176	1.05371
53	180	0.867429
54	68	0.75729
54	103	1.0316
54	133	0.997145
54	138	1.03717
54	143	1.0464
54	146	0.933399
54	167	1.05487
54	171	1.05906
54	172	1.03891
54	173	0.901503
54	174	0.906655
54	175	1.06459
54	178	1.05629
54	179	1.06174
54	180	1.04937
55	30	0.957839
55	51	1.01576
55	81	0.959517
55	86	0.982545
55	104	1.02542
55	111	0.966425
55	112	0.956129
55	124	0.926564
55	131	0.930553
55	144	0.92584
55	145	0.944539
55	148	1.08858
55	163	1.22598
55	166	0.934288
55	177	1.16725
56	1	1.02267
56	68	1.08966
56	99	1.05716
56	129	1.19204
56	135	0.963395
56	148	1.15706
56	158	0.880315
56	168	0.952046
56	171	0.96021
56	172	0.940064
56	175	0.965738
56	177	0.944707
56	178	0.957443
56	179	0.962889
56	180	0.95052
57	10	1.1171
57	16	0.76076
57	40	1.12772
57	101	1.02117
57	118	1.02143
57	127	0.87462
57	128	1.10099
57	138	0.903967
57	148	1.04855
57	157	1.05145
57	163	1.01867
57	165	1.02989
57	173	1.04403
57	174	1.03611
57	180	0.846359
58	15	1.00343
58	53	1.0164
58	82	0.985016
58	102	0.942914
58	114	0.932198
58	129	0.949136
58	143	1.20321
58	146	0.92976
58	154	0.97002
58	155	1.15034
58	170	0.94045
58	173	0.95188
58	174	0.943964
58	176	0.938256
58	179	1.14603
59	10	0.896329
59	22	0.976666
59	30	0.966562
59	71	0.992539
59	111	0.975148
59	112	0.964852
59	124	0.935287
59	131	0.939276
59	137	0.957068
59	145	0.953262
59	158	1.34739
59	166	0.943011
59	170	1.03598
59	176	1.07201
59	177	1.05036
60	35	0.933363
60	36	0.964179
60	64	1.06802
60	96	1.04913
60	118	0.858445
60	137	0.88102
60	141	1.08432
60	160	0.862476
60	162	1.04211
60	167	1.04331
60	172	1.02736
60	175	1.05303
60	178	1.04473
60	179	1.05018
60	180	1.03781
61	7	1.07858
61	12	0.9747
61	17	1.08105
61	27	0.903685
61	53	1.10963
61	67	0.946424
61	72	1.01741
61	77	1.10788
61	82	0.922657
61	84	1.05195
61	104	0.796875
61	113	1.0941
61	126	1.03828
61	161	0.953504
61	173	0.936849
62	6	1.31485
62	30	1.10197
62	47	1.20889
62	100	0.991015
62	113	0.985503
62	131	1.17006
62	133	0.903059
62	157	0.943934
62	158	0.854431
62	161	0.937772
62	167	0.930135
62	171	0.934326
62	173	0.936509
62	175	0.939855
62	177	0.918823
62	180	0.924636
63	46	1.01918
63	75	1.00546
63	113	0.876238
63	121	0.916646
63	144	0.979861
63	151	1.04844
63	162	1.01839
63	164	0.997067
63	166	1.01921
63	167	1.0196
63	171	1.02379
63	172	1.00364
63	177	1.00828
63	178	1.02102
63	179	1.02647
63	180	1.0141
64	46	1.02636
64	60	1.06802
64	70	0.861898
64	93	1.00263
64	96	1.02058
64	140	0.947095
64	159	0.958884
64	164	0.992237
64	166	1.01438
64	168	1.01079
64	171	1.01896
64	175	1.02449
64	177	1.00345
64	178	1.01619
64	179	1.02164
64	180	1.00927
65	6	0.845432
65	13	0.856895
65	16	0.973157
65	21	0.942288
65	25	0.940427
65	34	0.938986
65	37	0.911135
65	47	0.888096
65	68	0.981238
65	87	0.954861
65	88	0.946613
65	104	1.08768
65	161	1.24431
65	169	1.02087
65	176	1.25116
65	177	1.22952
66	9	0.963368
66	45	0.869961
66	70	1.04284
66	73	1.02926
66	78	1.03492
66	81	0.934686
66	109	0.914769
66	110	1.01981
66	119	1.00745
66	157	1.0372
66	159	1.02568
66	163	1.00441
66	170	1.01835
66	173	1.02978
66	174	1.02186
66	180	1.0448
67	7	0.937599
67	17	0.940061
67	26	0.914536
67	29	0.906052
67	45	0.981986
67	53	0.968648
67	61	0.946424
67	72	0.876423
67	77	0.966893
67	84	0.910963
67	113	0.953118
67	126	0.8973
67	136	1.13414
67	158	1.41858
67	161	1.13635
67	177	1.12156
68	6	0.981448
68	47	1.02411
68	54	0.75729
68	56	1.08966
68	65	0.981238
68	74	0.90668
68	75	1.05151
68	88	1.08263
68	125	1.07092
68	144	1.04482
68	167	0.838253
68	169	1.15689
68	173	1.06003
68	176	1.04641
68	178	0.911566
69	14	0.960579
69	38	1.05982
69	89	1.07543
69	91	0.897961
69	93	0.92049
69	98	1.03626
69	121	0.841678
69	145	1.03635
69	150	1.0214
69	164	1.00395
69	171	1.03067
69	172	1.01053
69	175	1.0362
69	177	1.01517
69	178	1.02791
69	180	1.02098
70	11	1.06867
70	13	1.23188
70	32	1.02572
70	38	0.98976
70	64	0.861898
70	66	1.04284
70	121	1.04952
70	123	0.816884
70	143	0.948444
70	144	1.00066
70	150	0.942963
70	153	1.02014
70	159	1.01177
70	163	0.990502
70	176	1.00224
70	177	0.998181
71	8	0.968694
71	24	0.858673
71	59	0.992539
71	81	1.06405
71	111	1.07096
71	112	1.06066
71	124	1.03109
71	130	0.732467
71	131	1.03508
71	144	1.03037
71	145	1.04907
71	156	0.966894
71	165	1.03469
71	166	1.03882
71	174	1.03726
71	177	1.03397
72	7	1.00858
72	12	0.9047
72	17	1.01104
72	29	0.977035
72	45	1.05297
72	53	1.03963
72	61	1.01741
72	67	0.876423
72	77	1.03788
72	84	0.981947
72	113	1.0241
72	126	0.968284
72	158	1.25275
72	161	0.970517
72	173	0.953862
72	176	0.977369
72	177	0.955723
73	66	1.02926
73	79	1.08898
73	87	1.00267
73	89	0.948346
73	92	0.940893
73	107	1.03052
73	124	1.14021
73	139	0.98224
73	146	0.980166
73	152	0.98123
73	156	1.02094
73	158	0.920208
73	159	0.998186
73	160	0.979042
73	167	0.970048
73	179	0.983716
73	180	1.00617
74	68	0.90668
74	117	1.05171
74	138	0.97274
74	142	0.987361
74	154	1.02968
74	157	1.04265
74	159	1.04301
74	164	0.967909
74	167	0.990437
74	168	0.986464
74	171	0.994628
74	172	0.974483
74	175	1.00016
74	176	1.0744
74	178	0.991862
74	179	0.997307
74	180	0.984938
75	7	0.899371
75	34	1.04331
75	41	0.982285
75	63	1.00546
75	68	1.05151
75	90	0.993303
75	102	0.985319
75	130	1.02565
75	140	1.00902
75	146	0.972165
75	156	1.01294
75	157	1.00171
75	158	0.912207
75	160	0.971041
75	166	1.08697
75	168	1.06676
75	170	0.982854
76	11	1.05117
76	46	0.987561
76	48	0.868961
76	52	0.947317
76	93	0.994919
76	97	0.986126
76	101	0.975502
76	107	1.0266
76	129	0.99562
76	132	0.983196
76	159	0.994264
76	163	0.973
76	171	1.05591
76	175	1.03133
76	176	0.98474
76	178	1.09247
76	180	1.05528
77	7	1.09905
77	17	1.10151
77	29	1.06751
77	38	0.93846
77	45	1.14344
77	53	1.1301
77	61	1.10788
77	67	0.966893
77	72	1.03788
77	82	0.749077
77	84	1.07242
77	102	0.821213
77	113	1.11457
77	126	1.05875
77	158	1.06216
77	161	0.779924
77	177	0.765131
78	66	1.03492
78	105	1.06233
78	140	0.989034
78	141	1.03186
78	150	0.985766
78	164	0.968322
78	166	0.990466
78	167	0.99085
78	168	0.986877
78	170	0.996185
78	171	0.995042
78	172	0.974896
78	174	1.01386
78	175	1.00057
78	178	0.992275
78	179	0.99772
78	180	0.985351
79	25	0.803229
79	73	1.08898
79	90	1.08852
79	122	1.04746
79	136	1.08772
79	142	0.866715
79	148	1.09402
79	151	0.849018
79	155	0.865645
79	156	1.10816
79	163	1.06414
79	170	1.07808
79	173	1.08951
79	174	1.08159
79	175	0.859836
79	177	1.07182
79	179	0.86133
80	14	0.982397
80	106	1.07992
80	108	1.07808
80	113	0.848243
80	123	1.08088
80	127	1.04195
80	141	1.08931
80	148	0.854787
80	153	0.959639
80	154	0.91039
80	156	0.866384
80	164	1.02577
80	168	1.04433
80	171	1.05249
80	172	1.03235
80	176	0.95511
80	178	1.04972
80	180	1.0428
81	10	0.967838
81	30	1.03807
81	38	1.08367
81	51	1.09599
81	55	0.959517
81	66	0.934686
81	71	1.06405
81	111	1.04666
81	112	1.03636
81	118	0.941878
81	124	1.00679
81	131	1.01078
81	137	1.02858
81	144	1.00607
81	145	1.02477
81	161	0.925136
81	166	1.01452
81	174	0.913633
81	177	0.910342
82	16	0.9188
82	22	1.00452
82	29	0.964522
82	58	0.985016
82	61	0.922657
82	77	0.749077
82	90	1.03496
82	101	1.01308
82	124	1.13843
82	139	1.0159
82	159	1.03184
82	167	1.02957
82	168	1.0256
82	171	1.03376
82	172	1.01361
82	175	1.03929
82	176	1.02232
82	178	1.03099
82	180	1.02407
83	36	1.01537
83	91	1.02797
83	109	0.848704
83	119	1.00758
83	136	1.02813
83	140	1.04464
83	141	0.905694
83	148	1.03443
83	152	1.00886
83	154	1.04805
83	163	1.00455
83	171	0.979356
83	172	1.00085
83	173	1.02991
83	174	1.022
83	175	0.954781
83	176	1.01629
83	177	1.01223
83	178	1.01592
84	7	1.04312
84	12	0.93924
84	17	1.04558
84	26	1.02006
84	29	1.01158
84	45	1.08751
84	53	1.07417
84	61	1.05195
84	67	0.910963
84	72	0.981947
84	77	1.07242
84	113	1.05864
84	126	1.00282
84	132	0.935975
84	139	1.00082
84	144	0.88536
84	147	0.852254
84	158	1.16398
84	177	0.866958
85	27	0.87109
85	44	0.983349
85	100	1.07856
85	101	0.966752
85	137	0.960225
85	139	1.03998
85	142	1.0146
85	144	0.924516
85	147	1.04534
85	151	1.04653
85	153	0.932289
85	164	0.995149
85	167	1.01768
85	168	1.0137
85	171	1.02187
85	175	1.0274
85	178	1.0191
85	179	1.02455
85	180	1.01218
86	24	0.857402
86	30	1.0611
86	39	1.04772
86	55	0.982545
86	110	1.03434
86	111	1.06968
86	115	0.860816
86	117	0.86452
86	124	1.02982
86	131	1.03381
86	135	0.972554
86	149	1.0483
86	155	0.969887
86	157	1.05173
86	165	1.03016
86	166	1.03755
86	168	0.990338
86	170	1.03287
86	176	1.03068
87	6	0.955071
87	11	0.914061
87	13	0.966533
87	33	0.838278
87	47	0.997734
87	50	0.872433
87	65	0.954861
87	73	1.00267
87	88	1.05625
87	123	1.05986
87	160	1.05251
87	162	1.02608
87	165	1.01766
87	169	1.13051
87	171	1.03147
87	175	1.037
87	178	1.0287
87	179	1.03415
87	180	1.02178
88	6	0.946823
88	13	0.958285
88	16	1.07455
88	21	1.04368
88	25	1.04182
88	34	1.04038
88	37	1.01253
88	44	0.984703
88	47	0.989486
88	65	0.946613
88	68	1.08263
88	87	1.05625
88	91	0.91295
88	107	0.870898
88	125	0.880153
88	149	0.92634
88	158	1.19851
88	161	0.916275
88	169	1.12226
89	2	1.01201
89	69	1.07543
89	73	0.948346
89	115	1.08218
89	133	0.915417
89	138	1.267
89	139	0.928821
89	140	0.963599
89	147	1.15292
89	149	0.952858
89	154	0.967007
89	156	0.96752
89	157	0.956292
89	160	0.925624
89	162	1.12671
89	170	0.937437
89	173	0.948867
89	174	0.940951
89	176	0.935243
90	11	1.05463
90	23	0.955192
90	38	0.975719
90	75	0.993303
90	79	1.08852
90	82	1.03496
90	92	0.940433
90	115	0.884729
90	119	0.979496
90	133	0.968376
90	143	1.04667
90	148	1.00634
90	157	1.00925
90	163	0.976461
90	164	1.05494
90	168	1.01425
90	170	0.990395
90	174	0.99391
90	176	0.988201
90	178	1.04913
91	20	0.98951
91	33	1.00573
91	50	1.05424
91	69	0.897961
91	83	1.02797
91	88	0.91295
91	99	1.04856
91	114	0.98118
91	132	0.985694
91	133	0.967412
91	136	0.999078
91	137	1.00816
91	146	0.978742
91	150	1.06117
91	160	0.977619
91	166	1.05444
91	174	0.992946
91	175	1.00797
91	177	0.983176
91	178	1.06911
92	73	0.940893
92	90	0.940433
92	98	1.15986
92	103	1.23748
92	109	1.10591
92	111	1.2319
92	116	0.939857
92	125	0.952306
92	127	1.2642
92	129	0.93867
92	130	0.972783
92	132	0.926246
92	139	0.921368
92	140	0.956146
92	158	0.859336
92	159	0.937314
92	160	0.918171
92	165	0.927271
92	173	0.941414
92	176	0.92779
93	5	1.03815
93	64	1.00263
93	69	0.92049
93	76	0.994919
93	102	0.990396
93	117	0.930942
93	129	0.996617
93	140	1.01409
93	144	0.984156
93	148	1.00388
93	152	0.978306
93	154	1.0175
93	156	1.01801
93	165	0.985218
93	166	1.07697
93	167	1.01833
93	170	0.987931
93	173	0.999362
93	174	0.991446
93	180	1.05445
94	5	1.04443
94	10	1.19498
94	12	1.13959
94	35	0.98185
94	101	0.982779
94	103	0.925774
94	107	1.03388
94	118	0.98304
94	127	0.952498
94	136	1.00386
94	151	0.88947
94	152	0.984586
94	158	0.923564
94	159	1.00154
94	163	0.980277
94	169	1.1025
94	174	0.997726
94	175	0.900287
94	176	0.992018
94	177	0.987956
95	32	1.00088
95	43	0.972352
95	53	0.900231
95	109	1.0241
95	115	1.04456
95	117	1.05076
95	129	1.00956
95	134	0.994671
95	135	0.996863
95	147	1.01715
95	156	0.986174
95	159	1.04351
95	164	0.966958
95	167	0.989486
95	171	0.993678
95	174	1.05655
95	177	0.978175
95	178	0.990911
95	179	0.996356
95	180	0.983987
96	5	0.938631
96	20	0.970593
96	31	1.01159
96	32	0.967222
96	43	0.978743
96	60	1.04913
96	64	1.02058
96	106	1.0275
96	137	1.07371
96	143	0.987413
96	150	0.990793
96	152	0.969108
96	162	0.994675
96	163	1.07833
96	164	0.973349
96	167	0.995877
96	172	0.979923
96	178	0.997302
96	179	1.00275
96	180	0.990378
97	11	1.04337
97	76	0.986126
97	99	1.03826
97	104	1.04459
97	108	0.926656
97	116	0.989012
97	128	1.04753
97	139	0.970523
97	147	0.970381
97	152	0.969513
97	153	0.994839
97	155	1.00871
97	157	0.997994
97	160	0.967326
97	161	0.991832
97	164	1.06985
97	165	0.976425
97	174	0.982653
97	179	1.00439
97	180	1.02685
98	15	1.05901
98	31	1.01555
98	35	1.05082
98	41	1.04875
98	69	1.03626
98	92	1.15986
98	114	0.970406
98	128	0.888962
98	142	0.99676
98	143	0.991372
98	156	0.877291
98	158	0.924133
98	164	0.977308
98	167	0.999836
98	171	1.00403
98	172	0.983882
98	175	1.00956
98	178	1.00126
98	179	1.00671
98	180	0.994338
99	5	1.08929
99	20	1.03915
99	56	1.05716
99	91	1.04856
99	97	1.03826
99	118	1.0279
99	124	0.975909
99	125	1.06139
99	126	0.860978
99	129	1.04776
99	145	0.851458
99	150	0.871122
99	153	1.05477
99	154	1.06864
99	156	1.06916
99	163	1.02514
99	168	0.844185
99	171	0.842501
99	173	1.0505
99	174	1.04259
99	176	1.03688
100	26	0.879383
100	36	1.02906
100	50	0.747274
100	62	0.991015
100	85	1.07856
100	119	0.937678
100	128	0.836378
100	143	1.04247
100	147	1.0786
100	149	0.916646
100	155	1.05533
100	162	1.04974
100	163	0.950515
100	167	1.05094
100	168	1.04697
100	171	1.05513
100	172	1.03498
100	175	1.06066
100	178	1.05236
100	179	1.05781
100	180	1.04544
101	20	0.968592
101	44	1.17022
101	57	1.02117
101	76	0.975502
101	82	1.01308
101	85	0.966752
101	94	0.982779
101	109	0.951062
101	110	0.96998
101	116	0.978387
101	118	0.957343
101	119	0.957614
101	120	1.00253
101	129	0.9772
101	150	1.11033
101	151	1.04632
101	152	0.958889
101	156	0.998597
101	174	0.972028
101	176	0.96632
101	179	1.05863
102	19	1.33163
102	58	0.942914
102	75	0.985319
102	77	0.821213
102	93	0.990396
102	105	0.968434
102	123	0.979701
102	125	1.00473
102	132	0.978673
102	139	0.973795
102	151	1.04177
102	153	0.998111
102	160	0.970598
102	163	0.968477
102	170	0.982411
102	173	0.993841
102	174	0.985925
102	175	1.05258
102	176	0.980217
102	177	0.976155
102	180	1.07653
103	54	1.0316
103	92	1.23748
103	94	0.925774
103	118	1.05352
103	123	0.99937
103	133	1.11577
103	134	0.971972
103	141	1.0078
103	142	0.963711
103	147	0.994448
103	151	0.995635
103	155	0.971176
103	156	0.954908
103	159	1.01224
103	168	0.962814
103	171	0.970978
103	172	0.950833
103	175	0.976507
103	178	0.968212
103	179	0.973657
103	180	0.961288
104	34	0.857472
104	55	1.02542
104	61	0.796875
104	65	1.08768
104	97	1.04459
104	111	0.874574
104	112	0.802705
104	114	1.03715
104	131	0.845453
104	134	1.05564
104	149	1.06082
104	154	1.07497
104	155	1.05485
104	159	1.05273
104	164	1.02793
104	168	1.04649
104	175	1.06018
104	176	1.04321
104	177	1.03915
104	179	1.05733
104	180	1.04496
105	38	0.951293
105	78	1.06233
105	102	0.968434
105	107	1.00563
105	116	0.975843
105	132	0.962232
105	134	1.01981
105	148	0.981919
105	149	0.981391
105	150	1.10145
105	151	1.03744
105	156	0.996053
105	157	0.984825
105	160	0.954157
105	161	0.978663
105	163	0.952035
105	167	1.03608
105	169	1.07426
105	174	0.969484
105	175	1.04826
105	176	0.963776
106	43	1.00454
106	80	1.07992
106	96	1.0275
106	107	0.927469
106	115	1.07675
106	138	1.00398
106	149	0.98291
106	153	0.984226
106	154	0.934976
106	155	1.02607
106	161	1.02931
106	162	1.02047
106	163	1.01678
106	165	0.958764
106	167	1.02168
106	169	0.789303
106	171	1.02587
106	172	1.00572
106	177	1.01037
106	178	1.0231
106	179	1.02855
106	180	1.01618
107	18	1.08566
107	38	1.00493
107	73	1.03052
107	76	1.0266
107	88	0.870898
107	94	1.03388
107	105	1.00563
107	106	0.927469
107	119	1.00871
107	122	0.988992
107	123	0.893036
107	143	1.0246
107	148	1.03556
107	154	1.04918
107	156	1.04969
107	160	1.0078
107	161	1.0323
107	162	0.907188
107	167	0.953745
107	174	1.02313
107	176	1.01742
107	178	1.02706
108	41	1.02464
108	80	1.07808
108	97	0.926656
108	109	1.05445
108	120	0.91497
108	127	1.01349
108	138	1.00215
108	141	1.06086
108	142	1.01677
108	147	1.0475
108	153	0.946435
108	162	1.01864
108	164	0.997313
108	168	1.01587
108	171	1.02403
108	173	0.918399
108	174	0.923552
108	176	0.941906
108	177	1.00853
108	178	1.02127
108	179	1.02671
108	180	1.01434
109	66	0.914769
109	83	0.848704
109	92	1.10591
109	95	1.0241
109	101	0.951062
109	108	1.05445
109	130	1.06241
109	135	1.03204
109	138	1.00697
109	153	0.916599
109	161	1.03231
109	162	1.02347
109	163	0.949153
109	164	1.00214
109	171	1.02886
109	172	1.00871
109	175	1.03439
109	176	0.91207
109	177	1.01336
109	178	1.02609
109	179	1.03154
109	180	1.01917
110	27	1.03311
110	40	1.07653
110	43	1.01126
110	50	1.04622
110	66	1.01981
110	86	1.03434
110	101	0.96998
110	127	1.00391
110	133	0.959392
110	145	0.985237
110	149	0.996833
110	151	0.940886
110	152	0.971787
110	159	0.988742
110	166	0.998175
110	169	1.0897
110	170	0.981412
110	173	0.992842
110	174	0.984926
110	176	0.979218
110	177	0.975156
110	178	1.01284
110	179	0.953198
111	8	0.951304
111	19	0.937729
111	22	1.05508
111	24	0.841283
111	30	1.04498
111	55	0.966425
111	59	0.975148
111	71	1.07096
111	81	1.04666
111	86	1.06968
111	92	1.2319
111	104	0.874574
111	112	1.04327
111	124	1.0137
111	130	0.714903
111	131	1.01769
111	140	0.994872
111	144	1.01298
111	145	1.03168
111	146	1.04644
111	161	1.0312
111	166	1.02143
111	177	1.01641
112	8	0.941007
112	22	1.04479
112	24	0.830986
112	27	1.05815
112	51	1.09261
112	55	0.956129
112	59	0.964852
112	71	1.06066
112	81	1.03636
112	104	0.802705
112	111	1.04327
112	124	1.00341
112	125	0.923212
112	131	1.0074
112	133	1.03832
112	137	1.02519
112	144	1.00268
112	145	1.02138
112	149	0.969399
112	158	1.24157
112	166	1.01113
112	177	0.94454
112	180	0.986303
113	29	1.05373
113	45	1.12966
113	48	0.748908
113	61	1.0941
113	62	0.985503
113	63	0.876238
113	67	0.953118
113	72	1.0241
113	77	1.11457
113	80	0.848243
113	84	1.05864
113	114	1.03212
113	120	1.07438
113	126	1.04498
113	128	1.10876
113	133	1.01835
113	138	0.992838
113	142	0.918159
113	163	1.02644
113	165	1.03766
113	168	0.93754
113	174	1.04389
113	175	0.91128
113	178	0.972419
114	18	1.03774
114	35	0.959333
114	36	0.968588
114	58	0.932198
114	91	0.98118
114	98	0.970406
114	104	1.03715
114	113	1.03212
114	133	0.949675
114	134	0.994093
114	136	0.981341
114	137	0.990423
114	142	1.02942
114	149	0.987116
114	152	0.962069
114	153	0.987395
114	155	1.02835
114	164	1.08949
114	165	0.968981
114	168	1.0488
114	169	1.07998
114	171	1.04711
114	174	0.975209
114	176	0.969501
115	86	0.860816
115	89	1.08218
115	90	0.884729
115	95	1.04456
115	106	1.07675
115	116	0.938757
115	127	1.03878
115	135	1.05251
115	138	1.02743
115	141	1.08614
115	142	1.04205
115	151	1.07398
115	165	0.893953
115	167	1.04513
115	168	1.04116
115	169	0.724492
115	171	1.04932
115	172	1.02917
115	174	0.896531
115	175	1.05485
115	176	0.914886
115	178	1.04655
115	179	1.052
115	180	1.03963
116	1	0.944177
116	49	1.08701
116	50	1.05462
116	92	0.939857
116	97	0.989012
116	101	0.978387
116	105	0.975843
116	115	0.938757
116	118	0.978648
116	121	1.03491
116	122	0.9592
116	138	1.12358
116	139	0.981204
116	141	0.992932
116	145	1.07555
116	152	0.980194
116	157	1.00867
116	160	0.978006
116	165	0.987106
116	170	0.989819
116	174	0.993334
116	175	1.04202
116	176	0.987626
116	177	0.983564
117	27	0.861919
117	42	1.03354
117	74	1.05171
117	86	0.86452
117	93	0.930942
117	95	1.05076
117	122	1.00226
117	123	1.08392
117	135	1.05871
117	149	0.921803
117	150	1.04625
117	156	0.829864
117	157	0.886841
117	162	1.05013
117	164	1.02881
117	165	0.897657
117	168	1.04736
117	171	1.05553
117	172	1.03538
117	175	1.06106
117	177	1.04002
117	178	1.05276
117	179	1.05821
117	180	1.04584
118	6	1.16361
118	35	0.956413
118	50	1.03358
118	57	1.02143
118	60	0.858445
118	81	0.941878
118	94	0.98304
118	99	1.0279
118	101	0.957343
118	103	1.05352
118	116	0.978648
118	128	1.03716
118	131	1.01882
118	132	0.965037
118	143	1.08671
118	152	0.95915
118	159	0.976105
118	160	0.956962
118	169	1.07706
118	170	0.968775
118	172	1.0741
118	174	0.972289
118	176	0.966581
118	177	0.96252
119	21	1.08397
119	33	0.985343
119	36	0.96594
119	66	1.00745
119	83	1.00758
119	90	0.979496
119	100	0.937678
119	101	0.957614
119	107	1.00871
119	140	0.995209
119	141	0.993306
119	150	1.09559
119	153	0.984747
119	154	0.998617
119	157	0.987902
119	162	0.983661
119	163	0.955112
119	169	1.07734
119	170	0.969047
119	173	0.980477
119	174	0.972561
119	176	0.966853
119	179	1.04389
119	180	1.06634
120	23	0.958413
120	35	1.0016
120	36	1.01085
120	45	0.840326
120	48	0.828839
120	101	1.00253
120	108	0.91497
120	113	1.07438
120	123	0.918328
120	129	1.02264
120	136	1.0236
120	140	1.04012
120	145	1.02474
120	148	1.02991
120	151	0.980393
120	156	1.04404
120	157	1.03281
120	161	1.02665
120	163	1.00002
120	169	1.12225
120	170	1.01396
120	172	1.03728
120	173	1.02539
120	174	1.01747
120	176	1.01176
121	5	1.07525
121	26	1.04688
121	63	0.916646
121	69	0.841678
121	70	1.04952
121	116	1.03491
121	132	1.02129
121	141	0.902601
121	146	1.01434
121	147	0.919172
121	148	1.04098
121	152	1.01541
121	153	1.04073
121	154	1.0546
121	158	0.954385
121	159	1.03236
121	160	1.01322
121	165	1.02232
121	166	0.998159
121	167	0.939514
121	173	1.03646
121	174	1.02855
121	177	1.01878
121	178	1.01283
121	180	0.975638
122	3	0.994902
122	17	1.09811
122	18	1.01537
122	79	1.04746
122	107	0.988992
122	116	0.9592
122	117	1.00226
122	128	1.01772
122	130	0.992126
122	134	1.07338
122	137	0.968056
122	139	0.940712
122	142	1.1087
122	149	0.964749
122	154	0.978898
122	156	0.979411
122	159	0.956658
122	160	0.937514
122	170	0.949327
122	173	0.960758
122	174	0.952842
122	175	1.10182
122	176	0.947134
122	177	0.943072
122	180	1.12577
123	42	1.00484
123	70	0.816884
123	80	1.08088
123	87	1.05986
123	102	0.979701
123	103	0.99937
123	107	0.893036
123	117	1.08392
123	120	0.918328
123	130	1.06038
123	133	1.0174
123	136	0.936201
123	138	1.00495
123	146	0.953654
123	150	1.01756
123	155	1.02703
123	162	1.02144
123	163	0.982347
123	168	1.01867
123	172	1.00669
123	175	1.03236
123	177	1.01133
123	178	1.02407
123	179	1.02951
123	180	1.01714
124	8	0.911442
124	10	0.934884
124	19	0.897867
124	22	1.01522
124	24	0.801421
124	30	1.00512
124	51	1.06304
124	55	0.926564
124	59	0.935287
124	71	1.03109
124	73	1.14021
124	81	1.00679
124	82	1.13843
124	86	1.02982
124	99	0.975909
124	111	1.0137
124	112	1.00341
124	130	0.852979
124	131	0.977831
124	144	0.973118
124	145	0.991817
124	152	1.104
124	166	0.981566
124	170	1.1401
124	177	1.15449
125	2	1.07684
125	68	1.07092
125	88	0.880153
125	92	0.952306
125	99	1.06139
125	102	1.00473
125	112	0.923212
125	129	1.01095
125	133	0.980248
125	135	0.98365
125	152	0.992643
125	153	1.01797
125	158	0.93162
125	159	1.0096
125	160	0.990455
125	163	0.988333
125	165	0.999555
125	166	1.02164
125	167	0.962999
125	169	1.11056
125	172	1.02124
125	174	1.00578
125	176	1.00007
125	177	0.996012
125	178	1.03631
125	179	0.976668
126	17	1.03192
126	20	0.99055
126	26	1.0064
126	29	0.997913
126	61	1.03828
126	67	0.8973
126	72	0.968284
126	77	1.05875
126	84	1.00282
126	99	0.860978
126	113	1.04498
126	129	0.995864
126	132	1.10857
126	137	1.09367
126	140	1.01802
126	143	0.981145
126	148	0.960877
126	153	1.06573
126	162	0.988407
126	164	0.967082
126	171	0.993801
126	172	0.973656
126	175	0.99933
126	177	0.978298
126	178	0.991035
126	179	0.99648
126	180	0.984111
127	42	0.965908
127	57	0.87462
127	80	1.04195
127	92	1.2642
127	94	0.952498
127	108	1.01349
127	110	1.00391
127	115	1.03878
127	134	0.988894
127	135	0.991086
127	141	1.02472
127	143	0.975245
127	144	1.06711
127	147	1.01137
127	148	0.970035
127	151	1.01256
127	155	0.988098
127	160	1.08428
127	164	0.961181
127	167	0.983709
127	169	0.879965
127	171	0.9879
127	172	0.967755
127	175	0.993429
127	178	0.985134
127	179	0.990579
127	180	0.97821
128	28	0.866581
128	48	0.778721
128	57	1.10099
128	97	1.04753
128	98	0.888962
128	100	0.836378
128	113	1.10876
128	118	1.03716
128	122	1.01772
128	130	1.09113
128	133	1.02632
128	141	0.892006
128	146	1.03765
128	149	1.06376
128	155	0.946901
128	156	1.07842
128	158	0.977688
128	160	1.03652
128	163	1.0344
128	165	1.04562
128	168	0.967352
128	170	1.04834
128	172	0.987159
128	173	1.05977
128	175	0.941093
128	176	1.04614
128	177	1.04208
129	32	1.00991
129	37	1.01433
129	41	0.988063
129	56	1.19204
129	58	0.949136
129	76	0.99562
129	92	0.93867
129	93	0.996617
129	95	1.00956
129	99	1.04776
129	101	0.9772
129	120	1.02264
129	125	1.01095
129	126	0.995864
129	130	1.03143
129	135	0.961288
129	146	0.977942
129	148	1.00458
129	157	1.00749
129	163	0.974698
129	166	0.999282
129	170	0.988632
129	171	0.977387
129	173	1.00006
129	174	0.992147
129	176	0.986438
129	179	0.954306
130	5	1.07297
130	13	1.03711
130	17	0.691285
130	21	0.736576
130	24	1.82621
130	29	0.679069
130	38	1.00807
130	71	0.732467
130	75	1.02565
130	92	0.972783
130	109	1.06241
130	111	0.714903
130	122	0.992126
130	123	1.06038
130	124	0.852979
130	128	1.09113
130	129	1.03143
130	131	1.12516
130	155	1.03219
130	156	1.05283
130	164	1.00527
130	171	1.03199
130	175	1.03752
130	176	1.02055
130	177	1.01649
130	178	1.02923
130	179	1.03467
130	180	1.0223
131	8	0.915431
131	10	0.938873
131	19	0.901856
131	22	1.01921
131	24	0.80541
131	27	1.03258
131	30	1.00911
131	51	1.06703
131	55	0.930553
131	59	0.939276
131	62	1.17006
131	71	1.03508
131	81	1.01078
131	86	1.03381
131	104	0.845453
131	111	1.01769
131	112	1.0074
131	118	1.01882
131	124	0.977831
131	130	1.12516
131	137	0.999612
131	144	0.977107
131	145	0.995806
131	157	0.977185
131	158	1.28431
131	161	1.00208
131	166	0.985554
131	177	0.987288
132	23	1.03272
132	50	1.04101
132	76	0.983196
132	84	0.935975
132	91	0.985694
132	92	0.926246
132	102	0.978673
132	105	0.962232
132	118	0.965037
132	121	1.02129
132	126	1.10857
132	135	1.074
132	139	0.967592
132	143	1.1242
132	144	0.972432
132	146	0.965518
132	147	1.033
132	149	0.99163
132	157	0.995063
132	160	0.964395
132	161	0.988902
132	162	1.00679
132	165	0.973495
132	170	0.976208
132	173	0.987638
132	174	0.979723
132	176	0.974015
132	180	1.08947
133	5	1.00815
133	43	1.14984
133	46	0.958554
133	54	0.997145
133	62	0.903059
133	89	0.915417
133	90	0.968376
133	91	0.967412
133	103	1.11577
133	110	0.959392
133	112	1.03832
133	113	1.01835
133	114	0.949675
133	123	1.0174
133	125	0.980248
133	128	1.02632
133	137	0.976655
133	140	0.984089
133	153	0.973627
133	157	0.976782
133	163	0.943992
133	164	1.15723
133	165	0.955214
133	166	1.13675
133	170	0.957927
133	173	0.969357
133	175	1.09028
133	176	0.955733
133	177	0.951671
134	15	1.05442
134	39	0.98452
134	43	0.97811
134	47	1.01549
134	49	0.980392
134	95	0.994671
134	103	0.971972
134	104	1.05564
134	105	1.01981
134	114	0.994093
134	122	1.07338
134	127	0.988894
134	137	1.02217
134	138	0.977547
134	141	1.03626
134	147	1.0229
134	149	0.992918
134	155	0.999633
134	157	0.957955
134	161	1.00288
134	164	0.972715
134	167	0.995244
134	168	0.991271
134	170	0.953671
134	171	0.999435
134	173	0.966197
134	175	1.00496
134	178	0.996668
134	179	1.00211
134	180	0.989745
135	11	0.902093
135	14	0.931533
135	31	1.01315
135	56	0.963395
135	86	0.972554
135	95	0.996863
135	109	1.03204
135	115	1.05251
135	117	1.05871
135	125	0.98365
135	127	0.991086
135	129	0.961288
135	132	1.074
135	137	1.05909
135	143	0.988971
135	149	1.02984
135	150	0.992351
135	155	1.00182
135	161	1.00507
135	162	0.996233
135	165	1.00569
135	167	0.997435
135	168	0.993462
135	171	1.00163
135	172	0.981481
135	174	1.00827
135	175	1.00715
135	178	0.99886
135	179	1.00431
135	180	0.991936
136	9	0.934614
136	20	0.989671
136	31	0.987627
136	41	0.989024
136	51	0.876828
136	67	1.13414
136	79	1.08772
136	83	1.02813
136	91	0.999078
136	94	1.00386
136	114	0.981341
136	120	1.0236
136	123	0.936201
136	141	0.959997
136	146	0.978903
136	148	1.00554
136	152	0.979967
136	155	1.01489
136	156	1.01968
136	157	1.00845
136	158	0.918945
136	159	0.996923
136	163	0.975658
136	164	1.07603
136	165	0.986879
136	169	1.09788
136	173	1.00102
136	174	0.993107
136	175	1.00908
136	179	1.01058
137	10	0.956665
137	19	0.919648
137	22	1.037
137	24	0.823202
137	42	1.08539
137	52	0.959058
137	59	0.957068
137	60	0.88102
137	81	1.02858
137	85	0.960225
137	91	1.00816
137	96	1.07371
137	112	1.02519
137	114	0.990423
137	122	0.968056
137	126	1.09367
137	131	0.999612
137	133	0.976655
137	134	1.02217
137	135	1.05909
137	144	0.994899
137	145	1.0136
137	153	1.01438
137	157	1.01753
137	165	0.995962
137	166	1.00335
137	170	0.998675
137	173	1.01011
137	174	1.00219
137	179	1.05211
137	180	1.07456
138	40	0.905226
138	54	1.03717
138	57	0.903967
138	74	0.97274
138	89	1.267
138	106	1.00398
138	108	1.00215
138	109	1.00697
138	113	0.992838
138	115	1.02743
138	116	1.12358
138	123	1.00495
138	134	0.977547
138	143	0.963898
138	145	0.982229
138	147	1.00002
138	150	0.967278
138	151	1.00121
138	154	1.05499
138	155	0.976751
138	167	0.972362
138	168	0.968389
138	169	0.909312
138	170	1.06367
138	171	0.976553
138	172	0.956408
138	173	1.0762
138	175	0.982082
138	178	0.973787
138	179	0.979232
138	180	0.966863
139	25	1.07376
139	46	0.971958
139	48	0.967991
139	51	0.998107
139	73	0.98224
139	82	1.0159
139	84	1.00082
139	85	1.03998
139	89	0.928821
139	92	0.921368
139	97	0.970523
139	102	0.973795
139	116	0.981204
139	122	0.940712
139	132	0.967592
139	152	0.961705
139	153	0.987031
139	157	0.990186
139	159	0.978661
139	160	0.959518
139	162	1.07163
139	163	0.957396
139	165	0.968617
139	167	1.11819
139	168	1.15662
139	169	1.07962
139	170	0.97133
139	172	1.17643
139	173	0.982761
139	174	0.974845
139	176	0.969137
139	177	0.965075
140	20	1.00619
140	26	1.02795
140	33	1.0224
140	64	0.947095
140	75	1.00902
140	78	0.989034
140	83	1.04464
140	89	0.963599
140	92	0.956146
140	93	1.01409
140	111	0.994872
140	119	0.995209
140	120	1.04012
140	126	1.01802
140	133	0.984089
140	144	1.00233
140	147	0.942448
140	148	1.02206
140	150	1.02816
140	156	1.03619
140	158	0.935461
140	159	1.01344
140	160	0.994295
140	163	0.992174
140	165	1.0034
140	170	1.00611
140	173	1.01754
140	174	1.00962
140	175	0.974964
140	176	1.00391
140	178	1.0361
140	179	0.976458
140	180	0.998914
141	23	1.05632
141	49	1.01622
141	60	1.08432
141	78	1.03186
141	80	1.08931
141	83	0.905694
141	103	1.0078
141	108	1.06086
141	115	1.08614
141	116	0.992932
141	119	0.993306
141	121	0.902601
141	127	1.02472
141	128	0.892006
141	134	1.03626
141	136	0.959997
141	142	1.028
141	143	1.02261
141	155	1.03546
141	157	0.937312
141	158	0.955369
141	159	0.937666
141	166	1.03069
141	168	1.0271
141	169	0.778667
141	171	1.03526
141	172	1.01512
141	173	0.945554
141	174	0.950706
141	175	1.04079
141	177	1.01976
141	178	1.0325
141	179	1.03794
141	180	1.02557
142	9	1.23482
142	25	1.00977
142	74	0.987361
142	79	0.866715
142	85	1.0146
142	98	0.99676
142	103	0.963711
142	108	1.01677
142	113	0.918159
142	114	1.02942
142	115	1.04205
142	122	1.1087
142	141	1.028
142	143	0.978518
142	144	1.02178
142	147	1.01464
142	150	0.981899
142	151	1.01583
142	153	1.02956
142	154	0.980306
142	155	0.991372
142	158	0.911279
142	161	0.99462
142	162	0.98578
142	165	1.00409
142	166	0.986598
142	167	0.986983
142	168	0.98301
142	172	0.971029
142	173	1.00152
142	177	0.975671
142	178	0.988408
142	179	0.993853
142	180	0.981484
143	1	1.04825
143	2	0.884734
143	18	0.917505
143	48	1.08177
143	54	1.0464
143	58	1.20321
143	70	0.948444
143	90	1.04667
143	96	0.987413
143	98	0.991372
143	100	1.04247
143	107	1.0246
143	118	1.08671
143	126	0.981145
143	127	0.975245
143	132	1.1242
143	135	0.988971
143	138	0.963898
143	141	1.02261
143	142	0.978518
143	145	0.991461
143	155	0.985983
143	158	0.90589
143	164	0.959066
143	167	0.981594
143	168	0.977621
143	169	0.886431
143	171	0.985785
143	172	0.96564
143	175	0.991314
143	176	1.07682
143	178	0.983019
143	179	0.988464
143	180	0.976095
144	8	0.910719
144	18	1.04222
144	30	1.00439
144	39	1.09854
144	42	1.04968
144	46	0.976797
144	51	1.06232
144	55	0.92584
144	63	0.979861
144	68	1.04482
144	70	1.00066
144	71	1.03037
144	81	1.00607
144	84	0.88536
144	85	0.924516
144	93	0.984156
144	111	1.01298
144	112	1.00268
144	124	0.973118
144	127	1.06711
144	131	0.977107
144	132	0.972432
144	137	0.994899
144	140	1.00233
144	142	1.02178
144	153	0.991871
144	160	0.964357
144	161	0.988864
144	166	0.980842
144	170	0.97617
144	172	1.06097
144	176	0.973977
144	178	1.07604
144	180	1.03885
145	8	0.929418
145	24	0.819397
145	52	1.14738
145	55	0.944539
145	59	0.953262
145	69	1.03635
145	71	1.04907
145	81	1.02477
145	99	0.851458
145	110	0.985237
145	111	1.03168
145	112	1.02138
145	116	1.07555
145	120	1.02474
145	124	0.991817
145	131	0.995806
145	137	1.0136
145	138	0.982229
145	143	0.991461
145	150	0.994841
145	151	1.02877
145	152	0.979546
145	157	1.01993
145	166	0.999541
145	167	0.999926
145	168	0.995953
145	172	0.983972
145	173	1.02817
145	174	1.03333
145	175	1.00965
145	176	1.05168
145	178	1.00135
145	179	1.0068
145	180	0.994427
146	2	1.04383
146	14	1.32603
146	19	1.30559
146	28	0.952026
146	41	0.968688
146	46	0.969884
146	51	0.894281
146	52	0.92964
146	54	0.933399
146	58	0.92976
146	73	0.980166
146	75	0.972165
146	91	0.978742
146	111	1.04644
146	121	1.01434
146	123	0.953654
146	128	1.03765
146	129	0.977942
146	132	0.965518
146	136	0.978903
146	148	0.985206
146	149	0.984678
146	153	0.984957
146	154	0.998827
146	156	0.99934
146	157	0.988112
146	162	0.967805
146	163	0.955322
146	165	0.966543
146	170	0.969256
146	172	1.0726
146	173	0.980687
146	174	0.972771
146	176	0.967063
146	180	1.05049
147	40	0.791152
147	84	0.852254
147	85	1.04534
147	89	1.15292
147	95	1.01715
147	97	0.970381
147	100	1.0786
147	103	0.994448
147	108	1.0475
147	121	0.919172
147	127	1.01137
147	132	1.033
147	134	1.0229
147	138	1.00002
147	140	0.942448
147	142	1.01464
147	151	1.04657
147	154	0.940911
147	155	1.02211
147	161	1.02536
147	162	1.01652
147	164	0.995191
147	165	0.964698
147	166	1.01733
147	167	1.01772
147	168	1.01375
147	171	1.02191
147	172	1.00177
147	173	0.962124
147	174	0.967277
147	175	1.02744
147	177	1.00641
147	178	1.01914
147	179	1.02459
147	180	1.01222
148	11	1.06013
148	41	0.995327
148	50	1.0607
148	51	0.785568
148	55	1.08858
148	56	1.15706
148	57	1.04855
148	79	1.09402
148	80	0.854787
148	83	1.03443
148	90	1.00634
148	93	1.00388
148	105	0.981919
148	107	1.03556
148	120	1.02991
148	121	1.04098
148	126	0.960877
148	127	0.970035
148	129	1.00458
148	136	1.00554
148	140	1.02206
148	146	0.985206
148	154	1.02547
148	159	1.00323
148	160	0.984083
148	161	1.00859
148	163	0.981961
148	166	0.964295
148	168	0.944084
148	169	1.10418
148	171	0.942399
148	175	0.917824
148	176	0.993702
148	177	0.98964
148	179	0.919318
149	35	0.983006
149	40	1.09049
149	46	0.995995
149	86	1.0483
149	88	0.92634
149	89	0.952858
149	100	0.916646
149	104	1.06082
149	105	0.981391
149	106	0.98291
149	110	0.996833
149	112	0.969399
149	114	0.987116
149	117	0.921803
149	122	0.964749
149	128	1.06376
149	132	0.99163
149	134	0.992918
149	135	1.02984
149	146	0.984678
149	151	1.01054
149	152	0.985743
149	156	1.02545
149	157	1.01422
149	159	1.0027
149	161	1.00806
149	162	0.962629
149	163	0.981433
149	165	0.992655
149	169	1.10366
149	170	0.995368
149	172	1.06743
149	173	1.0068
149	176	0.993174
149	177	0.989112
149	179	1.02285
150	14	0.919072
150	19	0.900891
150	48	1.08515
150	69	1.0214
150	70	0.942963
150	78	0.985766
150	91	1.06117
150	96	0.990793
150	99	0.871122
150	101	1.11033
150	105	1.10145
150	117	1.04625
150	119	1.09559
150	123	1.01756
150	135	0.992351
150	138	0.967278
150	140	1.02816
150	142	0.981899
150	145	0.994841
150	151	1.01382
150	154	1.02662
150	158	0.909271
150	161	0.992612
150	162	0.983772
150	164	0.962446
150	166	0.98459
150	167	0.984975
150	168	0.981002
150	170	1.03531
150	171	0.989166
150	172	0.96902
150	174	1.05299
150	175	0.994694
150	176	1.07134
150	177	0.973663
150	178	0.986399
150	179	0.991845
150	180	0.979476
151	28	1.03685
151	31	1.03462
151	40	0.81285
151	48	1.11908
151	63	1.04844
151	79	0.849018
151	85	1.04653
151	94	0.88947
151	101	1.04632
151	102	1.04177
151	103	0.995635
151	105	1.03744
151	110	0.940886
151	115	1.07398
151	120	0.980393
151	127	1.01256
151	138	1.00121
151	142	1.01583
151	145	1.02877
151	147	1.04657
151	149	1.01054
151	150	1.01382
151	155	1.0233
151	158	0.943203
151	162	1.0177
151	164	0.996379
151	166	1.01852
151	167	1.01891
151	168	1.01493
151	169	0.816936
151	171	1.0231
151	172	1.00295
151	173	0.983823
151	174	0.988975
151	177	1.0076
151	178	1.02033
151	179	1.02578
151	180	1.01341
152	1	0.848171
152	3	0.839096
152	24	2.07723
152	36	0.967215
152	73	0.98123
152	83	1.00886
152	93	0.978306
152	94	0.984586
152	96	0.969108
152	97	0.969513
152	101	0.958889
152	110	0.971787
152	114	0.962069
152	116	0.980194
152	118	0.95915
152	121	1.01541
152	124	1.104
152	125	0.992643
152	136	0.979967
152	139	0.961705
152	145	0.979546
152	149	0.985743
152	154	0.999892
152	156	1.0004
152	158	0.899673
152	159	0.977651
152	161	0.983015
152	163	0.956387
152	165	0.967608
152	166	0.992484
152	170	0.970321
152	171	0.970588
152	173	0.981751
152	174	0.973836
152	176	0.968127
152	177	0.964066
152	178	1.00715
152	179	0.947507
152	180	0.969963
153	27	1.04734
153	30	0.945375
153	38	0.98097
153	50	1.06045
153	52	0.95603
153	70	1.02014
153	80	0.959639
153	85	0.932289
153	97	0.994839
153	99	1.05477
153	102	0.998111
153	106	0.984226
153	108	0.946435
153	109	0.916599
153	114	0.987395
153	119	0.984747
153	121	1.04073
153	125	1.01797
153	126	1.06573
153	133	0.973627
153	137	1.01438
153	139	0.987031
153	142	1.02956
153	144	0.991871
153	146	0.984957
153	157	1.0145
153	158	0.924999
153	159	1.00298
153	160	0.983834
153	161	1.00834
153	163	0.981712
153	165	0.992933
153	170	0.995646
153	171	1.04725
153	172	1.06874
153	173	1.00708
153	174	0.999161
153	176	0.993453
153	178	1.08382
153	179	1.02417
154	15	0.832325
154	20	1.00959
154	31	0.95197
154	32	1.0308
154	33	1.02581
154	35	0.997155
154	38	0.99484
154	41	1.00895
154	42	1.00821
154	46	1.01014
154	58	0.97002
154	74	1.02968
154	80	0.91039
154	83	1.04805
154	89	0.967007
154	93	1.0175
154	99	1.06864
154	104	1.07497
154	106	0.934976
154	107	1.04918
154	119	0.998617
154	121	1.0546
154	122	0.978898
154	138	1.05499
154	142	0.980306
154	146	0.998827
154	147	0.940911
154	148	1.02547
154	150	1.02662
154	152	0.999892
154	159	1.01685
154	160	0.997704
154	163	0.995583
154	165	1.0068
154	167	0.961253
154	170	1.00952
154	171	0.998003
154	173	1.02095
154	174	1.01303
154	175	0.973427
154	176	1.00732
154	177	1.00326
155	3	1.05219
155	12	0.930415
155	23	1.01969
155	39	0.983724
155	50	0.857798
155	58	1.15034
155	79	0.865645
155	86	0.969887
155	97	1.00871
155	100	1.05533
155	103	0.971176
155	104	1.05485
155	106	1.02607
155	114	1.02835
155	123	1.02703
155	127	0.988098
155	128	0.946901
155	130	1.03219
155	134	0.999633
155	135	1.00182
155	136	1.01489
155	138	0.976751
155	141	1.03546
155	142	0.991372
155	143	0.985983
155	147	1.02211
155	151	1.0233
155	160	1.03788
155	162	0.993245
155	165	1.00302
155	166	0.994063
155	167	0.994448
155	168	0.990475
155	170	0.987924
155	171	0.998639
155	172	0.978494
155	173	1.00045
155	175	1.00417
155	176	1.02396
155	177	0.983136
155	178	0.995873
155	179	1.00132
155	180	0.988949
156	20	1.01011
156	32	1.03131
156	40	1.10515
156	43	0.988978
156	47	0.959037
156	71	0.966894
156	73	1.02094
156	75	1.01294
156	79	1.10816
156	80	0.866384
156	89	0.96752
156	93	1.01801
156	95	0.986174
156	98	0.877291
156	99	1.06916
156	101	0.998597
156	103	0.954908
156	105	0.996053
156	107	1.04969
156	117	0.829864
156	120	1.04404
156	122	0.979411
156	128	1.07842
156	130	1.05283
156	136	1.01968
156	140	1.03619
156	146	0.99934
156	149	1.02545
156	152	1.0004
156	160	0.998217
156	163	0.996095
156	164	0.996372
156	165	1.00732
156	169	1.11832
156	170	1.01003
156	172	0.975488
156	173	1.02146
156	174	1.01354
156	175	0.929422
156	176	1.00784
156	177	1.00377
156	178	0.990561
156	179	0.930916
156	180	0.953372
157	20	0.99888
157	35	0.98644
157	40	1.09392
157	52	0.959185
157	57	1.05145
157	62	0.943934
157	66	1.0372
157	74	1.04265
157	75	1.00171
157	86	1.05173
157	89	0.956292
157	90	1.00925
157	97	0.997994
157	105	0.984825
157	116	1.00867
157	117	0.886841
157	119	0.987902
157	120	1.03281
157	129	1.00749
157	131	0.977185
157	132	0.995063
157	133	0.976782
157	134	0.957955
157	136	1.00845
157	137	1.01753
157	139	0.990186
157	141	0.937312
157	145	1.01993
157	146	0.988112
157	149	1.01422
157	153	1.0145
157	160	0.986989
157	161	1.0115
157	162	0.927667
157	163	0.984867
157	164	1.05335
157	165	0.996088
157	167	0.974224
157	168	1.01266
157	169	1.10709
157	171	1.01097
157	172	1.03246
157	174	1.00232
157	175	0.986399
157	176	0.996608
157	179	0.987893
158	4	0.866907
158	7	1.1524
158	8	1.40076
158	23	0.939597
158	29	1.2776
158	53	0.985254
158	56	0.880315
158	59	1.34739
158	62	0.854431
158	67	1.41858
158	72	1.25275
158	73	0.920208
158	75	0.912207
158	77	1.06216
158	84	1.16398
158	88	1.19851
158	92	0.859336
158	94	0.923564
158	98	0.924133
158	112	1.24157
158	121	0.954385
158	125	0.93162
158	128	0.977688
158	131	1.28431
158	136	0.918945
158	140	0.935461
158	141	0.955369
158	142	0.911279
158	143	0.90589
158	150	0.909271
158	151	0.943203
158	152	0.899673
158	153	0.924999
158	159	0.916629
158	162	0.913152
158	168	0.910382
158	169	1.01759
158	170	0.909298
158	172	0.898401
158	173	0.920729
158	175	0.924075
158	176	0.907105
158	177	0.903043
158	178	0.91578
158	179	0.921225
158	180	0.908856
159	8	1.09399
159	15	0.845651
159	18	1.05332
159	33	1.00357
159	35	0.974915
159	40	1.08239
159	41	0.986708
159	43	1.04631
159	52	0.94766
159	64	0.958884
159	66	1.02568
159	70	1.01177
159	73	0.998186
159	74	1.04301
159	76	0.994264
159	82	1.03184
159	92	0.937314
159	94	1.00154
159	95	1.04351
159	103	1.01224
159	104	1.05273
159	110	0.988742
159	118	0.976105
159	121	1.03236
159	122	0.956658
159	125	1.0096
159	136	0.996923
159	139	0.978661
159	140	1.01344
159	141	0.937666
159	148	1.00323
159	149	1.0027
159	152	0.977651
159	153	1.00298
159	154	1.01685
159	158	0.916629
159	160	0.975464
159	163	0.973342
159	164	1.0537
159	168	1.01301
159	170	0.987276
159	171	1.01133
159	173	0.998707
159	174	0.990791
159	178	1.04789
159	179	0.988247
159	180	1.0107
160	2	1.04271
160	4	1.28247
160	11	1.03237
160	36	0.965027
160	45	0.881183
160	52	0.928517
160	60	0.862476
160	73	0.979042
160	75	0.971041
160	87	1.05251
160	89	0.925624
160	91	0.977619
160	92	0.918171
160	97	0.967326
160	102	0.970598
160	105	0.954157
160	107	1.0078
160	116	0.978006
160	118	0.956962
160	121	1.01322
160	122	0.937514
160	125	0.990455
160	127	1.08428
160	128	1.03652
160	132	0.964395
160	139	0.959518
160	140	0.994295
160	144	0.964357
160	148	0.984083
160	153	0.983834
160	154	0.997704
160	155	1.03788
160	156	0.998217
160	157	0.986989
160	159	0.975464
160	161	0.980827
160	164	1.09902
160	168	1.05833
160	169	1.07642
160	170	0.968133
160	171	1.05664
160	172	1.07813
160	173	0.979563
160	174	0.971648
160	175	1.03207
160	177	0.961878
160	178	1.09321
160	179	1.03356
160	180	1.05602
161	3	1.05544
161	7	0.870167
161	21	1.05288
161	22	1.03537
161	29	0.995369
161	34	1.0141
161	35	0.980278
161	37	1.07281
161	39	0.986972
161	61	0.953504
161	62	0.937772
161	65	1.24431
161	67	1.13635
161	72	0.970517
161	77	0.779924
161	81	0.925136
161	88	0.916275
161	97	0.991832
161	105	0.978663
161	106	1.02931
161	107	1.0323
161	109	1.03231
161	111	1.0312
161	120	1.02665
161	131	1.00208
161	132	0.988902
161	134	1.00288
161	135	1.00507
161	142	0.99462
161	144	0.988864
161	147	1.02536
161	148	1.00859
161	149	1.00806
161	150	0.992612
161	152	0.983015
161	153	1.00834
161	157	1.0115
161	160	0.980827
161	162	0.996494
161	164	0.975168
161	168	0.993723
161	170	0.99264
161	171	1.00189
161	173	1.00407
161	174	0.996155
161	175	1.00742
161	177	0.986385
161	178	0.999121
161	179	1.00457
161	180	0.992197
162	1	1.05551
162	3	1.0466
162	14	0.922953
162	28	1.0068
162	36	1.07504
162	38	1.1111
162	41	1.04214
162	43	0.971722
162	60	1.04211
162	63	1.01839
162	87	1.02608
162	89	1.12671
162	96	0.994675
162	100	1.04974
162	106	1.02047
162	107	0.907188
162	108	1.01864
162	109	1.02347
162	117	1.05013
162	119	0.983661
162	123	1.02144
162	126	0.988407
162	132	1.00679
162	135	0.996233
162	139	1.07163
162	142	0.98578
162	146	0.967805
162	147	1.01652
162	149	0.962629
162	150	0.983772
162	151	1.0177
162	155	0.993245
162	157	0.927667
162	158	0.913152
162	161	0.996494
162	163	0.996498
162	164	0.966328
162	166	0.988471
162	167	0.988856
162	168	0.984883
162	170	0.923383
162	171	0.993047
162	172	0.972902
162	173	0.935909
162	175	0.998576
162	176	0.959416
162	177	0.977544
162	178	0.990281
162	179	0.995726
162	180	0.983357
163	15	0.914128
163	16	0.993581
163	32	0.987295
163	36	0.962905
163	39	1.13887
163	46	0.966639
163	55	1.22598
163	57	1.01867
163	66	1.00441
163	70	0.990502
163	76	0.973
163	79	1.06414
163	83	1.00455
163	90	0.976461
163	94	0.980277
163	96	1.07833
163	99	1.02514
163	100	0.950515
163	102	0.968477
163	105	0.952035
163	106	1.01678
163	109	0.949153
163	113	1.02644
163	119	0.955112
163	120	1.00002
163	123	0.982347
163	125	0.988333
163	128	1.0344
163	129	0.974698
163	133	0.943992
163	136	0.975658
163	139	0.957396
163	140	0.992174
163	146	0.955322
163	148	0.981961
163	149	0.981433
163	152	0.956387
163	153	0.981712
163	154	0.995583
163	156	0.996095
163	157	0.984867
163	159	0.973342
163	162	0.996498
163	165	0.963299
163	167	1.04306
163	170	0.966012
163	171	1.07981
163	172	1.1013
163	173	0.977442
163	175	1.05523
163	176	0.963818
163	180	1.07918
164	1	1.03419
164	2	0.893006
164	5	0.982486
164	48	1.0677
164	49	0.952679
164	63	0.997067
164	64	0.992237
164	69	1.00395
164	74	0.967909
164	78	0.968322
164	80	1.02577
164	85	0.995149
164	90	1.05494
164	95	0.966958
164	96	0.973349
164	97	1.06985
164	98	0.977308
164	104	1.02793
164	108	0.997313
164	109	1.00214
164	114	1.08949
164	117	1.02881
164	126	0.967082
164	127	0.961181
164	130	1.00527
164	133	1.15723
164	134	0.972715
164	136	1.07603
164	143	0.959066
164	147	0.995191
164	150	0.962446
164	151	0.996379
164	156	0.996372
164	157	1.05335
164	159	1.0537
164	160	1.09902
164	161	0.975168
164	162	0.966328
164	166	0.967146
164	167	0.96753
164	168	0.963558
164	169	0.894704
164	170	1.04906
164	171	0.971722
164	172	0.951576
164	173	1.06159
164	174	1.06674
164	175	0.97725
164	177	0.956219
164	178	0.968955
164	179	0.974401
164	180	0.962032
165	2	1.05181
165	9	0.922254
165	12	1.23652
165	32	0.998516
165	36	0.974127
165	38	0.962557
165	40	1.07235
165	49	1.04221
165	53	1.05319
165	57	1.02989
165	71	1.03469
165	86	1.03016
165	87	1.01766
165	92	0.927271
165	93	0.985218
165	97	0.976425
165	106	0.958764
165	113	1.03766
165	114	0.968981
165	115	0.893953
165	116	0.987106
165	117	0.897657
165	121	1.02232
165	125	0.999555
165	128	1.04562
165	132	0.973495
165	133	0.955214
165	135	1.00569
165	136	0.986879
165	137	0.995962
165	139	0.968617
165	140	1.0034
165	142	1.00409
165	146	0.966543
165	147	0.964698
165	149	0.992655
165	152	0.967608
165	153	0.992933
165	154	1.0068
165	155	1.00302
165	156	1.00732
165	157	0.996088
165	163	0.963299
165	166	1.04368
165	168	1.02347
165	169	1.08552
165	170	0.977233
165	171	1.02179
165	173	0.988663
165	174	0.980748
165	176	0.975039
165	177	0.970978
165	178	1.05835
165	179	0.998708
166	3	1.04742
166	4	0.942226
166	8	0.919166
166	10	0.942608
166	19	0.905591
166	22	1.02295
166	24	0.809145
166	27	1.03631
166	28	1.00761
166	30	1.01284
166	32	0.990597
166	51	1.07076
166	52	1.16032
166	53	0.889949
166	55	0.934288
166	59	0.943011
166	63	1.01921
166	64	1.01438
166	71	1.03882
166	75	1.08697
166	78	0.990466
166	81	1.01452
166	86	1.03755
166	91	1.05444
166	93	1.07697
166	110	0.998175
166	111	1.02143
166	112	1.01113
166	121	0.998159
166	124	0.981566
166	125	1.02164
166	129	0.999282
166	131	0.985554
166	133	1.13675
166	137	1.00335
166	141	1.03069
166	142	0.986598
166	144	0.980842
166	145	0.999541
166	147	1.01733
166	148	0.964295
166	150	0.98459
166	151	1.01852
166	152	0.992484
166	155	0.994063
166	162	0.988471
166	164	0.967146
166	165	1.04368
166	167	0.989674
166	168	0.985701
166	169	0.874225
166	172	0.97372
166	174	1.04626
166	175	0.999394
166	176	1.06462
166	178	0.991099
166	179	0.996544
166	180	0.984175
167	4	0.942611
167	9	1.21577
167	15	1.04923
167	31	1.00577
167	35	1.09078
167	40	0.811494
167	41	1.0887
167	42	0.972258
167	48	1.09023
167	49	0.975208
167	54	1.05487
167	60	1.04331
167	62	0.930135
167	63	1.0196
167	68	0.838253
167	73	0.970048
167	74	0.990437
167	78	0.99085
167	82	1.02957
167	85	1.01768
167	93	1.01833
167	95	0.989486
167	96	0.995877
167	98	0.999836
167	100	1.05094
167	105	1.03608
167	106	1.02168
167	107	0.953745
167	115	1.04513
167	121	0.939514
167	125	0.962999
167	127	0.983709
167	134	0.995244
167	135	0.997435
167	138	0.972362
167	139	1.11819
167	142	0.986983
167	143	0.981594
167	145	0.999926
167	147	1.01772
167	150	0.984975
167	151	1.01891
167	154	0.961253
167	155	0.994448
167	157	0.974224
167	162	0.988856
167	163	1.04306
167	164	0.96753
167	166	0.989674
167	168	0.986086
167	171	0.99425
167	172	0.974105
167	173	0.982466
167	174	0.987619
167	175	0.999778
167	176	1.00597
167	177	0.978747
167	178	0.991483
167	179	0.996929
167	180	0.98456
168	3	1.04383
168	4	0.938638
168	15	1.04526
168	23	1.01133
168	26	1.01036
168	35	1.12921
168	42	0.968285
168	43	0.968952
168	46	1.08048
168	49	0.971235
168	56	0.952046
168	64	1.01079
168	74	0.986464
168	75	1.06676
168	78	0.986877
168	80	1.04433
168	82	1.0256
168	85	1.0137
168	86	0.990338
168	90	1.01425
168	99	0.844185
168	100	1.04697
168	103	0.962814
168	104	1.04649
168	108	1.01587
168	113	0.93754
168	114	1.0488
168	115	1.04116
168	117	1.04736
168	123	1.01867
168	128	0.967352
168	134	0.991271
168	135	0.993462
168	138	0.968389
168	139	1.15662
168	141	1.0271
168	142	0.98301
168	143	0.977621
168	145	0.995953
168	147	1.01375
168	148	0.944084
168	150	0.981002
168	151	1.01493
168	155	0.990475
168	157	1.01266
168	158	0.910382
168	159	1.01301
168	160	1.05833
168	161	0.993723
168	162	0.984883
168	164	0.963558
168	165	1.02347
168	166	0.985701
168	167	0.986086
168	169	0.854013
168	171	0.990277
168	172	0.970132
168	173	1.0209
168	174	1.02605
168	175	0.995806
168	177	0.974774
168	178	0.987511
168	179	0.992956
168	180	0.980587
169	6	1.02108
169	7	0.686625
169	13	1.03255
169	16	1.14881
169	17	0.824044
169	20	1.08831
169	21	1.11794
169	22	0.851827
169	25	1.11608
169	34	1.11464
169	37	1.08679
169	39	0.911393
169	44	1.05896
169	47	1.06375
169	52	1.04862
169	65	1.02087
169	68	1.15689
169	87	1.13051
169	88	1.12226
169	94	1.1025
169	105	1.07426
169	106	0.789303
169	110	1.0897
169	114	1.07998
169	115	0.724492
169	118	1.07706
169	119	1.07734
169	120	1.12225
169	125	1.11056
169	127	0.879965
169	136	1.09788
169	138	0.909312
169	139	1.07962
169	141	0.778667
169	143	0.886431
169	148	1.10418
169	149	1.10366
169	151	0.816936
169	156	1.11832
169	157	1.10709
169	158	1.01759
169	160	1.07642
169	164	0.894704
169	165	1.08552
169	166	0.874225
169	168	0.854013
169	170	1.08824
169	171	0.852329
169	172	0.87382
169	174	1.09175
169	175	0.827754
169	176	1.08604
169	177	1.08198
169	178	0.888893
169	179	0.829248
169	180	0.851704
170	1	0.884273
170	2	1.05452
170	3	0.875199
170	5	1.03017
170	9	0.924967
170	12	1.22142
170	18	1.04599
170	19	1.26117
170	23	0.949317
170	27	1.03164
170	31	0.960658
170	36	0.97684
170	41	0.979377
170	49	1.02711
170	50	1.04475
170	58	0.94045
170	59	1.03598
170	66	1.01835
170	75	0.982854
170	78	0.996185
170	79	1.07808
170	86	1.03287
170	89	0.937437
170	90	0.990395
170	93	0.987931
170	102	0.982411
170	110	0.981412
170	116	0.989819
170	118	0.968775
170	119	0.969047
170	120	1.01396
170	122	0.949327
170	124	1.1401
170	128	1.04834
170	129	0.988632
170	132	0.976208
170	133	0.957927
170	134	0.953671
170	137	0.998675
170	138	1.06367
170	139	0.97133
170	140	1.00611
170	144	0.97617
170	146	0.969256
170	149	0.995368
170	150	1.03531
170	152	0.970321
170	153	0.995646
170	154	1.00952
170	155	0.987924
170	156	1.01003
170	158	0.909298
170	159	0.987276
170	160	0.968133
170	161	0.99264
170	162	0.923383
170	163	0.966012
170	164	1.04906
170	165	0.977233
170	169	1.08824
170	171	1.00669
170	173	0.991376
170	174	0.983461
170	176	0.977753
170	177	0.973691
170	178	1.04325
170	179	0.983609
170	180	1.00606
171	18	0.883403
171	20	0.972073
171	25	1.01704
171	28	1.01219
171	39	0.983526
171	42	0.976449
171	50	0.876565
171	54	1.05906
171	56	0.96021
171	62	0.934326
171	63	1.02379
171	64	1.01896
171	69	1.03067
171	74	0.994628
171	76	1.05591
171	78	0.995042
171	80	1.05249
171	82	1.03376
171	83	0.979356
171	85	1.02187
171	87	1.03147
171	95	0.993678
171	98	1.00403
171	99	0.842501
171	100	1.05513
171	103	0.970978
171	106	1.02587
171	108	1.02403
171	109	1.02886
171	114	1.04711
171	115	1.04932
171	117	1.05553
171	126	0.993801
171	127	0.9879
171	129	0.977387
171	130	1.03199
171	134	0.999435
171	135	1.00163
171	138	0.976553
171	141	1.03526
171	143	0.985785
171	147	1.02191
171	148	0.942399
171	150	0.989166
171	151	1.0231
171	152	0.970588
171	153	1.04725
171	154	0.998003
171	155	0.998639
171	157	1.01097
171	159	1.01133
171	160	1.05664
171	161	1.00189
171	162	0.993047
171	163	1.07981
171	164	0.971722
171	165	1.02179
171	167	0.99425
171	168	0.990277
171	169	0.852329
171	170	1.00669
171	172	0.978296
171	174	1.02437
171	175	1.00397
171	176	1.04272
171	177	0.982938
171	178	0.995675
171	179	1.00112
171	180	0.988751
172	4	0.926657
172	14	0.908202
172	15	1.03328
172	23	0.999347
172	26	1.03016
172	28	0.992044
172	39	0.963381
172	42	0.956304
172	48	1.07428
172	53	0.889545
172	54	1.03891
172	56	0.940064
172	60	1.02736
172	63	1.00364
172	69	1.01053
172	74	0.974483
172	78	0.974896
172	80	1.03235
172	82	1.01361
172	83	1.00085
172	96	0.979923
172	98	0.983882
172	100	1.03498
172	103	0.950833
172	106	1.00572
172	109	1.00871
172	115	1.02917
172	117	1.03538
172	118	1.0741
172	120	1.03728
172	123	1.00669
172	125	1.02124
172	126	0.973656
172	127	0.967755
172	128	0.987159
172	135	0.981481
172	138	0.956408
172	139	1.17643
172	141	1.01512
172	142	0.971029
172	143	0.96564
172	144	1.06097
172	145	0.983972
172	146	1.0726
172	147	1.00177
172	149	1.06743
172	150	0.96902
172	151	1.00295
172	153	1.06874
172	155	0.978494
172	156	0.975488
172	157	1.03246
172	158	0.898401
172	160	1.07813
172	162	0.972902
172	163	1.1013
172	164	0.951576
172	166	0.97372
172	167	0.974105
172	168	0.970132
172	169	0.87382
172	171	0.978296
172	173	1.04071
172	174	1.04586
172	175	0.983824
172	176	1.06421
172	178	0.975529
172	179	0.980975
172	180	0.968606
173	2	1.06595
173	3	0.887724
173	4	1.24505
173	5	1.0416
173	9	0.936398
173	18	1.05742
173	27	1.04307
173	32	1.01266
173	33	1.00767
173	35	0.979015
173	49	1.03963
173	50	1.05618
173	52	0.95176
173	54	0.901503
173	57	1.04403
173	58	0.95188
173	61	0.936849
173	62	0.936509
173	66	1.02978
173	68	1.06003
173	72	0.953862
173	79	1.08951
173	83	1.02991
173	89	0.948867
173	92	0.941414
173	93	0.999362
173	99	1.0505
173	102	0.993841
173	108	0.918399
173	110	0.992842
173	119	0.980477
173	120	1.02539
173	121	1.03646
173	122	0.960758
173	128	1.05977
173	129	1.00006
173	132	0.987638
173	133	0.969357
173	134	0.966197
173	136	1.00102
173	137	1.01011
173	138	1.0762
173	139	0.982761
173	140	1.01754
173	141	0.945554
173	142	1.00152
173	145	1.02817
173	146	0.980687
173	147	0.962124
173	149	1.0068
173	151	0.983823
173	152	0.981751
173	153	1.00708
173	154	1.02095
173	155	1.00045
173	156	1.02146
173	158	0.920729
173	159	0.998707
173	160	0.979563
173	161	1.00407
173	162	0.935909
173	163	0.977442
173	164	1.06159
173	165	0.988663
173	167	0.982466
173	168	1.0209
173	170	0.991376
173	172	1.04071
173	174	0.994891
173	175	0.99464
173	176	0.989183
173	177	0.985121
173	180	1.01859
174	8	1.10703
174	9	0.928482
174	11	1.04769
174	28	0.925282
174	32	1.00474
174	37	1.06131
174	38	0.968784
174	40	1.07858
174	46	0.984088
174	50	1.04826
174	54	0.906655
174	57	1.03611
174	58	0.943964
174	66	1.02186
174	71	1.03726
174	78	1.01386
174	79	1.08159
174	81	0.913633
174	83	1.022
174	89	0.940951
174	90	0.99391
174	91	0.992946
174	93	0.991446
174	94	0.997726
174	95	1.05655
174	97	0.982653
174	99	1.04259
174	101	0.972028
174	102	0.985925
174	105	0.969484
174	107	1.02313
174	108	0.923552
174	110	0.984926
174	113	1.04389
174	114	0.975209
174	115	0.896531
174	116	0.993334
174	118	0.972289
174	119	0.972561
174	120	1.01747
174	121	1.02855
174	122	0.952842
174	125	1.00578
174	129	0.992147
174	132	0.979723
174	135	1.00827
174	136	0.993107
174	137	1.00219
174	139	0.974845
174	140	1.00962
174	141	0.950706
174	145	1.03333
174	146	0.972771
174	147	0.967277
174	150	1.05299
174	151	0.988975
174	152	0.973836
174	153	0.999161
174	154	1.01303
174	156	1.01354
174	157	1.00232
174	159	0.990791
174	160	0.971648
174	161	0.996155
174	164	1.06674
174	165	0.980748
174	166	1.04626
174	167	0.987619
174	168	1.02605
174	169	1.09175
174	170	0.983461
174	171	1.02437
174	172	1.04586
174	173	0.994891
174	176	0.981267
174	177	0.977205
174	178	1.06093
175	1	1.06643
175	3	1.05752
175	4	0.952331
175	11	0.893617
175	12	0.935745
175	15	1.05895
175	19	0.915695
175	23	1.02502
175	26	0.984098
175	27	0.961477
175	28	1.01772
175	31	1.01549
175	39	0.989054
175	42	0.981978
175	43	0.982645
175	44	0.96545
175	48	1.09995
175	49	0.984927
175	54	1.06459
175	56	0.965738
175	60	1.05303
175	62	0.939855
175	64	1.02449
175	69	1.0362
175	74	1.00016
175	76	1.03133
175	78	1.00057
175	79	0.859836
175	82	1.03929
175	83	0.954781
175	85	1.0274
175	87	1.037
175	91	1.00797
175	94	0.900287
175	98	1.00956
175	100	1.06066
175	102	1.05258
175	103	0.976507
175	104	1.06018
175	105	1.04826
175	109	1.03439
175	113	0.91128
175	115	1.05485
175	116	1.04202
175	117	1.06106
175	122	1.10182
175	123	1.03236
175	126	0.99933
175	127	0.993429
175	128	0.941093
175	130	1.03752
175	133	1.09028
175	134	1.00496
175	135	1.00715
175	136	1.00908
175	138	0.982082
175	140	0.974964
175	141	1.04079
175	143	0.991314
175	145	1.00965
175	147	1.02744
175	148	0.917824
175	150	0.994694
175	154	0.973427
175	155	1.00417
175	156	0.929422
175	157	0.986399
175	158	0.924075
175	160	1.03207
175	161	1.00742
175	162	0.998576
175	163	1.05523
175	164	0.97725
175	166	0.999394
175	167	0.999778
175	168	0.995806
175	169	0.827754
175	171	1.00397
175	172	0.983824
175	173	0.99464
175	176	1.01815
175	177	0.988467
175	178	1.0012
175	179	1.00665
175	180	0.99428
176	1	0.920305
176	2	1.05233
176	11	1.04198
176	25	0.96154
176	26	0.999595
176	30	0.940846
176	31	0.996691
176	32	0.999036
176	33	0.994049
176	38	0.963076
176	40	1.07287
176	41	0.977184
176	42	1.05293
176	44	1.13123
176	46	0.97838
176	52	0.938136
176	53	1.05371
176	58	0.938256
176	59	1.07201
176	65	1.25116
176	68	1.04641
176	70	1.00224
176	72	0.977369
176	74	1.0744
176	76	0.98474
176	80	0.95511
176	82	1.02232
176	83	1.01629
176	86	1.03068
176	89	0.935243
176	90	0.988201
176	92	0.92779
176	94	0.992018
176	99	1.03688
176	101	0.96632
176	102	0.980217
176	104	1.04321
176	105	0.963776
176	107	1.01742
176	108	0.941906
176	109	0.91207
176	110	0.979218
176	114	0.969501
176	115	0.914886
176	116	0.987626
176	118	0.966581
176	119	0.966853
176	120	1.01176
176	122	0.947134
176	125	1.00007
176	128	1.04614
176	129	0.986438
176	130	1.02055
176	132	0.974015
176	133	0.955733
176	139	0.969137
176	140	1.00391
176	143	1.07682
176	144	0.973977
176	145	1.05168
176	146	0.967063
176	148	0.993702
176	149	0.993174
176	150	1.07134
176	152	0.968127
176	153	0.993453
176	154	1.00732
176	155	1.02396
176	156	1.00784
176	157	0.996608
176	158	0.907105
176	162	0.959416
176	163	0.963818
176	165	0.975039
176	166	1.06462
176	167	1.00597
176	169	1.08604
176	170	0.977753
176	171	1.04272
176	172	1.06421
176	173	0.989183
176	174	0.981267
176	175	1.01815
176	177	0.971497
176	179	1.01964
177	6	1.13208
177	9	0.918712
177	10	1.2912
177	13	1.33862
177	16	0.934853
177	17	0.992792
177	21	1.03808
177	22	1.02058
177	30	0.919201
177	34	0.999307
177	37	1.05802
177	39	0.968023
177	45	0.845617
177	47	1.02612
177	52	0.934074
177	55	1.16725
177	56	0.944707
177	59	1.05036
177	62	0.918823
177	63	1.00828
177	64	1.00345
177	65	1.22952
177	67	1.12156
177	69	1.01517
177	70	0.998181
177	71	1.03397
177	72	0.955723
177	77	0.765131
177	79	1.07182
177	81	0.910342
177	83	1.01223
177	84	0.866958
177	91	0.983176
177	94	0.987956
177	95	0.978175
177	102	0.976155
177	104	1.03915
177	106	1.01037
177	108	1.00853
177	109	1.01336
177	110	0.975156
177	111	1.01641
177	112	0.94454
177	116	0.983564
177	117	1.04002
177	118	0.96252
177	121	1.01878
177	122	0.943072
177	123	1.01133
177	124	1.15449
177	125	0.996012
177	126	0.978298
177	128	1.04208
177	130	1.01649
177	131	0.987288
177	133	0.951671
177	139	0.965075
177	141	1.01976
177	142	0.975671
177	147	1.00641
177	148	0.98964
177	149	0.989112
177	150	0.973663
177	151	1.0076
177	152	0.964066
177	154	1.00326
177	155	0.983136
177	156	1.00377
177	158	0.903043
177	160	0.961878
177	161	0.986385
177	162	0.977544
177	164	0.956219
177	165	0.970978
177	167	0.978747
177	168	0.974774
177	169	1.08198
177	170	0.973691
177	171	0.982938
177	173	0.985121
177	174	0.977205
177	175	0.988467
177	176	0.971497
177	178	0.980172
177	179	0.985617
177	180	0.973248
178	1	1.05814
178	2	0.887195
178	4	0.944036
178	12	0.92745
178	14	0.925581
178	18	0.919966
178	19	0.9074
178	23	1.01673
178	28	1.00942
178	33	0.878972
178	39	0.980759
178	40	0.884807
178	42	0.973683
178	44	0.957155
178	49	0.976632
178	51	0.943198
178	54	1.05629
178	56	0.957443
178	60	1.04473
178	63	1.02102
178	64	1.01619
178	68	0.911566
178	69	1.02791
178	74	0.991862
178	76	1.09247
178	78	0.992275
178	80	1.04972
178	82	1.03099
178	83	1.01592
178	85	1.0191
178	87	1.0287
178	90	1.04913
178	91	1.06911
178	95	0.990911
178	96	0.997302
178	98	1.00126
178	100	1.05236
178	103	0.968212
178	106	1.0231
178	107	1.02706
178	108	1.02127
178	109	1.02609
178	110	1.01284
178	113	0.972419
178	115	1.04655
178	117	1.05276
178	121	1.01283
178	123	1.02407
178	125	1.03631
178	126	0.991035
178	127	0.985134
178	130	1.02923
178	134	0.996668
178	135	0.99886
178	138	0.973787
178	140	1.0361
178	141	1.0325
178	142	0.988408
178	143	0.983019
178	144	1.07604
178	145	1.00135
178	147	1.01914
178	150	0.986399
178	151	1.02033
178	152	1.00715
178	153	1.08382
178	155	0.995873
178	156	0.990561
178	158	0.91578
178	159	1.04789
178	160	1.09321
178	161	0.999121
178	162	0.990281
178	164	0.968955
178	165	1.05835
178	166	0.991099
178	167	0.991483
178	168	0.987511
178	169	0.888893
178	170	1.04325
178	171	0.995675
178	172	0.975529
178	174	1.06093
178	175	1.0012
178	177	0.980172
178	179	0.998354
178	180	0.985985
179	1	1.06359
179	3	1.05468
179	4	0.949481
179	5	0.91703
179	11	0.895111
179	12	0.932896
179	14	0.931026
179	15	1.0561
179	19	0.912846
179	23	1.02217
179	25	1.01972
179	28	1.01487
179	31	1.01264
179	32	0.94562
179	36	1.13527
179	39	0.986205
179	43	0.979795
179	44	0.962601
179	48	1.0971
179	49	0.982078
179	54	1.06174
179	56	0.962889
179	58	1.14603
179	60	1.05018
179	63	1.02647
179	64	1.02164
179	73	0.983716
179	74	0.997307
179	78	0.99772
179	79	0.86133
179	85	1.02455
179	87	1.03415
179	95	0.996356
179	96	1.00275
179	97	1.00439
179	98	1.00671
179	100	1.05781
179	101	1.05863
179	103	0.973657
179	104	1.05733
179	106	1.02855
179	108	1.02671
179	109	1.03154
179	110	0.953198
179	115	1.052
179	117	1.05821
179	119	1.04389
179	123	1.02951
179	125	0.976668
179	126	0.99648
179	127	0.990579
179	129	0.954306
179	130	1.03467
179	134	1.00211
179	135	1.00431
179	136	1.01058
179	137	1.05211
179	138	0.979232
179	140	0.976458
179	141	1.03794
179	142	0.993853
179	143	0.988464
179	145	1.0068
179	147	1.02459
179	148	0.919318
179	149	1.02285
179	150	0.991845
179	151	1.02578
179	152	0.947507
179	153	1.02417
179	155	1.00132
179	156	0.930916
179	157	0.987893
179	158	0.921225
179	159	0.988247
179	160	1.03356
179	161	1.00457
179	162	0.995726
179	164	0.974401
179	165	0.998708
179	166	0.996544
179	167	0.996929
179	168	0.992956
179	169	0.829248
179	170	0.983609
179	171	1.00112
179	172	0.980975
179	175	1.00665
179	176	1.01964
179	177	0.985617
179	178	0.998354
179	180	0.99143
180	1	1.05122
180	3	1.04231
180	4	0.937112
180	12	0.920527
180	14	0.918657
180	15	1.04374
180	18	0.882777
180	19	0.900477
180	20	0.971447
180	23	1.0098
180	25	1.00735
180	28	1.0025
180	31	1.00027
180	39	0.973836
180	42	0.966759
180	43	0.967426
180	44	0.950232
180	46	1.07817
180	48	1.08473
180	49	0.969709
180	52	1.1378
180	53	0.867429
180	54	1.04937
180	56	0.95052
180	57	0.846359
180	60	1.03781
180	62	0.924636
180	63	1.0141
180	64	1.00927
180	66	1.0448
180	69	1.02098
180	73	1.00617
180	74	0.984938
180	76	1.05528
180	78	0.985351
180	80	1.0428
180	82	1.02407
180	85	1.01218
180	87	1.02178
180	93	1.05445
180	95	0.983987
180	96	0.990378
180	97	1.02685
180	98	0.994338
180	100	1.04544
180	102	1.07653
180	103	0.961288
180	104	1.04496
180	106	1.01618
180	108	1.01434
180	109	1.01917
180	112	0.986303
180	115	1.03963
180	117	1.04584
180	119	1.06634
180	121	0.975638
180	122	1.12577
180	123	1.01714
180	126	0.984111
180	127	0.97821
180	130	1.0223
180	132	1.08947
180	134	0.989745
180	135	0.991936
180	137	1.07456
180	138	0.966863
180	140	0.998914
180	141	1.02557
180	142	0.981484
180	143	0.976095
180	144	1.03885
180	145	0.994427
180	146	1.05049
180	147	1.01222
180	150	0.979476
180	151	1.01341
180	152	0.969963
180	155	0.988949
180	156	0.953372
180	158	0.908856
180	159	1.0107
180	160	1.05602
180	161	0.992197
180	162	0.983357
180	163	1.07918
180	164	0.962032
180	166	0.984175
180	167	0.98456
180	168	0.980587
180	169	0.851704
180	170	1.00606
180	171	0.988751
180	172	0.968606
180	173	1.01859
180	175	0.99428
180	177	0.973248
180	178	0.985985
180	179	0.99143
