1	71	1.20504
1	135	0.884873
1	139	0.898222
1	146	1.20785
1	154	0.889632
1	161	1.15913
1	163	1.22361
1	168	0.900404
1	169	0.906047
1	175	0.910921
1	176	0.904468
1	178	0.905472
2	30	1.13167
2	33	0.898223
2	35	0.892346
2	81	0.902306
2	89	0.891256
2	103	0.875679
2	105	1.20591
2	110	0.901246
2	113	0.880588
2	114	1.17505
2	141	1.29024
2	177	0.958344
3	5	0.912942
3	41	0.961152
3	80	0.897069
3	81	0.881309
3	89	0.870259
3	110	0.88025
3	113	0.859591
3	118	1.12727
3	155	1.25498
3	165	1.2055
3	176	1.21463
3	177	0.937347
4	38	0.883075
4	83	1.15206
4	134	1.29351
4	145	0.896855
4	156	0.905632
4	168	0.898028
4	172	0.912545
4	173	0.89868
4	174	1.19245
4	176	0.902091
4	178	0.903095
4	180	1.15371
5	3	0.912942
5	35	0.888858
5	80	0.914577
5	103	0.87219
5	104	0.881757
5	110	0.897758
5	113	0.877099
5	141	1.32989
5	165	1.14865
5	171	1.19998
5	177	0.954855
5	180	1.11959
6	74	0.775691
6	90	0.801505
6	93	1.48318
6	94	1.59312
6	119	0.788141
6	125	0.831665
6	146	0.790682
6	160	0.796555
6	161	0.797228
6	166	0.814871
6	168	1.73321
6	179	0.803628
7	55	0.783355
7	59	0.7675
7	106	1.52699
7	130	1.63651
7	132	0.808018
7	141	0.800152
7	148	0.769445
7	150	1.63192
7	169	0.81964
7	173	0.81465
7	176	0.818061
7	178	0.819065
8	10	0.838518
8	26	0.904837
8	34	1.19535
8	72	0.974058
8	87	0.849267
8	109	0.911501
8	117	0.927345
8	141	1.28323
8	142	0.897597
8	151	1.16389
8	152	0.896737
8	160	1.16053
9	61	1.48665
9	133	0.933124
9	142	1.15436
9	151	0.89948
9	153	0.893252
9	158	1.20049
9	162	0.877755
9	163	0.895227
9	170	0.905932
9	171	0.893887
9	177	0.964416
9	179	0.901372
10	8	0.838518
10	14	0.745604
10	76	1.47387
10	79	0.832787
10	98	0.823489
10	108	0.771702
10	109	0.807187
10	117	0.823031
10	140	1.70979
10	142	0.793283
10	144	0.764259
10	175	1.6198
11	54	1.7394
11	131	0.79511
11	141	0.782469
11	158	1.65192
11	159	0.798747
11	160	0.79452
11	161	0.795194
11	164	0.810282
11	165	0.803582
11	166	0.812836
11	177	1.41585
11	180	0.807316
12	103	0.876337
12	104	0.885904
12	107	1.26335
12	113	0.881246
12	122	0.898133
12	143	1.10803
12	162	1.2567
12	173	0.895079
12	175	0.904943
12	177	0.959001
12	178	0.899495
12	179	1.16566
13	35	1.14898
13	92	1.27764
13	140	0.887189
13	144	0.874196
13	153	1.22075
13	158	0.888405
13	169	0.907736
13	172	0.916611
13	174	1.1461
13	175	0.91261
13	176	0.906157
13	178	0.907161
14	10	0.745604
14	79	0.844187
14	87	0.756353
14	92	0.778952
14	98	0.834889
14	104	1.65005
14	108	0.783102
14	109	0.818587
14	117	0.834431
14	135	1.60992
14	152	0.803823
14	180	1.53991
15	18	0.910244
15	34	1.23186
15	72	0.960392
15	92	0.8582
15	98	0.914137
15	108	0.86235
15	109	0.897834
15	117	0.913679
15	132	1.25071
15	152	0.88307
15	173	1.21439
15	180	1.10945
16	37	1.11254
16	123	0.873261
16	134	0.868929
16	147	0.847994
16	148	1.57674
16	151	0.871436
16	157	0.871665
16	162	0.849711
16	169	1.36135
16	170	0.877887
16	171	0.865843
16	177	1.15116
16	179	0.873327
17	50	1.50948
17	60	1.2354
17	82	0.890808
17	136	1.25565
17	143	0.869901
17	147	0.845155
17	151	0.868597
17	156	1.20115
17	162	0.846872
17	163	0.864343
17	170	0.875048
17	171	0.863004
17	180	0.87621
18	15	0.910244
18	26	0.885915
18	47	0.827457
18	54	1.4023
18	67	1.32189
18	85	1.28088
18	87	0.830345
18	92	0.852945
18	108	0.857094
18	117	0.908424
18	129	1.20276
18	144	0.849652
18	152	0.877815
19	41	1.10738
19	49	0.90488
19	151	0.864324
19	162	0.842599
19	163	0.86007
19	169	1.38373
19	170	0.870775
19	171	0.858731
19	172	1.32042
19	174	0.860512
19	178	1.39117
19	179	0.866215
19	180	0.871937
20	123	1.3204
20	148	0.823727
20	149	0.879157
20	156	0.875885
20	158	0.854592
20	162	1.37843
20	165	1.26378
20	168	0.86828
20	169	0.873923
20	170	1.23452
20	175	0.878797
20	176	0.872344
20	178	0.873348
21	49	0.907342
21	66	1.49616
21	119	1.22565
21	134	0.864279
21	141	1.31846
21	147	0.843343
21	161	1.15638
21	162	0.845061
21	163	0.862532
21	170	0.873237
21	171	0.861193
21	179	0.868677
21	180	0.874399
22	91	1.71128
22	114	0.782777
22	140	0.763142
22	143	1.71961
22	157	0.781663
22	158	0.764359
22	168	0.778047
22	169	0.783689
22	172	0.792564
22	174	1.76331
22	175	0.788563
22	176	0.78211
22	178	0.783114
23	33	0.874807
23	61	0.80453
23	78	0.85166
23	81	0.878889
23	89	0.867839
23	103	0.852262
23	105	1.37133
23	110	0.877829
23	113	0.857171
23	125	1.17695
23	130	1.26691
23	132	1.38662
23	177	0.934927
24	90	1.31859
24	96	0.839192
24	121	1.33332
24	162	0.849779
24	163	0.86725
24	164	1.29971
24	166	1.23837
24	167	0.885161
24	171	0.86591
24	173	0.868769
24	175	0.878633
24	176	0.87218
24	178	0.873184
25	107	0.836927
25	118	0.897942
25	129	0.874521
25	134	0.86622
25	147	0.845285
25	161	1.30532
25	163	0.864473
25	168	1.32643
25	170	0.875178
25	171	0.863134
25	172	1.27793
25	176	1.29529
25	180	0.87634
26	8	0.904837
26	18	0.885915
26	52	0.816566
26	79	0.899106
26	92	0.833871
26	108	0.838021
26	109	0.873505
26	117	0.88935
26	126	1.28825
26	141	1.3817
26	152	0.858741
26	154	1.30505
26	179	1.22408
27	78	1.41166
27	88	0.869988
27	121	1.2567
27	136	1.23967
27	145	0.868757
27	148	0.825377
27	154	0.859157
27	155	0.877384
27	168	0.869929
27	171	1.28434
27	175	0.880446
27	176	0.873993
27	178	0.874997
28	60	1.28956
28	61	0.804105
28	78	0.851235
28	80	0.894224
28	81	0.878464
28	89	0.867414
28	103	0.851837
28	104	0.861404
28	113	0.856746
28	145	1.35341
28	166	1.23189
28	177	0.934502
28	179	1.32676
29	47	0.821512
29	92	0.846999
29	98	0.902936
29	108	0.851149
29	109	0.886633
29	117	0.902478
29	139	1.34566
29	142	0.872729
29	144	0.843706
29	152	0.871869
29	177	1.15393
29	178	1.37157
29	179	1.33266
30	2	1.13167
30	58	1.29551
30	118	0.893652
30	129	0.870231
30	133	0.89808
30	144	1.46512
30	147	0.840995
30	151	0.864437
30	162	0.842712
30	163	0.860183
30	170	0.870888
30	171	0.858844
30	176	1.31287
31	58	0.87467
31	63	1.2228
31	127	0.891118
31	130	0.863708
31	137	1.32045
31	140	1.35401
31	145	1.31284
31	146	0.849924
31	150	0.865135
31	159	0.860024
31	161	0.85647
31	165	0.864859
31	166	0.874113
32	46	0.920632
32	65	1.267
32	86	0.824787
32	115	0.866766
32	130	1.26875
32	153	0.863394
32	157	0.869852
32	160	1.3348
32	162	0.847898
32	163	0.865369
32	169	1.33134
32	171	0.86403
32	180	0.877236
33	2	0.898223
33	23	0.874807
33	35	0.853142
33	78	0.835873
33	80	0.878861
33	100	1.2971
33	103	0.836475
33	110	0.862042
33	113	0.841384
33	138	1.27352
33	140	1.34955
33	177	0.919139
33	179	1.28173
34	8	1.19535
34	15	1.23186
34	112	1.39418
34	135	0.847844
34	143	0.868066
34	159	1.37291
34	169	0.869018
34	170	0.873214
34	171	0.861169
34	173	0.864028
34	175	0.873892
34	178	0.868443
34	180	0.874376
35	2	0.892346
35	5	0.888858
35	13	1.14898
35	33	0.853142
35	80	0.872984
35	81	0.857225
35	102	1.3387
35	103	0.830598
35	110	0.856165
35	113	0.835507
35	145	1.34389
35	158	1.3746
35	177	0.913262
36	39	1.26539
36	96	1.35332
36	121	0.869866
36	134	1.31832
36	136	0.870934
36	146	0.85518
36	150	0.870391
36	159	0.865279
36	160	0.861052
36	164	0.876814
36	171	1.2589
36	174	0.862422
36	179	0.868125
37	16	1.11254
37	85	1.13437
37	94	0.987524
37	124	0.912996
37	125	0.958999
37	153	1.17168
37	157	1.20162
37	159	0.928116
37	160	0.923889
37	161	0.924562
37	164	0.939651
37	165	0.932951
37	166	0.942205
37	180	0.936684
38	4	0.883075
38	76	1.34013
38	101	1.4313
38	133	1.36792
38	148	0.790605
38	156	0.842762
38	158	0.82147
38	167	0.852202
38	168	0.835158
38	172	0.849675
38	175	0.845674
38	176	0.839221
38	178	0.840225
38	180	1.45556
39	36	1.26539
39	50	0.807584
39	54	0.813665
39	74	1.5162
39	135	0.826421
39	147	1.45032
39	152	1.364
39	155	0.849407
39	167	0.858997
39	168	0.841952
39	172	0.85647
39	175	0.852469
39	176	0.846016
39	178	0.84702
40	85	1.38507
40	99	0.849438
40	130	0.839782
40	141	0.819819
40	157	1.45232
40	159	0.836097
40	161	0.832543
40	163	1.42168
40	164	0.847632
40	165	0.840932
40	166	0.850186
40	176	1.34718
40	179	0.838943
40	180	0.844665
41	3	0.961152
41	19	1.10738
41	47	0.888398
41	61	0.872668
41	81	0.947027
41	89	0.935977
41	100	1.09879
41	103	0.9204
41	110	0.945967
41	113	0.925309
41	123	1.11643
41	155	1.1093
41	157	1.17408
41	177	1.00306
42	65	0.860737
42	107	1.46851
42	154	0.822801
42	155	0.841029
42	159	1.34568
42	162	1.46185
42	168	0.833574
42	169	0.839216
42	170	1.31794
42	172	0.848091
42	173	0.834226
42	175	0.84409
42	176	0.837637
42	178	0.838641
43	48	1.56374
43	83	0.854908
43	93	1.15241
43	106	0.864231
43	111	0.845294
43	124	0.817374
43	125	0.863377
43	128	0.809901
43	140	1.45361
43	150	0.837606
43	158	1.44315
43	159	0.832494
43	160	0.828267
43	166	0.846583
44	111	0.845823
44	125	1.31875
44	133	1.29952
44	135	0.815059
44	140	0.815686
44	151	1.47812
44	155	0.838046
44	163	1.49985
44	167	0.847635
44	173	0.831243
44	175	0.841107
44	176	0.834654
44	177	0.895165
44	178	0.835658
45	91	1.47524
45	118	0.846777
45	129	0.823356
45	134	0.815055
45	153	0.811333
45	156	1.46976
45	161	1.53676
45	162	0.795837
45	163	0.813308
45	170	0.824013
45	171	0.811969
45	174	0.81375
45	175	1.51904
45	179	0.819453
45	180	0.825175
46	32	0.920632
46	68	1.01298
46	96	0.875582
46	102	1.27458
46	107	0.876093
46	131	1.32351
46	153	0.901664
46	162	0.886168
46	163	0.903639
46	166	1.15825
46	170	0.914344
46	171	0.9023
46	174	0.904081
46	175	1.23095
46	180	0.915506
47	18	0.827457
47	29	0.821512
47	41	0.888398
47	56	1.38869
47	78	0.781326
47	80	0.824315
47	89	0.797505
47	97	1.48406
47	109	0.815048
47	110	0.807496
47	144	0.77212
47	152	0.800284
47	170	1.54474
47	176	1.58313
47	177	0.864593
48	43	1.56374
48	89	1.40354
48	100	0.821451
48	108	1.55474
48	123	0.819566
48	150	1.47054
48	153	0.811512
48	163	0.813487
48	169	0.819997
48	170	0.824192
48	171	0.812148
48	173	0.815006
48	175	0.82487
48	176	0.818417
48	178	0.819421
49	19	0.90488
49	21	0.907342
49	58	1.16932
49	76	0.942157
49	131	1.27155
49	147	0.873999
49	151	0.897441
49	157	0.89767
49	162	0.875716
49	168	1.21782
49	170	0.903892
49	171	0.891848
49	172	1.16933
49	175	1.179
49	180	0.905054
50	17	1.50948
50	39	0.807584
50	118	1.46334
50	135	0.80021
50	140	0.800837
50	149	0.826618
50	156	0.823346
50	167	0.832786
50	169	0.821384
50	170	1.51231
50	172	0.830259
50	173	0.816394
50	176	0.819805
50	178	0.820809
50	180	1.51251
51	101	1.14691
51	119	1.28864
51	125	1.10275
51	137	0.902927
51	145	0.900073
51	148	0.856693
51	154	0.890473
51	156	0.90885
51	163	1.28386
51	172	0.915763
51	173	0.901898
51	175	0.911762
51	176	0.905309
51	178	0.906313
51	180	1.17117
52	26	0.816566
52	72	0.885787
52	79	0.848831
52	87	0.760996
52	98	0.839533
52	108	0.787745
52	109	0.82323
52	117	0.839074
52	129	1.43655
52	142	0.809326
52	144	0.780303
52	147	1.57908
52	152	0.808466
52	173	1.54354
52	180	1.4386
53	64	0.831165
53	68	1.38382
53	94	0.865409
53	96	0.782505
53	118	0.844032
53	156	1.55251
53	157	0.815046
53	161	1.61951
53	162	0.793091
53	163	0.810562
53	170	0.821267
53	171	0.809223
53	174	0.811004
53	177	1.44525
53	179	0.816707
54	11	1.7394
54	18	1.4023
54	39	0.813665
54	73	1.33695
54	95	1.51682
54	135	0.806292
54	137	0.823504
54	148	0.77727
54	154	0.81105
54	167	0.838867
54	168	0.821823
54	173	0.822475
54	175	0.83234
54	176	0.825887
54	178	0.826891
55	7	0.783355
55	111	0.8347
55	124	1.54311
55	136	1.47002
55	137	0.821149
55	139	0.817285
55	148	0.774915
55	153	1.54769
55	167	0.836512
55	170	1.4341
55	172	0.833985
55	173	0.82012
55	175	0.829984
55	176	0.823531
55	178	0.824535
56	47	1.38869
56	67	0.89311
56	74	1.27307
56	76	0.951279
56	124	1.17552
56	147	1.2072
56	148	0.856173
56	155	0.90818
56	158	0.887037
56	167	0.917769
56	168	0.900725
56	172	0.915243
56	175	0.911242
56	176	0.904789
56	178	0.905793
57	62	1.45711
57	107	1.59042
57	114	0.823766
57	122	0.822742
57	136	1.47577
57	148	0.774483
57	158	0.805347
57	159	1.46759
57	168	0.819035
57	169	0.824678
57	172	0.833553
57	173	0.819688
57	175	0.829552
57	176	0.823099
57	178	0.824103
58	30	1.29551
58	31	0.87467
58	49	1.16932
58	78	1.45149
58	97	1.1829
58	132	0.861209
58	152	1.29795
58	155	0.874643
58	160	0.865393
58	161	0.866067
58	165	0.874455
58	167	0.884233
58	175	0.877705
58	176	0.871252
58	178	0.872256
58	180	0.878189
59	7	0.7675
59	82	1.55885
59	137	0.805294
59	140	0.788708
59	148	0.75906
59	155	0.811068
59	158	0.789925
59	166	1.55388
59	167	0.820657
59	169	0.809255
59	172	0.81813
59	174	1.63482
59	175	0.814129
59	176	0.807676
59	178	0.80868
59	179	1.64876
60	17	1.2354
60	28	1.28956
60	62	1.25549
60	85	0.892665
60	115	1.32253
60	142	0.873334
60	148	0.827656
60	156	0.879813
60	158	0.858521
60	168	0.872209
60	172	0.886726
60	173	0.872861
60	175	0.882725
60	176	0.876272
60	178	0.877276
60	179	1.2911
61	9	1.48665
61	23	0.80453
61	28	0.804105
61	41	0.872668
61	78	0.765597
61	80	0.808585
61	83	0.809134
61	89	0.781776
61	101	1.59489
61	103	0.766199
61	104	0.775765
61	110	0.791766
61	113	0.771107
61	149	1.6692
61	165	1.64821
61	177	0.848863
62	57	1.45711
62	60	1.25549
62	111	1.2745
62	143	0.878531
62	147	0.853785
62	151	0.877227
62	153	0.870998
62	157	0.877456
62	162	0.855502
62	163	0.872973
62	167	1.30332
62	170	0.883678
62	171	0.871634
62	174	0.873415
62	177	1.11397
62	180	0.88484
63	31	1.2228
63	69	0.92296
63	104	1.32239
63	128	1.32405
63	149	0.865109
63	155	0.861687
63	164	1.23139
63	167	0.871277
63	168	0.854232
63	171	1.29263
63	172	0.86875
63	173	0.854885
63	175	0.864749
63	176	0.858296
63	177	0.918807
63	178	0.8593
64	53	0.831165
64	79	1.22385
64	82	0.895444
64	117	1.24199
64	119	1.38979
64	125	1.2039
64	133	0.906877
64	151	0.873233
64	162	0.851508
64	163	0.868979
64	167	1.33561
64	170	0.879684
64	171	0.86764
64	174	0.869421
64	179	0.875124
64	180	0.880846
65	32	1.267
65	42	0.860737
65	129	1.24071
65	131	1.36581
65	136	1.27847
65	140	0.862369
65	148	0.832721
65	149	0.88815
65	154	0.866501
65	168	0.877273
65	169	0.882916
65	170	1.24255
65	173	0.877926
65	175	0.88779
65	176	0.881337
65	178	0.882341
66	21	1.49616
66	99	0.808066
66	121	0.799311
66	127	0.825819
66	136	0.800379
66	138	0.786861
66	142	1.67485
66	150	0.799836
66	156	1.59217
66	159	0.794724
66	160	0.790497
66	161	0.79117
66	164	0.806259
66	165	0.799559
66	175	1.64145
66	179	0.79757
67	18	1.32189
67	56	0.89311
67	101	1.31579
67	114	0.847226
67	122	0.846201
67	126	1.45688
67	129	1.338
67	140	0.827591
67	148	0.797943
67	164	1.35918
67	168	0.842495
67	169	0.848138
67	173	0.843148
67	175	0.853012
67	176	0.846559
67	177	0.90707
67	178	0.847563
68	46	1.01298
68	53	1.38382
68	126	0.91123
68	130	0.931162
68	136	0.933132
68	138	0.919615
68	146	0.917378
68	159	0.927478
68	160	0.923251
68	161	0.923924
68	164	0.939013
68	165	0.932313
68	166	0.941567
68	168	1.10481
68	170	1.03528
68	173	1.14043
68	178	1.12707
69	63	0.92296
69	82	1.04369
69	102	0.907166
69	110	1.10519
69	128	1.19273
69	134	1.22072
69	137	0.920519
69	139	0.916655
69	140	0.903933
69	150	1.09788
69	167	0.935881
69	172	0.933355
69	175	0.929354
69	176	0.922901
69	177	0.983412
69	178	0.923905
69	179	1.1336
70	103	1.42904
70	133	1.25325
70	135	0.83405
70	145	0.848409
70	149	0.860458
70	154	0.838808
70	155	0.857036
70	156	0.857186
70	158	0.835893
70	168	0.849581
70	173	0.850233
70	174	1.37963
70	175	0.860098
70	176	0.853645
70	178	0.854649
70	179	1.39356
70	180	1.34089
71	1	1.20504
71	77	0.883504
71	91	0.841952
71	101	0.845057
71	116	1.46142
71	120	0.853377
71	121	0.844406
71	125	0.870702
71	137	1.40402
71	143	1.31212
71	159	0.839819
71	161	0.836265
71	164	0.851354
71	166	0.853908
71	173	1.42203
71	174	0.836962
71	179	0.842665
72	8	0.974058
72	15	0.960392
72	52	0.885787
72	85	1.1508
72	87	0.880493
72	92	0.903093
72	98	0.959029
72	108	0.907242
72	109	0.942727
72	117	0.958571
72	142	0.928823
72	144	0.8998
72	145	1.15404
72	149	1.12477
72	167	1.13802
72	178	1.1663
72	180	1.07472
73	54	1.33695
73	75	1.33364
73	106	1.05148
73	107	0.87039
73	118	0.931406
73	137	1.22638
73	143	0.903495
73	151	0.902191
73	152	0.899069
73	153	0.895962
73	162	0.880466
73	163	0.897937
73	170	0.908642
73	171	0.896598
73	173	1.24439
73	177	1.0134
73	179	0.904082
73	180	0.909804
74	6	0.775691
74	39	1.5162
74	56	1.27307
74	105	1.55529
74	106	0.861621
74	120	0.843441
74	124	0.814763
74	131	0.826246
74	150	0.834995
74	156	1.41054
74	160	0.825657
74	161	0.82633
74	164	0.841419
74	165	0.834719
74	166	0.843973
74	172	1.45015
74	179	0.83273
74	180	0.838452
75	73	1.33364
75	114	0.827113
75	138	1.46162
75	140	0.807478
75	149	0.833259
75	158	0.808695
75	159	1.44468
75	167	0.839427
75	168	0.822383
75	169	0.828025
75	171	1.49753
75	172	0.8369
75	173	0.823035
75	174	1.45589
75	175	0.832899
75	176	0.826446
75	177	0.886957
75	178	0.82745
76	10	1.47387
76	38	1.34013
76	49	0.942157
76	56	0.951279
76	80	1.12029
76	95	0.885266
76	100	1.17557
76	111	1.14201
76	123	0.903425
76	129	0.907394
76	147	0.878158
76	153	0.895371
76	162	0.879875
76	163	0.897346
76	170	0.908051
76	171	0.896007
76	174	0.897788
76	180	0.909213
77	71	0.883504
77	81	1.14797
77	112	0.890454
77	126	0.882411
77	127	0.929754
77	132	1.29632
77	136	0.904313
77	137	1.242
77	145	1.23439
77	146	0.888559
77	159	0.898659
77	160	0.894432
77	164	0.910194
77	165	0.903494
77	166	0.912748
77	173	1.26001
77	177	1.02902
77	179	0.901505
78	23	0.85166
78	27	1.41166
78	28	0.851235
78	33	0.835873
78	47	0.781326
78	58	1.45149
78	61	0.765597
78	79	1.3822
78	81	0.839955
78	83	0.856264
78	89	0.828905
78	103	0.813329
78	104	0.822895
78	110	0.838896
78	113	0.818237
78	152	1.48484
78	176	1.46886
78	177	0.895993
79	10	0.832787
79	14	0.844187
79	26	0.899106
79	52	0.848831
79	64	1.22385
79	78	1.3822
79	87	0.843536
79	92	0.866136
79	98	0.922073
79	108	0.870286
79	109	0.90577
79	117	0.921615
79	122	1.2872
79	142	0.891866
79	144	0.862843
79	152	0.891006
79	163	1.28719
79	172	1.19533
79	179	1.22717
80	3	0.897069
80	5	0.914577
80	28	0.894224
80	33	0.878861
80	35	0.872984
80	47	0.824315
80	61	0.808585
80	76	1.12029
80	83	0.899252
80	89	0.871894
80	98	1.23189
80	103	0.856317
80	110	0.881884
80	113	0.861226
80	147	1.37621
80	151	1.32667
80	156	1.21693
80	177	0.938981
80	178	1.3273
81	2	0.902306
81	3	0.881309
81	23	0.878889
81	28	0.878464
81	35	0.857225
81	41	0.947027
81	77	1.14797
81	78	0.839955
81	83	0.883493
81	89	0.856134
81	103	0.840557
81	110	0.866124
81	113	0.845466
81	134	1.35566
81	152	1.27003
81	161	1.26408
81	176	1.25405
81	177	0.923222
81	178	1.30744
82	17	0.890808
82	59	1.55885
82	64	0.895444
82	69	1.04369
82	87	0.828504
82	92	0.851103
82	98	0.90704
82	108	0.855253
82	109	0.890737
82	117	0.906582
82	120	1.18018
82	132	1.32698
82	144	0.84781
82	159	1.21326
82	160	1.27332
82	170	0.885546
82	171	0.873502
82	179	0.880986
82	180	0.886708
83	4	1.15206
83	43	0.854908
83	61	0.809134
83	78	0.856264
83	80	0.899252
83	81	0.883493
83	110	0.882433
83	113	0.861775
83	122	1.33401
83	149	1.27136
83	156	1.20252
83	157	1.36464
83	160	0.873161
83	161	0.873834
83	164	0.888923
83	166	0.891477
83	167	1.28461
83	177	0.93953
83	180	0.885956
84	90	0.876023
84	101	0.880537
84	112	0.867094
84	138	0.867437
84	154	1.30673
84	159	0.8753
84	160	0.871073
84	161	0.871746
84	162	1.3168
84	164	0.886835
84	165	0.880135
84	166	0.889389
84	167	1.23639
84	173	1.27804
84	174	0.872443
84	175	1.20359
84	178	1.26468
84	179	0.878146
84	180	0.883868
85	18	1.28088
85	37	1.13437
85	40	1.38507
85	60	0.892665
85	72	1.1508
85	132	0.864587
85	139	0.868384
85	143	1.29408
85	156	0.878172
85	157	0.874183
85	167	0.887611
85	168	0.870567
85	169	0.87621
85	172	0.885084
85	173	0.871219
85	175	0.881083
85	176	0.874631
85	178	0.875635
85	179	1.35171
86	32	0.824787
86	99	1.45475
86	100	1.55421
86	102	1.56029
86	123	0.813874
86	129	0.817843
86	133	0.845692
86	134	0.809542
86	143	0.813353
86	144	1.6766
86	151	0.812049
86	153	0.80582
86	162	0.790324
86	170	0.8185
86	171	0.806456
86	174	0.808237
86	177	1.36012
86	179	0.81394
86	180	0.819662
87	8	0.849267
87	14	0.756353
87	18	0.830345
87	52	0.760996
87	72	0.880493
87	79	0.843536
87	82	0.828504
87	98	0.834238
87	100	1.49798
87	108	0.782451
87	109	0.817936
87	117	0.83378
87	142	0.804032
87	144	0.775008
87	148	1.72947
87	149	1.47999
87	152	0.803172
87	176	1.46813
87	180	1.42994
88	27	0.869988
88	90	1.29705
88	112	1.30784
88	122	0.853875
88	131	1.38209
88	136	1.29475
88	137	0.851851
88	139	0.847987
88	145	0.848997
88	146	1.35597
88	149	0.861046
88	151	1.34999
88	155	0.857624
88	167	0.867213
88	169	0.855812
88	172	0.864687
88	173	0.850822
88	175	0.860686
88	176	0.854233
88	178	0.855237
89	2	0.891256
89	3	0.870259
89	23	0.867839
89	28	0.867414
89	41	0.935977
89	47	0.797505
89	48	1.40354
89	61	0.781776
89	78	0.828905
89	80	0.871894
89	81	0.856134
89	103	0.829507
89	110	0.855075
89	113	0.834416
89	144	1.36336
89	148	1.47245
89	155	1.25146
89	160	1.26052
89	171	1.2533
89	177	0.912172
90	6	0.801505
90	24	1.31859
90	84	0.876023
90	88	1.29705
90	99	0.869039
90	105	1.38694
90	106	0.887434
90	119	0.843057
90	120	0.869255
90	125	0.88658
90	128	0.833105
90	137	1.34791
90	146	0.845598
90	150	0.860809
90	159	0.855697
90	163	1.37366
90	165	0.860532
90	172	1.2818
90	174	0.85284
90	179	0.858543
91	22	1.71128
91	45	1.47524
91	71	0.841952
91	111	0.869908
91	118	1.1605
91	128	0.834515
91	130	0.860792
91	131	0.85347
91	138	0.849244
91	146	0.847008
91	150	0.862219
91	154	1.3433
91	161	0.853553
91	164	0.868642
91	165	0.861942
91	166	0.871196
91	172	1.23049
91	177	1.08361
91	179	0.859953
91	180	0.865675
92	13	1.27764
92	14	0.778952
92	15	0.8582
92	18	0.852945
92	26	0.833871
92	29	0.846999
92	72	0.903093
92	79	0.866136
92	82	0.851103
92	98	0.856838
92	108	0.805051
92	109	0.840535
92	117	0.85638
92	142	0.826631
92	144	0.797608
92	152	0.825771
92	161	1.44145
92	164	1.41237
92	166	1.35103
92	176	1.43142
92	178	1.48482
93	6	1.48318
93	43	1.15241
93	104	1.15239
93	132	0.894822
93	134	1.18205
93	135	0.885271
93	148	0.856249
93	153	1.15563
93	155	0.908257
93	157	0.904418
93	158	0.887114
93	162	1.18596
93	167	0.917846
93	168	0.900802
93	169	0.906445
93	172	0.915319
93	173	0.901454
93	174	1.08099
93	175	0.911319
93	176	0.904866
93	178	0.90587
94	6	1.59312
94	37	0.987524
94	53	0.865409
94	98	1.14837
94	107	0.875676
94	117	1.12187
94	136	1.18791
94	147	0.884035
94	149	0.914967
94	155	0.911545
94	158	0.890402
94	159	1.17973
94	162	0.885752
94	164	1.17133
94	170	0.913928
94	171	0.901884
94	172	0.918607
94	173	0.904742
94	175	0.914606
94	178	0.909157
94	179	0.909368
95	54	1.51682
95	76	0.885266
95	107	0.808749
95	111	1.3538
95	124	1.42813
95	133	0.874193
95	134	0.838043
95	147	0.817108
95	149	1.36937
95	151	0.84055
95	152	0.837428
95	153	0.834321
95	162	0.818825
95	163	0.836296
95	168	1.38865
95	170	0.847001
95	171	0.834957
95	174	0.836738
95	175	1.34982
95	179	0.842441
95	180	0.848163
96	24	0.839192
96	36	1.35332
96	46	0.875582
96	53	0.782505
96	103	1.48592
96	133	0.858216
96	134	0.822066
96	141	1.60806
96	143	0.825877
96	147	0.801131
96	151	0.824573
96	153	0.818344
96	155	1.47631
96	161	1.44598
96	162	0.802848
96	163	0.820319
96	170	0.831024
96	171	0.81898
96	174	0.820761
96	176	1.43596
96	179	0.826464
96	180	0.832186
97	47	1.48406
97	58	1.1829
97	100	1.23012
97	123	0.883151
97	129	0.88712
97	133	0.91497
97	134	0.87882
97	142	1.22597
97	143	0.88263
97	147	0.857884
97	151	0.881326
97	152	0.878205
97	153	0.875097
97	162	0.859601
97	163	0.877072
97	164	1.18122
97	169	1.24621
97	170	0.887777
97	171	0.875733
97	174	0.877514
97	178	1.25366
97	179	0.883217
98	10	0.823489
98	14	0.834889
98	15	0.914137
98	29	0.902936
98	52	0.839533
98	72	0.959029
98	79	0.922073
98	80	1.23189
98	82	0.90704
98	87	0.834238
98	92	0.856838
98	94	1.14837
98	108	0.860987
98	109	0.896472
98	111	1.25362
98	117	0.912317
98	124	1.32795
98	142	0.882568
98	144	0.853545
98	165	1.2482
98	167	1.28244
98	178	1.31072
99	40	0.849438
99	66	0.808066
99	86	1.45475
99	90	0.869039
99	105	1.31751
99	112	0.860111
99	124	0.853196
99	128	0.845723
99	132	1.3328
99	138	0.860453
99	149	1.2416
99	150	0.873428
99	159	0.868316
99	160	0.864089
99	161	0.864762
99	163	1.30423
99	164	0.879851
99	165	0.873151
99	166	0.882405
99	171	1.27193
99	178	1.28313
99	179	0.871162
99	180	0.876884
100	33	1.2971
100	41	1.09879
100	48	0.821451
100	76	1.17557
100	86	1.55421
100	87	1.49798
100	97	1.23012
100	112	0.851434
100	130	0.863324
100	138	0.851776
100	141	0.843361
100	152	1.34517
100	155	0.864662
100	156	0.864812
100	159	0.859639
100	164	0.871174
100	165	0.864474
100	166	0.873728
100	168	0.857207
100	175	0.867724
100	176	0.861271
100	177	0.921782
100	178	0.862275
101	38	1.4313
101	51	1.14691
101	61	1.59489
101	67	1.31579
101	71	0.845057
101	84	0.880537
101	112	0.852006
101	122	1.31141
101	126	0.843964
101	127	0.891307
101	130	0.863897
101	146	0.850112
101	154	1.33234
101	159	0.860212
101	160	0.855985
101	161	0.856658
101	164	0.871747
101	165	0.865047
101	166	0.874301
101	174	0.857355
101	177	1.07266
101	179	0.863058
101	180	0.86878
102	35	1.3387
102	46	1.27458
102	69	0.907166
102	86	1.56029
102	122	0.842145
102	137	0.840121
102	142	0.839565
102	143	1.29212
102	148	0.793887
102	149	0.849316
102	152	1.35125
102	154	0.827667
102	155	0.845894
102	158	0.824751
102	162	1.44079
102	167	0.855483
102	169	0.844082
102	172	0.852957
102	173	0.839092
102	174	1.33582
102	175	0.848956
102	176	0.842503
102	177	0.903014
102	178	0.843507
103	2	0.875679
103	5	0.87219
103	12	0.876337
103	23	0.852262
103	28	0.851837
103	33	0.836475
103	35	0.830598
103	41	0.9204
103	61	0.766199
103	70	1.42904
103	78	0.813329
103	80	0.856317
103	81	0.840557
103	89	0.829507
103	96	1.48592
103	104	0.823497
103	110	0.839498
103	113	0.818839
103	120	1.30557
103	174	1.34985
103	176	1.3493
103	177	0.896595
103	179	1.36378
103	180	1.31111
104	5	0.881757
104	12	0.885904
104	14	1.65005
104	28	0.861404
104	61	0.775765
104	63	1.32239
104	78	0.822895
104	93	1.15239
104	103	0.823497
104	110	0.849064
104	113	0.828406
104	133	0.878617
104	138	1.37757
104	143	0.846278
104	153	0.838745
104	158	1.44313
104	162	0.823249
104	163	0.84072
104	165	1.36216
104	166	1.29089
104	170	0.851425
104	171	0.839381
104	177	0.906161
104	179	0.846865
105	2	1.20591
105	23	1.37133
105	74	1.55529
105	90	1.38694
105	99	1.31751
105	123	0.846454
105	137	0.842924
105	138	1.3934
105	143	0.845933
105	150	1.36588
105	151	0.844629
105	156	0.848847
105	158	0.827555
105	162	0.822904
105	163	0.840376
105	167	0.858287
105	168	0.841243
105	169	0.846885
105	170	0.851081
105	171	0.839036
105	176	0.845306
105	177	0.905817
105	178	0.84631
105	179	0.846521
106	7	1.52699
106	43	0.864231
106	73	1.05148
106	74	0.861621
106	90	0.887434
106	112	0.878506
106	119	0.874071
106	128	0.864119
106	131	0.883074
106	138	0.878848
106	147	1.27549
106	149	1.18505
106	150	0.891823
106	151	1.22595
106	155	1.21354
106	157	1.27833
106	159	0.886711
106	160	0.882485
106	161	0.883158
106	163	1.24769
106	164	0.898246
106	165	0.891546
106	166	0.900801
106	174	0.883855
106	179	0.889558
107	12	1.26335
107	25	0.836927
107	42	1.46851
107	46	0.876093
107	57	1.59042
107	73	0.87039
107	94	0.875676
107	95	0.808749
107	117	1.343
107	118	0.854299
107	123	0.826909
107	133	0.858727
107	135	1.44334
107	143	0.826388
107	145	1.45265
107	147	0.801642
107	152	0.821962
107	153	0.818855
107	162	0.803359
107	163	0.82083
107	168	1.44265
107	170	0.831535
107	171	0.819491
107	174	0.821272
107	179	0.826975
108	10	0.771702
108	14	0.783102
108	15	0.86235
108	18	0.857094
108	26	0.838021
108	29	0.851149
108	48	1.55474
108	52	0.787745
108	72	0.907242
108	79	0.870286
108	82	0.855253
108	87	0.782451
108	92	0.805051
108	98	0.860987
108	109	0.844685
108	110	1.34839
108	116	1.46846
108	117	0.860529
108	125	1.25571
108	142	0.830781
108	144	0.801758
108	148	1.62366
108	152	0.829921
108	155	1.40267
108	165	1.35319
109	8	0.911501
109	10	0.807187
109	14	0.818587
109	15	0.897834
109	26	0.873505
109	29	0.886633
109	47	0.815048
109	52	0.82323
109	72	0.942727
109	79	0.90577
109	82	0.890737
109	87	0.817936
109	92	0.840535
109	98	0.896472
109	108	0.844685
109	116	1.34525
109	117	0.896014
109	124	1.30973
109	130	1.22247
109	141	1.41121
109	142	0.866265
109	152	0.865405
109	157	1.34425
109	164	1.22006
109	168	1.27024
109	171	1.2813
110	2	0.901246
110	3	0.88025
110	5	0.897758
110	23	0.877829
110	33	0.862042
110	35	0.856165
110	41	0.945967
110	47	0.807496
110	61	0.791766
110	69	1.10519
110	78	0.838896
110	80	0.881884
110	81	0.866124
110	83	0.882433
110	89	0.855075
110	103	0.839498
110	104	0.849064
110	108	1.34839
110	113	0.844406
110	115	1.33133
110	130	1.26877
110	141	1.45751
110	152	1.30139
110	160	1.33482
110	177	0.922162
110	180	1.24722
111	43	0.845294
111	44	0.845823
111	55	0.8347
111	62	1.2745
111	76	1.14201
111	91	0.869908
111	95	1.3538
111	98	1.25362
111	120	0.881332
111	123	1.34312
111	124	0.852654
111	138	0.859912
111	145	0.86417
111	151	1.3484
111	152	1.31161
111	158	0.851655
111	160	0.863548
111	161	0.864221
111	163	1.37013
111	164	0.87931
111	165	0.87261
111	168	0.865343
111	172	0.87986
111	176	0.869406
111	177	0.929917
111	178	0.87041
112	34	1.39418
112	77	0.890454
112	84	0.867094
112	88	1.30784
112	99	0.860111
112	100	0.851434
112	101	0.852006
112	106	0.878506
112	116	1.4161
112	126	0.830521
112	128	0.824176
112	130	0.850454
112	131	0.843131
112	155	1.35031
112	159	0.846769
112	160	0.842542
112	161	0.843215
112	164	0.858304
112	165	0.851604
112	166	0.860858
112	168	1.34109
112	169	1.3559
112	171	1.35215
112	172	1.2926
112	174	0.843912
112	179	0.849615
112	180	0.855337
113	2	0.880588
113	3	0.859591
113	5	0.877099
113	12	0.881246
113	23	0.857171
113	28	0.856746
113	33	0.841384
113	35	0.835507
113	41	0.925309
113	61	0.771107
113	78	0.818237
113	80	0.861226
113	81	0.845466
113	83	0.861775
113	89	0.834416
113	103	0.818839
113	104	0.828406
113	110	0.844406
113	138	1.32725
113	140	1.40327
113	144	1.47321
113	165	1.31184
113	169	1.36691
113	172	1.30361
113	177	0.901504
113	179	1.33545
113	180	1.28278
114	2	1.17505
114	22	0.782777
114	57	0.823766
114	67	0.847226
114	75	0.827113
114	128	1.42986
114	130	1.3396
114	134	1.45785
114	140	0.839936
114	145	0.853668
114	154	0.844068
114	155	0.862296
114	156	0.862445
114	158	0.841153
114	161	1.36627
114	165	1.34712
114	167	0.871885
114	168	0.854841
114	169	0.860483
114	170	1.31785
114	172	0.869358
114	173	0.855493
114	174	1.35679
114	175	0.865357
114	176	0.858904
114	177	0.919415
114	178	0.859908
115	32	0.866766
115	60	1.32253
115	110	1.33133
115	119	0.840432
115	126	0.836825
115	129	0.859822
115	136	0.858727
115	143	0.855332
115	147	0.830586
115	150	0.858184
115	151	0.854028
115	160	0.848846
115	162	0.832303
115	163	0.849774
115	164	0.864608
115	166	0.867162
115	167	1.37037
115	168	1.37639
115	170	0.860479
115	171	0.848435
115	172	1.3279
115	174	0.850216
115	175	1.33756
115	176	1.34526
115	178	1.39865
115	179	0.855919
115	180	0.861641
116	71	1.46142
116	108	1.46846
116	109	1.34525
116	112	1.4161
116	120	1.36175
116	127	1.2996
116	129	0.843601
116	133	0.871451
116	134	0.8353
116	135	0.818889
116	143	0.839111
116	150	1.38425
116	151	0.837807
116	153	0.831578
116	155	0.841875
116	157	0.838037
116	160	1.45489
116	163	0.833553
116	167	0.851464
116	169	0.840063
116	170	0.844258
116	171	0.832214
116	172	0.848938
116	173	0.835073
116	174	0.833995
116	175	0.844937
116	176	0.838484
116	178	0.839488
117	8	0.927345
117	10	0.823031
117	14	0.834431
117	15	0.913679
117	18	0.908424
117	26	0.88935
117	29	0.902478
117	52	0.839074
117	64	1.24199
117	72	0.958571
117	79	0.921615
117	82	0.906582
117	87	0.83378
117	92	0.85638
117	94	1.12187
117	98	0.912317
117	107	1.343
117	108	0.860529
117	109	0.896014
117	142	0.88211
117	144	0.853087
117	149	1.24269
117	152	0.88125
117	154	1.32627
117	157	1.33597
117	177	1.06659
117	178	1.28422
117	179	1.24531
118	3	1.12727
118	25	0.897942
118	30	0.893652
118	45	0.846777
118	50	1.46334
118	53	0.844032
118	73	0.931406
118	91	1.1605
118	107	0.854299
118	122	1.2865
118	123	0.887924
118	129	0.891893
118	133	0.919743
118	134	0.883593
118	143	0.887403
118	146	1.27072
118	147	0.862657
118	153	0.879871
118	161	1.22201
118	163	0.881846
118	169	1.25793
118	170	0.892551
118	171	0.880506
118	174	0.882288
118	175	1.20429
118	176	1.21198
118	179	0.887991
118	180	0.893713
119	6	0.788141
119	21	1.22565
119	51	1.28864
119	64	1.38979
119	90	0.843057
119	106	0.874071
119	115	0.840432
119	120	0.855891
119	121	0.846921
119	124	0.827213
119	126	0.826086
119	128	0.819741
119	135	1.41045
119	136	0.847988
119	139	1.40612
119	141	0.826056
119	146	0.832234
119	148	1.63997
119	150	0.847445
119	160	0.838107
119	161	0.83878
119	162	1.48414
119	164	0.853869
119	165	0.847169
119	166	0.856423
119	172	1.36127
119	174	0.839477
119	180	0.850902
120	71	0.853377
120	74	0.843441
120	82	1.18018
120	90	0.869255
120	103	1.30557
120	111	0.881332
120	116	1.36175
120	119	0.855891
120	124	0.853412
120	125	0.899415
120	127	0.899627
120	131	0.864895
120	136	0.874186
120	138	0.860669
120	140	1.33791
120	145	1.29674
120	150	0.873643
120	157	1.36075
120	159	0.868532
120	160	0.864305
120	161	0.864978
120	164	0.880067
120	165	0.873367
120	166	0.882621
120	169	1.30155
120	170	1.21722
120	174	0.865675
120	175	1.24792
120	179	0.871378
121	24	1.33332
121	27	1.2567
121	36	0.869866
121	66	0.799311
121	71	0.844406
121	119	0.846921
121	123	1.36138
121	124	0.844441
121	125	0.890444
121	126	0.843314
121	127	0.890656
121	128	0.836968
121	131	0.855924
121	136	0.865216
121	138	0.851698
121	142	1.3396
121	150	0.864673
121	155	1.35425
121	157	1.41903
121	159	0.859561
121	160	0.855334
121	161	0.856007
121	165	0.864396
121	166	0.87365
121	168	1.34503
121	172	1.29653
121	174	0.856704
121	175	1.3062
121	179	0.862407
121	180	0.868129
122	12	0.898133
122	57	0.822742
122	67	0.846201
122	79	1.2872
122	83	1.33401
122	88	0.853875
122	101	1.31141
122	102	0.842145
122	118	1.2865
122	127	1.26797
122	132	0.847837
122	139	0.851634
122	145	0.852644
122	148	0.809264
122	149	0.864693
122	151	1.42662
122	154	0.843044
122	156	0.861421
122	164	1.3548
122	167	0.870861
122	168	0.853816
122	169	0.859459
122	172	0.868334
122	173	0.854469
122	175	0.864333
122	176	0.85788
122	177	0.918391
122	178	0.858884
122	179	1.38834
122	180	1.33567
123	16	0.873261
123	20	1.3204
123	41	1.11643
123	48	0.819566
123	76	0.903425
123	86	0.813874
123	97	0.883151
123	105	0.846454
123	107	0.826909
123	111	1.34312
123	118	0.887924
123	121	1.36138
123	133	0.892352
123	134	0.856202
123	139	1.37432
123	145	1.38796
123	147	0.835267
123	151	0.858709
123	153	0.85248
123	157	0.858938
123	159	1.33617
123	162	0.836984
123	163	0.854455
123	167	1.37194
123	169	1.39277
123	170	0.86516
123	171	0.853116
123	174	0.854897
123	179	0.8606
123	180	0.866322
124	37	0.912996
124	43	0.817374
124	55	1.54311
124	56	1.17552
124	74	0.814763
124	95	1.42813
124	98	1.32795
124	99	0.853196
124	109	1.30973
124	111	0.852654
124	119	0.827213
124	120	0.853412
124	121	0.844441
124	125	0.870737
124	126	0.823606
124	127	0.870949
124	129	1.32972
124	131	0.836217
124	136	0.845508
124	145	1.41109
124	146	0.829754
124	158	1.4418
124	159	0.839854
124	160	0.835627
124	161	0.8363
124	164	0.851389
124	165	0.844689
124	166	0.853943
124	173	1.43672
124	174	0.836997
124	180	0.848422
125	6	0.831665
125	23	1.17695
125	37	0.958999
125	43	0.863377
125	44	1.31875
125	51	1.10275
125	64	1.2039
125	71	0.870702
125	90	0.88658
125	108	1.25571
125	120	0.899415
125	121	0.890444
125	124	0.870737
125	126	0.86961
125	136	0.891512
125	138	0.877994
125	144	1.34498
125	146	0.875758
125	147	1.29503
125	150	0.890969
125	157	1.29787
125	159	0.885857
125	161	0.882303
125	164	0.897392
125	165	0.890692
125	166	0.899946
125	167	1.21784
125	174	0.883
125	176	1.19273
125	179	0.888703
125	180	0.894426
126	26	1.28825
126	67	1.45688
126	68	0.91123
126	77	0.882411
126	101	0.843964
126	112	0.830521
126	115	0.836825
126	119	0.826086
126	121	0.843314
126	124	0.823606
126	125	0.86961
126	127	0.869822
126	128	0.816134
126	130	0.842411
126	131	0.835089
126	135	1.40982
126	136	0.844381
126	146	0.828627
126	150	0.843838
126	157	1.48313
126	160	0.8345
126	161	0.835173
126	164	0.850262
126	165	0.843562
126	166	0.852816
126	168	1.40913
126	170	1.3396
126	174	0.83587
126	176	1.37799
126	177	1.21375
126	178	1.43138
127	31	0.891118
127	66	0.825819
127	77	0.929754
127	101	0.891307
127	116	1.2996
127	120	0.899627
127	121	0.890656
127	122	1.26797
127	124	0.870949
127	126	0.869822
127	128	0.863476
127	130	0.889754
127	131	0.882432
127	133	1.06763
127	136	0.891724
127	138	0.878206
127	140	1.27576
127	146	0.875969
127	150	0.891181
127	157	1.2986
127	159	0.886069
127	163	1.26796
127	164	0.897604
127	165	0.890904
127	166	0.900158
127	169	1.2394
127	173	1.26021
127	175	1.18577
127	178	1.24685
127	179	0.888915
127	180	0.894637
128	43	0.809901
128	63	1.32405
128	69	1.19273
128	90	0.833105
128	91	0.834515
128	99	0.845723
128	106	0.864119
128	112	0.824176
128	114	1.42986
128	119	0.819741
128	121	0.836968
128	126	0.816134
128	127	0.863476
128	130	0.836066
128	136	0.838036
128	138	0.824518
128	140	1.45526
128	144	1.5252
128	146	0.822282
128	148	1.6343
128	150	0.837493
128	154	1.4684
128	159	0.832381
128	160	0.828155
128	164	0.843917
128	165	0.837217
128	166	0.846471
128	172	1.35559
128	174	0.829525
128	178	1.42635
128	179	0.835228
128	180	0.84095
129	18	1.20276
129	25	0.874521
129	30	0.870231
129	45	0.823356
129	52	1.43655
129	65	1.24071
129	67	1.338
129	76	0.907394
129	86	0.817843
129	97	0.88712
129	115	0.859822
129	116	0.843601
129	118	0.891893
129	124	1.32972
129	134	0.860172
129	139	1.2866
129	143	0.863982
129	147	0.839236
129	148	1.52045
129	151	0.862678
129	152	0.859557
129	153	0.856449
129	157	0.862908
129	162	0.840953
129	163	0.858424
129	168	1.29024
129	170	0.869129
129	171	0.857085
129	174	0.858866
129	175	1.25141
129	178	1.3125
129	179	0.864569
129	180	0.870291
130	7	1.63651
130	23	1.26691
130	31	0.863708
130	32	1.26875
130	40	0.839782
130	68	0.931162
130	91	0.860792
130	100	0.863324
130	101	0.863897
130	109	1.22247
130	110	1.26877
130	112	0.850454
130	114	1.3396
130	126	0.842411
130	127	0.889754
130	128	0.836066
130	131	0.855022
130	136	0.864313
130	137	1.33144
130	138	0.850796
130	141	0.842381
130	146	0.848559
130	153	1.35789
130	159	0.858659
130	160	0.854432
130	161	0.855105
130	164	0.870194
130	165	0.863494
130	166	0.872748
130	170	1.24431
130	172	1.26534
130	174	0.855802
130	180	0.867227
131	11	0.79511
131	46	1.32351
131	49	1.27155
131	65	1.36581
131	74	0.826246
131	88	1.38209
131	91	0.85347
131	106	0.883074
131	112	0.843131
131	120	0.864895
131	121	0.855924
131	124	0.836217
131	126	0.835089
131	127	0.882432
131	130	0.855022
131	133	1.25838
131	138	0.843474
131	141	0.835059
131	143	1.34106
131	146	0.841237
131	150	0.856448
131	152	1.40019
131	159	0.851337
131	160	0.84711
131	161	0.847783
131	164	0.862872
131	165	0.856172
131	166	0.865426
131	169	1.43015
131	173	1.45096
131	174	0.84848
131	175	1.37652
131	179	0.854183
131	180	0.859905
132	7	0.808018
132	15	1.25071
132	23	1.38662
132	58	0.861209
132	77	1.29632
132	82	1.32698
132	85	0.864587
132	93	0.894822
132	99	1.3328
132	122	0.847837
132	134	1.50402
132	135	0.8286
132	137	0.845812
132	139	0.841948
132	140	0.829226
132	142	0.845256
132	145	0.842958
132	149	0.855008
132	154	0.833358
132	156	0.851735
132	158	0.830443
132	159	1.39175
132	166	1.32201
132	167	0.861175
132	168	0.844131
132	169	0.849773
132	172	0.858648
132	173	0.844783
132	175	0.854647
132	176	0.848194
132	177	0.908705
132	178	0.849198
132	179	1.41689
132	180	1.36422
133	9	0.933124
133	30	0.89808
133	38	1.36792
133	44	1.29952
133	64	0.906877
133	70	1.25325
133	86	0.845692
133	95	0.874193
133	96	0.858216
133	97	0.91497
133	104	0.878617
133	107	0.858727
133	116	0.871451
133	118	0.919743
133	123	0.892352
133	127	1.06763
133	131	1.25838
133	143	0.891832
133	147	0.867086
133	148	1.43486
133	151	0.890528
133	153	0.884299
133	162	0.868803
133	163	0.886274
133	166	1.09312
133	167	1.19862
133	170	0.896979
133	171	0.884935
133	173	1.24027
133	174	0.886716
133	175	1.16582
133	178	1.22691
133	179	0.892419
133	180	0.898141
134	4	1.29351
134	16	0.868929
134	21	0.864279
134	25	0.86622
134	36	1.31832
134	45	0.815055
134	69	1.22072
134	81	1.35566
134	86	0.809542
134	93	1.18205
134	95	0.838043
134	96	0.822066
134	97	0.87882
134	114	1.45785
134	116	0.8353
134	118	0.883593
134	123	0.856202
134	129	0.860172
134	132	1.50402
134	143	0.855681
134	147	0.830935
134	149	1.41281
134	152	0.851256
134	153	0.848149
134	157	0.854607
134	161	1.41097
134	162	0.832653
134	163	0.850124
134	169	1.44689
134	170	0.860829
134	171	0.848785
134	174	0.850566
134	179	0.856269
134	180	0.861991
135	1	0.884873
135	14	1.60992
135	34	0.847844
135	39	0.826421
135	44	0.815059
135	50	0.80021
135	54	0.806292
135	70	0.83405
135	93	0.885271
135	107	1.44334
135	116	0.818889
135	119	1.41045
135	126	1.40982
135	132	0.8286
135	138	1.33745
135	139	0.832397
135	145	0.833407
135	149	0.845456
135	152	1.34714
135	154	0.823807
135	155	0.842034
135	156	0.842184
135	162	1.43668
135	167	0.851623
135	168	0.834579
135	169	0.840222
135	170	1.29277
135	171	1.37336
135	172	0.849097
135	173	0.835232
135	174	1.33171
135	175	0.845096
135	176	0.838643
135	177	0.899154
135	178	0.839647
136	17	1.25565
136	27	1.23967
136	36	0.870934
136	55	1.47002
136	57	1.47577
136	65	1.27847
136	66	0.800379
136	68	0.933132
136	77	0.904313
136	88	1.29475
136	94	1.18791
136	115	0.858727
136	119	0.847988
136	120	0.874186
136	121	0.865216
136	124	0.845508
136	125	0.891512
136	126	0.844381
136	127	0.891724
136	128	0.838036
136	130	0.864313
136	138	0.852766
136	141	0.844351
136	146	0.850529
136	150	0.86574
136	157	1.40201
136	159	0.860629
136	160	0.856402
136	163	1.37137
136	164	0.872164
136	165	0.865464
136	166	0.874718
136	174	0.857772
136	176	1.29687
136	177	1.13263
136	180	0.869197
137	31	1.32045
137	51	0.902927
137	54	0.823504
137	55	0.821149
137	59	0.805294
137	69	0.920519
137	71	1.40402
137	73	1.22638
137	77	1.242
137	88	0.851851
137	90	1.34791
137	102	0.840121
137	105	0.842924
137	130	1.33144
137	132	0.845812
137	142	0.852918
137	145	0.850619
137	146	1.40683
137	148	0.807239
137	149	0.862669
137	154	0.841019
137	155	0.859247
137	156	0.859397
137	157	0.855408
137	158	0.838104
137	162	1.4536
137	163	1.42259
137	164	1.32904
137	168	0.851792
137	169	0.857435
137	172	0.866309
137	173	0.852444
137	175	0.862308
137	176	0.855855
137	177	0.916366
137	178	0.856859
137	180	1.3099
138	33	1.27352
138	66	0.786861
138	68	0.919615
138	75	1.46162
138	84	0.867437
138	91	0.849244
138	99	0.860453
138	100	0.851776
138	104	1.37757
138	105	1.3934
138	106	0.878848
138	111	0.859912
138	113	1.32725
138	120	0.860669
138	121	0.851698
138	125	0.877994
138	127	0.878206
138	128	0.824518
138	130	0.850796
138	131	0.843474
138	135	1.33745
138	136	0.852766
138	139	1.33311
138	146	0.837012
138	150	0.852223
138	156	1.24865
138	159	0.847111
138	160	0.842884
138	161	0.843557
138	165	0.851946
138	166	0.8612
138	167	1.33073
138	169	1.35156
138	173	1.37238
138	174	0.844254
138	179	0.849957
138	180	0.855679
139	1	0.898222
139	29	1.34566
139	55	0.817285
139	69	0.916655
139	85	0.868384
139	88	0.847987
139	119	1.40612
139	122	0.851634
139	123	1.37432
139	129	1.2866
139	132	0.841948
139	135	0.832397
139	138	1.33311
139	140	0.833023
139	141	0.834082
139	142	0.849054
139	144	0.82003
139	145	0.846755
139	146	1.38557
139	147	1.42913
139	149	0.858805
139	154	0.837155
139	155	0.855383
139	157	0.851544
139	158	0.83424
139	166	1.24644
139	167	0.864972
139	169	0.853571
139	171	1.36902
139	172	0.862445
139	173	0.84858
139	174	1.32738
139	175	0.858444
139	176	0.851991
139	177	0.912502
139	178	0.852995
139	180	1.28864
140	10	1.70979
140	13	0.887189
140	22	0.763142
140	31	1.35401
140	33	1.34955
140	43	1.45361
140	44	0.815686
140	50	0.800837
140	59	0.788708
140	65	0.862369
140	67	0.827591
140	69	0.903933
140	75	0.807478
140	113	1.40327
140	114	0.839936
140	120	1.33791
140	127	1.27576
140	128	1.45526
140	132	0.829226
140	139	0.833023
140	141	0.82136
140	143	1.33849
140	145	0.834033
140	148	0.790653
140	149	0.846083
140	154	0.824433
140	155	0.842661
140	156	0.842811
140	160	1.43105
140	162	1.48716
140	167	0.85225
140	168	0.835206
140	169	0.840849
140	172	0.849723
140	173	0.835858
140	175	0.845722
140	176	0.839269
140	177	0.89978
140	178	0.840273
141	2	1.29024
141	5	1.32989
141	7	0.800152
141	8	1.28323
141	11	0.782469
141	21	1.31846
141	26	1.3817
141	40	0.819819
141	96	1.60806
141	100	0.843361
141	109	1.41121
141	110	1.45751
141	119	0.826056
141	130	0.842381
141	131	0.835059
141	136	0.844351
141	139	0.834082
141	140	0.82136
141	143	1.42829
141	146	0.828597
141	147	1.57374
141	148	0.791712
141	154	0.825492
141	158	0.822576
141	161	0.835142
141	164	0.850231
141	165	0.843531
141	166	0.852785
141	167	0.853308
141	169	0.841907
141	171	1.51364
141	172	0.850782
141	173	0.836917
141	175	0.846781
141	176	0.840328
141	177	0.900839
141	178	0.841332
141	179	0.841542
141	180	0.847265
142	8	0.897597
142	9	1.15436
142	10	0.793283
142	29	0.872729
142	52	0.809326
142	60	0.873334
142	66	1.67485
142	72	0.928823
142	79	0.891866
142	87	0.804032
142	92	0.826631
142	97	1.22597
142	98	0.882568
142	102	0.839565
142	108	0.830781
142	109	0.866265
142	117	0.88211
142	121	1.3396
142	132	0.845256
142	137	0.852918
142	139	0.849054
142	144	0.823338
142	145	0.850064
142	152	0.851502
142	153	1.40024
142	156	0.858841
142	161	1.33507
142	164	1.306
142	165	1.31592
142	167	0.86828
142	169	0.856879
142	170	1.28665
142	172	0.865754
142	173	0.851889
142	174	1.32559
142	176	0.8553
142	177	0.915811
142	178	0.856304
142	179	1.33953
142	180	1.28686
143	12	1.10803
143	17	0.869901
143	22	1.71961
143	34	0.868066
143	62	0.878531
143	71	1.31212
143	73	0.903495
143	85	1.29408
143	86	0.813353
143	96	0.825877
143	97	0.88263
143	102	1.29212
143	104	0.846278
143	105	0.845933
143	107	0.826388
143	115	0.855332
143	116	0.839111
143	118	0.887403
143	129	0.863982
143	131	1.34106
143	133	0.891832
143	134	0.855681
143	140	1.33849
143	141	1.42829
143	147	0.834746
143	151	0.858188
143	152	0.855067
143	153	0.851959
143	154	1.35164
143	155	1.29654
143	157	0.858418
143	162	0.836463
143	163	0.853934
143	168	1.28732
143	170	0.864639
143	171	0.852595
143	172	1.23883
143	174	0.854376
143	179	0.860079
143	180	0.865801
144	10	0.764259
144	13	0.874196
144	18	0.849652
144	29	0.843706
144	30	1.46512
144	47	0.77212
144	52	0.780303
144	72	0.8998
144	79	0.862843
144	82	0.84781
144	86	1.6766
144	87	0.775008
144	89	1.36336
144	92	0.797608
144	98	0.853545
144	108	0.801758
144	113	1.47321
144	117	0.853087
144	125	1.34498
144	128	1.5252
144	139	0.82003
144	142	0.823338
144	148	0.77766
144	149	0.833089
144	152	0.822478
144	157	0.825829
144	159	1.44093
144	166	1.37119
144	167	0.839257
144	168	0.822213
144	169	0.827855
144	172	0.83673
144	173	0.822865
144	174	1.45213
144	175	0.832729
144	176	0.826276
144	177	0.886787
144	178	0.82728
144	179	1.46607
144	180	1.4134
145	4	0.896855
145	27	0.868757
145	28	1.35341
145	31	1.31284
145	35	1.34389
145	51	0.900073
145	70	0.848409
145	72	1.15404
145	77	1.23439
145	88	0.848997
145	107	1.45265
145	111	0.86417
145	114	0.853668
145	120	1.29674
145	122	0.852644
145	123	1.38796
145	124	1.41109
145	132	0.842958
145	135	0.833407
145	137	0.850619
145	139	0.846755
145	140	0.834033
145	142	0.850064
145	146	1.39921
145	149	0.859815
145	154	0.838165
145	155	0.856393
145	156	0.856543
145	158	0.83525
145	160	1.38988
145	166	1.26008
145	167	0.865982
145	168	0.848938
145	169	0.854581
145	172	0.863455
145	173	0.84959
145	175	0.859455
145	176	0.853002
145	177	0.913513
145	178	0.854006
146	1	1.20785
146	6	0.790682
146	31	0.849924
146	36	0.85518
146	68	0.917378
146	77	0.888559
146	88	1.35597
146	90	0.845598
146	91	0.847008
146	101	0.850112
146	118	1.27072
146	119	0.832234
146	124	0.829754
146	125	0.875758
146	126	0.828627
146	127	0.875969
146	128	0.822282
146	130	0.848559
146	131	0.841237
146	136	0.850529
146	137	1.40683
146	138	0.837012
146	139	1.38557
146	141	0.828597
146	145	1.39921
146	150	0.849986
146	152	1.37406
146	153	1.43327
146	159	0.844874
146	160	0.840648
146	161	0.841321
146	164	0.85641
146	165	0.84971
146	166	0.858964
146	167	1.38319
146	173	1.42483
146	174	0.842018
146	175	1.35039
146	178	1.41147
146	179	0.847721
146	180	0.853443
147	16	0.847994
147	17	0.845155
147	21	0.843343
147	25	0.845285
147	30	0.840995
147	39	1.45032
147	49	0.873999
147	52	1.57908
147	56	1.2072
147	62	0.853785
147	76	0.878158
147	80	1.37621
147	94	0.884035
147	95	0.817108
147	96	0.801131
147	97	0.857884
147	106	1.27549
147	107	0.801642
147	115	0.830586
147	118	0.862657
147	123	0.835267
147	125	1.29503
147	129	0.839236
147	133	0.867086
147	134	0.830935
147	139	1.42913
147	141	1.57374
147	143	0.834746
147	151	0.833442
147	153	0.827213
147	154	1.49709
147	157	0.833671
147	160	1.45104
147	162	0.811717
147	163	0.829188
147	168	1.43277
147	170	0.839893
147	171	0.827849
147	174	0.82963
147	177	1.2374
147	179	0.835333
147	180	0.841055
148	7	0.769445
148	16	1.57674
148	20	0.823727
148	27	0.825377
148	38	0.790605
148	51	0.856693
148	54	0.77727
148	55	0.774915
148	56	0.856173
148	57	0.774483
148	59	0.75906
148	60	0.827656
148	65	0.832721
148	67	0.797943
148	87	1.72947
148	89	1.47245
148	93	0.856249
148	102	0.793887
148	108	1.62366
148	119	1.63997
148	122	0.809264
148	128	1.6343
148	129	1.52045
148	133	1.43486
148	137	0.807239
148	140	0.790653
148	141	0.791712
148	144	0.77766
148	149	0.816435
148	154	0.794785
148	156	0.813162
148	157	0.809174
148	158	0.79187
148	166	1.48029
148	167	0.822602
148	168	0.805558
148	169	0.8112
148	170	1.52229
148	173	0.80621
148	174	1.56123
148	175	0.816074
148	176	0.809621
148	178	0.810625
149	20	0.879157
149	50	0.826618
149	61	1.6692
149	63	0.865109
149	65	0.88815
149	70	0.860458
149	72	1.12477
149	75	0.833259
149	83	1.27136
149	87	1.47999
149	88	0.861046
149	94	0.914967
149	95	1.36937
149	99	1.2416
149	102	0.849316
149	106	1.18505
149	117	1.24269
149	122	0.864693
149	132	0.855008
149	134	1.41281
149	135	0.845456
149	137	0.862669
149	139	0.858805
149	140	0.846083
149	144	0.833089
149	145	0.859815
149	148	0.816435
149	154	0.850215
149	155	0.868442
149	156	0.868592
149	158	0.847299
149	161	1.32123
149	164	1.29215
149	167	0.878031
149	168	0.860987
149	169	0.86663
149	170	1.27281
149	172	0.875505
149	173	0.86164
149	174	1.31175
149	175	0.871504
149	176	0.865051
149	178	0.866055
150	7	1.63192
150	31	0.865135
150	36	0.870391
150	43	0.837606
150	48	1.47054
150	66	0.799836
150	69	1.09788
150	74	0.834995
150	90	0.860809
150	91	0.862219
150	99	0.873428
150	105	1.36588
150	106	0.891823
150	115	0.858184
150	116	1.38425
150	119	0.847445
150	120	0.873643
150	121	0.864673
150	125	0.890969
150	126	0.843838
150	127	0.891181
150	128	0.837493
150	131	0.856448
150	136	0.86574
150	138	0.852223
150	146	0.849986
150	151	1.33087
150	155	1.31846
150	156	1.22113
150	158	1.34995
150	159	0.860086
150	160	0.855859
150	161	0.856532
150	164	0.871621
150	165	0.864921
150	166	0.874175
150	169	1.32405
150	174	0.857229
150	175	1.27042
150	177	1.11387
150	178	1.3315
150	179	0.862932
150	180	0.868654
151	8	1.16389
151	9	0.89948
151	16	0.871436
151	17	0.868597
151	19	0.864324
151	30	0.864437
151	44	1.47812
151	49	0.897441
151	62	0.877227
151	64	0.873233
151	73	0.902191
151	80	1.32667
151	86	0.812049
151	88	1.34999
151	95	0.84055
151	96	0.824573
151	97	0.881326
151	105	0.844629
151	106	1.22595
151	111	1.3484
151	115	0.854028
151	116	0.837807
151	122	1.42662
151	123	0.858709
151	129	0.862678
151	133	0.890528
151	143	0.858188
151	147	0.833442
151	150	1.33087
151	152	0.853763
151	153	0.850655
151	156	1.29513
151	162	0.835159
151	163	0.85263
151	167	1.37721
151	170	0.863335
151	171	0.851291
151	174	0.853072
151	175	1.34441
151	176	1.3521
151	177	1.18787
151	179	0.858775
151	180	0.864497
152	8	0.896737
152	14	0.803823
152	15	0.88307
152	18	0.877815
152	26	0.858741
152	29	0.871869
152	39	1.364
152	47	0.800284
152	52	0.808466
152	58	1.29795
152	73	0.899069
152	78	1.48484
152	79	0.891006
152	81	1.27003
152	87	0.803172
152	92	0.825771
152	95	0.837428
152	97	0.878205
152	100	1.34517
152	102	1.35125
152	107	0.821962
152	108	0.829921
152	109	0.865405
152	110	1.30139
152	111	1.31161
152	117	0.88125
152	129	0.859557
152	131	1.40019
152	134	0.851256
152	135	1.34714
152	142	0.851502
152	143	0.855067
152	144	0.822478
152	146	1.37406
152	151	0.853763
152	153	0.847534
152	158	1.38716
152	163	0.849509
152	170	0.860214
152	171	0.84817
152	174	0.849951
152	178	1.36871
152	179	0.855654
152	180	0.861376
153	9	0.893252
153	13	1.22075
153	32	0.863394
153	37	1.17168
153	45	0.811333
153	46	0.901664
153	48	0.811512
153	55	1.54769
153	62	0.870998
153	73	0.895962
153	76	0.895371
153	86	0.80582
153	93	1.15563
153	95	0.834321
153	96	0.818344
153	97	0.875097
153	104	0.838745
153	107	0.818855
153	116	0.831578
153	118	0.879871
153	123	0.85248
153	129	0.856449
153	130	1.35789
153	133	0.884299
153	134	0.848149
153	142	1.40024
153	143	0.851959
153	146	1.43327
153	147	0.827213
153	151	0.850655
153	152	0.847534
153	154	1.46998
153	162	0.82893
153	163	0.846402
153	168	1.40567
153	169	1.42048
153	170	0.857107
153	171	0.845062
153	173	1.44129
153	174	0.846844
153	176	1.37454
153	177	1.2103
153	179	0.852547
153	180	0.858269
154	1	0.889632
154	26	1.30505
154	27	0.859157
154	42	0.822801
154	51	0.890473
154	54	0.81105
154	65	0.866501
154	70	0.838808
154	84	1.30673
154	91	1.3433
154	101	1.33234
154	102	0.827667
154	114	0.844068
154	117	1.32627
154	122	0.843044
154	128	1.4684
154	132	0.833358
154	135	0.823807
154	137	0.841019
154	139	0.837155
154	140	0.824433
154	141	0.825492
154	143	1.35164
154	145	0.838165
154	147	1.49709
154	148	0.794785
154	149	0.850215
154	153	1.46998
154	155	0.846793
154	156	0.846943
154	157	0.842954
154	158	0.82565
154	160	1.44419
154	165	1.38566
154	167	0.856382
154	168	0.839338
154	169	0.844981
154	172	0.853855
154	173	0.83999
154	175	0.849854
154	176	0.843401
154	177	0.903912
154	178	0.844405
154	179	1.40927
154	180	1.3566
155	3	1.25498
155	27	0.877384
155	39	0.849407
155	41	1.1093
155	42	0.841029
155	44	0.838046
155	56	0.90818
155	58	0.874643
155	59	0.811068
155	63	0.861687
155	70	0.857036
155	88	0.857624
155	89	1.25146
155	93	0.908257
155	94	0.911545
155	96	1.47631
155	100	0.864662
155	102	0.845894
155	106	1.21354
155	108	1.40267
155	112	1.35031
155	114	0.862296
155	116	0.841875
155	121	1.35425
155	135	0.842034
155	137	0.859247
155	139	0.855383
155	140	0.842661
155	143	1.29654
155	145	0.856393
155	149	0.868442
155	150	1.31846
155	154	0.846793
155	156	0.86517
155	157	0.861182
155	158	0.843877
155	162	1.44521
155	164	1.32064
155	166	1.2593
155	167	0.874609
155	168	0.857565
155	169	0.863208
155	174	1.34024
155	175	0.868082
155	177	0.92214
155	178	0.862633
156	4	0.905632
156	17	1.20115
156	20	0.875885
156	38	0.842762
156	45	1.46976
156	50	0.823346
156	51	0.90885
156	53	1.55251
156	60	0.879813
156	66	1.59217
156	70	0.857186
156	74	1.41054
156	80	1.21693
156	83	1.20252
156	85	0.878172
156	100	0.864812
156	105	0.848847
156	114	0.862445
156	122	0.861421
156	132	0.851735
156	135	0.842184
156	137	0.859397
156	138	1.24865
156	140	0.842811
156	142	0.858841
156	145	0.856543
156	148	0.813162
156	149	0.868592
156	150	1.22113
156	151	1.29513
156	154	0.846943
156	155	0.86517
156	158	0.844027
156	160	1.29177
156	165	1.23323
156	167	0.874759
156	168	0.857715
156	169	0.863358
156	172	0.872233
156	173	0.858368
156	175	0.868232
156	176	0.861779
156	177	0.92229
156	178	0.862783
156	179	1.25685
156	180	1.20418
157	16	0.871665
157	22	0.781663
157	32	0.869852
157	37	1.20162
157	40	1.45232
157	41	1.17408
157	49	0.89767
157	53	0.815046
157	62	0.877456
157	83	1.36464
157	85	0.874183
157	93	0.904418
157	106	1.27833
157	109	1.34425
157	116	0.838037
157	117	1.33597
157	120	1.36075
157	121	1.41903
157	123	0.858938
157	125	1.29787
157	126	1.48313
157	127	1.2986
157	129	0.862908
157	134	0.854607
157	136	1.40201
157	137	0.855408
157	139	0.851544
157	143	0.858418
157	144	0.825829
157	147	0.833671
157	148	0.809174
157	154	0.842954
157	155	0.861182
157	162	0.835389
157	164	1.38543
157	167	0.870771
157	168	0.853727
157	170	0.863565
157	171	0.851521
157	172	0.868244
157	173	0.854379
157	174	0.853302
157	175	0.864243
157	176	0.85779
157	178	0.858794
157	179	0.859005
157	180	0.864727
158	9	1.20049
158	11	1.65192
158	13	0.888405
158	20	0.854592
158	22	0.764359
158	35	1.3746
158	38	0.82147
158	43	1.44315
158	56	0.887037
158	57	0.805347
158	59	0.789925
158	60	0.858521
158	70	0.835893
158	75	0.808695
158	93	0.887114
158	94	0.890402
158	102	0.824751
158	104	1.44313
158	105	0.827555
158	111	0.851655
158	114	0.841153
158	124	1.4418
158	132	0.830443
158	137	0.838104
158	139	0.83424
158	141	0.822576
158	145	0.83525
158	148	0.79187
158	149	0.847299
158	150	1.34995
158	152	1.38716
158	154	0.82565
158	155	0.843877
158	156	0.844027
158	162	1.4767
158	165	1.36205
158	166	1.29078
158	167	0.853466
158	168	0.836422
158	169	0.842065
158	171	1.41337
158	172	0.85094
158	173	0.837075
158	174	1.37173
158	175	0.846939
158	176	0.840486
158	177	0.900997
158	178	0.84149
158	179	1.38566
159	11	0.798747
159	31	0.860024
159	34	1.37291
159	36	0.865279
159	37	0.928116
159	40	0.836097
159	42	1.34568
159	43	0.832494
159	57	1.46759
159	66	0.794724
159	68	0.927478
159	71	0.839819
159	75	1.44468
159	77	0.898659
159	82	1.21326
159	84	0.8753
159	90	0.855697
159	94	1.17973
159	99	0.868316
159	100	0.859639
159	101	0.860212
159	106	0.886711
159	112	0.846769
159	120	0.868532
159	121	0.859561
159	123	1.33617
159	124	0.839854
159	125	0.885857
159	127	0.886069
159	128	0.832381
159	130	0.858659
159	131	0.851337
159	132	1.39175
159	136	0.860629
159	138	0.847111
159	144	1.44093
159	146	0.844874
159	150	0.860086
159	160	0.850747
159	161	0.85142
159	162	1.3942
159	164	0.866509
159	165	0.859809
159	166	0.869063
159	167	1.31379
159	172	1.27132
159	174	0.852117
159	175	1.28099
159	176	1.28868
159	177	1.12445
159	178	1.34208
159	179	0.85782
159	180	0.863542
160	6	0.796555
160	8	1.16053
160	11	0.79452
160	32	1.3348
160	36	0.861052
160	37	0.923889
160	43	0.828267
160	58	0.865393
160	66	0.790497
160	68	0.923251
160	74	0.825657
160	77	0.894432
160	82	1.27332
160	83	0.873161
160	84	0.871073
160	89	1.26052
160	99	0.864089
160	101	0.855985
160	106	0.882485
160	110	1.33482
160	111	0.863548
160	112	0.842542
160	115	0.848846
160	116	1.45489
160	119	0.838107
160	120	0.864305
160	121	0.855334
160	124	0.835627
160	126	0.8345
160	128	0.828155
160	130	0.854432
160	131	0.84711
160	136	0.856402
160	138	0.842884
160	140	1.43105
160	145	1.38988
160	146	0.840648
160	147	1.45104
160	150	0.855859
160	154	1.44419
160	156	1.29177
160	159	0.850747
160	161	0.847194
160	164	0.862282
160	165	0.855582
160	166	0.864836
160	169	1.39469
160	170	1.31035
160	171	1.39094
160	172	1.33139
160	174	0.84789
160	176	1.34875
160	179	0.853594
160	180	0.859316
161	1	1.15913
161	6	0.797228
161	11	0.795194
161	21	1.15638
161	25	1.30532
161	31	0.85647
161	37	0.924562
161	40	0.832543
161	45	1.53676
161	53	1.61951
161	58	0.866067
161	66	0.79117
161	68	0.923924
161	71	0.836265
161	74	0.82633
161	81	1.26408
161	83	0.873834
161	84	0.871746
161	91	0.853553
161	92	1.44145
161	96	1.44598
161	99	0.864762
161	101	0.856658
161	106	0.883158
161	111	0.864221
161	112	0.843215
161	114	1.36627
161	118	1.22201
161	119	0.83878
161	120	0.864978
161	121	0.856007
161	124	0.8363
161	125	0.882303
161	126	0.835173
161	130	0.855105
161	131	0.847783
161	134	1.41097
161	138	0.843557
161	141	0.835142
161	142	1.33507
161	146	0.841321
161	149	1.32123
161	150	0.856532
161	159	0.85142
161	160	0.847194
161	164	0.862955
161	165	0.856255
161	166	0.86551
161	167	1.33447
161	173	1.37612
161	174	0.848564
161	176	1.30936
161	179	0.854267
161	180	0.859989
162	9	0.877755
162	12	1.2567
162	16	0.849711
162	17	0.846872
162	19	0.842599
162	20	1.37843
162	21	0.845061
162	24	0.849779
162	30	0.842712
162	32	0.847898
162	42	1.46185
162	45	0.795837
162	46	0.886168
162	49	0.875716
162	53	0.793091
162	62	0.855502
162	64	0.851508
162	73	0.880466
162	76	0.879875
162	84	1.3168
162	86	0.790324
162	93	1.18596
162	94	0.885752
162	95	0.818825
162	96	0.802848
162	97	0.859601
162	102	1.44079
162	104	0.823249
162	105	0.822904
162	107	0.803359
162	115	0.832303
162	119	1.48414
162	123	0.836984
162	129	0.840953
162	133	0.868803
162	134	0.832653
162	135	1.43668
162	137	1.4536
162	140	1.48716
162	143	0.836463
162	147	0.811717
162	151	0.835159
162	153	0.82893
162	155	1.44521
162	157	0.835389
162	158	1.4767
162	159	1.3942
162	163	0.830905
162	166	1.32446
162	170	0.84161
162	171	0.829566
162	172	1.3875
162	173	1.47161
162	174	0.831347
162	179	0.83705
162	180	0.842772
163	1	1.22361
163	9	0.895227
163	17	0.864343
163	19	0.86007
163	21	0.862532
163	24	0.86725
163	25	0.864473
163	30	0.860183
163	32	0.865369
163	40	1.42168
163	44	1.49985
163	45	0.813308
163	46	0.903639
163	48	0.813487
163	51	1.28386
163	53	0.810562
163	62	0.872973
163	64	0.868979
163	73	0.897937
163	76	0.897346
163	79	1.28719
163	90	1.37366
163	95	0.836296
163	96	0.820319
163	97	0.877072
163	99	1.30423
163	104	0.84072
163	105	0.840376
163	106	1.24769
163	107	0.82083
163	111	1.37013
163	115	0.849774
163	116	0.833553
163	118	0.881846
163	123	0.854455
163	127	1.26796
163	129	0.858424
163	133	0.886274
163	134	0.850124
163	136	1.37137
163	137	1.42259
163	143	0.853934
163	147	0.829188
163	151	0.85263
163	152	0.849509
163	153	0.846402
163	162	0.830905
163	165	1.36471
163	170	0.859082
163	171	0.847037
163	172	1.35648
163	174	0.848819
163	176	1.37384
163	177	1.2096
163	178	1.42723
163	179	0.854522
163	180	0.860244
164	11	0.810282
164	24	1.29971
164	36	0.876814
164	37	0.939651
164	40	0.847632
164	63	1.23139
164	66	0.806259
164	67	1.35918
164	68	0.939013
164	71	0.851354
164	74	0.841419
164	77	0.910194
164	83	0.888923
164	84	0.886835
164	91	0.868642
164	92	1.41237
164	94	1.17133
164	97	1.18122
164	99	0.879851
164	100	0.871174
164	101	0.871747
164	106	0.898246
164	109	1.22006
164	111	0.87931
164	112	0.858304
164	115	0.864608
164	119	0.853869
164	120	0.880067
164	122	1.3548
164	124	0.851389
164	125	0.897392
164	126	0.850262
164	127	0.897604
164	128	0.843917
164	130	0.870194
164	131	0.862872
164	136	0.872164
164	137	1.32904
164	141	0.850231
164	142	1.306
164	146	0.85641
164	149	1.29215
164	150	0.871621
164	155	1.32064
164	157	1.38543
164	159	0.866509
164	160	0.862282
164	161	0.862955
164	165	0.871344
164	166	0.880598
164	168	1.31142
164	169	1.32623
164	170	1.2419
164	173	1.34704
164	174	0.863652
164	177	1.11605
164	179	0.869355
164	180	0.875078
165	3	1.2055
165	5	1.14865
165	11	0.803582
165	20	1.26378
165	31	0.864859
165	37	0.932951
165	40	0.840932
165	58	0.874455
165	61	1.64821
165	66	0.799559
165	68	0.932313
165	74	0.834719
165	77	0.903494
165	84	0.880135
165	90	0.860532
165	91	0.861942
165	98	1.2482
165	99	0.873151
165	100	0.864474
165	101	0.865047
165	104	1.36216
165	106	0.891546
165	108	1.35319
165	111	0.87261
165	112	0.851604
165	113	1.31184
165	114	1.34712
165	119	0.847169
165	120	0.873367
165	121	0.864396
165	124	0.844689
165	125	0.890692
165	126	0.843562
165	127	0.890904
165	128	0.837217
165	130	0.863494
165	131	0.856172
165	136	0.865464
165	138	0.851946
165	141	0.843531
165	142	1.31592
165	146	0.84971
165	150	0.864921
165	154	1.38566
165	156	1.23323
165	158	1.36205
165	159	0.859809
165	160	0.855582
165	161	0.856255
165	163	1.36471
165	164	0.871344
165	166	0.873898
165	173	1.35697
165	174	0.856952
165	175	1.28252
165	176	1.29021
165	177	1.12597
165	179	0.862655
165	180	0.868378
166	6	0.814871
166	11	0.812836
166	24	1.23837
166	28	1.23189
166	31	0.874113
166	37	0.942205
166	40	0.850186
166	43	0.846583
166	46	1.15825
166	59	1.55388
166	68	0.941567
166	71	0.853908
166	74	0.843973
166	77	0.912748
166	83	0.891477
166	84	0.889389
166	91	0.871196
166	92	1.35103
166	99	0.882405
166	100	0.873728
166	101	0.874301
166	104	1.29089
166	106	0.900801
166	112	0.860858
166	115	0.867162
166	119	0.856423
166	120	0.882621
166	121	0.87365
166	124	0.853943
166	125	0.899946
166	126	0.852816
166	127	0.900158
166	128	0.846471
166	130	0.872748
166	131	0.865426
166	132	1.32201
166	133	1.09312
166	136	0.874718
166	138	0.8612
166	139	1.24644
166	141	0.852785
166	144	1.37119
166	145	1.26008
166	146	0.858964
166	148	1.48029
166	150	0.874175
166	155	1.2593
166	158	1.29078
166	159	0.869063
166	160	0.864836
166	161	0.86551
166	162	1.32446
166	164	0.880598
166	165	0.873898
166	168	1.25008
166	172	1.20159
166	174	0.866206
166	175	1.21125
166	178	1.27234
166	179	0.87191
166	180	0.877632
167	24	0.885161
167	38	0.852202
167	39	0.858997
167	44	0.847635
167	50	0.832786
167	54	0.838867
167	55	0.836512
167	56	0.917769
167	58	0.884233
167	59	0.820657
167	62	1.30332
167	63	0.871277
167	64	1.33561
167	69	0.935881
167	72	1.13802
167	75	0.839427
167	83	1.28461
167	84	1.23639
167	85	0.887611
167	88	0.867213
167	93	0.917846
167	98	1.28244
167	102	0.855483
167	105	0.858287
167	114	0.871885
167	115	1.37037
167	116	0.851464
167	122	0.870861
167	123	1.37194
167	125	1.21784
167	132	0.861175
167	133	1.19862
167	135	0.851623
167	138	1.33073
167	139	0.864972
167	140	0.85225
167	141	0.853308
167	142	0.86828
167	144	0.839257
167	145	0.865982
167	146	1.38319
167	148	0.822602
167	149	0.878031
167	151	1.37721
167	154	0.856382
167	155	0.874609
167	156	0.874759
167	157	0.870771
167	158	0.853466
167	159	1.31379
167	161	1.33447
167	168	0.867154
167	169	0.872797
167	170	1.28606
167	171	1.36664
167	172	0.881672
167	173	0.867807
167	174	1.325
167	175	0.877671
167	176	0.871218
167	178	0.872222
167	179	1.33893
168	1	0.900404
168	4	0.898028
168	6	1.73321
168	20	0.86828
168	22	0.778047
168	25	1.32643
168	27	0.869929
168	38	0.835158
168	39	0.841952
168	42	0.833574
168	49	1.21782
168	54	0.821823
168	56	0.900725
168	57	0.819035
168	60	0.872209
168	63	0.854232
168	65	0.877273
168	67	0.842495
168	68	1.10481
168	70	0.849581
168	75	0.822383
168	85	0.870567
168	93	0.900802
168	95	1.38865
168	100	0.857207
168	105	0.841243
168	107	1.44265
168	109	1.27024
168	111	0.865343
168	112	1.34109
168	114	0.854841
168	115	1.37639
168	121	1.34503
168	122	0.853816
168	126	1.40913
168	129	1.29024
168	132	0.844131
168	135	0.834579
168	137	0.851792
168	140	0.835206
168	143	1.28732
168	144	0.822213
168	145	0.848938
168	147	1.43277
168	148	0.805558
168	149	0.860987
168	153	1.40567
168	154	0.839338
168	155	0.857565
168	156	0.857715
168	157	0.853727
168	158	0.836422
168	164	1.31142
168	166	1.25008
168	167	0.867154
168	169	0.855753
168	171	1.37267
168	172	0.864628
168	173	0.850763
168	175	0.860627
168	176	0.854174
168	177	0.914685
168	178	0.855178
168	180	1.29229
169	1	0.906047
169	7	0.81964
169	13	0.907736
169	16	1.36135
169	19	1.38373
169	20	0.873923
169	22	0.783689
169	32	1.33134
169	34	0.869018
169	42	0.839216
169	48	0.819997
169	50	0.821384
169	57	0.824678
169	59	0.809255
169	65	0.882916
169	67	0.848138
169	75	0.828025
169	85	0.87621
169	88	0.855812
169	93	0.906445
169	97	1.24621
169	102	0.844082
169	105	0.846885
169	112	1.3559
169	113	1.36691
169	114	0.860483
169	116	0.840063
169	118	1.25793
169	120	1.30155
169	122	0.859459
169	123	1.39277
169	127	1.2394
169	131	1.43015
169	132	0.849773
169	134	1.44689
169	135	0.840222
169	137	0.857435
169	138	1.35156
169	139	0.853571
169	140	0.840849
169	141	0.841907
169	142	0.856879
169	144	0.827855
169	145	0.854581
169	148	0.8112
169	149	0.86663
169	150	1.32405
169	153	1.42048
169	154	0.844981
169	155	0.863208
169	156	0.863358
169	158	0.842065
169	160	1.39469
169	164	1.32623
169	167	0.872797
169	168	0.855753
169	172	0.870271
169	173	0.856406
169	175	0.86627
169	176	0.859817
169	177	0.920328
169	178	0.860821
169	179	1.35977
169	180	1.3071
170	9	0.905932
170	16	0.877887
170	17	0.875048
170	19	0.870775
170	20	1.23452
170	21	0.873237
170	25	0.875178
170	30	0.870888
170	34	0.873214
170	42	1.31794
170	45	0.824013
170	46	0.914344
170	47	1.54474
170	48	0.824192
170	49	0.903892
170	50	1.51231
170	53	0.821267
170	55	1.4341
170	62	0.883678
170	64	0.879684
170	65	1.24255
170	68	1.03528
170	73	0.908642
170	76	0.908051
170	82	0.885546
170	86	0.8185
170	94	0.913928
170	95	0.847001
170	96	0.831024
170	97	0.887777
170	104	0.851425
170	105	0.851081
170	107	0.831535
170	114	1.31785
170	115	0.860479
170	116	0.844258
170	118	0.892551
170	120	1.21722
170	123	0.86516
170	126	1.3396
170	129	0.869129
170	130	1.24431
170	133	0.896979
170	134	0.860829
170	135	1.29277
170	142	1.28665
170	143	0.864639
170	147	0.839893
170	148	1.52229
170	149	1.27281
170	151	0.863335
170	152	0.860214
170	153	0.857107
170	157	0.863565
170	160	1.31035
170	162	0.84161
170	163	0.859082
170	164	1.2419
170	167	1.28606
170	171	0.857742
170	174	0.859523
170	175	1.25326
170	177	1.09671
170	179	0.865227
170	180	0.870949
171	5	1.19998
171	9	0.893887
171	16	0.865843
171	17	0.863004
171	19	0.858731
171	21	0.861193
171	24	0.86591
171	25	0.863134
171	27	1.28434
171	30	0.858844
171	32	0.86403
171	34	0.861169
171	36	1.2589
171	45	0.811969
171	46	0.9023
171	48	0.812148
171	49	0.891848
171	53	0.809223
171	62	0.871634
171	63	1.29263
171	64	0.86764
171	73	0.896598
171	75	1.49753
171	76	0.896007
171	82	0.873502
171	86	0.806456
171	89	1.2533
171	94	0.901884
171	95	0.834957
171	96	0.81898
171	97	0.875733
171	99	1.27193
171	104	0.839381
171	105	0.839036
171	107	0.819491
171	109	1.2813
171	112	1.35215
171	115	0.848435
171	116	0.832214
171	118	0.880506
171	123	0.853116
171	129	0.857085
171	133	0.884935
171	134	0.848785
171	135	1.37336
171	139	1.36902
171	141	1.51364
171	143	0.852595
171	147	0.827849
171	151	0.851291
171	152	0.84817
171	153	0.845062
171	157	0.851521
171	158	1.41337
171	160	1.39094
171	162	0.829566
171	163	0.847037
171	167	1.36664
171	168	1.37267
171	170	0.857742
171	173	1.40829
171	174	0.847479
171	175	1.33384
171	177	1.1773
171	178	1.39493
171	179	0.853182
171	180	0.858904
172	4	0.912545
172	13	0.916611
172	19	1.32042
172	22	0.792564
172	25	1.27793
172	38	0.849675
172	39	0.85647
172	42	0.848091
172	49	1.16933
172	50	0.830259
172	51	0.915763
172	55	0.833985
172	56	0.915243
172	57	0.833553
172	59	0.81813
172	60	0.886726
172	63	0.86875
172	69	0.933355
172	74	1.45015
172	75	0.8369
172	79	1.19533
172	85	0.885084
172	88	0.864687
172	90	1.2818
172	91	1.23049
172	93	0.915319
172	94	0.918607
172	102	0.852957
172	111	0.87986
172	112	1.2926
172	113	1.30361
172	114	0.869358
172	115	1.3279
172	116	0.848938
172	119	1.36127
172	121	1.29653
172	122	0.868334
172	128	1.35559
172	130	1.26534
172	132	0.858648
172	135	0.849097
172	137	0.866309
172	139	0.862445
172	140	0.849723
172	141	0.850782
172	142	0.865754
172	143	1.23883
172	144	0.83673
172	145	0.863455
172	149	0.875505
172	154	0.853855
172	156	0.872233
172	157	0.868244
172	158	0.85094
172	159	1.27132
172	160	1.33139
172	162	1.3875
172	163	1.35648
172	166	1.20159
172	167	0.881672
172	168	0.864628
172	169	0.870271
172	173	0.86528
172	174	1.28253
172	175	0.875144
172	176	0.868691
172	177	0.929202
172	178	0.869695
173	4	0.89868
173	7	0.81465
173	12	0.895079
173	15	1.21439
173	24	0.868769
173	34	0.864028
173	42	0.834226
173	44	0.831243
173	48	0.815006
173	50	0.816394
173	51	0.901898
173	52	1.54354
173	54	0.822475
173	55	0.82012
173	57	0.819688
173	60	0.872861
173	63	0.854885
173	65	0.877926
173	67	0.843148
173	68	1.14043
173	70	0.850233
173	71	1.42203
173	73	1.24439
173	75	0.823035
173	77	1.26001
173	84	1.27804
173	85	0.871219
173	88	0.850822
173	93	0.901454
173	94	0.904742
173	102	0.839092
173	114	0.855493
173	116	0.835073
173	122	0.854469
173	124	1.43672
173	127	1.26021
173	131	1.45096
173	132	0.844783
173	133	1.24027
173	135	0.835232
173	137	0.852444
173	138	1.37238
173	139	0.84858
173	140	0.835858
173	141	0.836917
173	142	0.851889
173	144	0.822865
173	145	0.84959
173	146	1.42483
173	148	0.80621
173	149	0.86164
173	153	1.44129
173	154	0.83999
173	156	0.858368
173	157	0.854379
173	158	0.837075
173	161	1.37612
173	162	1.47161
173	164	1.34704
173	165	1.35697
173	167	0.867807
173	168	0.850763
173	169	0.856406
173	171	1.40829
173	172	0.86528
173	175	0.861279
173	176	0.854826
173	177	0.915337
173	178	0.85583
173	179	1.38058
173	180	1.32791
174	4	1.19245
174	13	1.1461
174	19	0.860512
174	22	1.76331
174	36	0.862422
174	45	0.81375
174	46	0.904081
174	53	0.811004
174	59	1.63482
174	62	0.873415
174	64	0.869421
174	70	1.37963
174	71	0.836962
174	75	1.45589
174	76	0.897788
174	84	0.872443
174	86	0.808237
174	90	0.85284
174	93	1.08099
174	95	0.836738
174	96	0.820761
174	97	0.877514
174	101	0.857355
174	102	1.33582
174	103	1.34985
174	106	0.883855
174	107	0.821272
174	112	0.843912
174	114	1.35679
174	115	0.850216
174	116	0.833995
174	118	0.882288
174	119	0.839477
174	120	0.865675
174	121	0.856704
174	123	0.854897
174	124	0.836997
174	125	0.883
174	126	0.83587
174	128	0.829525
174	129	0.858866
174	130	0.855802
174	131	0.84848
174	133	0.886716
174	134	0.850566
174	135	1.33171
174	136	0.857772
174	138	0.844254
174	139	1.32738
174	142	1.32559
174	143	0.854376
174	144	1.45213
174	146	0.842018
174	147	0.82963
174	148	1.56123
174	149	1.31175
174	150	0.857229
174	151	0.853072
174	152	0.849951
174	153	0.846844
174	155	1.34024
174	157	0.853302
174	158	1.37173
174	159	0.852117
174	160	0.84789
174	161	0.848564
174	162	0.831347
174	163	0.848819
174	164	0.863652
174	165	0.856952
174	166	0.866206
174	167	1.325
174	170	0.859523
174	171	0.847479
174	172	1.28253
174	175	1.2922
174	176	1.29989
174	177	1.13565
174	178	1.35328
174	179	0.854964
174	180	0.860686
175	1	0.910921
175	10	1.6198
175	12	0.904943
175	13	0.91261
175	20	0.878797
175	22	0.788563
175	24	0.878633
175	27	0.880446
175	34	0.873892
175	38	0.845674
175	39	0.852469
175	42	0.84409
175	44	0.841107
175	45	1.51904
175	46	1.23095
175	48	0.82487
175	49	1.179
175	51	0.911762
175	54	0.83234
175	55	0.829984
175	56	0.911242
175	57	0.829552
175	58	0.877705
175	59	0.814129
175	60	0.882725
175	63	0.864749
175	65	0.88779
175	66	1.64145
175	67	0.853012
175	69	0.929354
175	70	0.860098
175	75	0.832899
175	84	1.20359
175	85	0.881083
175	88	0.860686
175	93	0.911319
175	94	0.914606
175	95	1.34982
175	100	0.867724
175	102	0.848956
175	114	0.865357
175	115	1.33756
175	116	0.844937
175	118	1.20429
175	120	1.24792
175	121	1.3062
175	122	0.864333
175	127	1.18577
175	129	1.25141
175	131	1.37652
175	132	0.854647
175	133	1.16582
175	135	0.845096
175	137	0.862308
175	139	0.858444
175	140	0.845722
175	141	0.846781
175	144	0.832729
175	145	0.859455
175	146	1.35039
175	148	0.816074
175	149	0.871504
175	150	1.27042
175	151	1.34441
175	154	0.849854
175	155	0.868082
175	156	0.868232
175	157	0.864243
175	158	0.846939
175	159	1.28099
175	165	1.28252
175	166	1.21125
175	167	0.877671
175	168	0.860627
175	169	0.86627
175	170	1.25326
175	171	1.33384
175	172	0.875144
175	173	0.861279
175	174	1.2922
175	176	0.864691
175	177	0.925201
175	178	0.865695
175	179	1.30613
175	180	1.25346
176	1	0.904468
176	3	1.21463
176	4	0.902091
176	7	0.818061
176	13	0.906157
176	20	0.872344
176	22	0.78211
176	24	0.87218
176	25	1.29529
176	27	0.873993
176	30	1.31287
176	38	0.839221
176	39	0.846016
176	40	1.34718
176	42	0.837637
176	44	0.834654
176	47	1.58313
176	48	0.818417
176	50	0.819805
176	51	0.905309
176	54	0.825887
176	55	0.823531
176	56	0.904789
176	57	0.823099
176	58	0.871252
176	59	0.807676
176	60	0.876272
176	63	0.858296
176	65	0.881337
176	67	0.846559
176	69	0.922901
176	70	0.853645
176	75	0.826446
176	78	1.46886
176	81	1.25405
176	85	0.874631
176	87	1.46813
176	88	0.854233
176	92	1.43142
176	93	0.904866
176	96	1.43596
176	100	0.861271
176	102	0.842503
176	103	1.3493
176	105	0.845306
176	111	0.869406
176	114	0.858904
176	115	1.34526
176	116	0.838484
176	118	1.21198
176	122	0.85788
176	125	1.19273
176	126	1.37799
176	132	0.848194
176	135	0.838643
176	136	1.29687
176	137	0.855855
176	139	0.851991
176	140	0.839269
176	141	0.840328
176	142	0.8553
176	144	0.826276
176	145	0.853002
176	148	0.809621
176	149	0.865051
176	151	1.3521
176	153	1.37454
176	154	0.843401
176	156	0.861779
176	157	0.85779
176	158	0.840486
176	159	1.28868
176	160	1.34875
176	161	1.30936
176	163	1.37384
176	165	1.29021
176	167	0.871218
176	168	0.854174
176	169	0.859817
176	172	0.868691
176	173	0.854826
176	174	1.29989
176	175	0.864691
176	177	0.918749
176	178	0.859242
176	179	1.31382
176	180	1.26115
177	2	0.958344
177	3	0.937347
177	5	0.954855
177	9	0.964416
177	11	1.41585
177	12	0.959001
177	16	1.15116
177	23	0.934927
177	28	0.934502
177	29	1.15393
177	33	0.919139
177	35	0.913262
177	41	1.00306
177	44	0.895165
177	47	0.864593
177	53	1.44525
177	61	0.848863
177	62	1.11397
177	63	0.918807
177	67	0.90707
177	69	0.983412
177	73	1.0134
177	75	0.886957
177	77	1.02902
177	78	0.895993
177	80	0.938981
177	81	0.923222
177	83	0.93953
177	86	1.36012
177	89	0.912172
177	91	1.08361
177	100	0.921782
177	101	1.07266
177	102	0.903014
177	103	0.896595
177	104	0.906161
177	105	0.905817
177	110	0.922162
177	111	0.929917
177	113	0.901504
177	114	0.919415
177	117	1.06659
177	122	0.918391
177	126	1.21375
177	132	0.908705
177	135	0.899154
177	136	1.13263
177	137	0.916366
177	139	0.912502
177	140	0.89978
177	141	0.900839
177	142	0.915811
177	144	0.886787
177	145	0.913513
177	147	1.2374
177	150	1.11387
177	151	1.18787
177	153	1.2103
177	154	0.903912
177	155	0.92214
177	156	0.92229
177	158	0.900997
177	159	1.12445
177	163	1.2096
177	164	1.11605
177	165	1.12597
177	168	0.914685
177	169	0.920328
177	170	1.09671
177	171	1.1773
177	172	0.929202
177	173	0.915337
177	174	1.13565
177	175	0.925201
177	176	0.918749
177	178	0.919752
177	179	1.14959
177	180	1.09691
178	1	0.905472
178	4	0.903095
178	7	0.819065
178	12	0.899495
178	13	0.907161
178	19	1.39117
178	20	0.873348
178	22	0.783114
178	24	0.873184
178	27	0.874997
178	29	1.37157
178	34	0.868443
178	38	0.840225
178	39	0.84702
178	42	0.838641
178	44	0.835658
178	48	0.819421
178	50	0.820809
178	51	0.906313
178	54	0.826891
178	55	0.824535
178	56	0.905793
178	57	0.824103
178	58	0.872256
178	59	0.80868
178	60	0.877276
178	63	0.8593
178	65	0.882341
178	67	0.847563
178	68	1.12707
178	69	0.923905
178	70	0.854649
178	72	1.1663
178	75	0.82745
178	80	1.3273
178	81	1.30744
178	84	1.26468
178	85	0.875635
178	88	0.855237
178	92	1.48482
178	93	0.90587
178	94	0.909157
178	97	1.25366
178	98	1.31072
178	99	1.28313
178	100	0.862275
178	102	0.843507
178	105	0.84631
178	111	0.87041
178	114	0.859908
178	115	1.39865
178	116	0.839488
178	117	1.28422
178	122	0.858884
178	126	1.43138
178	127	1.24685
178	128	1.42635
178	129	1.3125
178	132	0.849198
178	133	1.22691
178	135	0.839647
178	137	0.856859
178	139	0.852995
178	140	0.840273
178	141	0.841332
178	142	0.856304
178	144	0.82728
178	145	0.854006
178	146	1.41147
178	148	0.810625
178	149	0.866055
178	150	1.3315
178	152	1.36871
178	154	0.844405
178	155	0.862633
178	156	0.862783
178	157	0.858794
178	158	0.84149
178	159	1.34208
178	163	1.42723
178	166	1.27234
178	167	0.872222
178	168	0.855178
178	169	0.860821
178	171	1.39493
178	172	0.869695
178	173	0.85583
178	174	1.35328
178	175	0.865695
178	176	0.859242
178	177	0.919752
178	179	1.36722
178	180	1.31455
179	6	0.803628
179	9	0.901372
179	12	1.16566
179	16	0.873327
179	19	0.866215
179	21	0.868677
179	26	1.22408
179	28	1.32676
179	29	1.33266
179	33	1.28173
179	36	0.868125
179	40	0.838943
179	45	0.819453
179	53	0.816707
179	59	1.64876
179	60	1.2911
179	64	0.875124
179	66	0.79757
179	69	1.1336
179	70	1.39356
179	71	0.842665
179	73	0.904082
179	74	0.83273
179	77	0.901505
179	79	1.22717
179	82	0.880986
179	84	0.878146
179	85	1.35171
179	86	0.81394
179	90	0.858543
179	91	0.859953
179	94	0.909368
179	95	0.842441
179	96	0.826464
179	97	0.883217
179	99	0.871162
179	101	0.863058
179	103	1.36378
179	104	0.846865
179	105	0.846521
179	106	0.889558
179	107	0.826975
179	112	0.849615
179	113	1.33545
179	115	0.855919
179	117	1.24531
179	118	0.887991
179	120	0.871378
179	121	0.862407
179	122	1.38834
179	123	0.8606
179	125	0.888703
179	127	0.888915
179	128	0.835228
179	129	0.864569
179	131	0.854183
179	132	1.41689
179	133	0.892419
179	134	0.856269
179	138	0.849957
179	141	0.841542
179	142	1.33953
179	143	0.860079
179	144	1.46607
179	146	0.847721
179	147	0.835333
179	150	0.862932
179	151	0.858775
179	152	0.855654
179	153	0.852547
179	154	1.40927
179	156	1.25685
179	157	0.859005
179	158	1.38566
179	159	0.85782
179	160	0.853594
179	161	0.854267
179	162	0.83705
179	163	0.854522
179	164	0.869355
179	165	0.862655
179	166	0.87191
179	167	1.33893
179	169	1.35977
179	170	0.865227
179	171	0.853182
179	173	1.38058
179	174	0.854964
179	175	1.30613
179	176	1.31382
179	177	1.14959
179	178	1.36722
179	180	0.866389
180	4	1.15371
180	5	1.11959
180	11	0.807316
180	14	1.53991
180	15	1.10945
180	17	0.87621
180	19	0.871937
180	21	0.874399
180	25	0.87634
180	32	0.877236
180	34	0.874376
180	37	0.936684
180	38	1.45556
180	40	0.844665
180	45	0.825175
180	46	0.915506
180	49	0.905054
180	50	1.51251
180	51	1.17117
180	52	1.4386
180	58	0.878189
180	62	0.88484
180	64	0.880846
180	70	1.34089
180	72	1.07472
180	73	0.909804
180	74	0.838452
180	76	0.909213
180	82	0.886708
180	83	0.885956
180	84	0.883868
180	86	0.819662
180	87	1.42994
180	91	0.865675
180	95	0.848163
180	96	0.832186
180	99	0.876884
180	101	0.86878
180	103	1.31111
180	110	1.24722
180	112	0.855337
180	113	1.28278
180	115	0.861641
180	118	0.893713
180	119	0.850902
180	121	0.868129
180	122	1.33567
180	123	0.866322
180	124	0.848422
180	125	0.894426
180	127	0.894637
180	128	0.84095
180	129	0.870291
180	130	0.867227
180	131	0.859905
180	132	1.36422
180	133	0.898141
180	134	0.861991
180	136	0.869197
180	137	1.3099
180	138	0.855679
180	139	1.28864
180	141	0.847265
180	142	1.28686
180	143	0.865801
180	144	1.4134
180	146	0.853443
180	147	0.841055
180	150	0.868654
180	151	0.864497
180	152	0.861376
180	153	0.858269
180	154	1.3566
180	156	1.20418
180	157	0.864727
180	159	0.863542
180	160	0.859316
180	161	0.859989
180	162	0.842772
180	163	0.860244
180	164	0.875078
180	165	0.868378
180	166	0.877632
180	168	1.29229
180	169	1.3071
180	170	0.870949
180	171	0.858904
180	173	1.32791
180	174	0.860686
180	175	1.25346
180	176	1.26115
180	177	1.09691
180	178	1.31455
180	179	0.866389
