1	13	0.945989
1	24	0.78923
1	33	0.784749
1	44	0.796132
1	54	0.892734
1	64	0.923451
1	67	0.935851
1	102	1.47869
1	149	3.93782
1	159	0.770766
1	178	0.791334
1	179	0.796929
2	8	0.913913
2	28	1.01771
2	30	1.00091
2	53	0.960017
2	55	0.973708
2	59	0.955949
2	66	0.955653
2	125	1.7786
2	129	1.53271
2	150	0.961099
2	179	3.30367
3	18	0.989573
3	21	0.893299
3	41	0.884362
3	50	0.936502
3	52	0.936695
3	57	0.941774
3	60	0.933481
3	68	0.921314
3	75	0.975256
3	89	3.07715
3	102	1.38948
3	129	1.96603
4	25	0.997231
4	34	0.984386
4	36	0.889572
4	47	0.969637
4	49	0.954835
4	56	0.948676
4	72	0.985066
4	93	2.67983
4	127	2.3207
4	137	0.845299
4	151	0.901158
4	178	2.11598
5	23	0.838568
5	26	0.990096
5	37	0.920079
5	38	0.904865
5	43	0.903495
5	86	3.18621
5	122	0.908424
5	128	2.87816
5	166	0.813555
5	176	0.772748
6	7	1.06947
6	9	0.88403
6	14	1.0667
6	19	0.882715
6	39	0.939814
6	104	0.91869
6	112	0.934835
6	132	1.35492
6	142	1.64887
6	159	0.851415
6	164	4.3565
6	178	0.871984
7	6	1.06947
7	9	0.960698
7	14	1.14337
7	19	0.959383
7	39	1.01648
7	102	1.6057
7	108	1.7273
7	154	2.32121
7	159	0.928083
7	178	0.948652
8	2	0.913913
8	28	0.878766
8	30	0.861965
8	53	0.821072
8	55	0.834763
8	59	0.817004
8	66	0.816708
8	83	0.852627
8	92	0.816535
8	141	3.36222
8	150	0.822154
8	179	2.56367
9	6	0.88403
9	7	0.960698
9	14	0.95793
9	19	0.773946
9	39	0.831045
9	83	0.852774
9	104	0.809921
9	112	0.826066
9	143	2.97502
9	151	2.73191
9	159	0.742647
9	178	0.763215
10	55	0.752888
10	59	0.735129
10	66	0.734833
10	106	0.769944
10	145	0.697376
10	150	0.740279
10	151	0.695318
10	170	0.659721
10	173	0.642158
10	175	0.617183
10	177	0.707005
10	180	0.650326
11	21	0.896163
11	42	0.893379
11	50	0.939366
11	52	0.939559
11	57	0.944638
11	60	0.936345
11	68	0.924178
11	75	0.97812
11	84	0.951573
11	125	1.34878
11	143	2.29154
11	152	3.41669
12	13	0.926667
12	27	0.909908
12	44	0.77681
12	48	0.847926
12	54	0.873413
12	62	2.49132
12	67	0.916529
12	70	0.862892
12	140	3.13908
12	159	0.751444
12	178	0.772013
12	179	0.777608
13	1	0.945989
13	12	0.926667
13	24	0.903719
13	33	0.899238
13	64	1.03794
13	70	0.996703
13	120	2.03826
13	152	2.97368
13	159	0.885255
13	163	2.04172
13	178	0.905824
13	179	0.911419
14	6	1.0667
14	7	1.14337
14	9	0.95793
14	19	0.956615
14	39	1.01371
14	142	1.3577
14	159	0.925316
14	175	12.8441
14	176	4.99292
14	178	0.945884
15	20	0.949563
15	29	0.902468
15	35	0.872218
15	51	0.87064
15	58	0.869257
15	107	0.752977
15	127	0.812048
15	146	2.72201
15	150	0.847552
15	151	0.802591
15	170	0.766994
15	177	2.84804
16	21	0.808938
16	41	0.800001
16	42	0.806154
16	50	0.852141
16	52	0.852334
16	57	0.857413
16	60	0.84912
16	68	0.836953
16	75	0.890895
16	92	0.849509
16	98	1.90408
16	177	3.40579
17	40	0.764901
17	45	0.764901
17	69	3.83982
17	76	0.809718
17	78	0.790381
17	79	0.761696
17	85	0.750951
17	87	0.742776
17	88	0.800513
17	90	0.785495
17	91	0.785052
17	179	0.692876
18	3	0.989573
18	41	0.864298
18	42	0.870451
18	50	0.916438
18	52	0.916631
18	57	0.92171
18	60	0.913417
18	68	0.90125
18	75	0.955192
18	80	0.850975
18	127	1.56014
18	161	2.78154
18	167	3.43939
19	6	0.882715
19	7	0.959383
19	9	0.773946
19	14	0.956615
19	39	0.82973
19	65	1.98128
19	83	0.851459
19	104	0.808606
19	112	0.824751
19	114	2.71368
19	159	0.741332
19	178	0.7619
20	15	0.949563
20	29	1.02627
20	35	0.996017
20	51	0.994438
20	58	0.993055
20	81	2.55135
20	98	1.48709
20	150	0.97135
20	151	0.92639
20	159	3.10773
20	170	0.890793
21	3	0.893299
21	11	0.896163
21	16	0.808938
21	41	0.768024
21	42	0.774177
21	52	0.820357
21	57	0.825436
21	60	0.817143
21	68	0.804976
21	75	0.858918
21	84	0.832371
21	146	2.52366
21	166	3.52011
22	31	0.884434
22	39	0.880322
22	64	0.81295
22	79	1.25849
22	107	0.777002
22	144	0.902922
22	147	0.898145
22	149	0.806377
22	155	0.81218
22	159	0.791923
22	175	0.748481
22	178	0.812492
22	180	0.781624
23	5	0.838568
23	26	0.935739
23	37	0.865722
23	38	0.850508
23	43	0.849138
23	93	0.757313
23	97	0.883521
23	104	0.814396
23	110	1.04757
23	122	0.854067
23	166	0.759198
23	170	4.72483
23	176	0.718391
24	1	0.78923
24	13	0.903719
24	27	0.886961
24	48	0.824978
24	54	0.850465
24	64	0.881182
24	67	0.893582
24	70	0.839944
24	119	1.98731
24	159	0.728497
24	166	4.12385
24	178	0.749065
24	179	0.75466
25	4	0.997231
25	34	0.95872
25	36	0.863906
25	49	0.929169
25	56	0.92301
25	72	0.9594
25	113	0.86492
25	122	0.947744
25	137	0.819633
25	148	1.48165
25	151	0.875492
25	156	3.07504
25	179	2.61066
26	5	0.990096
26	23	0.935739
26	37	1.01725
26	38	1.00204
26	43	1.00067
26	120	2.38228
26	122	1.00559
26	166	0.910726
26	173	4.76223
26	176	0.869919
26	179	1.42787
27	12	0.909908
27	24	0.886961
27	33	0.882479
27	44	0.893862
27	48	0.964978
27	70	0.979944
27	92	0.942531
27	138	2.40952
27	159	0.868496
27	165	3.52928
27	166	1.66943
27	178	0.889065
27	179	0.89466
28	2	1.01771
28	8	0.878766
28	30	0.965763
28	53	0.92487
28	55	0.938561
28	59	0.920802
28	66	0.920506
28	112	0.929717
28	137	5.57229
28	150	0.925952
28	154	1.27966
28	172	2.3165
29	15	0.902468
29	20	1.02627
29	35	0.948921
29	51	0.947343
29	58	0.94596
29	107	0.82968
29	127	0.888751
29	148	1.88212
29	150	0.924255
29	151	0.879294
29	158	4.64851
29	170	0.843697
29	179	1.98067
30	2	1.00091
30	8	0.861965
30	28	0.965763
30	53	0.908069
30	55	0.921761
30	59	0.904001
30	66	0.903705
30	100	0.825186
30	112	0.912917
30	128	1.89951
30	150	0.909151
30	169	6.00919
30	179	2.40701
31	22	0.884434
31	82	0.898848
31	115	0.924996
31	118	0.868386
31	124	0.925319
31	133	0.913721
31	136	0.899723
31	139	0.899835
31	144	0.913541
31	147	0.908765
31	164	3.06174
31	168	2.44405
31	172	2.22151
31	176	0.773812
32	40	0.892173
32	45	0.892173
32	76	0.936991
32	78	0.917654
32	79	0.888969
32	85	0.878223
32	87	0.870048
32	88	0.927786
32	90	0.912767
32	91	0.912325
32	129	1.20593
32	157	2.87336
32	165	3.77356
32	179	0.820148
33	1	0.784749
33	13	0.899238
33	27	0.882479
33	44	0.749381
33	48	0.820497
33	54	0.845983
33	63	1.69385
33	64	0.8767
33	67	0.8891
33	70	0.835463
33	73	5.4
33	159	0.724015
33	178	0.744584
33	179	0.750179
34	4	0.984386
34	25	0.95872
34	36	0.851061
34	47	0.931126
34	49	0.916323
34	56	0.910165
34	72	0.946554
34	80	0.839157
34	113	0.852075
34	137	0.806788
34	140	1.70649
34	145	3.96431
34	151	0.862646
34	177	1.71946
35	15	0.872218
35	20	0.996017
35	29	0.948921
35	51	0.917094
35	58	0.915711
35	97	0.950751
35	107	0.799431
35	127	0.858501
35	137	4.62771
35	150	0.894006
35	151	0.849045
35	170	0.813448
35	172	1.80777
35	180	2.10114
36	4	0.889572
36	25	0.863906
36	34	0.851061
36	47	0.836312
36	49	0.82151
36	56	0.815351
36	72	0.851741
36	81	0.752668
36	83	0.843267
36	122	0.840085
36	137	0.711974
36	151	0.767833
36	154	2.17593
36	160	4.07892
37	5	0.920079
37	23	0.865722
37	26	1.01725
37	38	0.932019
37	43	0.930649
37	77	1.68057
37	97	0.965032
37	104	0.895907
37	122	0.935578
37	166	0.840709
37	170	3.42245
37	176	0.799902
37	177	1.65251
38	5	0.904865
38	23	0.850508
38	26	1.00204
38	37	0.932019
38	43	0.915435
38	93	0.823609
38	97	0.949817
38	103	1.36136
38	104	0.880693
38	108	1.48518
38	122	0.920364
38	155	4.27755
38	166	0.825495
38	176	0.784688
39	6	0.939814
39	7	1.01648
39	9	0.831045
39	14	1.01371
39	19	0.82973
39	22	0.880322
39	83	0.908558
39	104	0.865705
39	112	0.88185
39	153	2.184
39	159	0.798431
39	161	2.58344
39	167	3.24128
39	178	0.818999
40	17	0.764901
40	32	0.892173
40	69	0.773134
40	76	0.951227
40	78	0.93189
40	79	0.903205
40	85	0.89246
40	87	0.884285
40	88	0.942022
40	90	0.927004
40	91	0.926561
40	100	3.62686
40	170	3.29735
40	179	0.834385
41	3	0.884362
41	16	0.800001
41	18	0.864298
41	21	0.768024
41	42	0.76524
41	46	1.17129
41	50	0.811227
41	57	0.816499
41	60	0.808206
41	68	0.796039
41	75	0.849981
41	84	0.823434
41	92	0.808595
41	174	5.18013
42	11	0.893379
42	16	0.806154
42	18	0.870451
42	21	0.774177
42	41	0.76524
42	50	0.81738
42	52	0.817573
42	57	0.822652
42	60	0.814359
42	68	0.802192
42	75	0.856134
42	80	0.751917
42	114	2.24802
42	154	3.40148
43	5	0.903495
43	23	0.849138
43	26	1.00067
43	37	0.930649
43	38	0.915435
43	65	1.34678
43	93	0.822239
43	97	0.948447
43	104	0.879323
43	122	0.918994
43	123	2.35768
43	132	2.46855
43	166	0.824125
43	176	0.783318
44	1	0.796132
44	12	0.77681
44	27	0.893862
44	33	0.749381
44	48	0.83188
44	54	0.857367
44	64	0.888083
44	67	0.900483
44	70	0.846846
44	86	3.11379
44	159	0.735398
44	167	3.99307
44	178	0.755967
44	179	0.761562
45	17	0.764901
45	32	0.892173
45	76	0.951227
45	78	0.93189
45	79	0.903205
45	85	0.89246
45	87	0.884285
45	88	0.942022
45	90	0.927004
45	91	0.926561
45	123	1.39263
45	128	4.22233
45	163	2.67259
45	179	0.834385
46	41	1.17129
46	124	0.506525
46	140	0.936401
46	143	0.920172
46	144	0.75186
46	153	0.87169
46	164	0.867465
46	169	0.836155
46	171	0.870892
46	172	0.886711
46	173	0.847854
46	174	0.85841
46	175	0.822879
46	177	0.912701
46	180	0.856022
47	4	0.969637
47	34	0.931126
47	36	0.836312
47	49	0.901575
47	56	0.895416
47	72	0.931806
47	80	0.824409
47	81	0.832733
47	95	2.97677
47	107	3.80167
47	113	0.837326
47	122	0.92015
47	137	0.792039
47	146	1.26776
47	151	0.847898
48	12	0.847926
48	24	0.824978
48	27	0.964978
48	33	0.820497
48	44	0.83188
48	64	0.959199
48	67	0.971599
48	70	0.917962
48	92	0.880549
48	99	1.28269
48	119	1.85618
48	159	0.806514
48	176	6.08259
48	178	0.827082
48	179	0.832677
49	4	0.954835
49	25	0.929169
49	34	0.916323
49	36	0.82151
49	47	0.901575
49	56	0.880614
49	72	0.917003
49	80	0.809606
49	81	0.817931
49	113	0.822524
49	120	2.2329
49	122	0.905348
49	151	0.833095
49	160	2.89648
49	166	2.59667
50	3	0.936502
50	11	0.939366
50	16	0.852141
50	18	0.916438
50	41	0.811227
50	42	0.81738
50	52	0.86356
50	57	0.868639
50	60	0.860346
50	68	0.848179
50	75	0.902121
50	84	0.875574
50	100	3.27314
50	151	1.24752
50	164	3.4182
51	15	0.87064
51	20	0.994438
51	29	0.947343
51	35	0.917094
51	58	0.914132
51	97	0.949173
51	106	1.65046
51	107	0.797852
51	110	2.04633
51	127	0.856923
51	150	0.892427
51	151	0.847467
51	169	7.46327
51	170	0.811869
52	3	0.936695
52	11	0.939559
52	16	0.852334
52	18	0.916631
52	21	0.820357
52	42	0.817573
52	50	0.86356
52	57	0.868832
52	60	0.860539
52	68	0.848372
52	75	0.902314
52	92	0.860928
52	104	1.25192
52	168	2.66325
52	174	3.90804
53	2	0.960017
53	8	0.821072
53	28	0.92487
53	30	0.908069
53	55	0.880867
53	59	0.863108
53	66	0.862811
53	83	0.898731
53	92	0.862639
53	93	3.92017
53	100	0.784292
53	106	1.27237
53	112	0.872023
53	150	0.868257
53	177	2.19309
54	1	0.892734
54	12	0.873413
54	24	0.850465
54	33	0.845983
54	44	0.857367
54	64	0.984686
54	67	0.997086
54	70	0.943448
54	154	1.72303
54	159	0.832001
54	174	2.47665
54	176	4.36992
54	178	0.852569
54	179	0.858164
55	2	0.973708
55	8	0.834763
55	10	0.752888
55	28	0.938561
55	30	0.921761
55	53	0.880867
55	59	0.876799
55	66	0.876503
55	92	0.87633
55	99	1.95667
55	100	0.797983
55	112	0.885715
55	150	0.881949
55	162	3.02895
55	178	3.15491
56	4	0.948676
56	25	0.92301
56	34	0.910165
56	36	0.815351
56	47	0.895416
56	49	0.880614
56	72	0.910845
56	83	0.902371
56	95	3.32323
56	113	0.816366
56	122	0.899189
56	125	1.11441
56	137	0.771078
56	151	0.826937
56	157	3.57031
57	3	0.941774
57	11	0.944638
57	16	0.857413
57	18	0.92171
57	21	0.825436
57	41	0.816499
57	42	0.822652
57	50	0.868639
57	52	0.868832
57	60	0.865618
57	68	0.853451
57	75	0.907393
57	113	2.95744
57	116	2.44558
57	123	1.70119
58	15	0.869257
58	20	0.993055
58	29	0.94596
58	35	0.915711
58	51	0.914132
58	97	0.94779
58	107	0.79647
58	114	1.19366
58	127	0.85554
58	141	4.00535
58	150	0.891044
58	151	0.846084
58	170	0.810487
58	177	2.30756
59	2	0.955949
59	8	0.817004
59	10	0.735129
59	28	0.920802
59	30	0.904001
59	53	0.863108
59	55	0.876799
59	66	0.858744
59	83	0.894663
59	92	0.858571
59	100	0.780224
59	112	0.867955
59	116	1.48742
59	122	0.927617
59	150	0.86419
59	174	5.22237
60	3	0.933481
60	11	0.936345
60	16	0.84912
60	18	0.913417
60	21	0.817143
60	41	0.808206
60	42	0.814359
60	50	0.860346
60	52	0.860539
60	57	0.865618
60	68	0.845158
60	75	0.8991
60	80	0.794883
60	102	0.934047
60	172	3.78659
60	179	3.28156
61	105	0.817674
61	115	0.890491
61	118	0.833882
61	121	0.864354
61	124	0.890815
61	130	0.845783
61	131	0.848083
61	133	0.879217
61	135	0.868983
61	136	0.865219
61	139	0.86533
61	142	1.78008
61	144	0.879036
61	147	0.87426
61	155	3.7089
61	163	2.75333
62	12	2.49132
62	92	1.18337
62	138	0.836794
62	146	0.864145
62	155	0.809376
62	158	0.784667
62	163	0.835408
62	165	0.789345
62	167	0.791557
62	168	0.800844
62	169	0.758953
62	173	0.770652
62	174	0.781208
62	175	0.745676
62	177	0.835499
62	180	0.77882
63	33	1.69385
63	83	1.4308
63	129	0.910564
63	146	0.862387
63	154	0.864021
63	160	0.805598
63	161	0.794954
63	162	0.82176
63	164	0.788505
63	169	0.757195
63	172	0.807751
63	173	0.768894
63	174	0.77945
63	175	0.743919
63	180	0.777062
64	1	0.923451
64	13	1.03794
64	22	0.81295
64	24	0.881182
64	33	0.8767
64	44	0.888083
64	48	0.959199
64	54	0.984686
64	67	1.0278
64	69	0.487046
64	70	0.974165
64	114	1.04465
64	159	0.862717
64	178	0.883286
64	179	0.888881
64	180	5.85811
65	19	1.98128
65	43	1.34678
65	68	0.617296
65	98	0.958492
65	153	0.843093
65	154	0.914383
65	155	0.857981
65	156	0.858095
65	158	0.833272
65	162	0.872123
65	165	0.837949
65	167	0.840162
65	172	0.858114
65	175	0.794281
65	177	0.884104
65	180	0.827424
66	2	0.955653
66	8	0.816708
66	10	0.734833
66	28	0.920506
66	30	0.903705
66	53	0.862811
66	55	0.876503
66	59	0.858744
66	83	0.894367
66	92	0.858275
66	100	0.779928
66	112	0.867659
66	125	1.3163
66	150	0.863894
66	160	3.11237
66	171	3.53268
67	1	0.935851
67	12	0.916529
67	24	0.893582
67	33	0.8891
67	44	0.900483
67	48	0.971599
67	54	0.997086
67	64	1.0278
67	70	0.986565
67	108	1.55721
67	125	1.4989
67	127	3.49267
67	149	3.13558
67	159	0.875117
67	178	0.895686
67	179	0.901281
68	3	0.921314
68	11	0.924178
68	16	0.836953
68	18	0.90125
68	21	0.804976
68	41	0.796039
68	42	0.802192
68	50	0.848179
68	52	0.848372
68	57	0.853451
68	60	0.845158
68	65	0.617296
68	75	0.886933
68	80	0.782716
68	92	0.845546
68	106	2.31519
68	166	4.10634
69	17	3.83982
69	40	0.773134
69	64	0.487046
69	99	0.935142
69	149	0.846304
69	153	0.837218
69	154	0.908509
69	155	0.852106
69	157	0.854265
69	161	0.839442
69	164	0.832993
69	169	0.801683
69	171	0.83642
69	172	0.85224
69	175	0.788407
69	177	0.878229
69	180	0.82155
70	12	0.862892
70	13	0.996703
70	24	0.839944
70	27	0.979944
70	33	0.835463
70	44	0.846846
70	48	0.917962
70	54	0.943448
70	64	0.974165
70	67	0.986565
70	92	0.895515
70	134	2.65757
70	146	1.59903
70	159	0.82148
70	170	3.495
70	177	1.72506
70	178	0.842049
70	179	0.847644
71	96	0.892616
71	97	1.29505
71	101	3.20764
71	109	0.916133
71	110	1.26235
71	115	0.948453
71	117	0.897437
71	124	0.948776
71	130	0.903745
71	133	0.937178
71	135	0.926945
71	136	0.92318
71	144	0.936998
71	147	0.932222
71	166	0.838076
71	170	0.825096
71	176	0.797269
71	177	3.16967
72	4	0.985066
72	25	0.9594
72	34	0.946554
72	36	0.851741
72	47	0.931806
72	49	0.917003
72	56	0.910845
72	80	0.839837
72	81	0.848162
72	83	0.938761
72	99	1.5049
72	113	0.852755
72	120	2.04657
72	122	0.935578
72	137	0.807468
72	151	0.863326
72	164	3.78442
72	178	2.70315
73	33	5.4
73	80	0.743741
73	151	0.76723
73	152	0.780048
73	157	0.754953
73	158	0.728085
73	160	0.750774
73	161	0.74013
73	162	0.766936
73	165	0.732763
73	167	0.734976
73	169	0.702371
73	171	0.737108
73	173	0.71407
73	174	0.724626
73	175	0.689095
73	177	0.778917
73	180	0.722238
74	78	0.204192
74	96	1.47695
74	143	0.884262
74	150	0.330389
74	157	0.852827
74	160	0.848648
74	161	0.838004
74	163	0.8767
74	164	0.831555
74	165	0.830637
74	168	0.842136
74	169	0.800245
74	172	0.850801
74	173	0.811944
74	174	0.8225
74	175	0.786968
74	177	0.876791
74	180	0.820112
75	3	0.975256
75	11	0.97812
75	16	0.890895
75	18	0.955192
75	21	0.858918
75	41	0.849981
75	42	0.856134
75	50	0.902121
75	52	0.902314
75	57	0.907393
75	60	0.8991
75	68	0.886933
75	80	0.836658
75	92	0.899488
75	153	2.97977
75	162	1.82712
75	177	1.75817
75	180	4.43428
76	17	0.809718
76	32	0.936991
76	40	0.951227
76	45	0.951227
76	78	0.976708
76	79	0.948023
76	85	0.937277
76	87	0.929102
76	88	0.986839
76	90	0.971821
76	91	0.971379
76	138	2.12369
76	156	1.8768
76	166	1.3836
76	179	0.879202
76	180	4.1576
77	37	1.68057
77	89	0.836383
77	105	2.81207
77	138	0.826248
77	155	0.79883
77	157	0.800989
77	158	0.774122
77	165	0.778799
77	167	0.781012
77	168	0.790298
77	169	0.748407
77	171	0.783144
77	172	0.798964
77	173	0.760106
77	174	0.770662
77	175	0.735131
77	177	0.824953
77	180	0.768274
78	17	0.790381
78	32	0.917654
78	40	0.93189
78	45	0.93189
78	74	0.204192
78	76	0.976708
78	79	0.928686
78	85	0.91794
78	87	0.909765
78	88	0.967503
78	90	0.952484
78	91	0.952042
78	103	1.58617
78	114	0.903894
78	140	1.37672
78	176	6.15457
78	179	0.859865
79	17	0.761696
79	22	1.25849
79	32	0.888969
79	40	0.903205
79	45	0.903205
79	76	0.948023
79	78	0.928686
79	84	0.893891
79	85	0.889255
79	87	0.88108
79	88	0.938817
79	90	0.923799
79	91	0.923357
79	103	1.20873
79	112	0.888436
79	113	0.829138
79	123	1.05151
79	153	4.84914
79	179	0.83118
80	18	0.850975
80	34	0.839157
80	42	0.751917
80	47	0.824409
80	49	0.809606
80	60	0.794883
80	68	0.782716
80	72	0.839837
80	73	0.743741
80	75	0.836658
80	89	0.779046
80	115	2.19571
80	145	0.757987
80	147	1.44226
80	151	0.755929
80	160	0.739473
80	171	0.725807
80	175	0.677794
80	177	0.767616
80	180	0.710937
81	20	2.55135
81	36	0.752668
81	47	0.832733
81	49	0.817931
81	72	0.848162
81	88	2.17861
81	111	0.819793
81	113	0.753683
81	120	0.799368
81	130	0.807306
81	144	0.840559
81	147	0.835783
81	151	0.764254
81	167	0.732
81	172	0.749951
81	175	0.686118
81	176	0.700831
81	177	0.775941
81	179	0.755725
81	180	0.719262
82	31	0.898848
82	94	0.871925
82	96	0.872953
82	97	1.7688
82	98	2.1417
82	105	0.855973
82	109	0.89647
82	110	1.73609
82	114	0.876529
82	118	0.872181
82	121	0.902653
82	130	0.884082
82	131	0.886382
82	135	0.907282
82	139	0.903629
82	144	0.917336
82	147	0.912559
82	151	3.71723
82	170	0.805433
82	176	0.777607
83	8	0.852627
83	9	0.852774
83	19	0.851459
83	36	0.843267
83	39	0.908558
83	53	0.898731
83	56	0.902371
83	59	0.894663
83	63	1.4308
83	66	0.894367
83	72	0.938761
83	102	1.49208
83	122	0.927105
83	137	0.798994
83	150	0.899813
83	151	0.854853
83	158	4.32885
83	159	0.82016
83	161	3.35111
83	178	0.840728
84	11	0.951573
84	21	0.832371
84	41	0.823434
84	50	0.875574
84	79	0.893891
84	85	0.883145
84	87	0.87497
84	90	0.917689
84	91	0.917247
84	92	0.872941
84	121	0.895223
84	130	0.876652
84	132	1.29136
84	138	3.49773
84	144	0.909905
84	147	0.905128
84	156	3.25083
84	176	0.770176
84	178	3.05044
84	179	0.82507
85	17	0.750951
85	32	0.878223
85	40	0.89246
85	45	0.89246
85	76	0.937277
85	78	0.91794
85	79	0.889255
85	84	0.883145
85	87	0.870335
85	88	0.928072
85	90	0.913054
85	91	0.912611
85	95	0.797303
85	104	2.94183
85	112	0.87769
85	114	0.864463
85	119	1.46022
85	129	1.85462
85	156	4.08996
85	179	0.820435
86	5	3.18621
86	44	3.11379
86	93	0.772126
86	100	0.757623
86	141	0.791967
86	152	0.809446
86	154	0.838594
86	155	0.782192
86	157	0.784351
86	161	0.769528
86	163	0.808224
86	164	0.763079
86	167	0.764374
86	169	0.731769
86	171	0.766506
86	173	0.743468
86	175	0.718493
86	176	0.733205
86	177	0.808315
86	178	0.782504
86	180	0.751636
87	17	0.742776
87	32	0.870048
87	40	0.884285
87	45	0.884285
87	76	0.929102
87	78	0.909765
87	79	0.88108
87	84	0.87497
87	85	0.870335
87	88	0.919897
87	90	0.904879
87	91	0.904436
87	95	0.789128
87	101	1.06098
87	112	0.869515
87	113	0.810218
87	114	0.856288
87	145	3.26786
87	159	2.89944
87	165	3.75328
87	179	0.81226
88	17	0.800513
88	32	0.927786
88	40	0.942022
88	45	0.942022
88	76	0.986839
88	78	0.967503
88	79	0.938817
88	81	2.17861
88	85	0.928072
88	87	0.919897
88	90	0.962616
88	91	0.962174
88	95	0.846865
88	112	0.927253
88	113	0.867955
88	114	0.914025
88	127	2.22649
88	138	2.46906
88	159	2.73498
88	163	1.36867
88	179	0.869997
89	3	3.07715
89	77	0.836383
89	80	0.779046
89	124	1.88315
89	141	0.797873
89	152	0.815353
89	158	0.76339
89	161	0.775434
89	164	0.768985
89	165	0.768067
89	168	0.779566
89	169	0.737675
89	171	0.772412
89	172	0.788231
89	173	0.749374
89	174	0.75993
89	175	0.724399
89	177	0.814221
89	178	0.78841
89	180	0.757542
90	17	0.785495
90	32	0.912767
90	40	0.927004
90	45	0.927004
90	76	0.971821
90	78	0.952484
90	79	0.923799
90	84	0.917689
90	85	0.913054
90	87	0.904879
90	88	0.962616
90	91	0.947155
90	95	0.831847
90	112	0.912234
90	113	0.852937
90	114	0.899007
90	132	1.29372
90	153	4.08709
90	154	1.16442
90	162	2.93444
90	172	3.30146
90	179	0.854979
91	17	0.785052
91	32	0.912325
91	40	0.926561
91	45	0.926561
91	76	0.971379
91	78	0.952042
91	79	0.923357
91	84	0.917247
91	85	0.912611
91	87	0.904436
91	88	0.962174
91	90	0.947155
91	95	0.831405
91	97	1.35069
91	107	3.69833
91	112	0.911792
91	113	0.852495
91	114	0.898565
91	132	0.760426
91	165	4.02071
91	170	3.06038
91	179	0.854536
92	8	0.816535
92	16	0.849509
92	27	0.942531
92	41	0.808595
92	48	0.880549
92	52	0.860928
92	53	0.862639
92	55	0.87633
92	59	0.858571
92	62	1.18337
92	66	0.858275
92	68	0.845546
92	70	0.895515
92	75	0.899488
92	84	0.872941
92	126	2.60085
92	150	0.863721
92	159	0.784067
92	162	2.88136
92	168	3.47092
92	178	0.804636
92	179	0.810231
93	4	2.67983
93	23	0.757313
93	38	0.823609
93	43	0.822239
93	53	3.92017
93	86	0.772126
93	94	0.785811
93	116	0.817885
93	131	0.800268
93	133	0.831402
93	137	0.699057
93	139	0.817515
93	141	0.750255
93	144	0.831221
93	147	0.826445
93	154	0.796882
93	166	0.732299
93	172	0.740613
93	174	0.712312
93	175	0.67678
93	176	0.691493
93	180	0.709924
94	82	0.871925
94	93	0.785811
94	105	0.825256
94	109	0.865753
94	113	1.97434
94	115	0.898073
94	117	0.847057
94	118	0.841463
94	121	0.871936
94	124	0.898397
94	130	0.853365
94	131	0.855665
94	133	0.886798
94	135	0.876565
94	136	0.8728
94	139	0.872912
94	142	1.86269
94	144	0.886618
94	147	0.881842
94	172	3.73009
94	176	0.746889
94	178	3.48905
95	47	2.97677
95	56	3.32323
95	85	0.797303
95	87	0.789128
95	88	0.846865
95	90	0.831847
95	91	0.831405
95	135	0.814009
95	136	0.810245
95	137	0.691899
95	139	0.810356
95	144	0.824063
95	147	0.819286
95	152	0.760575
95	156	0.733435
95	160	0.731301
95	164	0.714208
95	175	0.669622
95	177	0.759444
95	179	0.739228
95	180	0.702765
96	71	0.892616
96	74	1.47695
96	82	0.872953
96	100	0.772336
96	109	0.866781
96	111	0.86688
96	117	0.848085
96	118	0.842491
96	124	0.899425
96	130	0.854393
96	131	0.856693
96	133	0.887826
96	135	0.877593
96	136	0.873828
96	139	0.87394
96	140	2.64948
96	144	0.887646
96	147	0.88287
96	148	2.43268
96	163	3.17257
96	166	0.788724
96	170	0.775744
97	23	0.883521
97	35	0.950751
97	37	0.965032
97	38	0.949817
97	43	0.948447
97	51	0.949173
97	58	0.94779
97	71	1.29505
97	82	1.7688
97	91	1.35069
97	139	0.486477
97	144	0.014472
97	149	0.860885
97	150	0.926085
97	151	0.881124
97	163	0.89272
97	166	0.858507
97	170	0.845527
97	172	0.866821
97	175	0.802989
97	176	0.817701
97	177	0.892811
97	180	0.836132
98	16	1.90408
98	20	1.48709
98	65	0.958492
98	82	2.1417
98	99	0.934093
98	135	0.346904
98	143	0.884651
98	155	0.851058
98	158	0.826349
98	160	0.849038
98	161	0.838393
98	163	0.87709
98	164	0.831945
98	165	0.831026
98	167	0.833239
98	169	0.800635
98	171	0.835371
98	173	0.812333
98	174	0.822889
98	175	0.787358
98	176	0.80207
98	177	0.87718
98	180	0.820501
99	48	1.28269
99	55	1.95667
99	69	0.935142
99	72	1.5049
99	98	0.934093
99	132	0.975181
99	138	0.860999
99	143	0.867175
99	146	0.88835
99	147	0.852733
99	153	0.818694
99	157	0.83574
99	162	0.847724
99	165	0.81355
99	167	0.815763
99	168	0.825049
99	169	0.783159
99	171	0.817895
99	172	0.833715
99	174	0.805413
99	175	0.769882
99	177	0.859704
99	180	0.803025
100	30	0.825186
100	40	3.62686
100	50	3.27314
100	53	0.784292
100	55	0.797983
100	59	0.780224
100	66	0.779928
100	86	0.757623
100	96	0.772336
100	131	0.785765
100	134	0.738768
100	136	0.802901
100	139	0.803012
100	142	0.800719
100	144	0.816719
100	147	0.811942
100	150	0.785374
100	156	0.726092
100	169	0.675554
100	171	0.710291
100	173	0.687253
100	177	0.7521
100	180	0.695421
101	71	3.20764
101	87	1.06098
101	128	0.822823
101	141	0.8163
101	145	0.823018
101	148	0.882623
101	150	1.55386
101	154	0.862927
101	156	0.806639
101	159	0.786268
101	162	0.820667
101	163	0.832557
101	164	0.787412
101	167	0.788706
101	168	0.797993
101	169	0.756102
101	171	0.790839
101	172	0.806658
101	173	0.767801
101	174	0.778357
101	175	0.742825
101	177	0.832648
101	180	0.775969
102	1	1.47869
102	3	1.38948
102	7	1.6057
102	60	0.934047
102	83	1.49208
102	120	0.946149
102	140	0.946422
102	146	0.951368
102	153	0.881712
102	156	0.896714
102	157	0.898758
102	162	0.910742
102	164	0.877487
102	165	0.876568
102	168	0.888067
102	169	0.846177
102	171	0.880913
102	172	0.896733
102	173	0.857875
102	175	0.8329
102	177	0.922722
102	179	0.902506
102	180	0.866043
103	38	1.36136
103	78	1.58617
103	79	1.20873
103	131	0.656481
103	134	0.906117
103	139	0.910589
103	142	0.968068
103	146	0.948095
103	151	0.907763
103	153	0.878439
103	154	0.949729
103	156	0.893441
103	158	0.868618
103	160	0.891307
103	165	0.873295
103	167	0.875508
103	168	0.884794
103	169	0.842904
103	172	0.89346
103	173	0.854602
103	174	0.865158
103	177	0.919449
103	180	0.86277
104	6	0.91869
104	9	0.809921
104	19	0.808606
104	23	0.814396
104	37	0.895907
104	38	0.880693
104	39	0.865705
104	43	0.879323
104	52	1.25192
104	85	2.94183
104	147	1.10324
104	159	0.777307
104	166	0.789383
104	168	0.789032
104	169	0.747141
104	173	0.75884
104	174	0.769396
104	175	0.733864
104	176	0.748576
104	177	0.823687
104	178	0.797876
104	180	0.767007
105	61	0.817674
105	77	2.81207
105	82	0.855973
105	94	0.825256
105	109	0.849801
105	115	0.882121
105	117	0.831105
105	118	0.825512
105	121	0.855984
105	122	1.36087
105	124	0.882445
105	127	0.803818
105	130	0.837413
105	131	0.839713
105	133	0.870847
105	134	3.71651
105	135	0.860613
105	136	0.856849
105	139	0.85696
105	144	0.870667
105	147	0.86589
105	154	2.05124
105	166	0.771745
105	170	0.758764
106	10	0.769944
106	51	1.65046
106	53	1.27237
106	68	2.31519
106	109	1.14641
106	120	0.889158
106	128	0.855907
106	149	0.833805
106	154	0.896011
106	155	0.839608
106	158	0.814899
106	160	0.837588
106	161	0.826944
106	162	0.85375
106	163	0.865641
106	164	0.820495
106	167	0.82179
106	171	0.823922
106	172	0.839741
106	173	0.800884
106	175	0.775909
106	176	0.790621
106	177	0.865731
106	179	0.845515
106	180	0.809052
107	15	0.752977
107	22	0.777002
107	29	0.82968
107	35	0.799431
107	47	3.80167
107	51	0.797852
107	58	0.79647
107	91	3.69833
107	121	0.791427
107	124	0.817888
107	129	0.818314
107	133	0.80629
107	139	0.792403
107	144	0.806109
107	147	0.801333
107	150	0.774765
107	151	0.729804
107	163	0.7414
107	168	0.706836
107	170	0.694207
107	173	0.676644
107	174	0.6872
107	175	0.651668
107	177	0.741491
107	180	0.684812
108	7	1.7273
108	38	1.48518
108	67	1.55721
108	115	0.314521
108	124	0.317073
108	126	0.908696
108	149	0.878885
108	152	0.911942
108	155	0.884688
108	156	0.884802
108	159	0.864431
108	160	0.882668
108	161	0.872024
108	162	0.89883
108	165	0.864657
108	167	0.86687
108	168	0.876156
108	169	0.834265
108	171	0.869002
108	172	0.884821
108	173	0.845964
108	174	0.85652
108	175	0.820989
108	177	0.910811
108	180	0.854132
109	71	0.916133
109	82	0.89647
109	94	0.865753
109	96	0.866781
109	105	0.849801
109	106	1.14641
109	111	0.890397
109	114	0.870357
109	117	0.871602
109	121	0.896481
109	122	1.54492
109	124	0.922942
109	130	0.877911
109	131	0.88021
109	135	0.90111
109	136	0.897346
109	139	0.897457
109	144	0.911164
109	146	1.94111
109	147	0.906387
109	151	2.14096
109	166	0.812242
109	170	0.799261
109	176	0.771435
109	180	5.71155
110	23	1.04757
110	51	2.04633
110	71	1.26235
110	82	1.73609
110	125	0.988486
110	139	0.453772
110	146	0.931361
110	149	0.870789
110	152	0.903846
110	155	0.876592
110	158	0.851883
110	161	0.863928
110	162	0.890734
110	163	0.902624
110	165	0.856561
110	167	0.858774
110	168	0.86806
110	171	0.860906
110	172	0.876725
110	173	0.837868
110	174	0.848424
110	175	0.812893
110	176	0.827605
110	177	0.902715
110	180	0.846036
111	81	0.819793
111	96	0.86688
111	109	0.890397
111	115	0.922717
111	117	0.871701
111	118	0.866108
111	121	0.89658
111	124	0.923041
111	130	0.878009
111	131	0.880309
111	133	0.911443
111	135	0.901209
111	136	0.897445
111	139	0.897556
111	144	0.911263
111	147	0.906486
111	148	1.37012
111	150	0.879918
111	155	3.06558
111	163	2.11001
111	166	0.812341
111	168	3.22671
111	170	0.79936
111	171	3.19044
111	176	0.771534
112	6	0.934835
112	9	0.826066
112	19	0.824751
112	28	0.929717
112	30	0.912917
112	39	0.88185
112	53	0.872023
112	55	0.885715
112	59	0.867955
112	66	0.867659
112	79	0.888436
112	85	0.87769
112	87	0.869515
112	88	0.927253
112	90	0.912234
112	91	0.911792
112	126	3.31263
112	132	1.05903
112	142	2.09274
112	148	2.32611
112	150	0.873105
112	159	0.793452
112	160	3.72611
112	178	0.81402
112	179	0.819615
113	25	0.86492
113	34	0.852075
113	47	0.837326
113	49	0.822524
113	56	0.816366
113	57	2.95744
113	72	0.852755
113	79	0.829138
113	81	0.753683
113	87	0.810218
113	88	0.867955
113	90	0.852937
113	91	0.852495
113	94	1.97434
113	137	0.712989
113	143	0.788005
113	144	1.53761
113	155	0.754411
113	164	0.735298
113	171	0.738725
113	172	0.754544
113	174	0.726243
113	177	0.780534
113	179	0.760318
113	180	0.723855
114	19	2.71368
114	42	2.24802
114	58	1.19366
114	64	1.04465
114	78	0.903894
114	82	0.876529
114	85	0.864463
114	87	0.856288
114	88	0.914025
114	90	0.899007
114	91	0.898565
114	109	0.870357
114	131	0.860269
114	144	0.891223
114	147	0.886446
114	158	0.775772
114	162	0.814623
114	164	0.781368
114	168	0.791949
114	175	0.736782
114	176	0.751494
114	177	0.826604
114	179	0.806388
114	180	0.769925
115	31	0.924996
115	61	0.890491
115	71	0.948453
115	80	2.19571
115	94	0.898073
115	105	0.882121
115	108	0.314521
115	111	0.922717
115	117	0.903922
115	118	0.898329
115	121	0.928802
115	130	0.910231
115	131	0.91253
115	133	0.943664
115	135	0.93343
115	136	0.929666
115	139	0.929777
115	140	1.62823
115	143	1.95813
115	144	0.943484
115	147	0.938707
115	148	1.41143
115	150	0.912139
115	166	0.844562
115	174	4.51281
115	176	0.803755
116	57	2.44558
116	59	1.48742
116	93	0.817885
116	119	0.921972
116	125	0.939846
116	128	0.84425
116	130	0.571302
116	134	0.840742
116	143	0.861545
116	144	1.02576
116	153	0.813063
116	158	0.803243
116	160	0.825932
116	161	0.815287
116	163	0.853984
116	164	0.808838
116	165	0.80792
116	168	0.819419
116	169	0.777528
116	171	0.812265
116	172	0.828085
116	173	0.789227
116	174	0.799783
116	175	0.764252
116	177	0.854074
116	180	0.797395
117	71	0.897437
117	94	0.847057
117	96	0.848085
117	105	0.831105
117	109	0.871602
117	111	0.871701
117	115	0.903922
117	118	0.847312
117	121	0.877785
117	124	0.904245
117	127	0.825618
117	131	0.861514
117	133	0.892647
117	135	0.882414
117	136	0.878649
117	139	0.878761
117	144	0.892467
117	145	2.65053
117	146	2.24644
117	147	0.887691
117	150	0.861123
117	152	2.08883
117	166	0.793545
117	169	6.92755
117	170	0.780565
117	173	4.48641
117	176	0.752738
118	31	0.868386
118	61	0.833882
118	82	0.872181
118	94	0.841463
118	96	0.842491
118	105	0.825512
118	111	0.866108
118	115	0.898329
118	117	0.847312
118	121	0.872192
118	124	0.898652
118	127	0.820025
118	130	0.853621
118	131	0.85592
118	133	0.887054
118	135	0.876821
118	136	0.873056
118	139	0.873168
118	143	2.54258
118	144	0.886874
118	147	0.882097
118	148	1.99588
118	151	2.29947
118	166	0.787952
118	168	3.85246
118	170	0.774971
118	176	0.747145
118	179	3.12489
119	24	1.98731
119	48	1.85618
119	85	1.46022
119	116	0.921972
119	129	0.947513
119	133	0.949673
119	136	0.760116
119	140	0.89439
119	141	0.854342
119	142	0.919308
119	145	0.86106
119	154	0.900969
119	156	0.844681
119	157	0.846725
119	158	0.819858
119	162	0.858709
119	163	0.870599
119	164	0.825454
119	167	0.826748
119	168	0.836035
119	169	0.794144
119	171	0.82888
119	172	0.8447
119	173	0.805842
119	174	0.816399
119	175	0.780867
119	177	0.870689
119	180	0.81401
120	13	2.03826
120	26	2.38228
120	49	2.2329
120	72	2.04657
120	81	0.799368
120	102	0.946149
120	106	0.889158
120	129	0.903042
120	143	0.833689
120	148	0.876194
120	149	0.794293
120	152	0.82735
120	154	0.856498
120	156	0.80021
120	160	0.798076
120	162	0.814238
120	164	0.780983
120	165	0.780064
120	167	0.782277
120	168	0.791564
120	169	0.749673
120	171	0.784409
120	172	0.800229
120	173	0.761371
120	174	0.771927
120	175	0.736396
120	177	0.826218
120	178	0.800407
120	180	0.769539
121	61	0.864354
121	82	0.902653
121	84	0.895223
121	94	0.871936
121	105	0.855984
121	107	0.791427
121	109	0.896481
121	111	0.89658
121	115	0.928802
121	117	0.877785
121	118	0.872192
121	122	1.48369
121	124	0.929125
121	130	0.884094
121	131	0.886393
121	133	0.917527
121	135	0.907294
121	136	0.903529
121	139	0.90364
121	144	0.917347
121	147	0.91257
121	150	0.886002
121	152	1.63497
121	165	2.92317
121	170	0.805444
121	172	1.59717
121	173	5.82825
121	176	0.777618
121	180	3.83732
122	5	0.908424
122	23	0.854067
122	25	0.947744
122	26	1.00559
122	36	0.840085
122	37	0.935578
122	38	0.920364
122	43	0.918994
122	47	0.92015
122	49	0.905348
122	56	0.899189
122	59	0.927617
122	72	0.935578
122	83	0.927105
122	105	1.36087
122	109	1.54492
122	121	1.48369
122	133	0.792659
122	139	0.937954
122	151	0.85167
122	163	0.863267
122	166	0.829054
122	169	0.786811
122	171	0.821548
122	172	0.837367
122	173	0.79851
122	174	0.809066
122	176	0.788247
122	177	0.863357
122	180	0.806678
123	43	2.35768
123	45	1.39263
123	57	1.70119
123	79	1.05151
123	129	0.969291
123	135	0.240894
123	142	0.941087
123	145	0.882839
123	147	0.232864
123	149	0.860543
123	151	0.880781
123	153	0.851457
123	154	0.922748
123	156	0.86646
123	157	0.868504
123	161	0.853681
123	162	0.880487
123	163	0.892378
123	164	0.847232
123	165	0.846314
123	167	0.848527
123	168	0.857813
123	169	0.815922
123	171	0.850659
123	172	0.866478
123	173	0.827621
123	174	0.838177
123	175	0.802646
123	177	0.892468
123	178	0.866657
123	180	0.835789
124	31	0.925319
124	46	0.506525
124	61	0.890815
124	71	0.948776
124	89	1.88315
124	94	0.898397
124	96	0.899425
124	105	0.882445
124	107	0.817888
124	108	0.317073
124	109	0.922942
124	111	0.923041
124	117	0.904245
124	118	0.898652
124	121	0.929125
124	130	0.910554
124	131	0.912853
124	133	0.943987
124	135	0.933754
124	136	0.929989
124	139	0.930101
124	144	0.943807
124	147	0.939031
124	150	0.912462
124	152	3.08583
124	156	3.00737
124	157	3.47382
124	166	0.844885
124	170	0.831905
124	176	0.804078
124	177	1.64376
125	2	1.7786
125	11	1.34878
125	56	1.11441
125	66	1.3163
125	67	1.4989
125	110	0.988486
125	116	0.939846
125	135	1.22278
125	143	0.896034
125	148	0.938539
125	149	0.856638
125	152	0.889695
125	153	0.847552
125	156	0.862555
125	157	0.864599
125	158	0.837732
125	160	0.860421
125	161	0.849776
125	162	0.876583
125	163	0.888473
125	164	0.843327
125	165	0.842409
125	167	0.844622
125	168	0.853908
125	171	0.846754
125	172	0.862573
125	173	0.823716
125	174	0.834272
125	175	0.798741
125	177	0.888563
125	180	0.831884
126	92	2.60085
126	108	0.908696
126	112	3.31263
126	128	0.790852
126	131	1.90088
126	143	0.808148
126	148	0.850652
126	152	0.801808
126	154	0.830956
126	155	0.774554
126	156	0.774668
126	157	0.776713
126	158	0.749845
126	160	0.772534
126	161	0.76189
126	162	0.788696
126	164	0.755441
126	165	0.754523
126	166	0.766373
126	167	0.756735
126	168	0.766022
126	169	0.724131
126	171	0.758867
126	172	0.774687
126	173	0.73583
126	174	0.746386
126	175	0.710854
126	177	0.800677
126	179	0.780461
126	180	0.743998
127	4	2.3207
127	15	0.812048
127	18	1.56014
127	29	0.888751
127	35	0.858501
127	51	0.856923
127	58	0.85554
127	67	3.49267
127	88	2.22649
127	105	0.803818
127	117	0.825618
127	118	0.820025
127	134	0.787229
127	135	0.855127
127	136	0.851362
127	139	0.851474
127	147	0.860403
127	149	0.768636
127	150	0.833835
127	151	0.788875
127	156	0.774553
127	158	0.74973
127	160	0.772419
127	161	0.761774
127	167	0.75662
127	168	0.765906
127	170	0.753277
127	173	0.735714
127	175	0.710739
127	176	0.725451
127	177	0.800561
127	180	0.743882
128	5	2.87816
128	30	1.89951
128	45	4.22233
128	101	0.822823
128	106	0.855907
128	116	0.84425
128	126	0.790852
128	138	0.794262
128	140	0.816667
128	142	0.841586
128	148	0.842943
128	149	0.761042
128	153	0.751957
128	154	0.823247
128	155	0.766845
128	157	0.769003
128	158	0.742136
128	161	0.75418
128	162	0.780987
128	163	0.792877
128	165	0.746813
128	167	0.749026
128	169	0.716422
128	171	0.751158
128	172	0.766978
128	173	0.72812
128	174	0.738676
128	175	0.703145
128	177	0.792967
128	180	0.736288
129	2	1.53271
129	3	1.96603
129	32	1.20593
129	63	0.910564
129	85	1.85462
129	107	0.818314
129	119	0.947513
129	120	0.903042
129	123	0.969291
129	138	0.88091
129	142	0.928234
129	146	0.908261
129	147	0.0160266
129	150	0.644161
129	153	0.838604
129	155	0.853492
129	156	0.853606
129	158	0.828783
129	161	0.840828
129	163	0.879524
129	164	0.834379
129	165	0.833461
129	167	0.835674
129	168	0.84496
129	169	0.803069
129	171	0.837806
129	172	0.853625
129	174	0.825324
129	175	0.789793
129	177	0.879615
129	178	0.853804
129	180	0.822936
130	61	0.845783
130	71	0.903745
130	81	0.807306
130	82	0.884082
130	84	0.876652
130	94	0.853365
130	96	0.854393
130	105	0.837413
130	109	0.877911
130	111	0.878009
130	115	0.910231
130	116	0.571302
130	118	0.853621
130	121	0.884094
130	124	0.910554
130	131	0.867822
130	133	0.898956
130	135	0.888723
130	136	0.884958
130	137	0.766612
130	139	0.885069
130	141	3.13243
130	144	0.898776
130	147	0.893999
130	150	0.867431
130	157	3.2647
130	163	1.94475
130	164	3.67914
130	166	0.799854
130	170	0.786873
130	172	2.83891
130	176	0.759047
131	61	0.848083
131	82	0.886382
131	93	0.800268
131	94	0.855665
131	96	0.856693
131	100	0.785765
131	103	0.656481
131	105	0.839713
131	109	0.88021
131	111	0.880309
131	114	0.860269
131	115	0.91253
131	117	0.861514
131	118	0.85592
131	121	0.886393
131	124	0.912853
131	126	1.90088
131	130	0.867822
131	133	0.901255
131	135	0.891022
131	136	0.887257
131	139	0.887369
131	144	0.901075
131	147	0.896299
131	150	0.869731
131	155	2.60982
131	161	3.73347
131	166	0.802153
131	167	4.39132
131	170	0.789173
131	176	0.761346
131	178	2.30736
132	6	1.35492
132	43	2.46855
132	84	1.29136
132	90	1.29372
132	91	0.760426
132	99	0.975181
132	112	1.05903
132	135	0.351768
132	138	0.919563
132	140	0.941968
132	142	0.966887
132	145	0.908639
132	148	0.968244
132	155	0.892145
132	156	0.89226
132	158	0.867436
132	160	0.890125
132	161	0.879481
132	162	0.906287
132	163	0.918178
132	164	0.873032
132	165	0.872114
132	166	0.883965
132	168	0.883613
132	169	0.841722
132	171	0.876459
132	172	0.892278
132	173	0.853421
132	174	0.863977
132	175	0.828446
132	177	0.918268
132	180	0.861589
133	31	0.913721
133	61	0.879217
133	71	0.937178
133	93	0.831402
133	94	0.886798
133	96	0.887826
133	105	0.870847
133	107	0.80629
133	111	0.911443
133	115	0.943664
133	117	0.892647
133	118	0.887054
133	119	0.949673
133	121	0.917527
133	122	0.792659
133	124	0.943987
133	130	0.898956
133	131	0.901255
133	135	0.922156
133	136	0.918391
133	137	0.800045
133	139	0.918503
133	143	2.53273
133	144	0.932209
133	147	0.927433
133	149	3.22665
133	150	0.900864
133	154	1.48303
133	166	0.833287
133	168	3.84262
133	170	0.820307
133	176	0.79248
133	177	2.2158
134	70	2.65757
134	100	0.738768
134	103	0.906117
134	105	3.71651
134	116	0.840742
134	127	0.787229
134	138	0.790755
134	140	0.813159
134	141	0.773112
134	143	0.79693
134	145	0.77983
134	148	0.839435
134	149	0.757534
134	150	2.44839
134	152	0.790591
134	153	0.748449
134	157	0.765495
134	158	0.738628
134	160	0.761317
134	161	0.750672
134	162	0.777479
134	163	0.789369
134	164	0.744224
134	167	0.745518
134	169	0.712914
134	170	0.742175
134	171	0.74765
134	173	0.724612
134	174	0.735168
134	175	0.699637
134	177	0.789459
134	178	0.763648
134	180	0.73278
135	61	0.868983
135	71	0.926945
135	82	0.907282
135	94	0.876565
135	95	0.814009
135	96	0.877593
135	98	0.346904
135	105	0.860613
135	109	0.90111
135	111	0.901209
135	115	0.93343
135	117	0.882414
135	118	0.876821
135	121	0.907294
135	123	0.240894
135	124	0.933754
135	125	1.22278
135	127	0.855127
135	130	0.888723
135	131	0.891022
135	132	0.351768
135	133	0.922156
135	136	0.908158
135	137	0.789812
135	139	0.908269
135	144	0.921976
135	147	0.917199
135	150	0.890631
135	158	5.4157
135	162	2.88587
135	166	0.823054
135	170	0.810073
135	171	3.43916
135	176	0.782247
136	31	0.899723
136	61	0.865219
136	71	0.92318
136	94	0.8728
136	95	0.810245
136	96	0.873828
136	100	0.802901
136	105	0.856849
136	109	0.897346
136	111	0.897445
136	115	0.929666
136	117	0.878649
136	118	0.873056
136	119	0.760116
136	121	0.903529
136	124	0.929989
136	127	0.851362
136	130	0.884958
136	131	0.887257
136	133	0.918391
136	135	0.908158
136	137	0.786047
136	139	0.904505
136	144	0.918211
136	145	2.4173
136	147	0.913435
136	150	0.886866
136	155	1.63814
136	158	1.80693
136	162	1.51592
136	163	2.53636
136	166	0.819289
136	170	0.806309
136	175	10.8559
136	176	0.778482
137	4	0.845299
137	25	0.819633
137	28	5.57229
137	34	0.806788
137	35	4.62771
137	36	0.711974
137	47	0.792039
137	56	0.771078
137	72	0.807468
137	83	0.798994
137	93	0.699057
137	95	0.691899
137	113	0.712989
137	130	0.766612
137	133	0.800045
137	135	0.789812
137	136	0.786047
137	139	0.786159
137	143	0.742717
137	144	0.799865
137	147	0.795088
137	151	0.72356
137	156	0.709238
137	162	0.723266
137	163	0.735156
137	167	0.691305
137	168	0.700591
137	169	0.658701
137	172	0.709257
137	173	0.670399
137	175	0.645424
137	176	0.660136
137	177	0.735246
137	180	0.678567
138	27	2.40952
138	62	0.836794
138	76	2.12369
138	77	0.826248
138	84	3.49773
138	88	2.46906
138	99	0.860999
138	128	0.794262
138	129	0.88091
138	132	0.919563
138	134	0.790755
138	140	0.827787
138	141	0.787739
138	146	0.832733
138	149	0.772161
138	151	0.7924
138	152	0.805218
138	157	0.780123
138	158	0.753255
138	159	0.757707
138	160	0.775944
138	161	0.7653
138	162	0.792106
138	163	0.803996
138	164	0.758851
138	167	0.760146
138	168	0.769432
138	169	0.727541
138	171	0.762278
138	172	0.778097
138	173	0.73924
138	174	0.749796
138	175	0.714265
138	177	0.804087
138	180	0.747408
139	31	0.899835
139	61	0.86533
139	82	0.903629
139	93	0.817515
139	94	0.872912
139	95	0.810356
139	96	0.87394
139	97	0.486477
139	100	0.803012
139	103	0.910589
139	105	0.85696
139	107	0.792403
139	109	0.897457
139	110	0.453772
139	111	0.897556
139	115	0.929777
139	117	0.878761
139	118	0.873168
139	121	0.90364
139	122	0.937954
139	124	0.930101
139	127	0.851474
139	130	0.885069
139	131	0.887369
139	133	0.918503
139	135	0.908269
139	136	0.904505
139	137	0.786159
139	144	0.918323
139	147	0.913546
139	161	4.95044
139	166	0.8194
139	170	0.80642
139	171	3.95164
139	176	0.778594
139	177	2.36109
140	12	3.13908
140	34	1.70649
140	46	0.936401
140	78	1.37672
140	96	2.64948
140	102	0.946422
140	115	1.62823
140	119	0.89439
140	128	0.816667
140	132	0.941968
140	134	0.813159
140	138	0.827787
140	142	0.875111
140	148	0.876467
140	149	0.794566
140	151	0.814805
140	155	0.800369
140	157	0.802528
140	158	0.77566
140	159	0.780112
140	161	0.787705
140	162	0.814511
140	163	0.826401
140	164	0.781256
140	165	0.780338
140	168	0.791837
140	169	0.749946
140	170	0.779208
140	171	0.784682
140	172	0.800502
140	173	0.761645
140	174	0.772201
140	175	0.736669
140	177	0.826492
140	180	0.769813
141	8	3.36222
141	58	4.00535
141	86	0.791967
141	89	0.797873
141	93	0.750255
141	101	0.8163
141	119	0.854342
141	130	3.13243
141	134	0.773112
141	138	0.787739
141	145	0.776815
141	146	0.81509
141	148	0.836419
141	153	0.745433
141	154	0.816723
141	155	0.760321
141	157	0.76248
141	159	0.740064
141	160	0.758301
141	161	0.747657
141	162	0.774463
141	163	0.786353
141	165	0.74029
141	167	0.742503
141	168	0.751789
141	169	0.709898
141	170	0.73916
141	171	0.744635
141	172	0.760454
141	173	0.721597
141	174	0.732153
141	175	0.696622
141	176	0.711334
141	177	0.786444
141	180	0.729765
142	6	1.64887
142	14	1.3577
142	61	1.78008
142	94	1.86269
142	100	0.800719
142	103	0.968068
142	112	2.09274
142	119	0.919308
142	123	0.941087
142	128	0.841586
142	129	0.928234
142	132	0.966887
142	140	0.875111
142	145	0.841781
142	147	0.424623
142	148	0.901386
142	149	0.819485
142	150	1.05276
142	152	0.852542
142	153	0.8104
142	154	0.88169
142	155	0.825288
142	156	0.825402
142	157	0.827446
142	158	0.800579
142	160	0.823268
142	162	0.83943
142	163	0.85132
142	164	0.806175
142	165	0.805256
142	167	0.807469
142	168	0.816756
142	169	0.774865
142	170	0.804127
142	171	0.809601
142	172	0.825421
142	173	0.786563
142	174	0.79712
142	175	0.761588
142	176	0.7763
142	177	0.85141
142	180	0.794731
143	9	2.97502
143	11	2.29154
143	46	0.920172
143	74	0.884262
143	98	0.884651
143	99	0.867175
143	113	0.788005
143	115	1.95813
143	116	0.861545
143	118	2.54258
143	120	0.833689
143	125	0.896034
143	126	0.808148
143	133	2.53273
143	134	0.79693
143	137	0.742717
143	145	0.800633
143	149	0.778337
143	152	0.811394
143	153	0.769252
143	154	0.840542
143	155	0.78414
143	156	0.784254
143	159	0.763883
143	161	0.771475
143	162	0.798282
143	163	0.810172
143	164	0.765027
143	165	0.764108
143	167	0.766321
143	168	0.775608
143	169	0.733717
143	171	0.768453
143	172	0.784273
143	173	0.745416
143	174	0.755972
143	175	0.72044
143	176	0.735152
143	177	0.810262
143	178	0.784451
143	180	0.753583
144	22	0.902922
144	31	0.913541
144	46	0.75186
144	61	0.879036
144	71	0.936998
144	81	0.840559
144	82	0.917336
144	84	0.909905
144	93	0.831221
144	94	0.886618
144	95	0.824063
144	96	0.887646
144	97	0.014472
144	100	0.816719
144	105	0.870667
144	107	0.806109
144	109	0.911164
144	111	0.911263
144	113	1.53761
144	114	0.891223
144	115	0.943484
144	116	1.02576
144	117	0.892467
144	118	0.886874
144	121	0.917347
144	124	0.943807
144	130	0.898776
144	131	0.901075
144	133	0.932209
144	135	0.921976
144	136	0.918211
144	137	0.799865
144	139	0.918323
144	147	0.927252
144	149	2.89994
144	150	0.900684
144	151	1.96291
144	159	3.76552
144	162	2.92635
144	166	0.833107
144	170	0.820126
144	171	3.47964
144	176	0.7923
145	10	0.697376
145	34	3.96431
145	80	0.757987
145	87	3.26786
145	101	0.823018
145	117	2.65053
145	119	0.86106
145	123	0.882839
145	132	0.908639
145	134	0.77983
145	136	2.4173
145	141	0.776815
145	142	0.841781
145	143	0.800633
145	148	0.843138
145	152	0.794294
145	153	0.752152
145	154	0.823442
145	155	0.76704
145	158	0.742331
145	159	0.746783
145	160	0.76502
145	161	0.754375
145	162	0.781182
145	163	0.793072
145	164	0.747927
145	166	0.758859
145	167	0.749221
145	168	0.758507
145	169	0.716617
145	170	0.745878
145	171	0.751353
145	172	0.767173
145	173	0.728315
145	174	0.738871
145	175	0.70334
145	176	0.718052
145	177	0.793162
145	178	0.767351
145	179	0.772946
145	180	0.736483
146	15	2.72201
146	21	2.52366
146	47	1.26776
146	62	0.864145
146	63	0.862387
146	70	1.59903
146	99	0.88835
146	102	0.951368
146	103	0.948095
146	109	1.94111
146	110	0.931361
146	117	2.24644
146	129	0.908261
146	138	0.832733
146	141	0.81509
146	149	0.799512
146	153	0.790427
146	154	0.861717
146	156	0.805429
146	157	0.807474
146	158	0.780606
146	159	0.785058
146	160	0.803295
146	161	0.792651
146	162	0.819457
146	163	0.831347
146	164	0.786202
146	165	0.785284
146	167	0.787496
146	168	0.796783
146	169	0.754892
146	171	0.789628
146	172	0.805448
146	173	0.766591
146	174	0.777147
146	175	0.741615
146	176	0.756327
146	177	0.831438
146	178	0.805627
146	179	0.811222
146	180	0.774759
147	22	0.898145
147	31	0.908765
147	61	0.87426
147	71	0.932222
147	80	1.44226
147	81	0.835783
147	82	0.912559
147	84	0.905128
147	93	0.826445
147	94	0.881842
147	95	0.819286
147	96	0.88287
147	99	0.852733
147	100	0.811942
147	104	1.10324
147	105	0.86589
147	107	0.801333
147	109	0.906387
147	111	0.906486
147	114	0.886446
147	115	0.938707
147	117	0.887691
147	118	0.882097
147	121	0.91257
147	123	0.232864
147	124	0.939031
147	127	0.860403
147	129	0.0160266
147	130	0.893999
147	131	0.896299
147	133	0.927433
147	135	0.917199
147	136	0.913435
147	137	0.795088
147	139	0.913546
147	142	0.424623
147	144	0.927252
147	150	0.895908
147	157	2.71782
147	166	0.82833
147	167	4.13494
147	170	0.81535
147	173	6.52311
147	176	0.787523
148	25	1.48165
148	29	1.88212
148	96	2.43268
148	101	0.882623
148	111	1.37012
148	112	2.32611
148	115	1.41143
148	118	1.99588
148	120	0.876194
148	125	0.938539
148	126	0.850652
148	128	0.842943
148	132	0.968244
148	134	0.839435
148	140	0.876467
148	141	0.836419
148	142	0.901386
148	145	0.843138
148	153	0.811757
148	154	0.883047
148	155	0.826644
148	156	0.826759
148	157	0.828803
148	158	0.801936
148	160	0.824625
148	161	0.81398
148	162	0.840787
148	163	0.852677
148	164	0.807531
148	165	0.806613
148	166	0.818464
148	167	0.808826
148	168	0.818112
148	169	0.776221
148	171	0.810958
148	172	0.826778
148	173	0.78792
148	174	0.798476
148	175	0.762945
148	176	0.777657
148	177	0.852767
148	179	0.832551
148	180	0.796088
149	1	3.93782
149	22	0.806377
149	67	3.13558
149	69	0.846304
149	97	0.860885
149	106	0.833805
149	108	0.878885
149	110	0.870789
149	120	0.794293
149	123	0.860543
149	125	0.856638
149	127	0.768636
149	128	0.761042
149	133	3.22665
149	134	0.757534
149	138	0.772161
149	140	0.794566
149	142	0.819485
149	143	0.778337
149	144	2.89994
149	146	0.799512
149	152	0.771998
149	153	0.729855
149	154	0.801146
149	155	0.744743
149	156	0.744858
149	157	0.746902
149	158	0.720035
149	160	0.742723
149	162	0.758885
149	163	0.770776
149	164	0.72563
149	165	0.724712
149	167	0.726925
149	168	0.736211
149	169	0.69432
149	171	0.729057
149	173	0.706019
149	174	0.716575
149	175	0.681044
149	176	0.695756
149	177	0.770866
149	178	0.745055
149	180	0.714187
150	2	0.961099
150	8	0.822154
150	10	0.740279
150	15	0.847552
150	20	0.97135
150	28	0.925952
150	29	0.924255
150	30	0.909151
150	35	0.894006
150	51	0.892427
150	53	0.868257
150	55	0.881949
150	58	0.891044
150	59	0.86419
150	66	0.863894
150	74	0.330389
150	83	0.899813
150	92	0.863721
150	97	0.926085
150	100	0.785374
150	101	1.55386
150	107	0.774765
150	111	0.879918
150	112	0.873105
150	115	0.912139
150	117	0.861123
150	121	0.886002
150	124	0.912462
150	127	0.833835
150	129	0.644161
150	130	0.867431
150	131	0.869731
150	133	0.900864
150	134	2.44839
150	135	0.890631
150	136	0.886866
150	142	1.05276
150	144	0.900684
150	147	0.895908
150	151	0.824379
150	159	3.39232
150	160	2.68612
150	170	0.788782
150	171	3.10644
150	178	2.67911
151	4	0.901158
151	9	2.73191
151	10	0.695318
151	15	0.802591
151	20	0.92639
151	25	0.875492
151	29	0.879294
151	34	0.862646
151	35	0.849045
151	36	0.767833
151	47	0.847898
151	49	0.833095
151	50	1.24752
151	51	0.847467
151	56	0.826937
151	58	0.846084
151	72	0.863326
151	73	0.76723
151	80	0.755929
151	81	0.764254
151	82	3.71723
151	83	0.854853
151	97	0.881124
151	103	0.907763
151	107	0.729804
151	109	2.14096
151	118	2.29947
151	122	0.85167
151	123	0.880781
151	127	0.788875
151	137	0.72356
151	138	0.7924
151	140	0.814805
151	144	1.96291
151	150	0.824379
151	157	0.767141
151	165	0.744951
151	167	0.747164
151	169	0.714559
151	170	0.743821
151	171	0.749296
151	172	0.765115
151	174	0.736814
151	175	0.701283
151	176	0.715995
151	177	0.791105
151	180	0.734426
152	11	3.41669
152	13	2.97368
152	73	0.780048
152	86	0.809446
152	89	0.815353
152	95	0.760575
152	108	0.911942
152	110	0.903846
152	117	2.08883
152	120	0.82735
152	121	1.63497
152	124	3.08583
152	125	0.889695
152	126	0.801808
152	134	0.790591
152	138	0.805218
152	142	0.852542
152	143	0.811394
152	145	0.794294
152	149	0.771998
152	153	0.762912
152	154	0.834203
152	155	0.7778
152	157	0.779959
152	158	0.753092
152	159	0.757544
152	160	0.77578
152	161	0.765136
152	162	0.791943
152	163	0.803833
152	164	0.758687
152	165	0.757769
152	166	0.76962
152	167	0.759982
152	168	0.769268
152	169	0.727377
152	171	0.762114
152	172	0.777933
152	173	0.739076
152	174	0.749632
152	175	0.714101
152	177	0.803923
152	179	0.783707
152	180	0.747244
153	39	2.184
153	46	0.87169
153	65	0.843093
153	69	0.837218
153	75	2.97977
153	79	4.84914
153	90	4.08709
153	99	0.818694
153	102	0.881712
153	103	0.878439
153	116	0.813063
153	123	0.851457
153	125	0.847552
153	128	0.751957
153	129	0.838604
153	134	0.748449
153	141	0.745433
153	142	0.8104
153	143	0.769252
153	145	0.752152
153	146	0.790427
153	148	0.811757
153	149	0.729855
153	152	0.762912
153	154	0.792061
153	155	0.735658
153	156	0.735772
153	158	0.710949
153	159	0.715401
153	160	0.733638
153	161	0.722994
153	162	0.7498
153	163	0.761691
153	164	0.716545
153	165	0.715627
153	167	0.71784
153	168	0.727126
153	169	0.685235
153	171	0.719972
153	172	0.735791
153	173	0.696934
153	174	0.70749
153	175	0.671959
153	177	0.761781
153	178	0.73597
153	179	0.741565
153	180	0.705102
154	7	2.32121
154	28	1.27966
154	36	2.17593
154	42	3.40148
154	54	1.72303
154	63	0.864021
154	65	0.914383
154	69	0.908509
154	86	0.838594
154	90	1.16442
154	93	0.796882
154	101	0.862927
154	103	0.949729
154	105	2.05124
154	106	0.896011
154	119	0.900969
154	120	0.856498
154	123	0.922748
154	126	0.830956
154	128	0.823247
154	133	1.48303
154	141	0.816723
154	142	0.88169
154	143	0.840542
154	145	0.823442
154	146	0.861717
154	148	0.883047
154	149	0.801146
154	152	0.834203
154	153	0.792061
154	155	0.806949
154	156	0.807063
154	157	0.809107
154	158	0.78224
154	160	0.804929
154	161	0.794284
154	162	0.821091
154	163	0.832981
154	164	0.787835
154	165	0.786917
154	167	0.78913
154	169	0.756525
154	171	0.791262
154	172	0.807082
154	173	0.768224
154	174	0.77878
154	175	0.743249
154	176	0.757961
154	177	0.833071
154	178	0.80726
154	179	0.812855
154	180	0.776392
155	22	0.81218
155	38	4.27755
155	61	3.7089
155	62	0.809376
155	65	0.857981
155	69	0.852106
155	77	0.79883
155	86	0.782192
155	98	0.851058
155	106	0.839608
155	108	0.884688
155	110	0.876592
155	111	3.06558
155	113	0.754411
155	126	0.774554
155	128	0.766845
155	129	0.853492
155	131	2.60982
155	132	0.892145
155	136	1.63814
155	140	0.800369
155	141	0.760321
155	142	0.825288
155	143	0.78414
155	145	0.76704
155	148	0.826644
155	149	0.744743
155	152	0.7778
155	153	0.735658
155	154	0.806949
155	156	0.75066
155	157	0.752705
155	158	0.725837
155	160	0.748526
155	161	0.737882
155	163	0.776579
155	164	0.731433
155	165	0.730515
155	167	0.732728
155	168	0.742014
155	169	0.700123
155	170	0.729385
155	171	0.73486
155	173	0.711822
155	174	0.722378
155	175	0.686847
155	176	0.701559
155	177	0.776669
155	178	0.750858
155	179	0.756453
155	180	0.71999
156	25	3.07504
156	65	0.858095
156	76	1.8768
156	84	3.25083
156	85	4.08996
156	95	0.733435
156	100	0.726092
156	101	0.806639
156	102	0.896714
156	103	0.893441
156	108	0.884802
156	119	0.844681
156	120	0.80021
156	123	0.86646
156	124	3.00737
156	125	0.862555
156	126	0.774668
156	127	0.774553
156	129	0.853606
156	132	0.89226
156	137	0.709238
156	142	0.825402
156	143	0.784254
156	146	0.805429
156	148	0.826759
156	149	0.744858
156	153	0.735772
156	154	0.807063
156	155	0.75066
156	157	0.752819
156	159	0.730404
156	160	0.748641
156	161	0.737996
156	162	0.764803
156	163	0.776693
156	164	0.731547
156	165	0.730629
156	167	0.732842
156	168	0.742128
156	169	0.700237
156	170	0.729499
156	171	0.734974
156	172	0.750793
156	173	0.711936
156	174	0.722492
156	175	0.686961
156	176	0.701673
156	177	0.776783
156	178	0.750972
156	179	0.756567
156	180	0.720104
157	32	2.87336
157	56	3.57031
157	69	0.854265
157	73	0.754953
157	74	0.852827
157	77	0.800989
157	86	0.784351
157	99	0.83574
157	102	0.898758
157	119	0.846725
157	123	0.868504
157	124	3.47382
157	125	0.864599
157	126	0.776713
157	128	0.769003
157	130	3.2647
157	134	0.765495
157	138	0.780123
157	140	0.802528
157	141	0.76248
157	142	0.827446
157	146	0.807474
157	147	2.71782
157	148	0.828803
157	149	0.746902
157	151	0.767141
157	152	0.779959
157	154	0.809107
157	155	0.752705
157	156	0.752819
157	158	0.727996
157	159	0.732448
157	160	0.750685
157	161	0.74004
157	162	0.766847
157	163	0.778737
157	164	0.733592
157	165	0.732673
157	166	0.744524
157	167	0.734886
157	168	0.744173
157	169	0.702282
157	170	0.731544
157	171	0.737018
157	172	0.752838
157	173	0.713981
157	174	0.724537
157	175	0.689005
157	176	0.703717
157	177	0.778827
157	178	0.753016
157	179	0.758612
157	180	0.722148
158	29	4.64851
158	62	0.784667
158	65	0.833272
158	73	0.728085
158	77	0.774122
158	83	4.32885
158	89	0.76339
158	98	0.826349
158	103	0.868618
158	106	0.814899
158	110	0.851883
158	114	0.775772
158	116	0.803243
158	119	0.819858
158	125	0.837732
158	126	0.749845
158	127	0.74973
158	128	0.742136
158	129	0.828783
158	132	0.867436
158	134	0.738628
158	135	5.4157
158	136	1.80693
158	138	0.753255
158	140	0.77566
158	142	0.800579
158	145	0.742331
158	146	0.780606
158	148	0.801936
158	149	0.720035
158	152	0.753092
158	153	0.710949
158	154	0.78224
158	155	0.725837
158	157	0.727996
158	160	0.723817
158	161	0.713173
158	162	0.739979
158	163	0.75187
158	164	0.706724
158	165	0.705806
158	166	0.717657
158	167	0.708019
158	168	0.717305
158	169	0.675414
158	170	0.704676
158	171	0.710151
158	172	0.72597
158	173	0.687113
158	174	0.697669
158	175	0.662138
158	177	0.75196
158	178	0.726149
158	180	0.695281
159	1	0.770766
159	6	0.851415
159	7	0.928083
159	9	0.742647
159	12	0.751444
159	13	0.885255
159	14	0.925316
159	19	0.741332
159	20	3.10773
159	22	0.791923
159	24	0.728497
159	27	0.868496
159	33	0.724015
159	39	0.798431
159	44	0.735398
159	48	0.806514
159	54	0.832001
159	64	0.862717
159	67	0.875117
159	70	0.82148
159	83	0.82016
159	87	2.89944
159	88	2.73498
159	92	0.784067
159	101	0.786268
159	104	0.777307
159	108	0.864431
159	112	0.793452
159	138	0.757707
159	140	0.780112
159	141	0.740064
159	143	0.763883
159	144	3.76552
159	145	0.746783
159	146	0.785058
159	150	3.39232
159	152	0.757544
159	153	0.715401
159	156	0.730404
159	157	0.732448
159	160	0.728269
159	161	0.717625
159	163	0.756322
159	164	0.711176
159	168	0.721757
159	169	0.679866
159	173	0.691565
159	174	0.702121
159	175	0.66659
159	177	0.756412
159	178	0.730601
159	179	0.736196
159	180	0.699733
160	36	4.07892
160	49	2.89648
160	63	0.805598
160	66	3.11237
160	73	0.750774
160	74	0.848648
160	80	0.739473
160	95	0.731301
160	98	0.849038
160	103	0.891307
160	106	0.837588
160	108	0.882668
160	112	3.72611
160	116	0.825932
160	120	0.798076
160	125	0.860421
160	126	0.772534
160	127	0.772419
160	132	0.890125
160	134	0.761317
160	138	0.775944
160	141	0.758301
160	142	0.823268
160	145	0.76502
160	146	0.803295
160	148	0.824625
160	149	0.742723
160	150	2.68612
160	152	0.77578
160	153	0.733638
160	154	0.804929
160	155	0.748526
160	156	0.748641
160	157	0.750685
160	158	0.723817
160	159	0.728269
160	161	0.735862
160	162	0.762668
160	163	0.774559
160	164	0.729413
160	165	0.728495
160	166	0.740346
160	167	0.730708
160	168	0.739994
160	169	0.698103
160	171	0.73284
160	172	0.748659
160	173	0.709802
160	174	0.720358
160	175	0.684827
160	176	0.699539
160	177	0.774649
160	178	0.748838
160	179	0.754433
160	180	0.71797
161	18	2.78154
161	39	2.58344
161	63	0.794954
161	69	0.839442
161	73	0.74013
161	74	0.838004
161	83	3.35111
161	86	0.769528
161	89	0.775434
161	98	0.838393
161	106	0.826944
161	108	0.872024
161	110	0.863928
161	116	0.815287
161	123	0.853681
161	125	0.849776
161	126	0.76189
161	127	0.761774
161	128	0.75418
161	129	0.840828
161	131	3.73347
161	132	0.879481
161	134	0.750672
161	138	0.7653
161	139	4.95044
161	140	0.787705
161	141	0.747657
161	143	0.771475
161	145	0.754375
161	146	0.792651
161	148	0.81398
161	152	0.765136
161	153	0.722994
161	154	0.794284
161	155	0.737882
161	156	0.737996
161	157	0.74004
161	158	0.713173
161	159	0.717625
161	160	0.735862
161	162	0.752024
161	163	0.763914
161	164	0.718769
161	165	0.71785
161	166	0.729701
161	167	0.720063
161	168	0.72935
161	169	0.687459
161	170	0.716721
161	171	0.722195
161	172	0.738015
161	173	0.699157
161	174	0.709713
161	175	0.674182
161	177	0.764004
161	178	0.738193
161	179	0.743788
161	180	0.707325
162	55	3.02895
162	63	0.82176
162	65	0.872123
162	73	0.766936
162	75	1.82712
162	90	2.93444
162	92	2.88136
162	99	0.847724
162	101	0.820667
162	102	0.910742
162	106	0.85375
162	108	0.89883
162	110	0.890734
162	114	0.814623
162	119	0.858709
162	120	0.814238
162	123	0.880487
162	125	0.876583
162	126	0.788696
162	128	0.780987
162	132	0.906287
162	134	0.777479
162	135	2.88587
162	136	1.51592
162	137	0.723266
162	138	0.792106
162	140	0.814511
162	141	0.774463
162	142	0.83943
162	143	0.798282
162	144	2.92635
162	145	0.781182
162	146	0.819457
162	148	0.840787
162	149	0.758885
162	152	0.791943
162	153	0.7498
162	154	0.821091
162	156	0.764803
162	157	0.766847
162	158	0.739979
162	160	0.762668
162	161	0.752024
162	163	0.790721
162	164	0.745575
162	165	0.744657
162	166	0.756508
162	167	0.74687
162	168	0.756156
162	169	0.714265
162	170	0.743527
162	171	0.749002
162	172	0.764821
162	173	0.725964
162	174	0.73652
162	175	0.700989
162	176	0.715701
162	177	0.790811
162	179	0.770595
162	180	0.734132
163	13	2.04172
163	45	2.67259
163	61	2.75333
163	62	0.835408
163	74	0.8767
163	86	0.808224
163	88	1.36867
163	96	3.17257
163	97	0.89272
163	98	0.87709
163	101	0.832557
163	106	0.865641
163	107	0.7414
163	110	0.902624
163	111	2.11001
163	116	0.853984
163	119	0.870599
163	122	0.863267
163	123	0.892378
163	125	0.888473
163	128	0.792877
163	129	0.879524
163	130	1.94475
163	132	0.918178
163	134	0.789369
163	136	2.53636
163	137	0.735156
163	138	0.803996
163	140	0.826401
163	141	0.786353
163	142	0.85132
163	143	0.810172
163	145	0.793072
163	146	0.831347
163	148	0.852677
163	149	0.770776
163	152	0.803833
163	153	0.761691
163	154	0.832981
163	155	0.776579
163	156	0.776693
163	157	0.778737
163	158	0.75187
163	159	0.756322
163	160	0.774559
163	161	0.763914
163	162	0.790721
163	164	0.757465
163	165	0.756547
163	166	0.768398
163	167	0.75876
163	168	0.768046
163	169	0.726156
163	170	0.755417
163	171	0.760892
163	172	0.776712
163	173	0.737854
163	174	0.74841
163	175	0.712879
163	177	0.802701
163	178	0.77689
163	180	0.746022
164	6	4.3565
164	31	3.06174
164	46	0.867465
164	50	3.4182
164	63	0.788505
164	69	0.832993
164	72	3.78442
164	74	0.831555
164	86	0.763079
164	89	0.768985
164	95	0.714208
164	98	0.831945
164	101	0.787412
164	102	0.877487
164	106	0.820495
164	113	0.735298
164	114	0.781368
164	116	0.808838
164	119	0.825454
164	120	0.780983
164	123	0.847232
164	125	0.843327
164	126	0.755441
164	129	0.834379
164	130	3.67914
164	132	0.873032
164	134	0.744224
164	138	0.758851
164	140	0.781256
164	142	0.806175
164	143	0.765027
164	145	0.747927
164	146	0.786202
164	148	0.807531
164	149	0.72563
164	152	0.758687
164	153	0.716545
164	154	0.787835
164	155	0.731433
164	156	0.731547
164	157	0.733592
164	158	0.706724
164	159	0.711176
164	160	0.729413
164	161	0.718769
164	162	0.745575
164	163	0.757465
164	165	0.711402
164	167	0.713615
164	168	0.722901
164	169	0.68101
164	171	0.715747
164	172	0.731566
164	173	0.692709
164	174	0.703265
164	175	0.667734
164	176	0.682446
164	177	0.757556
164	178	0.731745
164	179	0.73734
164	180	0.700877
165	27	3.52928
165	32	3.77356
165	62	0.789345
165	65	0.837949
165	73	0.732763
165	74	0.830637
165	77	0.778799
165	87	3.75328
165	89	0.768067
165	91	4.02071
165	98	0.831026
165	99	0.81355
165	102	0.876568
165	103	0.873295
165	108	0.864657
165	110	0.856561
165	116	0.80792
165	120	0.780064
165	121	2.92317
165	123	0.846314
165	125	0.842409
165	126	0.754523
165	128	0.746813
165	129	0.833461
165	132	0.872114
165	140	0.780338
165	141	0.74029
165	142	0.805256
165	143	0.764108
165	146	0.785284
165	148	0.806613
165	149	0.724712
165	151	0.744951
165	152	0.757769
165	153	0.715627
165	154	0.786917
165	155	0.730515
165	156	0.730629
165	157	0.732673
165	158	0.705806
165	160	0.728495
165	161	0.71785
165	162	0.744657
165	163	0.756547
165	164	0.711402
165	166	0.722334
165	167	0.712696
165	168	0.721983
165	169	0.680092
165	170	0.709354
165	171	0.714828
165	172	0.730648
165	173	0.69179
165	174	0.702346
165	175	0.666815
165	176	0.681527
165	177	0.756637
165	178	0.730826
165	179	0.736421
165	180	0.699958
166	5	0.813555
166	21	3.52011
166	23	0.759198
166	24	4.12385
166	26	0.910726
166	27	1.66943
166	37	0.840709
166	38	0.825495
166	43	0.824125
166	49	2.59667
166	68	4.10634
166	71	0.838076
166	76	1.3836
166	93	0.732299
166	96	0.788724
166	97	0.858507
166	104	0.789383
166	105	0.771745
166	109	0.812242
166	111	0.812341
166	115	0.844562
166	117	0.793545
166	118	0.787952
166	122	0.829054
166	124	0.844885
166	126	0.766373
166	130	0.799854
166	131	0.802153
166	132	0.883965
166	133	0.833287
166	135	0.823054
166	136	0.819289
166	139	0.8194
166	144	0.833107
166	145	0.758859
166	147	0.82833
166	148	0.818464
166	152	0.76962
166	157	0.744524
166	158	0.717657
166	160	0.740346
166	161	0.729701
166	162	0.756508
166	163	0.768398
166	165	0.722334
166	167	0.724547
166	168	0.733833
166	169	0.691942
166	170	0.721204
166	171	0.726679
166	172	0.742499
166	173	0.703641
166	174	0.714197
166	175	0.678666
166	176	0.693378
166	177	0.768488
166	179	0.748272
166	180	0.711809
167	18	3.43939
167	39	3.24128
167	44	3.99307
167	62	0.791557
167	65	0.840162
167	73	0.734976
167	77	0.781012
167	81	0.732
167	86	0.764374
167	98	0.833239
167	99	0.815763
167	101	0.788706
167	103	0.875508
167	106	0.82179
167	108	0.86687
167	110	0.858774
167	119	0.826748
167	120	0.782277
167	123	0.848527
167	125	0.844622
167	126	0.756735
167	127	0.75662
167	128	0.749026
167	129	0.835674
167	131	4.39132
167	134	0.745518
167	137	0.691305
167	138	0.760146
167	141	0.742503
167	142	0.807469
167	143	0.766321
167	145	0.749221
167	146	0.787496
167	147	4.13494
167	148	0.808826
167	149	0.726925
167	151	0.747164
167	152	0.759982
167	153	0.71784
167	154	0.78913
167	155	0.732728
167	156	0.732842
167	157	0.734886
167	158	0.708019
167	160	0.730708
167	161	0.720063
167	162	0.74687
167	163	0.75876
167	164	0.713615
167	165	0.712696
167	166	0.724547
167	168	0.724195
167	169	0.682305
167	170	0.711566
167	171	0.717041
167	172	0.732861
167	173	0.694003
167	174	0.704559
167	175	0.669028
167	176	0.68374
167	177	0.75885
167	178	0.733039
167	179	0.738634
167	180	0.702171
168	31	2.44405
168	52	2.66325
168	62	0.800844
168	74	0.842136
168	77	0.790298
168	89	0.779566
168	92	3.47092
168	99	0.825049
168	101	0.797993
168	102	0.888067
168	103	0.884794
168	104	0.789032
168	107	0.706836
168	108	0.876156
168	110	0.86806
168	111	3.22671
168	114	0.791949
168	116	0.819419
168	118	3.85246
168	119	0.836035
168	120	0.791564
168	123	0.857813
168	125	0.853908
168	126	0.766022
168	127	0.765906
168	129	0.84496
168	132	0.883613
168	133	3.84262
168	137	0.700591
168	138	0.769432
168	140	0.791837
168	141	0.751789
168	142	0.816756
168	143	0.775608
168	145	0.758507
168	146	0.796783
168	148	0.818112
168	149	0.736211
168	152	0.769268
168	153	0.727126
168	155	0.742014
168	156	0.742128
168	157	0.744173
168	158	0.717305
168	159	0.721757
168	160	0.739994
168	161	0.72935
168	162	0.756156
168	163	0.768046
168	164	0.722901
168	165	0.721983
168	166	0.733833
168	167	0.724195
168	169	0.691591
168	170	0.720853
168	171	0.726328
168	172	0.742147
168	173	0.70329
168	174	0.713846
168	175	0.678314
168	176	0.693027
168	177	0.768137
168	178	0.742326
168	179	0.747921
168	180	0.711458
169	30	6.00919
169	46	0.836155
169	51	7.46327
169	62	0.758953
169	63	0.757195
169	69	0.801683
169	73	0.702371
169	74	0.800245
169	77	0.748407
169	86	0.731769
169	89	0.737675
169	98	0.800635
169	99	0.783159
169	100	0.675554
169	101	0.756102
169	102	0.846177
169	103	0.842904
169	104	0.747141
169	108	0.834265
169	116	0.777528
169	117	6.92755
169	119	0.794144
169	120	0.749673
169	122	0.786811
169	123	0.815922
169	126	0.724131
169	128	0.716422
169	129	0.803069
169	132	0.841722
169	134	0.712914
169	137	0.658701
169	138	0.727541
169	140	0.749946
169	141	0.709898
169	142	0.774865
169	143	0.733717
169	145	0.716617
169	146	0.754892
169	148	0.776221
169	149	0.69432
169	151	0.714559
169	152	0.727377
169	153	0.685235
169	154	0.756525
169	155	0.700123
169	156	0.700237
169	157	0.702282
169	158	0.675414
169	159	0.679866
169	160	0.698103
169	161	0.687459
169	162	0.714265
169	163	0.726156
169	164	0.68101
169	165	0.680092
169	166	0.691942
169	167	0.682305
169	168	0.691591
169	171	0.684437
169	172	0.700256
169	173	0.661399
169	174	0.671955
169	175	0.636424
169	176	0.651136
169	177	0.726246
169	178	0.700435
169	179	0.70603
169	180	0.669567
170	10	0.659721
170	15	0.766994
170	20	0.890793
170	23	4.72483
170	29	0.843697
170	35	0.813448
170	37	3.42245
170	40	3.29735
170	51	0.811869
170	58	0.810487
170	70	3.495
170	71	0.825096
170	82	0.805433
170	91	3.06038
170	96	0.775744
170	97	0.845527
170	105	0.758764
170	107	0.694207
170	109	0.799261
170	111	0.79936
170	117	0.780565
170	118	0.774971
170	121	0.805444
170	124	0.831905
170	127	0.753277
170	130	0.786873
170	131	0.789173
170	133	0.820307
170	134	0.742175
170	135	0.810073
170	136	0.806309
170	139	0.80642
170	140	0.779208
170	141	0.73916
170	142	0.804127
170	144	0.820126
170	145	0.745878
170	147	0.81535
170	150	0.788782
170	151	0.743821
170	155	0.729385
170	156	0.729499
170	157	0.731544
170	158	0.704676
170	161	0.716721
170	162	0.743527
170	163	0.755417
170	165	0.709354
170	166	0.721204
170	167	0.711566
170	168	0.720853
170	171	0.713698
170	172	0.729518
170	173	0.690661
170	174	0.701217
170	175	0.665685
170	176	0.680397
170	177	0.755508
170	178	0.729697
170	180	0.698829
171	46	0.870892
171	66	3.53268
171	69	0.83642
171	73	0.737108
171	77	0.783144
171	80	0.725807
171	86	0.766506
171	89	0.772412
171	98	0.835371
171	99	0.817895
171	100	0.710291
171	101	0.790839
171	102	0.880913
171	106	0.823922
171	108	0.869002
171	110	0.860906
171	111	3.19044
171	113	0.738725
171	116	0.812265
171	119	0.82888
171	120	0.784409
171	122	0.821548
171	123	0.850659
171	125	0.846754
171	126	0.758867
171	128	0.751158
171	129	0.837806
171	132	0.876459
171	134	0.74765
171	135	3.43916
171	138	0.762278
171	139	3.95164
171	140	0.784682
171	141	0.744635
171	142	0.809601
171	143	0.768453
171	144	3.47964
171	145	0.751353
171	146	0.789628
171	148	0.810958
171	149	0.729057
171	150	3.10644
171	151	0.749296
171	152	0.762114
171	153	0.719972
171	154	0.791262
171	155	0.73486
171	156	0.734974
171	157	0.737018
171	158	0.710151
171	160	0.73284
171	161	0.722195
171	162	0.749002
171	163	0.760892
171	164	0.715747
171	165	0.714828
171	166	0.726679
171	167	0.717041
171	168	0.726328
171	169	0.684437
171	170	0.713698
171	172	0.734993
171	173	0.696135
171	174	0.706691
171	175	0.67116
171	176	0.685872
171	177	0.760982
171	178	0.735171
171	180	0.704303
172	28	2.3165
172	31	2.22151
172	35	1.80777
172	46	0.886711
172	60	3.78659
172	63	0.807751
172	65	0.858114
172	69	0.85224
172	74	0.850801
172	77	0.798964
172	81	0.749951
172	89	0.788231
172	90	3.30146
172	93	0.740613
172	94	3.73009
172	97	0.866821
172	99	0.833715
172	101	0.806658
172	102	0.896733
172	103	0.89346
172	106	0.839741
172	108	0.884821
172	110	0.876725
172	113	0.754544
172	116	0.828085
172	119	0.8447
172	120	0.800229
172	121	1.59717
172	122	0.837367
172	123	0.866478
172	125	0.862573
172	126	0.774687
172	128	0.766978
172	129	0.853625
172	130	2.83891
172	132	0.892278
172	137	0.709257
172	138	0.778097
172	140	0.800502
172	141	0.760454
172	142	0.825421
172	143	0.784273
172	145	0.767173
172	146	0.805448
172	148	0.826778
172	151	0.765115
172	152	0.777933
172	153	0.735791
172	154	0.807082
172	156	0.750793
172	157	0.752838
172	158	0.72597
172	160	0.748659
172	161	0.738015
172	162	0.764821
172	163	0.776712
172	164	0.731566
172	165	0.730648
172	166	0.742499
172	167	0.732861
172	168	0.742147
172	169	0.700256
172	170	0.729518
172	171	0.734993
172	173	0.711955
172	174	0.722511
172	175	0.68698
172	176	0.701692
172	177	0.776802
172	178	0.750991
172	179	0.756586
172	180	0.720123
173	10	0.642158
173	26	4.76223
173	46	0.847854
173	62	0.770652
173	63	0.768894
173	73	0.71407
173	74	0.811944
173	77	0.760106
173	86	0.743468
173	89	0.749374
173	98	0.812333
173	100	0.687253
173	101	0.767801
173	102	0.857875
173	103	0.854602
173	104	0.75884
173	106	0.800884
173	107	0.676644
173	108	0.845964
173	110	0.837868
173	116	0.789227
173	117	4.48641
173	119	0.805842
173	120	0.761371
173	121	5.82825
173	122	0.79851
173	123	0.827621
173	125	0.823716
173	126	0.73583
173	127	0.735714
173	128	0.72812
173	132	0.853421
173	134	0.724612
173	137	0.670399
173	138	0.73924
173	140	0.761645
173	141	0.721597
173	142	0.786563
173	143	0.745416
173	145	0.728315
173	146	0.766591
173	147	6.52311
173	148	0.78792
173	149	0.706019
173	152	0.739076
173	153	0.696934
173	154	0.768224
173	155	0.711822
173	156	0.711936
173	157	0.713981
173	158	0.687113
173	159	0.691565
173	160	0.709802
173	161	0.699157
173	162	0.725964
173	163	0.737854
173	164	0.692709
173	165	0.69179
173	166	0.703641
173	167	0.694003
173	168	0.70329
173	169	0.661399
173	170	0.690661
173	171	0.696135
173	172	0.711955
173	174	0.683654
173	175	0.648122
173	176	0.662834
173	177	0.737944
173	178	0.712133
173	179	0.717729
173	180	0.681265
174	41	5.18013
174	46	0.85841
174	52	3.90804
174	54	2.47665
174	59	5.22237
174	62	0.781208
174	63	0.77945
174	73	0.724626
174	74	0.8225
174	77	0.770662
174	89	0.75993
174	93	0.712312
174	98	0.822889
174	99	0.805413
174	101	0.778357
174	103	0.865158
174	104	0.769396
174	107	0.6872
174	108	0.85652
174	110	0.848424
174	113	0.726243
174	115	4.51281
174	116	0.799783
174	119	0.816399
174	120	0.771927
174	122	0.809066
174	123	0.838177
174	125	0.834272
174	126	0.746386
174	128	0.738676
174	129	0.825324
174	132	0.863977
174	134	0.735168
174	138	0.749796
174	140	0.772201
174	141	0.732153
174	142	0.79712
174	143	0.755972
174	145	0.738871
174	146	0.777147
174	148	0.798476
174	149	0.716575
174	151	0.736814
174	152	0.749632
174	153	0.70749
174	154	0.77878
174	155	0.722378
174	156	0.722492
174	157	0.724537
174	158	0.697669
174	159	0.702121
174	160	0.720358
174	161	0.709713
174	162	0.73652
174	163	0.74841
174	164	0.703265
174	165	0.702346
174	166	0.714197
174	167	0.704559
174	168	0.713846
174	169	0.671955
174	170	0.701217
174	171	0.706691
174	172	0.722511
174	173	0.683654
174	175	0.658678
174	176	0.67339
174	177	0.7485
174	178	0.72269
174	179	0.728285
174	180	0.691821
175	10	0.617183
175	14	12.8441
175	22	0.748481
175	46	0.822879
175	62	0.745676
175	63	0.743919
175	65	0.794281
175	69	0.788407
175	73	0.689095
175	74	0.786968
175	77	0.735131
175	80	0.677794
175	81	0.686118
175	86	0.718493
175	89	0.724399
175	93	0.67678
175	95	0.669622
175	97	0.802989
175	98	0.787358
175	99	0.769882
175	101	0.742825
175	102	0.8329
175	104	0.733864
175	106	0.775909
175	107	0.651668
175	108	0.820989
175	110	0.812893
175	114	0.736782
175	116	0.764252
175	119	0.780867
175	120	0.736396
175	123	0.802646
175	125	0.798741
175	126	0.710854
175	127	0.710739
175	128	0.703145
175	129	0.789793
175	132	0.828446
175	134	0.699637
175	136	10.8559
175	137	0.645424
175	138	0.714265
175	140	0.736669
175	141	0.696622
175	142	0.761588
175	143	0.72044
175	145	0.70334
175	146	0.741615
175	148	0.762945
175	149	0.681044
175	151	0.701283
175	152	0.714101
175	153	0.671959
175	154	0.743249
175	155	0.686847
175	156	0.686961
175	157	0.689005
175	158	0.662138
175	159	0.66659
175	160	0.684827
175	161	0.674182
175	162	0.700989
175	163	0.712879
175	164	0.667734
175	165	0.666815
175	166	0.678666
175	167	0.669028
175	168	0.678314
175	169	0.636424
175	170	0.665685
175	171	0.67116
175	172	0.68698
175	173	0.648122
175	174	0.658678
175	176	0.637859
175	177	0.712969
175	178	0.687158
175	179	0.692753
175	180	0.65629
176	5	0.772748
176	14	4.99292
176	23	0.718391
176	26	0.869919
176	31	0.773812
176	37	0.799902
176	38	0.784688
176	43	0.783318
176	48	6.08259
176	54	4.36992
176	71	0.797269
176	78	6.15457
176	81	0.700831
176	82	0.777607
176	84	0.770176
176	86	0.733205
176	93	0.691493
176	94	0.746889
176	97	0.817701
176	98	0.80207
176	104	0.748576
176	106	0.790621
176	109	0.771435
176	110	0.827605
176	111	0.771534
176	114	0.751494
176	115	0.803755
176	117	0.752738
176	118	0.747145
176	121	0.777618
176	122	0.788247
176	124	0.804078
176	127	0.725451
176	130	0.759047
176	131	0.761346
176	133	0.79248
176	135	0.782247
176	136	0.778482
176	137	0.660136
176	139	0.778594
176	141	0.711334
176	142	0.7763
176	143	0.735152
176	144	0.7923
176	145	0.718052
176	146	0.756327
176	147	0.787523
176	148	0.777657
176	149	0.695756
176	151	0.715995
176	154	0.757961
176	155	0.701559
176	156	0.701673
176	157	0.703717
176	160	0.699539
176	162	0.715701
176	164	0.682446
176	165	0.681527
176	166	0.693378
176	167	0.68374
176	168	0.693027
176	169	0.651136
176	170	0.680397
176	171	0.685872
176	172	0.701692
176	173	0.662834
176	174	0.67339
176	175	0.637859
176	177	0.727681
176	178	0.70187
176	179	0.707465
176	180	0.671002
177	10	0.707005
177	15	2.84804
177	16	3.40579
177	34	1.71946
177	37	1.65251
177	46	0.912701
177	53	2.19309
177	58	2.30756
177	62	0.835499
177	65	0.884104
177	69	0.878229
177	70	1.72506
177	71	3.16967
177	73	0.778917
177	74	0.876791
177	75	1.75817
177	77	0.824953
177	80	0.767616
177	81	0.775941
177	86	0.808315
177	89	0.814221
177	95	0.759444
177	97	0.892811
177	98	0.87718
177	99	0.859704
177	100	0.7521
177	101	0.832648
177	102	0.922722
177	103	0.919449
177	104	0.823687
177	106	0.865731
177	107	0.741491
177	108	0.910811
177	110	0.902715
177	113	0.780534
177	114	0.826604
177	116	0.854074
177	119	0.870689
177	120	0.826218
177	122	0.863357
177	123	0.892468
177	124	1.64376
177	125	0.888563
177	126	0.800677
177	127	0.800561
177	128	0.792967
177	129	0.879615
177	132	0.918268
177	133	2.2158
177	134	0.789459
177	137	0.735246
177	138	0.804087
177	139	2.36109
177	140	0.826492
177	141	0.786444
177	142	0.85141
177	143	0.810262
177	145	0.793162
177	146	0.831438
177	148	0.852767
177	149	0.770866
177	151	0.791105
177	152	0.803923
177	153	0.761781
177	154	0.833071
177	155	0.776669
177	156	0.776783
177	157	0.778827
177	158	0.75196
177	159	0.756412
177	160	0.774649
177	161	0.764004
177	162	0.790811
177	163	0.802701
177	164	0.757556
177	165	0.756637
177	166	0.768488
177	167	0.75885
177	168	0.768137
177	169	0.726246
177	170	0.755508
177	171	0.760982
177	172	0.776802
177	173	0.737944
177	174	0.7485
177	175	0.712969
177	176	0.727681
177	178	0.77698
177	179	0.782575
177	180	0.746112
178	1	0.791334
178	4	2.11598
178	6	0.871984
178	7	0.948652
178	9	0.763215
178	12	0.772013
178	13	0.905824
178	14	0.945884
178	19	0.7619
178	22	0.812492
178	24	0.749065
178	27	0.889065
178	33	0.744584
178	39	0.818999
178	44	0.755967
178	48	0.827082
178	54	0.852569
178	55	3.15491
178	64	0.883286
178	67	0.895686
178	70	0.842049
178	72	2.70315
178	83	0.840728
178	84	3.05044
178	86	0.782504
178	89	0.78841
178	92	0.804636
178	94	3.48905
178	104	0.797876
178	112	0.81402
178	120	0.800407
178	123	0.866657
178	129	0.853804
178	131	2.30736
178	134	0.763648
178	143	0.784451
178	145	0.767351
178	146	0.805627
178	149	0.745055
178	150	2.67911
178	153	0.73597
178	154	0.80726
178	155	0.750858
178	156	0.750972
178	157	0.753016
178	158	0.726149
178	159	0.730601
178	160	0.748838
178	161	0.738193
178	163	0.77689
178	164	0.731745
178	165	0.730826
178	167	0.733039
178	168	0.742326
178	169	0.700435
178	170	0.729697
178	171	0.735171
178	172	0.750991
178	173	0.712133
178	174	0.72269
178	175	0.687158
178	176	0.70187
178	177	0.77698
178	179	0.756764
178	180	0.720301
179	1	0.796929
179	2	3.30367
179	8	2.56367
179	12	0.777608
179	13	0.911419
179	17	0.692876
179	24	0.75466
179	25	2.61066
179	26	1.42787
179	27	0.89466
179	29	1.98067
179	30	2.40701
179	32	0.820148
179	33	0.750179
179	40	0.834385
179	44	0.761562
179	45	0.834385
179	48	0.832677
179	54	0.858164
179	60	3.28156
179	64	0.888881
179	67	0.901281
179	70	0.847644
179	76	0.879202
179	78	0.859865
179	79	0.83118
179	81	0.755725
179	84	0.82507
179	85	0.820435
179	87	0.81226
179	88	0.869997
179	90	0.854979
179	91	0.854536
179	92	0.810231
179	95	0.739228
179	102	0.902506
179	106	0.845515
179	112	0.819615
179	113	0.760318
179	114	0.806388
179	118	3.12489
179	126	0.780461
179	145	0.772946
179	146	0.811222
179	148	0.832551
179	152	0.783707
179	153	0.741565
179	154	0.812855
179	155	0.756453
179	156	0.756567
179	157	0.758612
179	159	0.736196
179	160	0.754433
179	161	0.743788
179	162	0.770595
179	164	0.73734
179	165	0.736421
179	166	0.748272
179	167	0.738634
179	168	0.747921
179	169	0.70603
179	172	0.756586
179	173	0.717729
179	174	0.728285
179	175	0.692753
179	176	0.707465
179	177	0.782575
179	178	0.756764
179	180	0.725896
180	10	0.650326
180	22	0.781624
180	35	2.10114
180	46	0.856022
180	62	0.77882
180	63	0.777062
180	64	5.85811
180	65	0.827424
180	69	0.82155
180	73	0.722238
180	74	0.820112
180	75	4.43428
180	76	4.1576
180	77	0.768274
180	80	0.710937
180	81	0.719262
180	86	0.751636
180	89	0.757542
180	93	0.709924
180	95	0.702765
180	97	0.836132
180	98	0.820501
180	99	0.803025
180	100	0.695421
180	101	0.775969
180	102	0.866043
180	103	0.86277
180	104	0.767007
180	106	0.809052
180	107	0.684812
180	108	0.854132
180	109	5.71155
180	110	0.846036
180	113	0.723855
180	114	0.769925
180	116	0.797395
180	119	0.81401
180	120	0.769539
180	121	3.83732
180	122	0.806678
180	123	0.835789
180	125	0.831884
180	126	0.743998
180	127	0.743882
180	128	0.736288
180	129	0.822936
180	132	0.861589
180	134	0.73278
180	137	0.678567
180	138	0.747408
180	140	0.769813
180	141	0.729765
180	142	0.794731
180	143	0.753583
180	145	0.736483
180	146	0.774759
180	148	0.796088
180	149	0.714187
180	151	0.734426
180	152	0.747244
180	153	0.705102
180	154	0.776392
180	155	0.71999
180	156	0.720104
180	157	0.722148
180	158	0.695281
180	159	0.699733
180	160	0.71797
180	161	0.707325
180	162	0.734132
180	163	0.746022
180	164	0.700877
180	165	0.699958
180	166	0.711809
180	167	0.702171
180	168	0.711458
180	169	0.669567
180	170	0.698829
180	171	0.704303
180	172	0.720123
180	173	0.681265
180	174	0.691821
180	175	0.65629
180	176	0.671002
180	177	0.746112
180	178	0.720301
180	179	0.725896
