1	45	1.41281
1	118	1.1793
1	133	1.04227
1	158	0.897763
1	160	0.906902
1	168	0.88765
1	170	0.894623
1	172	0.889426
1	173	0.913399
1	175	1.17154
1	176	0.897365
1	179	0.912874
2	36	0.885987
2	54	0.920678
2	91	1.35531
2	93	0.914572
2	119	0.887253
2	123	0.933712
2	130	0.848413
2	138	0.920413
2	144	1.18067
2	148	0.888972
2	157	1.19809
2	178	1.07606
3	8	1.41354
3	10	1.74035
3	36	1.63673
3	91	0.770658
3	128	0.791256
3	147	0.829972
3	152	0.810722
3	157	0.786093
3	169	0.803212
3	171	0.799094
3	175	0.797593
3	178	0.811398
4	12	0.760023
4	29	0.816782
4	80	0.832468
4	124	0.778974
4	126	0.806521
4	134	1.62839
4	139	0.783465
4	140	0.804363
4	142	0.806903
4	150	1.58126
4	163	1.59287
4	166	0.810497
5	22	1.59346
5	84	0.916896
5	92	0.911044
5	115	0.873473
5	129	0.901843
5	130	0.855867
5	138	0.927867
5	148	0.896426
5	156	0.916579
5	163	1.05496
5	176	1.10283
5	179	1.04653
6	109	1.63213
6	137	0.795354
6	141	1.60855
6	146	0.804668
6	153	1.56652
6	160	0.804236
6	165	0.803163
6	168	0.784984
6	170	0.791956
6	173	0.810733
6	176	0.794699
6	179	0.810208
7	98	1.60556
7	116	1.62541
7	127	0.80368
7	133	1.56422
7	153	0.803177
7	159	0.801295
7	162	0.814931
7	167	0.784853
7	175	0.795227
7	177	0.794839
7	178	0.809033
7	180	0.792964
8	3	1.41354
8	18	1.03314
8	27	0.921429
8	47	0.877687
8	79	1.16128
8	97	1.19923
8	112	0.895321
8	117	0.918197
8	119	0.896478
8	129	0.903613
8	130	0.857637
8	138	0.929637
9	97	0.800283
9	113	0.816035
9	149	0.783896
9	153	0.805395
9	157	0.785945
9	160	1.54514
9	168	1.66003
9	169	0.803065
9	171	0.798947
9	172	1.59053
9	178	0.811251
9	180	0.795182
10	3	1.74035
10	101	0.810343
10	109	1.5401
10	116	0.784947
10	118	1.5246
10	151	0.80357
10	160	0.79856
10	161	0.81442
10	165	0.797488
10	172	0.781084
10	173	0.805057
10	179	0.804533
11	36	1.27028
11	107	1.08298
11	131	0.886122
11	135	0.885112
11	150	0.896948
11	156	1.17843
11	162	0.920768
11	167	0.890691
11	169	0.906685
11	176	1.26047
11	178	0.914871
11	180	0.898802
12	4	0.760023
12	96	0.801264
12	124	0.77994
12	126	0.807487
12	132	0.826037
12	133	0.827619
12	139	0.784431
12	140	0.805329
12	142	0.807869
12	152	1.61657
12	156	1.60789
12	158	1.57378
13	71	1.29143
13	88	0.887798
13	98	0.88837
13	101	1.13518
13	124	0.878771
13	126	0.906318
13	127	1.19739
13	132	0.924868
13	133	0.92645
13	139	0.883262
13	140	0.90416
13	159	1.18054
14	76	1.6608
14	97	0.796841
14	100	1.6322
14	153	0.801953
14	154	0.793243
14	162	0.813706
14	163	0.8052
14	171	0.795504
14	173	1.50499
14	175	0.794003
14	178	0.807809
14	180	0.79174
15	39	0.88674
15	43	0.989685
15	56	0.923752
15	85	0.888279
15	89	1.32847
15	102	0.858295
15	106	1.15963
15	115	0.861735
15	143	0.886674
15	144	1.19632
15	156	0.904841
15	177	1.12456
16	34	1.257
16	46	0.962509
16	72	0.885726
16	84	0.908029
16	85	0.891149
16	92	0.902176
16	100	0.878093
16	115	0.864605
16	147	1.1441
16	156	0.907711
16	176	1.22598
16	179	1.16968
17	51	1.53237
17	54	1.55865
17	104	0.794936
17	122	0.787229
17	139	1.69999
17	141	0.798862
17	171	0.799076
17	172	0.79394
17	176	0.801879
17	178	0.81138
17	179	0.817389
17	180	0.795311
18	8	1.03314
18	87	1.29589
18	128	0.891445
18	139	1.262
18	140	1.20372
18	146	0.912055
18	149	0.884232
18	169	0.903401
18	170	0.899343
18	172	0.894146
18	175	0.897781
18	179	0.917595
19	46	0.862016
19	78	0.830248
19	83	0.801545
19	84	0.807536
19	100	0.7776
19	102	0.760672
19	111	1.53242
19	115	0.764112
19	122	1.67956
19	143	0.789051
19	156	0.807218
19	161	1.58158
20	31	1.17786
20	55	1.10211
20	121	0.890219
20	130	1.43471
20	132	1.07718
20	157	0.891459
20	159	0.909028
20	168	0.897549
20	171	0.904461
20	172	0.899324
20	176	0.907264
20	180	0.900696
21	79	1.1668
21	101	0.917904
21	128	1.22086
21	146	0.906553
21	158	0.896983
21	167	1.19753
21	168	0.88687
21	170	0.893842
21	172	0.888645
21	173	0.912619
21	176	0.896585
21	180	1.22234
22	5	1.59346
22	134	0.756647
22	145	1.71423
22	151	0.789258
22	160	0.784248
22	161	0.800108
22	167	1.89602
22	168	0.764997
22	170	0.771969
22	173	0.790746
22	174	0.777094
22	176	0.774712
22	179	0.790221
23	82	1.29613
23	131	0.85066
23	136	1.3109
23	146	1.27661
23	154	0.864842
23	157	0.854102
23	162	0.885306
23	164	0.877749
23	165	1.31144
23	167	0.855228
23	171	0.867103
23	175	0.865602
23	178	0.879408
24	62	0.938327
24	63	0.858035
24	93	0.87113
24	117	0.865532
24	119	0.843812
24	123	0.890271
24	129	0.850948
24	130	0.804972
24	131	1.37952
24	138	0.876972
24	171	1.29089
24	174	1.27451
24	177	1.26295
25	62	0.940434
25	109	1.35349
25	112	0.844762
25	117	0.867638
25	119	0.845919
25	123	0.892378
25	125	1.21067
25	129	0.853054
25	130	0.807078
25	135	1.38842
25	136	0.869655
25	138	0.879078
25	156	1.25234
26	86	1.654
26	125	1.75033
26	146	0.784627
26	155	0.767977
26	161	0.800055
26	165	0.783122
26	168	0.764943
26	172	0.766719
26	173	0.790692
26	174	0.777041
26	176	0.774658
26	178	1.80275
26	179	0.790167
27	8	0.921429
27	50	1.31339
27	54	0.882515
27	61	0.854754
27	95	1.17781
27	112	0.847934
27	119	0.849091
27	123	0.89555
27	129	0.856226
27	130	0.81025
27	138	0.88225
27	163	1.37091
27	178	1.34749
28	87	0.849211
28	88	0.853192
28	91	1.46089
28	107	0.901156
28	124	0.844164
28	126	0.871712
28	132	0.890261
28	139	0.848655
28	140	0.869554
28	142	0.872094
28	148	1.27447
28	159	1.23202
28	171	1.24242
29	4	0.816782
29	80	0.890194
29	97	1.33025
29	107	0.893692
29	126	0.864247
29	132	0.882796
29	133	0.884379
29	139	0.841191
29	140	0.862089
29	142	0.864629
29	162	1.22528
29	168	1.35094
29	174	1.29833
30	101	1.27628
30	119	0.8557
30	129	0.862835
30	130	0.816859
30	138	0.888859
30	141	0.871156
30	142	1.26807
30	153	0.877819
30	165	1.28163
30	168	1.36828
30	169	0.875489
30	178	0.883675
30	180	0.867606
31	20	1.17786
31	68	0.873374
31	78	0.90361
31	82	1.31646
31	84	0.880898
31	85	0.864018
31	92	0.875045
31	100	0.850963
31	102	0.834034
31	115	0.837474
31	156	0.880581
31	162	1.29274
31	180	1.41531
32	108	0.84375
32	135	1.35526
32	141	1.29676
32	149	1.30268
32	155	0.854661
32	160	0.870878
32	161	0.886738
32	163	1.25335
32	165	0.869806
32	170	0.858599
32	173	0.877375
32	176	0.861342
32	179	0.876851
33	41	1.31301
33	111	0.884715
33	122	0.848689
33	135	1.35967
33	147	1.22375
33	149	1.30709
33	158	0.863737
33	160	0.872875
33	165	0.871803
33	170	0.860596
33	172	0.855399
33	176	0.863339
33	179	0.878848
34	16	1.257
34	77	1.62566
34	108	0.816465
34	147	1.35672
34	151	0.848602
34	160	0.843593
34	161	0.859453
34	165	0.842521
34	168	0.824341
34	170	0.831314
34	173	0.85009
34	176	0.834056
34	178	1.3673
34	179	0.849566
35	37	1.47723
35	66	1.25112
35	78	0.880599
35	83	0.851896
35	100	0.827952
35	102	0.811023
35	115	0.814463
35	131	0.834925
35	135	0.833915
35	157	0.838368
35	166	1.4205
35	169	0.855488
35	171	0.851369
35	172	1.44536
36	2	0.885987
36	3	1.63673
36	11	1.27028
36	63	0.837095
36	112	0.821716
36	117	0.844592
36	123	0.869332
36	129	0.830008
36	130	0.784032
36	136	0.846609
36	138	0.856032
36	148	0.824592
36	152	1.34401
36	166	1.34874
37	35	1.47723
37	60	0.795243
37	62	0.918152
37	93	0.850955
37	112	0.82248
37	115	1.48551
37	117	0.845356
37	123	0.870095
37	129	0.830772
37	130	0.784796
37	138	0.856796
37	148	0.825355
37	161	1.2673
37	174	1.36877
38	47	1.50833
38	69	0.814138
38	82	1.32462
38	96	0.831516
38	101	1.33458
38	113	0.855575
38	132	0.856289
38	133	0.857871
38	139	0.814683
38	142	0.838121
38	145	0.85403
38	159	0.843054
38	168	1.42657
38	180	0.834722
39	15	0.88674
39	49	1.25928
39	56	0.868692
39	68	0.842574
39	72	0.827796
39	84	0.850099
39	92	0.844246
39	100	0.820163
39	102	0.803235
39	115	0.806675
39	156	0.849781
39	167	1.46791
39	170	1.44549
39	177	1.43164
40	80	1.33851
40	106	1.4294
40	117	1.40278
40	137	0.835096
40	158	0.834839
40	160	0.843977
40	161	0.859837
40	165	0.842905
40	167	1.4306
40	168	0.824725
40	170	0.831698
40	172	0.826501
40	173	0.850474
40	179	0.84995
41	33	1.31301
41	69	1.5479
41	87	0.811024
41	94	0.879732
41	96	0.827301
41	107	0.862969
41	132	0.852074
41	133	0.853657
41	139	0.810468
41	140	0.831367
41	142	0.833907
41	153	1.36845
41	166	0.837501
41	177	1.3765
42	80	0.86579
42	81	0.836796
42	87	0.817342
42	107	0.869287
42	124	0.812295
42	133	0.859975
42	136	1.36541
42	139	0.816786
42	140	0.837685
42	142	0.840225
42	166	0.843819
42	169	1.40146
42	177	1.38842
42	180	1.44949
43	15	0.989685
43	69	1.25799
43	74	0.906437
43	75	1.00602
43	83	0.947052
43	85	0.936163
43	92	0.947191
43	100	0.923108
43	102	0.90618
43	115	0.90962
43	137	1.0847
43	143	0.934558
43	168	1.15077
43	174	1.09815
44	59	1.4565
44	102	1.31761
44	104	1.13897
44	149	0.885447
44	150	0.894879
44	153	0.906946
44	157	0.887496
44	159	0.905064
44	164	0.911142
44	171	0.900497
44	173	1.01256
44	175	0.898996
44	178	0.912801
44	179	1.06373
44	180	0.896732
45	1	1.41281
45	91	0.793024
45	107	1.4672
45	109	0.808474
45	135	0.804006
45	150	0.815841
45	154	0.819198
45	162	0.839662
45	164	0.832105
45	166	1.57605
45	167	0.809584
45	173	1.53722
45	174	0.826646
45	178	0.833764
45	180	0.817695
46	16	0.962509
46	19	0.862016
46	74	0.87639
46	75	1.14544
46	83	0.917005
46	85	0.906117
46	100	0.893061
46	102	0.876133
46	115	0.879573
46	143	0.904512
46	156	0.922679
46	167	1.26228
46	173	1.15699
46	177	1.22601
46	179	1.20817
47	8	0.877687
47	38	1.50833
47	60	0.776955
47	93	0.832666
47	97	1.52009
47	112	0.804191
47	117	0.827068
47	119	0.805348
47	121	0.806778
47	122	1.48467
47	123	0.851807
47	129	0.812484
47	130	0.766508
47	138	0.838508
47	174	1.48817
48	57	1.44736
48	64	1.48061
48	108	0.7967
48	110	0.790819
48	111	0.835668
48	113	1.46884
48	148	1.61462
48	160	0.823828
48	161	0.839688
48	165	0.822756
48	168	0.804576
48	170	0.811549
48	173	0.830325
48	176	0.814291
48	179	0.829801
49	39	1.25928
49	79	1.16385
49	119	1.19142
49	125	0.90947
49	129	1.22776
49	140	1.15395
49	155	0.892021
49	160	0.908238
49	163	0.905593
49	167	0.884022
49	171	0.895898
49	172	0.890762
49	174	0.901084
49	176	0.898701
49	179	0.914211
50	27	1.31339
50	113	0.885828
50	134	1.28983
50	145	0.884284
50	150	0.863122
50	154	0.866479
50	157	0.855739
50	158	1.18602
50	159	0.873307
50	163	0.878436
50	168	1.3279
50	169	0.872859
50	170	1.27757
50	174	0.873926
50	178	0.881045
50	180	0.864976
51	17	1.53237
51	81	0.868975
51	88	0.853502
51	98	0.854074
51	107	0.901467
51	126	0.872022
51	132	0.890571
51	133	0.892154
51	139	0.848966
51	140	0.869864
51	142	0.872404
51	162	1.15548
51	166	0.875998
51	176	1.25542
51	178	1.18412
51	180	1.27804
52	92	1.30612
52	96	0.867256
52	104	1.34892
52	124	0.845932
52	140	0.871322
52	142	0.873862
52	156	1.24793
52	158	1.21382
52	159	0.878794
52	163	0.883923
52	166	0.877456
52	167	0.862351
52	169	0.878346
52	171	0.874227
52	178	0.886532
52	179	1.27368
53	67	1.23577
53	79	0.897679
53	87	0.853768
53	96	0.870046
53	98	0.858321
53	118	1.27767
53	124	0.848722
53	126	0.876269
53	131	1.35219
53	132	0.894818
53	133	0.896401
53	139	0.853213
53	140	0.874111
53	142	0.876651
53	169	1.24866
53	180	1.29669
54	2	0.920678
54	17	1.55865
54	27	0.882515
54	61	0.863226
54	93	0.884882
54	95	1.04072
54	112	0.856407
54	117	0.879283
54	119	0.857564
54	127	1.27764
54	129	0.864699
54	130	0.818723
54	136	0.8813
54	138	0.890723
54	174	1.25481
54	175	1.27756
55	20	1.10211
55	77	1.50399
55	79	0.892029
55	98	0.852671
55	107	0.900064
55	124	0.843072
55	126	0.87062
55	132	0.889169
55	133	0.890752
55	136	1.25547
55	139	0.847563
55	140	0.868462
55	142	0.871002
55	160	1.22775
55	166	0.874596
55	175	1.31278
56	15	0.923752
56	39	0.868692
56	67	1.31176
56	68	0.879586
56	74	0.840504
56	78	0.909822
56	83	0.881119
56	86	1.13001
56	100	0.857175
56	102	0.840246
56	115	0.843686
56	135	1.40409
56	143	0.868625
56	147	1.26817
56	156	0.886792
56	179	1.29376
57	48	1.44736
57	120	1.28326
57	121	1.25618
57	122	1.23147
57	127	0.8794
57	145	0.887992
57	149	0.857398
57	150	0.86683
57	159	0.877015
57	160	1.17268
57	163	0.882144
57	167	0.860573
57	169	0.876567
57	171	0.872448
57	175	0.870947
57	180	0.868684
58	119	1.62937
58	132	1.51914
58	139	1.65018
58	140	1.5919
58	145	0.806946
58	147	0.822281
58	152	0.803031
58	158	0.794604
58	170	0.791464
58	172	0.786267
58	173	0.81024
58	175	0.789901
58	176	0.794206
58	178	0.803707
58	179	0.809716
58	180	0.787638
59	44	1.4565
59	103	0.800403
59	137	0.795367
59	145	1.56008
59	149	1.74551
59	151	0.809258
59	155	0.788031
59	160	0.804248
59	161	0.820108
59	162	1.64411
59	166	0.795137
59	168	0.784997
59	172	0.786772
59	173	0.810746
59	176	0.794712
59	179	0.810221
60	37	0.795243
60	47	0.776955
60	67	1.55238
60	71	1.68066
60	93	0.823064
60	106	0.813604
60	112	0.794589
60	117	0.817465
60	119	0.795746
60	121	0.797175
60	129	0.802881
60	130	0.756905
60	138	0.828905
60	144	1.624
60	148	0.797464
60	177	1.55223
61	27	0.854754
61	54	0.863226
61	62	0.924317
61	73	1.26189
61	106	0.84766
61	112	0.828645
61	117	0.851521
61	121	0.831231
61	123	0.876261
61	129	0.836937
61	130	0.790961
61	138	0.862961
61	148	0.831521
61	150	1.38918
61	158	1.33249
61	163	1.40078
61	174	1.42176
62	24	0.938327
62	25	0.940434
62	37	0.918152
62	61	0.924317
62	66	0.947972
62	91	1.39395
62	112	0.917498
62	119	0.918654
62	121	0.920084
62	123	0.965113
62	125	1.06228
62	129	0.92579
62	130	0.879814
62	138	0.951814
62	146	1.09024
62	170	1.16139
62	177	1.14754
63	24	0.858035
63	36	0.837095
63	91	1.61594
63	93	0.86568
63	95	1.167
63	112	0.837205
63	117	0.860081
63	119	0.838362
63	123	0.884821
63	129	0.845497
63	130	0.799521
63	136	0.862098
63	138	0.871521
63	148	0.84008
63	154	1.36901
63	162	1.30804
63	164	1.35253
64	48	1.48061
64	77	0.80942
64	108	1.3336
64	125	0.86272
64	130	1.53706
64	147	0.880026
64	153	0.855597
64	154	0.846887
64	156	1.21306
64	163	0.858844
64	164	0.859794
64	166	1.22646
64	167	0.837273
64	171	0.849148
64	175	0.847647
64	177	0.847259
64	180	0.845384
65	66	1.19969
65	108	1.47621
65	125	0.862408
65	137	1.39737
65	141	0.848622
65	153	0.855285
65	154	0.846574
65	157	0.835835
65	158	1.32155
65	159	0.853403
65	163	0.858531
65	167	0.83696
65	171	0.848836
65	172	1.39394
65	175	0.847335
65	178	0.86114
65	180	0.845071
66	35	1.25112
66	62	0.947972
66	65	1.19969
66	118	1.17316
66	124	0.899848
66	126	0.927396
66	139	0.904339
66	140	0.925238
66	141	1.16509
66	142	0.927778
66	158	0.931345
66	162	1.06962
66	165	0.939411
66	170	0.928204
66	172	0.923007
66	173	0.94698
66	179	0.946456
67	53	1.23577
67	56	1.31176
67	60	1.55238
67	92	1.34541
67	126	1.35198
67	149	0.829726
67	154	0.842515
67	155	0.840899
67	161	0.872976
67	162	0.862978
67	163	0.854472
67	168	0.837865
67	173	0.863614
67	175	0.843275
67	176	0.84758
67	179	0.863089
67	180	0.841012
68	31	0.873374
68	39	0.842574
68	56	0.879586
68	72	0.83869
68	78	0.883704
68	84	0.860993
68	92	0.85514
68	100	0.831057
68	102	0.814129
68	115	0.817569
68	143	0.842507
68	148	1.40907
68	152	1.31416
68	156	0.860675
68	171	1.37702
68	174	1.36064
68	177	1.34908
69	38	0.814138
69	41	1.5479
69	43	1.25799
69	127	0.838084
69	135	0.813679
69	136	1.47907
69	138	1.41335
69	149	0.816082
69	162	0.849334
69	163	0.840828
69	164	0.841778
69	167	0.819257
69	169	0.835251
69	171	0.831132
69	172	1.49675
69	175	0.829631
69	178	0.843437
69	180	0.827368
70	100	1.51404
70	109	0.815555
70	114	1.39148
70	134	1.48195
70	135	0.811087
70	142	1.41982
70	145	0.844085
70	147	0.859419
70	148	0.814589
70	154	0.82628
70	162	0.846743
70	164	0.839186
70	167	0.816665
70	173	1.38683
70	174	0.833727
70	175	0.82704
70	178	0.840846
70	180	0.824777
71	13	1.29143
71	60	1.68066
71	145	0.840046
71	146	1.4018
71	147	0.855381
71	153	0.830952
71	154	0.822242
71	157	0.811502
71	158	1.38139
71	162	0.842705
71	163	0.834198
71	169	0.828622
71	171	0.824503
71	174	0.829689
71	177	0.822614
71	178	0.836808
71	179	1.44126
71	180	0.820738
72	16	0.885726
72	39	0.827796
72	68	0.83869
72	74	0.799607
72	83	0.840222
72	84	0.846214
72	85	0.829334
72	92	0.840361
72	95	1.2764
72	100	0.816278
72	102	0.79935
72	113	1.39314
72	115	0.80279
72	143	0.827729
72	156	0.845896
72	157	1.56811
72	165	1.45645
72	175	1.51323
73	61	1.26189
73	81	1.22521
73	89	0.867469
73	101	1.15454
73	135	0.885966
73	146	1.12506
73	154	0.901159
73	155	1.22929
73	157	0.890419
73	159	0.907987
73	162	0.921622
73	163	0.913115
73	167	0.891544
73	170	1.19621
73	171	0.90342
73	175	0.901919
73	178	0.915724
73	180	0.899655
74	43	0.906437
74	46	0.87639
74	56	0.840504
74	72	0.799607
74	84	0.821911
74	100	0.791975
74	142	1.44037
74	145	1.33087
74	150	1.45537
74	151	0.832742
74	154	1.47587
74	158	0.818594
74	170	0.815453
74	171	1.50434
74	172	0.810256
74	173	0.83423
74	176	0.818196
74	179	0.833705
75	43	1.00602
75	46	1.14544
75	99	0.884285
75	104	0.894495
75	106	1.28517
75	111	0.922814
75	116	0.897361
75	134	0.883373
75	147	1.20667
75	155	0.894757
75	158	0.901836
75	167	1.28637
75	168	0.891723
75	171	1.27804
75	172	0.893498
75	173	0.917472
75	176	0.901438
75	179	0.916947
76	14	1.6608
76	79	1.42301
76	83	1.4202
76	99	0.811138
76	123	1.26581
76	146	0.83826
76	151	0.842838
76	155	0.821611
76	160	0.837828
76	165	0.836756
76	168	0.818577
76	169	1.43051
76	170	0.825549
76	172	0.820352
76	173	0.844325
76	174	0.830674
76	176	0.828292
76	179	0.843801
77	34	1.62566
77	55	1.50399
77	64	0.80942
77	89	0.779801
77	123	1.40453
77	131	0.799308
77	137	1.5543
77	141	0.815538
77	153	0.822201
77	157	0.802751
77	159	0.820319
77	160	1.50547
77	162	0.833954
77	163	0.825448
77	164	0.826398
77	167	0.803877
77	174	0.820938
77	178	0.828057
77	180	0.811988
78	19	0.830248
78	31	0.90361
78	35	0.880599
78	56	0.909822
78	68	0.883704
78	83	0.885237
78	84	0.891229
78	85	0.874348
78	92	0.885376
78	102	0.844365
78	114	1.21592
78	115	0.847805
78	143	0.872743
78	152	1.24537
78	156	0.890911
78	159	1.29782
78	163	1.27087
78	164	1.26329
78	175	1.31459
79	8	1.16128
79	21	1.1668
79	49	1.16385
79	53	0.897679
79	55	0.892029
79	76	1.42301
79	80	0.901343
79	87	0.852895
79	88	0.856876
79	94	0.921603
79	98	0.857448
79	108	1.41316
79	124	0.847848
79	126	0.875396
79	133	0.895528
79	139	0.852339
79	140	0.873238
79	142	0.875778
79	173	1.26719
80	4	0.832468
80	29	0.890194
80	40	1.33851
80	42	0.86579
80	79	0.901343
80	81	0.876886
80	87	0.857432
80	94	0.926141
80	113	1.18906
80	124	0.852386
80	132	0.898482
80	139	0.856877
80	140	0.877775
80	142	0.880315
80	152	1.23993
80	155	1.32178
80	166	0.883909
80	177	1.27485
80	178	1.24201
81	42	0.836796
81	51	0.868975
81	73	1.22521
81	80	0.876886
81	88	0.832419
81	90	1.28407
81	94	0.897147
81	98	0.832991
81	107	0.880384
81	126	0.850939
81	132	0.869488
81	133	0.871071
81	139	0.827883
81	140	0.848781
81	142	0.851321
81	148	1.43351
81	154	1.373
81	165	1.35105
81	166	0.854915
81	178	1.34068
82	23	1.29613
82	31	1.31646
82	38	1.32462
82	121	0.837161
82	122	0.839557
82	131	1.40947
82	141	1.32688
82	144	0.84063
82	146	0.864175
82	149	1.33281
82	151	0.868752
82	156	0.857603
82	158	0.854604
82	161	0.879603
82	165	0.862671
82	168	0.844491
82	173	0.87024
82	174	0.856589
82	176	0.854206
82	179	0.869716
83	19	0.801545
83	35	0.851896
83	43	0.947052
83	46	0.917005
83	56	0.881119
83	72	0.840222
83	76	1.4202
83	78	0.885237
83	85	0.845645
83	92	0.856673
83	100	0.83259
83	102	0.815662
83	115	0.819102
83	128	1.39301
83	143	0.84404
83	154	1.33289
83	156	0.862208
83	161	1.24349
83	164	1.31641
83	178	1.30056
84	5	0.916896
84	16	0.908029
84	19	0.807536
84	31	0.880898
84	39	0.850099
84	68	0.860993
84	72	0.846214
84	74	0.821911
84	78	0.891229
84	92	0.862664
84	100	0.838582
84	102	0.821653
84	115	0.825093
84	152	1.29654
84	154	1.33093
84	156	0.868199
84	174	1.34302
84	177	1.33146
84	179	1.31361
84	180	1.39253
85	15	0.888279
85	16	0.891149
85	31	0.864018
85	43	0.936163
85	46	0.906117
85	72	0.829334
85	78	0.874348
85	83	0.845645
85	92	0.845784
85	100	0.821701
85	102	0.804773
85	115	0.808213
85	125	1.27351
85	141	1.39275
85	143	0.833152
85	151	1.32405
85	152	1.32385
85	153	1.35073
85	156	0.851319
85	179	1.34093
86	26	1.654
86	56	1.13001
86	90	0.916298
86	125	0.910665
86	138	1.06035
86	143	0.885126
86	147	0.927972
86	149	0.882044
86	150	0.891475
86	151	1.11435
86	157	0.884092
86	162	0.915296
86	165	1.1266
86	166	1.11889
86	167	0.885218
86	169	0.901212
86	174	0.90228
86	175	0.895592
86	176	1.18753
86	178	0.909398
86	180	0.893329
87	18	1.29589
87	28	0.849211
87	41	0.811024
87	42	0.817342
87	53	0.853768
87	79	0.852895
87	80	0.857432
87	88	0.812965
87	94	0.877693
87	107	0.86093
87	121	1.45127
87	132	0.850035
87	133	0.851618
87	139	0.808429
87	140	0.829327
87	142	0.831867
87	150	1.39746
87	151	1.38376
87	166	0.835462
87	167	1.45475
87	177	1.41849
88	13	0.887798
88	28	0.853192
88	51	0.853502
88	79	0.856876
88	81	0.832419
88	87	0.812965
88	90	1.29665
88	96	0.829243
88	120	1.44595
88	124	0.807918
88	126	0.835466
88	132	0.854015
88	133	0.855598
88	139	0.81241
88	140	0.833308
88	142	0.835848
88	144	1.45786
88	166	0.839442
88	167	1.42236
88	169	1.39913
88	177	1.38609
89	15	1.32847
89	73	0.867469
89	77	0.779801
89	93	1.50571
89	98	1.48095
89	125	0.833101
89	135	0.802076
89	145	0.835073
89	147	0.850408
89	150	0.813912
89	159	0.824097
89	161	1.44467
89	162	0.837732
89	163	0.829225
89	164	0.830175
89	166	1.50439
89	167	0.807654
89	169	0.823648
89	172	1.52926
89	175	0.818028
89	178	0.831834
89	180	0.815765
90	81	1.28407
90	86	0.916298
90	88	1.29665
90	94	1.10368
90	102	1.47726
90	118	0.874175
90	128	0.866848
90	141	0.874471
90	145	0.890229
90	147	0.905564
90	148	0.860733
90	150	0.869067
90	153	0.881134
90	155	1.28815
90	160	1.19051
90	161	1.15131
90	162	0.892888
90	167	0.86281
90	171	0.874685
90	175	0.873184
90	178	0.88699
90	180	0.870921
91	2	1.35531
91	3	0.770658
91	28	1.46089
91	45	0.793024
91	62	1.39395
91	63	1.61594
91	104	0.822906
91	133	1.48211
91	134	0.811784
91	137	0.830504
91	138	1.48835
91	147	0.857924
91	154	0.824784
91	155	0.823168
91	160	0.839386
91	164	0.837691
91	169	0.831164
91	170	0.827107
91	172	0.82191
91	178	0.83935
91	179	0.845358
91	180	0.823281
92	5	0.911044
92	16	0.902176
92	31	0.875045
92	39	0.844246
92	43	0.947191
92	52	1.30612
92	67	1.34541
92	68	0.85514
92	72	0.840361
92	78	0.885376
92	83	0.856673
92	84	0.862664
92	85	0.845784
92	100	0.832729
92	102	0.8158
92	115	0.819241
92	143	0.844179
92	146	1.28796
92	147	1.30183
92	152	1.31035
92	156	0.862347
92	160	1.29454
92	174	1.35682
93	2	0.914572
93	24	0.87113
93	37	0.850955
93	47	0.832666
93	54	0.884882
93	60	0.823064
93	63	0.86568
93	89	1.50571
93	110	1.37457
93	111	1.16272
93	112	0.850301
93	117	0.873177
93	119	0.851457
93	123	0.897916
93	128	1.3614
93	129	0.858593
93	130	0.812617
93	136	0.875194
93	138	0.884617
93	148	0.853176
93	151	1.26707
93	161	1.21188
93	174	1.31336
94	41	0.879732
94	79	0.921603
94	80	0.926141
94	81	0.897147
94	87	0.877693
94	90	1.10368
94	96	0.89397
94	98	0.882246
94	107	0.929638
94	110	1.2659
94	124	0.872646
94	126	0.900194
94	132	0.918743
94	133	0.920326
94	136	1.17012
94	139	0.877137
94	140	0.898036
94	142	0.900576
94	144	1.2649
94	159	1.21067
94	166	0.90417
94	174	1.20469
94	175	1.22743
94	178	1.16029
95	27	1.17781
95	54	1.04072
95	63	1.167
95	72	1.2764
95	99	0.881992
95	102	1.36418
95	103	0.904836
95	110	0.875674
95	115	1.25645
95	119	1.16125
95	126	1.1493
95	145	0.911886
95	149	0.881292
95	152	0.907971
95	161	0.924542
95	164	0.906988
95	165	0.90761
95	167	0.884467
95	171	0.896342
95	173	0.91518
95	175	0.894841
95	176	0.899146
95	179	0.914655
95	180	0.892578
96	12	0.801264
96	38	0.831516
96	41	0.827301
96	52	0.867256
96	53	0.870046
96	88	0.829243
96	94	0.89397
96	98	0.829815
96	99	1.43087
96	107	0.877207
96	124	0.820215
96	126	0.847763
96	132	0.866312
96	133	0.867895
96	139	0.824706
96	140	0.845605
96	142	0.848145
96	143	1.38539
96	148	1.40324
96	152	1.30834
96	155	1.39018
96	157	1.43244
96	161	1.25334
96	166	0.851739
97	8	1.19923
97	9	0.800283
97	14	0.796841
97	29	1.33025
97	47	1.52009
97	99	1.46178
97	109	0.843832
97	112	1.43507
97	131	0.840374
97	144	0.846045
97	149	0.841768
97	150	0.8512
97	152	0.868446
97	154	0.854556
97	157	0.843817
97	158	1.29645
97	164	0.867463
97	165	1.35169
97	167	0.844942
97	169	0.860936
97	174	0.862004
97	175	0.855316
97	178	0.869122
97	180	0.853053
98	7	1.60556
98	13	0.88837
98	51	0.854074
98	53	0.858321
98	55	0.852671
98	79	0.857448
98	81	0.832991
98	89	1.48095
98	94	0.882246
98	96	0.829815
98	107	0.865483
98	124	0.80849
98	126	0.836038
98	127	1.31143
98	131	1.39362
98	132	0.854587
98	133	0.85617
98	139	0.812982
98	140	0.83388
98	142	0.83642
98	152	1.24212
98	165	1.25457
98	166	0.840014
98	176	1.31549
99	75	0.884285
99	76	0.811138
99	95	0.881992
99	96	1.43087
99	97	1.46178
99	104	0.836991
99	113	1.3325
99	122	0.829285
99	123	1.26663
99	134	0.825869
99	145	1.27276
99	146	0.853903
99	151	0.858481
99	153	1.41024
99	155	0.837254
99	156	0.847331
99	158	0.844333
99	161	0.869331
99	169	1.43133
99	170	0.841192
99	172	0.835995
99	176	0.843934
99	177	0.839242
99	179	0.859444
100	14	1.6322
100	16	0.878093
100	19	0.7776
100	31	0.850963
100	35	0.827952
100	39	0.820163
100	43	0.923108
100	46	0.893061
100	56	0.857175
100	68	0.831057
100	70	1.51404
100	72	0.816278
100	74	0.791975
100	83	0.83259
100	84	0.838582
100	85	0.821701
100	92	0.832729
100	102	0.791717
100	113	1.30307
100	115	0.795158
100	143	0.820096
100	154	1.38834
100	160	1.33814
100	168	1.45304
100	179	1.37102
101	10	0.810343
101	13	1.13518
101	21	0.917904
101	30	1.27628
101	38	1.33458
101	73	1.15454
101	114	0.888702
101	120	0.863194
101	122	0.867757
101	145	1.15733
101	146	0.892376
101	153	1.29481
101	156	0.885804
101	160	0.891944
101	161	0.907804
101	165	0.890871
101	167	1.33912
101	168	0.872692
101	169	1.31589
101	170	0.879664
101	172	0.874467
101	173	0.898441
101	176	0.882407
101	177	0.877714
101	179	0.897916
102	15	0.858295
102	19	0.760672
102	31	0.834034
102	35	0.811023
102	39	0.803235
102	43	0.90618
102	44	1.31761
102	46	0.876133
102	56	0.840246
102	68	0.814129
102	72	0.79935
102	78	0.844365
102	83	0.815662
102	84	0.821653
102	85	0.804773
102	90	1.47726
102	92	0.8158
102	95	1.36418
102	100	0.791717
102	115	0.778229
102	143	0.803168
102	156	0.821335
102	166	1.53652
102	176	1.60516
102	177	1.56671
102	178	1.53387
103	59	0.800403
103	95	0.904836
103	104	0.859835
103	108	0.849187
103	120	0.847565
103	131	1.37069
103	139	1.30803
103	141	1.28809
103	143	1.29625
103	146	0.876747
103	150	1.23309
103	152	0.875603
103	155	0.860098
103	156	0.870175
103	157	1.3433
103	160	0.876315
103	161	0.892175
103	165	0.875243
103	167	1.29038
103	168	0.857063
103	170	0.864036
103	171	1.28206
103	172	0.858839
103	173	0.882812
103	176	0.866778
103	179	0.882288
104	17	0.794936
104	44	1.13897
104	52	1.34892
104	75	0.894495
104	91	0.822906
104	99	0.836991
104	103	0.859835
104	105	1.40524
104	109	1.44563
104	110	0.830672
104	111	0.875521
104	120	0.834931
104	151	0.86869
104	152	0.862969
104	158	0.854542
104	162	1.32658
104	164	1.37107
104	165	0.862609
104	166	0.85457
104	168	0.844429
104	170	0.851402
104	173	0.870178
104	174	0.856527
104	175	1.42237
104	176	0.854144
104	178	1.35522
104	179	0.869654
105	104	1.40524
105	107	1.2088
105	108	1.42479
105	115	1.47614
105	125	0.864469
105	128	0.84306
105	131	0.834453
105	141	0.850683
105	145	0.866441
105	150	0.845279
105	151	1.31312
105	153	0.857346
105	157	0.837896
105	159	0.855464
105	162	0.869099
105	163	0.860593
105	164	0.861543
105	166	1.31765
105	167	0.839021
105	169	0.855016
105	170	1.36169
105	171	0.850897
105	173	1.27882
105	175	0.849396
105	177	0.849008
105	178	0.863202
105	180	0.847133
106	15	1.15963
106	40	1.4294
106	60	0.813604
106	61	0.84766
106	75	1.28517
106	110	1.43852
106	117	0.863716
106	119	0.841997
106	123	0.888456
106	127	0.86462
106	128	0.849831
106	129	0.849132
106	130	0.803157
106	134	1.39185
106	137	1.36385
106	138	0.875157
106	148	0.843716
106	153	0.864117
106	154	0.855406
106	159	0.862235
106	165	1.34327
106	167	0.845792
106	169	0.861786
106	170	1.37959
106	171	0.857668
106	175	0.856167
106	177	0.855779
107	11	1.08298
107	28	0.901156
107	29	0.893692
107	41	0.862969
107	42	0.869287
107	45	1.4672
107	51	0.901467
107	55	0.900064
107	81	0.880384
107	87	0.86093
107	94	0.929638
107	96	0.877207
107	98	0.865483
107	105	1.2088
107	109	1.24919
107	124	0.855883
107	126	0.883431
107	131	1.30821
107	132	0.90198
107	133	0.903563
107	139	0.860374
107	140	0.881273
107	141	1.22562
107	142	0.883813
107	144	1.2634
107	166	0.887407
107	169	1.20467
107	174	1.2032
108	32	0.84375
108	34	0.816465
108	48	0.7967
108	64	1.3336
108	65	1.47621
108	79	1.41316
108	103	0.849187
108	105	1.42479
108	120	0.824283
108	127	1.44201
108	134	0.825431
108	137	0.844152
108	144	0.82992
108	151	0.858042
108	155	0.836816
108	158	0.843894
108	160	0.853033
108	162	1.34613
108	163	1.3982
108	165	0.85196
108	166	0.843922
108	168	0.833781
108	170	0.840754
108	173	0.85953
108	174	0.845879
108	176	0.843496
108	178	1.37478
108	179	0.859006
109	6	1.63213
109	10	1.5401
109	25	1.35349
109	45	0.808474
109	70	0.815555
109	97	0.843832
109	104	1.44563
109	107	1.24919
109	113	0.859583
109	118	0.841985
109	128	0.834658
109	131	0.826051
109	141	0.842281
109	144	0.831722
109	149	0.827445
109	156	1.34464
109	158	1.31052
109	159	0.847062
109	162	0.860697
109	163	0.852191
109	164	0.853141
109	167	0.830619
109	171	0.842495
109	173	1.31921
109	174	0.847681
109	175	0.840994
109	178	0.8548
109	180	0.838731
110	48	0.790819
110	93	1.37457
110	94	1.2659
110	95	0.875674
110	104	0.830672
110	106	1.43852
110	114	0.84391
110	116	0.833539
110	137	0.838271
110	151	0.852162
110	154	1.40293
110	155	0.830935
110	158	0.838014
110	160	0.847152
110	161	0.863012
110	163	1.39403
110	165	0.84608
110	168	0.827901
110	170	0.834873
110	171	1.43139
110	172	0.829676
110	173	0.853649
110	174	0.839998
110	175	1.43775
110	176	0.837616
110	177	0.832923
110	179	0.853125
110	180	1.46452
111	19	1.53242
111	33	0.884715
111	48	0.835668
111	75	0.922814
111	93	1.16272
111	104	0.875521
111	116	0.878387
111	120	0.863251
111	129	1.26104
111	146	0.892433
111	151	0.89701
111	157	1.28078
111	158	0.882862
111	159	1.20913
111	161	0.907861
111	163	1.18218
111	165	0.890928
111	168	0.872749
111	169	1.20464
111	170	0.879722
111	171	1.21954
111	172	0.874525
111	173	0.898498
111	174	0.884847
111	176	0.882464
111	177	0.877772
111	178	1.15875
111	179	0.897974
112	8	0.895321
112	25	0.844762
112	27	0.847934
112	36	0.821716
112	37	0.82248
112	47	0.804191
112	54	0.856407
112	60	0.794589
112	61	0.828645
112	62	0.917498
112	63	0.837205
112	93	0.850301
112	97	1.43507
112	117	0.844702
112	119	0.822983
112	123	0.869441
112	129	0.830118
112	130	0.784142
112	136	0.846719
112	138	0.856142
112	148	0.824701
112	150	1.37056
112	154	1.39107
112	155	1.43851
112	169	1.40463
112	172	1.38626
112	174	1.40315
112	179	1.37374
113	9	0.816035
113	38	0.855575
113	48	1.46884
113	50	0.885828
113	72	1.39314
113	80	1.18906
113	99	1.3325
113	100	1.30307
113	109	0.859583
113	131	0.856125
113	141	0.872355
113	144	0.861796
113	145	0.888113
113	146	1.18758
113	150	0.866951
113	157	0.859568
113	159	0.877136
113	162	0.890771
113	163	0.882265
113	164	0.883214
113	165	1.22241
113	169	0.876688
113	170	1.25873
113	171	0.872569
113	172	1.23956
113	175	0.871068
113	177	0.87068
113	178	0.884874
113	180	0.868805
114	70	1.39148
114	78	1.21592
114	101	0.888702
114	110	0.84391
114	121	0.850338
114	125	1.18104
114	128	1.3259
114	137	0.868038
114	140	1.26194
114	146	0.877351
114	151	0.881929
114	155	0.860702
114	157	1.35549
114	158	0.867781
114	160	0.876919
114	161	0.892779
114	163	1.25688
114	165	0.875847
114	166	0.867808
114	168	0.857668
114	170	0.86464
114	171	1.29425
114	172	0.859443
114	173	0.883416
114	174	0.869765
114	176	0.867383
114	177	0.86269
114	179	0.882892
114	180	1.32738
115	5	0.873473
115	15	0.861735
115	16	0.864605
115	19	0.764112
115	31	0.837474
115	35	0.814463
115	37	1.48551
115	39	0.806675
115	43	0.90962
115	46	0.879573
115	56	0.843686
115	68	0.817569
115	72	0.80279
115	78	0.847805
115	83	0.819102
115	84	0.825093
115	85	0.808213
115	92	0.819241
115	95	1.25645
115	100	0.795158
115	102	0.778229
115	105	1.47614
115	135	1.55146
115	143	0.806608
115	156	0.824776
115	160	1.40825
115	170	1.47282
115	175	1.49328
115	177	1.45898
116	7	1.62541
116	10	0.784947
116	75	0.897361
116	110	0.833539
116	111	0.878387
116	120	0.837798
116	132	1.21977
116	134	0.838946
116	137	0.857666
116	146	0.86698
116	147	1.25346
116	148	1.35688
116	149	1.33681
116	151	0.871557
116	155	0.85033
116	158	0.857409
116	160	0.866548
116	161	0.882408
116	163	1.28747
116	165	0.865475
116	166	0.857436
116	168	0.847296
116	169	1.30993
116	170	0.854268
116	172	0.849071
116	173	0.873045
116	176	0.857011
116	178	1.26405
116	179	0.87252
116	180	1.35797
117	8	0.918197
117	24	0.865532
117	25	0.867638
117	36	0.844592
117	37	0.845356
117	40	1.40278
117	47	0.827068
117	54	0.879283
117	60	0.817465
117	61	0.851521
117	63	0.860081
117	93	0.873177
117	106	0.863716
117	112	0.844702
117	119	0.845859
117	121	0.847288
117	123	0.892318
117	129	0.852994
117	130	0.807018
117	136	0.869595
117	138	0.879018
117	144	1.41089
117	147	1.29569
117	148	0.847577
117	156	1.29553
117	157	1.42831
117	158	1.26142
117	161	1.24921
117	164	1.32213
117	177	1.33913
118	1	1.1793
118	10	1.5246
118	53	1.27767
118	66	1.17316
118	90	0.874175
118	109	0.841985
118	128	0.847133
118	131	0.838527
118	137	1.37084
118	141	0.854756
118	143	0.843003
118	145	0.870514
118	146	1.31542
118	147	0.885849
118	153	0.861419
118	157	0.841969
118	159	0.859537
118	162	0.873173
118	164	0.865616
118	167	0.843095
118	168	1.43691
118	169	0.859089
118	171	0.85497
118	173	1.30371
118	174	0.860156
118	175	0.853469
118	176	1.41118
118	177	0.853081
118	178	0.867275
118	180	0.851206
119	2	0.887253
119	8	0.896478
119	24	0.843812
119	25	0.845919
119	27	0.849091
119	30	0.8557
119	47	0.805348
119	49	1.19142
119	54	0.857564
119	58	1.62937
119	60	0.795746
119	62	0.918654
119	63	0.838362
119	93	0.851457
119	95	1.16125
119	106	0.841997
119	112	0.822983
119	117	0.845859
119	121	0.825569
119	123	0.870598
119	129	0.831275
119	130	0.785299
119	136	0.847876
119	138	0.857299
119	143	1.40591
119	144	1.43554
119	148	0.825858
119	157	1.45296
119	170	1.37762
119	171	1.39172
119	177	1.36378
120	57	1.28326
120	88	1.44595
120	101	0.863194
120	103	0.847565
120	104	0.834931
120	108	0.824283
120	111	0.863251
120	116	0.837798
120	122	0.827225
120	143	1.43266
120	145	1.245
120	146	0.851843
120	150	1.3695
120	151	0.856421
120	155	0.835194
120	158	0.842273
120	160	0.851411
120	161	0.867271
120	165	0.850339
120	166	0.8423
120	168	0.83216
120	169	1.40357
120	172	0.833935
120	173	0.857908
120	174	0.844257
120	175	1.42483
120	176	0.841875
120	177	0.837182
120	178	1.35768
120	179	0.857384
120	180	1.4516
121	20	0.890219
121	47	0.806778
121	57	1.25618
121	60	0.797175
121	61	0.831231
121	62	0.920084
121	82	0.837161
121	87	1.45127
121	114	0.850338
121	117	0.847288
121	119	0.825569
121	123	0.872028
121	129	0.832704
121	130	0.786728
121	136	0.849305
121	138	0.858728
121	143	1.40558
121	149	1.40336
121	150	1.34242
121	151	0.858589
121	158	0.844441
121	163	1.35403
121	165	0.852507
121	167	1.39972
121	169	1.37649
121	172	0.836103
121	173	0.860077
121	176	0.844043
121	177	0.83935
121	179	0.859552
121	180	1.42453
122	17	0.787229
122	19	1.67956
122	33	0.848689
122	47	1.48467
122	57	1.23147
122	82	0.839557
122	99	0.829285
122	101	0.867757
122	120	0.827225
122	125	1.25348
122	135	1.43123
122	136	0.8517
122	137	0.847093
122	147	1.29531
122	151	0.860984
122	152	0.855263
122	153	1.33069
122	155	0.839757
122	158	0.846836
122	160	0.855975
122	161	0.871835
122	165	0.854902
122	166	0.846863
122	168	0.836723
122	170	0.843695
122	172	0.838498
122	176	0.846438
122	177	0.841745
122	178	1.3059
122	179	0.861947
122	180	1.39982
123	2	0.933712
123	24	0.890271
123	25	0.892378
123	27	0.89555
123	36	0.869332
123	37	0.870095
123	47	0.851807
123	61	0.876261
123	62	0.965113
123	63	0.884821
123	76	1.26581
123	77	1.40453
123	93	0.897916
123	99	1.26663
123	106	0.888456
123	112	0.869441
123	117	0.892318
123	119	0.870598
123	121	0.872028
123	129	0.877734
123	130	0.831758
123	136	0.894335
123	138	0.903758
123	144	1.25078
123	147	1.13558
123	148	0.872317
123	159	1.19655
123	167	1.21528
123	168	1.24319
123	169	1.19206
123	180	1.24009
124	4	0.778974
124	12	0.77994
124	13	0.878771
124	28	0.844164
124	42	0.812295
124	52	0.845932
124	53	0.848722
124	55	0.843072
124	66	0.899848
124	79	0.847848
124	80	0.852386
124	88	0.807918
124	94	0.872646
124	96	0.820215
124	98	0.80849
124	107	0.855883
124	126	0.826439
124	132	0.844988
124	133	0.846571
124	134	1.44366
124	139	0.803382
124	140	0.824281
124	142	0.826821
124	143	1.45968
124	152	1.38263
124	159	1.43509
124	166	0.830415
124	172	1.41222
124	173	1.34853
124	174	1.42911
124	177	1.41755
124	180	1.47863
125	25	1.21067
125	26	1.75033
125	49	0.90947
125	62	1.06228
125	64	0.86272
125	65	0.862408
125	85	1.27351
125	86	0.910665
125	89	0.833101
125	105	0.864469
125	114	1.18104
125	122	1.25348
125	129	1.31485
125	135	0.851599
125	141	0.868839
125	145	0.884596
125	147	0.899931
125	150	0.863434
125	153	0.875501
125	155	1.29233
125	159	0.87362
125	162	0.887255
125	163	0.878748
125	166	1.21522
125	167	0.857177
125	169	0.873171
125	171	0.869053
125	172	1.24008
125	174	0.874239
125	175	0.867551
125	177	0.867163
125	180	0.865288
126	4	0.806521
126	12	0.807487
126	13	0.906318
126	28	0.871712
126	29	0.864247
126	51	0.872022
126	53	0.876269
126	55	0.87062
126	66	0.927396
126	67	1.35198
126	79	0.875396
126	81	0.850939
126	88	0.835466
126	94	0.900194
126	95	1.1493
126	96	0.847763
126	98	0.836038
126	107	0.883431
126	124	0.826439
126	128	1.41143
126	132	0.872535
126	133	0.874118
126	139	0.83093
126	140	0.851828
126	142	0.854368
126	145	1.2063
126	150	1.3308
126	160	1.30111
126	166	0.857962
126	170	1.36568
126	173	1.28281
126	176	1.39028
126	180	1.41291
127	7	0.80368
127	13	1.19739
127	54	1.27764
127	57	0.8794
127	69	0.838084
127	98	1.31143
127	106	0.86462
127	108	1.44201
127	131	0.845989
127	135	0.844979
127	140	1.3607
127	141	0.862219
127	147	0.893311
127	149	0.847383
127	151	1.33033
127	152	0.874061
127	153	0.868882
127	154	0.860171
127	156	1.32147
127	157	0.849432
127	159	0.867
127	160	1.31434
127	161	1.27514
127	162	0.880635
127	163	0.872128
127	164	0.873078
127	167	0.850557
127	171	0.862433
127	172	1.35973
127	174	0.867619
127	175	0.860932
127	178	0.874737
127	180	0.858668
128	3	0.791256
128	18	0.891445
128	21	1.22086
128	83	1.39301
128	90	0.866848
128	93	1.3614
128	105	0.84306
128	106	0.849831
128	109	0.834658
128	114	1.3259
128	118	0.847133
128	126	1.41143
128	138	1.30154
128	139	1.44419
128	141	0.847429
128	145	0.863187
128	147	0.878522
128	150	0.842025
128	154	0.845382
128	157	0.834642
128	159	0.85221
128	161	1.30036
128	162	0.865846
128	163	0.857339
128	164	0.858289
128	167	0.835768
128	169	0.851762
128	170	1.40412
128	171	0.847644
128	175	0.846142
128	176	1.42872
128	177	0.845754
128	178	0.859948
128	180	0.843879
129	5	0.901843
129	8	0.903613
129	24	0.850948
129	25	0.853054
129	27	0.856226
129	30	0.862835
129	36	0.830008
129	37	0.830772
129	47	0.812484
129	49	1.22776
129	54	0.864699
129	60	0.802881
129	61	0.836937
129	62	0.92579
129	63	0.845497
129	93	0.858593
129	106	0.849132
129	111	1.26104
129	112	0.830118
129	117	0.852994
129	119	0.831275
129	121	0.832704
129	123	0.877734
129	125	1.31485
129	130	0.792434
129	138	0.864434
129	146	1.34281
129	148	0.832993
129	151	1.36539
129	164	1.38312
129	167	1.43638
129	175	1.43442
129	176	1.43857
129	177	1.40012
130	2	0.848413
130	5	0.855867
130	8	0.857637
130	20	1.43471
130	24	0.804972
130	25	0.807078
130	27	0.81025
130	30	0.816859
130	36	0.784032
130	37	0.784796
130	47	0.766508
130	54	0.818723
130	60	0.756905
130	61	0.790961
130	62	0.879814
130	63	0.799521
130	64	1.53706
130	93	0.812617
130	106	0.803157
130	112	0.784142
130	117	0.807018
130	119	0.785299
130	121	0.786728
130	123	0.831758
130	129	0.792434
130	136	0.809035
130	138	0.818458
130	144	1.68285
130	145	1.46556
130	146	1.55378
130	148	0.787017
130	158	1.53337
130	159	1.62862
130	162	1.54959
130	174	1.62264
131	11	0.886122
131	23	0.85066
131	24	1.37952
131	35	0.834925
131	53	1.35219
131	77	0.799308
131	82	1.40947
131	97	0.840374
131	98	1.39362
131	103	1.37069
131	105	0.834453
131	107	1.30821
131	109	0.826051
131	113	0.856125
131	118	0.838527
131	127	0.845989
131	134	1.47336
131	136	1.42424
131	144	0.828264
131	146	1.38995
131	147	0.869915
131	149	0.823987
131	150	0.833419
131	154	0.836776
131	155	1.49417
131	157	0.826036
131	163	0.848732
131	164	0.849682
131	167	0.827161
131	169	0.843156
131	171	0.839037
131	175	0.837536
131	177	0.837148
131	178	0.851342
131	180	0.835272
132	12	0.826037
132	13	0.924868
132	20	1.07718
132	28	0.890261
132	29	0.882796
132	38	0.856289
132	41	0.852074
132	51	0.890571
132	53	0.894818
132	55	0.889169
132	58	1.51914
132	80	0.898482
132	81	0.869488
132	87	0.850035
132	88	0.854015
132	94	0.918743
132	96	0.866312
132	98	0.854587
132	107	0.90198
132	116	1.21977
132	124	0.844988
132	126	0.872535
132	133	0.892667
132	139	0.849479
132	140	0.870377
132	141	1.28753
132	142	0.872917
132	144	1.32532
132	148	1.31354
132	151	1.21883
132	152	1.21863
132	166	0.876511
132	174	1.26511
132	177	1.25355
132	180	1.31463
133	1	1.04227
133	7	1.56422
133	12	0.827619
133	13	0.92645
133	29	0.884379
133	38	0.857871
133	41	0.853657
133	42	0.859975
133	51	0.892154
133	53	0.896401
133	55	0.890752
133	79	0.895528
133	81	0.871071
133	87	0.851618
133	88	0.855598
133	91	1.48211
133	94	0.920326
133	96	0.867895
133	98	0.85617
133	107	0.903563
133	124	0.846571
133	126	0.874118
133	132	0.892667
133	139	0.851062
133	140	0.87196
133	142	0.8745
133	144	1.30747
133	146	1.1784
133	152	1.20079
133	156	1.19211
133	163	1.22628
133	166	0.878094
133	168	1.29988
133	176	1.27416
133	177	1.2357
134	4	1.62839
134	22	0.756647
134	50	1.28983
134	70	1.48195
134	75	0.883373
134	91	0.811784
134	99	0.825869
134	106	1.39185
134	108	0.825431
134	116	0.838946
134	124	1.44366
134	131	1.47336
134	136	0.848285
134	137	0.843678
134	142	1.32075
134	144	0.829446
134	146	0.852991
134	151	0.857569
134	152	0.851848
134	154	1.35626
134	155	0.836342
134	156	0.84642
134	158	0.843421
134	162	1.29529
134	165	0.851487
134	166	0.843448
134	168	0.833307
134	170	0.84028
134	172	0.835083
134	173	0.859056
134	174	0.845405
134	176	0.843022
134	177	0.83833
134	178	1.32394
134	179	0.858532
135	11	0.885112
135	25	1.38842
135	32	1.35526
135	33	1.35967
135	35	0.833915
135	45	0.804006
135	56	1.40409
135	69	0.813679
135	70	0.811087
135	73	0.885966
135	89	0.802076
135	115	1.55146
135	122	1.43123
135	125	0.851599
135	127	0.844979
135	146	1.36585
135	147	0.868905
135	149	0.822977
135	151	1.38843
135	152	0.849656
135	153	0.844476
135	154	0.835766
135	157	0.825026
135	158	1.34545
135	159	0.842594
135	162	0.856229
135	163	0.847723
135	164	0.848672
135	167	0.826151
135	169	0.842146
135	175	0.836526
135	177	0.836138
135	178	0.850332
135	179	1.40531
135	180	0.834263
136	23	1.3109
136	25	0.869655
136	36	0.846609
136	42	1.36541
136	54	0.8813
136	55	1.25547
136	63	0.862098
136	69	1.47907
136	93	0.875194
136	94	1.17012
136	112	0.846719
136	117	0.869595
136	119	0.847876
136	121	0.849305
136	122	0.8517
136	123	0.894335
136	130	0.809035
136	131	1.42424
136	134	0.848285
136	138	0.881035
136	142	1.27163
136	145	1.16214
136	151	0.880896
136	155	0.859669
136	157	1.39685
136	158	0.866748
136	159	1.3252
136	160	0.875887
136	162	1.24617
136	165	0.874814
136	168	0.856635
136	170	0.863607
136	172	0.85841
136	173	0.882384
136	176	0.86635
136	179	0.881859
137	6	0.795354
137	40	0.835096
137	43	1.0847
137	59	0.795367
137	65	1.39737
137	77	1.5543
137	91	0.830504
137	106	1.36385
137	108	0.844152
137	110	0.838271
137	114	0.868038
137	116	0.857666
137	118	1.37084
137	122	0.847093
137	134	0.843678
137	143	1.37091
137	144	0.848167
137	146	0.871712
137	148	1.38877
137	151	0.876289
137	153	1.32074
137	155	0.855063
137	158	0.862141
137	159	1.34632
137	160	0.87128
137	161	0.88714
137	163	1.31936
137	165	0.870207
137	168	0.852028
137	170	0.859001
137	172	0.853804
137	173	0.877777
137	174	0.864126
137	176	0.861743
137	177	0.857051
137	178	1.29594
137	179	0.877253
138	2	0.920413
138	5	0.927867
138	8	0.929637
138	24	0.876972
138	25	0.879078
138	27	0.88225
138	30	0.888859
138	36	0.856032
138	37	0.856796
138	47	0.838508
138	54	0.890723
138	60	0.828905
138	61	0.862961
138	62	0.951814
138	63	0.871521
138	69	1.41335
138	86	1.06035
138	91	1.48835
138	93	0.884617
138	106	0.875157
138	112	0.856142
138	117	0.879018
138	119	0.857299
138	121	0.858728
138	123	0.903758
138	128	1.30154
138	129	0.864434
138	130	0.818458
138	136	0.881035
138	143	1.28408
138	148	0.859017
138	152	1.20703
138	164	1.22495
138	167	1.27821
138	169	1.25498
138	172	1.23662
138	174	1.2535
138	178	1.2091
139	4	0.783465
139	12	0.784431
139	13	0.883262
139	17	1.69999
139	18	1.262
139	28	0.848655
139	29	0.841191
139	38	0.814683
139	41	0.810468
139	42	0.816786
139	51	0.848966
139	53	0.853213
139	55	0.847563
139	58	1.65018
139	66	0.904339
139	79	0.852339
139	80	0.856877
139	81	0.827883
139	87	0.808429
139	88	0.81241
139	94	0.877137
139	96	0.824706
139	98	0.812982
139	103	1.30803
139	107	0.860374
139	124	0.803382
139	126	0.83093
139	128	1.44419
139	132	0.849479
139	133	0.851062
139	140	0.828772
139	142	0.831312
139	152	1.34968
139	159	1.40213
139	164	1.3676
139	166	0.834906
139	171	1.41254
139	173	1.31557
139	174	1.39615
140	4	0.804363
140	12	0.805329
140	13	0.90416
140	18	1.20372
140	28	0.869554
140	29	0.862089
140	41	0.831367
140	42	0.837685
140	49	1.15395
140	51	0.869864
140	52	0.871322
140	53	0.874111
140	55	0.868462
140	58	1.5919
140	66	0.925238
140	79	0.873238
140	80	0.877775
140	81	0.848781
140	87	0.829327
140	88	0.833308
140	94	0.898036
140	96	0.845605
140	98	0.83388
140	107	0.881273
140	114	1.26194
140	124	0.824281
140	126	0.851828
140	127	1.3607
140	132	0.870377
140	133	0.87196
140	139	0.828772
140	142	0.85221
140	153	1.31827
140	164	1.30932
140	166	0.855804
140	168	1.39049
140	171	1.35426
140	174	1.33788
140	175	1.36062
140	176	1.36477
141	6	1.60855
141	17	0.798862
141	30	0.871156
141	32	1.29676
141	65	0.848622
141	66	1.16509
141	77	0.815538
141	82	1.32688
141	85	1.39275
141	90	0.874471
141	103	1.28809
141	105	0.850683
141	107	1.22562
141	109	0.842281
141	113	0.872355
141	118	0.854756
141	125	0.868839
141	127	0.862219
141	128	0.847429
141	132	1.28753
141	145	0.87081
141	147	0.886145
141	149	0.840217
141	152	0.866895
141	153	0.861716
141	154	0.853005
141	158	1.28694
141	159	0.859834
141	162	0.873469
141	163	0.864962
141	164	0.865912
141	166	1.33446
141	169	0.859385
141	170	1.3785
141	171	0.855267
141	174	0.860453
141	175	0.853766
141	176	1.40311
141	177	0.853378
141	178	0.867571
142	4	0.806903
142	12	0.807869
142	28	0.872094
142	29	0.864629
142	30	1.26807
142	38	0.838121
142	41	0.833907
142	42	0.840225
142	51	0.872404
142	52	0.873862
142	53	0.876651
142	55	0.871002
142	66	0.927778
142	70	1.41982
142	74	1.44037
142	79	0.875778
142	80	0.880315
142	81	0.851321
142	87	0.831867
142	88	0.835848
142	94	0.900576
142	96	0.848145
142	98	0.83642
142	107	0.883813
142	124	0.826821
142	126	0.854368
142	132	0.872917
142	133	0.8745
142	134	1.32075
142	136	1.27163
142	139	0.831312
142	140	0.85221
142	148	1.35463
142	155	1.34157
142	157	1.38383
142	166	0.858344
142	174	1.30621
142	175	1.32895
142	177	1.29465
142	179	1.2768
143	15	0.886674
143	19	0.789051
143	43	0.934558
143	46	0.904512
143	56	0.868625
143	68	0.842507
143	72	0.827729
143	78	0.872743
143	83	0.84404
143	85	0.833152
143	86	0.885126
143	92	0.844179
143	96	1.38539
143	100	0.820096
143	102	0.803168
143	103	1.29625
143	115	0.806608
143	118	0.843003
143	119	1.40591
143	120	1.43266
143	121	1.40558
143	124	1.45968
143	137	1.37091
143	138	1.28408
143	145	0.859057
143	149	0.828464
143	151	1.33808
143	152	0.855142
143	154	0.841252
143	156	0.849714
143	157	0.830513
143	160	1.32208
143	163	0.853209
143	164	0.854159
143	165	1.35033
143	166	1.34261
143	171	0.843514
143	175	0.842012
143	177	0.841624
143	178	0.855818
143	180	0.839749
144	2	1.18067
144	15	1.19632
144	60	1.624
144	82	0.84063
144	88	1.45786
144	94	1.2649
144	97	0.846045
144	107	1.2634
144	108	0.82992
144	109	0.831722
144	113	0.861796
144	117	1.41089
144	119	1.43554
144	123	1.25078
144	130	1.68285
144	131	0.828264
144	132	1.32532
144	133	1.30747
144	134	0.829446
144	137	0.848167
144	147	0.875586
144	150	0.83909
144	152	0.856337
144	156	0.850909
144	158	0.84791
144	159	0.849275
144	161	0.872908
144	162	0.86291
144	164	0.855353
144	168	0.837796
144	169	0.848827
144	170	0.844769
144	171	0.844708
144	172	0.839572
144	173	0.863545
144	175	0.843207
144	176	0.847511
144	177	0.842819
144	178	0.857013
144	179	0.863021
144	180	0.840944
145	22	1.71423
145	38	0.85403
145	50	0.884284
145	57	0.887992
145	58	0.806946
145	59	1.56008
145	70	0.844085
145	71	0.840046
145	74	1.33087
145	89	0.835073
145	90	0.890229
145	95	0.911886
145	99	1.27276
145	101	1.15733
145	105	0.866441
145	113	0.888113
145	118	0.870514
145	120	1.245
145	125	0.884596
145	126	1.2063
145	128	0.863187
145	130	1.46556
145	136	1.16214
145	141	0.87081
145	143	0.859057
145	147	0.901903
145	148	0.857072
145	149	0.855974
145	150	0.865406
145	153	0.877473
145	154	0.868763
145	157	0.858023
145	159	0.875591
145	161	1.09523
145	163	0.88072
145	164	0.88167
145	166	1.15496
145	168	1.24933
145	172	1.17982
145	175	0.869523
145	178	0.883329
145	180	0.86726
146	6	0.804668
146	18	0.912055
146	21	0.906553
146	23	1.27661
146	26	0.784627
146	62	1.09024
146	71	1.4018
146	73	1.12506
146	76	0.83826
146	82	0.864175
146	92	1.28796
146	99	0.853903
146	101	0.892376
146	103	0.876747
146	111	0.892433
146	113	1.18758
146	114	0.877351
146	116	0.86698
146	118	1.31542
146	120	0.851843
146	129	1.34281
146	130	1.55378
146	131	1.38995
146	133	1.1784
146	134	0.852991
146	135	1.36585
146	137	0.871712
146	151	0.885602
146	155	0.864376
146	158	0.871454
146	160	0.880593
146	161	0.896453
146	165	0.879521
146	166	0.871482
146	168	0.861341
146	169	1.28641
146	170	0.868314
146	172	0.863117
146	173	0.88709
146	176	0.871056
146	177	0.866364
146	179	0.886566
147	3	0.829972
147	16	1.1441
147	33	1.22375
147	34	1.35672
147	56	1.26817
147	58	0.822281
147	64	0.880026
147	70	0.859419
147	71	0.855381
147	75	1.20667
147	86	0.927972
147	89	0.850408
147	90	0.905564
147	91	0.857924
147	92	1.30183
147	116	1.25346
147	117	1.29569
147	118	0.885849
147	122	1.29531
147	123	1.13558
147	125	0.899931
147	127	0.893311
147	128	0.878522
147	131	0.869915
147	135	0.868905
147	141	0.886145
147	144	0.875586
147	145	0.901903
147	148	0.872407
147	154	0.884098
147	157	0.873358
147	159	0.890926
147	160	1.23652
147	162	0.904561
147	163	0.896054
147	164	0.897004
147	167	0.874483
147	169	0.890478
147	171	0.886359
147	172	1.28192
147	176	1.32569
147	178	0.898664
147	179	1.2694
147	180	0.882594
148	2	0.888972
148	5	0.896426
148	28	1.27447
148	36	0.824592
148	37	0.825355
148	48	1.61462
148	60	0.797464
148	61	0.831521
148	63	0.84008
148	68	1.40907
148	70	0.814589
148	81	1.43351
148	90	0.860733
148	93	0.853176
148	96	1.40324
148	106	0.843716
148	112	0.824701
148	116	1.35688
148	117	0.847577
148	119	0.825858
148	123	0.872317
148	129	0.832993
148	130	0.787017
148	132	1.31354
148	137	1.38877
148	138	0.859017
148	142	1.35463
148	145	0.857072
148	147	0.872407
148	153	0.847977
148	154	0.839267
148	156	1.34707
148	157	0.828528
148	160	1.33994
148	162	0.859731
148	163	0.851224
148	164	0.852174
148	169	0.845647
148	171	0.841529
148	172	1.38534
148	174	0.846715
148	175	0.840027
148	178	0.853833
148	179	1.37282
148	180	0.837764
149	9	0.783896
149	18	0.884232
149	32	1.30268
149	33	1.30709
149	44	0.885447
149	57	0.857398
149	59	1.74551
149	67	0.829726
149	69	0.816082
149	82	1.33281
149	86	0.882044
149	95	0.881292
149	97	0.841768
149	109	0.827445
149	116	1.33681
149	121	1.40336
149	127	0.847383
149	131	0.823987
149	135	0.822977
149	141	0.840217
149	143	0.828464
149	145	0.855974
149	150	0.834813
149	151	1.33586
149	152	0.852059
149	153	0.84688
149	154	0.838169
149	155	1.41751
149	157	0.82743
149	159	0.844998
149	162	0.858633
149	163	0.850126
149	164	0.851076
149	165	1.34811
149	167	0.828555
149	169	0.844549
149	170	1.38443
149	171	0.840431
149	172	1.36526
149	173	1.30156
149	174	0.845617
149	175	0.83893
149	176	1.40904
149	178	0.852735
149	180	0.836666
150	4	1.58126
150	11	0.896948
150	44	0.894879
150	45	0.815841
150	50	0.863122
150	57	0.86683
150	61	1.38918
150	74	1.45537
150	86	0.891475
150	87	1.39746
150	89	0.813912
150	90	0.869067
150	97	0.8512
150	103	1.23309
150	105	0.845279
150	112	1.37056
150	113	0.866951
150	120	1.3695
150	121	1.34242
150	125	0.863434
150	126	1.3308
150	128	0.842025
150	131	0.833419
150	144	0.83909
150	145	0.865406
150	149	0.834813
150	152	0.861491
150	153	0.856312
150	154	0.847601
150	156	1.26605
150	157	0.836862
150	159	0.85443
150	161	1.21973
150	162	0.868065
150	163	0.859558
150	164	0.860508
150	167	0.837987
150	169	0.853981
150	171	0.849863
150	172	1.30432
150	173	1.24063
150	174	0.855049
150	175	0.848362
150	177	0.847974
150	178	0.862167
150	179	1.2918
150	180	0.846098
151	10	0.80357
151	22	0.789258
151	34	0.848602
151	59	0.809258
151	74	0.832742
151	76	0.842838
151	82	0.868752
151	85	1.32405
151	86	1.11435
151	87	1.38376
151	93	1.26707
151	99	0.858481
151	104	0.86869
151	105	1.31312
151	108	0.858042
151	110	0.852162
151	111	0.89701
151	114	0.881929
151	116	0.871557
151	120	0.856421
151	121	0.858589
151	122	0.860984
151	127	1.33033
151	129	1.36539
151	132	1.21883
151	134	0.857569
151	135	1.38843
151	136	0.880896
151	137	0.876289
151	143	1.33808
151	146	0.885602
151	149	1.33586
151	152	0.884459
151	155	0.868953
151	158	0.876032
151	159	1.31349
151	160	0.88517
151	161	0.90103
151	162	1.23446
151	165	0.884098
151	168	0.865919
151	171	1.32389
151	172	0.867694
151	173	0.891668
151	174	0.878016
151	176	0.875634
151	177	0.870941
151	179	0.891143
151	180	1.35703
152	3	0.810722
152	12	1.61657
152	36	1.34401
152	58	0.803031
152	68	1.31416
152	78	1.24537
152	80	1.23993
152	84	1.29654
152	85	1.32385
152	92	1.31035
152	95	0.907971
152	96	1.30834
152	97	0.868446
152	98	1.24212
152	103	0.875603
152	104	0.862969
152	122	0.855263
152	124	1.38263
152	127	0.874061
152	132	1.21863
152	133	1.20079
152	134	0.851848
152	135	0.849656
152	138	1.20703
152	139	1.34968
152	141	0.866895
152	143	0.855142
152	144	0.856337
152	149	0.852059
152	150	0.861491
152	151	0.884459
152	155	0.863232
152	156	0.87331
152	158	0.870311
152	161	0.895309
152	164	0.877755
152	167	0.855234
152	168	0.860198
152	169	0.871228
152	170	0.86717
152	171	0.867109
152	172	0.861973
152	174	0.872295
152	175	0.865608
152	176	0.869913
152	177	0.86522
152	178	0.879414
152	179	0.885422
152	180	0.863345
153	6	1.56652
153	7	0.803177
153	9	0.805395
153	14	0.801953
153	30	0.877819
153	41	1.36845
153	44	0.906946
153	64	0.855597
153	65	0.855285
153	71	0.830952
153	77	0.822201
153	85	1.35073
153	90	0.881134
153	99	1.41024
153	101	1.29481
153	105	0.857346
153	106	0.864117
153	118	0.861419
153	122	1.33069
153	125	0.875501
153	127	0.868882
153	135	0.844476
153	137	1.32074
153	140	1.31827
153	141	0.861716
153	145	0.877473
153	148	0.847977
153	149	0.84688
153	150	0.856312
153	154	0.859668
153	156	1.27903
153	157	0.848929
153	158	1.24492
153	159	0.866497
153	162	0.880132
153	163	0.871625
153	164	0.872575
153	166	1.29244
153	167	0.850054
153	169	0.866048
153	170	1.33647
153	171	0.86193
153	172	1.3173
153	173	1.25361
153	174	0.867116
153	175	0.860428
153	177	0.860041
153	178	0.874234
153	179	1.30478
153	180	0.858165
154	14	0.793243
154	23	0.864842
154	45	0.819198
154	50	0.866479
154	63	1.36901
154	64	0.846887
154	65	0.846574
154	67	0.842515
154	70	0.82628
154	71	0.822242
154	73	0.901159
154	74	1.47587
154	81	1.373
154	83	1.33289
154	84	1.33093
154	91	0.824784
154	97	0.854556
154	100	1.38834
154	106	0.855406
154	110	1.40293
154	112	1.39107
154	127	0.860171
154	128	0.845382
154	131	0.836776
154	134	1.35626
154	135	0.835766
154	141	0.853005
154	143	0.841252
154	145	0.868763
154	147	0.884098
154	148	0.839267
154	149	0.838169
154	150	0.847601
154	153	0.859668
154	158	1.25244
154	159	0.857786
154	162	0.871422
154	163	0.862915
154	164	0.863865
154	166	1.29996
154	167	0.841344
154	168	1.39433
154	169	0.857338
154	170	1.344
154	171	0.853219
154	175	0.851718
154	176	1.3686
154	177	0.85133
154	178	0.865524
154	179	1.31231
154	180	0.849455
155	26	0.767977
155	32	0.854661
155	49	0.892021
155	59	0.788031
155	67	0.840899
155	73	1.22929
155	75	0.894757
155	76	0.821611
155	80	1.32178
155	90	1.28815
155	91	0.823168
155	96	1.39018
155	99	0.837254
155	103	0.860098
155	108	0.836816
155	110	0.830935
155	112	1.43851
155	114	0.860702
155	116	0.85033
155	120	0.835194
155	122	0.839757
155	125	1.29233
155	131	1.49417
155	134	0.836342
155	136	0.859669
155	137	0.855063
155	142	1.34157
155	146	0.864376
155	149	1.41751
155	151	0.868953
155	152	0.863232
155	156	0.857804
155	158	0.854805
155	159	1.39513
155	160	0.863944
155	161	0.879804
155	162	1.31611
155	163	1.36818
155	164	1.3606
155	165	0.862871
155	166	0.854832
155	167	1.41386
155	168	0.844692
155	170	0.851665
155	172	0.846468
155	173	0.870441
155	174	0.85679
155	176	0.854407
155	177	0.849714
155	178	1.34475
155	179	0.869917
156	5	0.916579
156	11	1.17843
156	12	1.60789
156	15	0.904841
156	16	0.907711
156	19	0.807218
156	25	1.25234
156	31	0.880581
156	39	0.849781
156	46	0.922679
156	52	1.24793
156	56	0.886792
156	64	1.21306
156	68	0.860675
156	72	0.845896
156	78	0.890911
156	82	0.857603
156	83	0.862208
156	84	0.868199
156	85	0.851319
156	92	0.862347
156	99	0.847331
156	101	0.885804
156	102	0.821335
156	103	0.870175
156	109	1.34464
156	115	0.824776
156	117	1.29553
156	127	1.32147
156	133	1.19211
156	134	0.84642
156	143	0.849714
156	144	0.850909
156	148	1.34707
156	150	1.26605
156	152	0.87331
156	153	1.27903
156	155	0.857804
156	160	0.874021
156	161	0.889881
156	163	1.27766
156	165	0.872949
156	168	0.85477
156	170	0.861742
156	171	1.31502
156	172	0.856545
156	173	0.880519
156	174	0.866867
156	175	1.32138
156	177	0.859792
156	179	0.879994
156	180	1.34816
157	2	1.19809
157	3	0.786093
157	9	0.785945
157	20	0.891459
157	23	0.854102
157	35	0.838368
157	44	0.887496
157	50	0.855739
157	65	0.835835
157	71	0.811502
157	72	1.56811
157	73	0.890419
157	77	0.802751
157	86	0.884092
157	96	1.43244
157	97	0.843817
157	103	1.3433
157	105	0.837896
157	111	1.28078
157	113	0.859568
157	114	1.35549
157	117	1.42831
157	118	0.841969
157	119	1.45296
157	127	0.849432
157	128	0.834642
157	131	0.826036
157	135	0.825026
157	136	1.39685
157	142	1.38383
157	143	0.830513
157	145	0.858023
157	147	0.873358
157	148	0.828528
157	149	0.82743
157	150	0.836862
157	153	0.848929
157	159	0.847047
157	161	1.32994
157	163	0.852175
157	164	0.853125
157	165	1.39738
157	166	1.38967
157	167	0.830604
157	168	1.48403
157	169	0.846598
157	171	0.84248
157	173	1.35084
157	174	0.847666
157	175	0.840979
157	178	0.854784
157	180	0.838715
158	1	0.897763
158	12	1.57378
158	21	0.896983
158	33	0.863737
158	40	0.834839
158	50	1.18602
158	52	1.21382
158	58	0.794604
158	61	1.33249
158	65	1.32155
158	66	0.931345
158	71	1.38139
158	74	0.818594
158	75	0.901836
158	82	0.854604
158	97	1.29645
158	99	0.844333
158	104	0.854542
158	108	0.843894
158	109	1.31052
158	110	0.838014
158	111	0.882862
158	114	0.867781
158	116	0.857409
158	117	1.26142
158	120	0.842273
158	121	0.844441
158	122	0.846836
158	130	1.53337
158	134	0.843421
158	135	1.34545
158	136	0.866748
158	137	0.862141
158	141	1.28694
158	144	0.84791
158	146	0.871454
158	151	0.876032
158	152	0.870311
158	153	1.24492
158	154	1.25244
158	155	0.854805
158	159	1.2705
158	160	0.871022
158	161	0.886882
158	165	0.86995
158	166	0.861911
158	168	0.851771
158	170	0.858743
158	171	1.28091
158	172	0.853546
158	173	0.87752
158	174	0.863868
158	176	0.861486
158	177	0.856793
158	179	0.876995
158	180	1.31404
159	7	0.801295
159	13	1.18054
159	20	0.909028
159	28	1.23202
159	38	0.843054
159	44	0.905064
159	50	0.873307
159	52	0.878794
159	57	0.877015
159	65	0.853403
159	73	0.907987
159	77	0.820319
159	78	1.29782
159	89	0.824097
159	94	1.21067
159	105	0.855464
159	106	0.862235
159	109	0.847062
159	111	1.20913
159	113	0.877136
159	118	0.859537
159	123	1.19655
159	124	1.43509
159	125	0.87362
159	127	0.867
159	128	0.85221
159	130	1.62862
159	135	0.842594
159	136	1.3252
159	137	1.34632
159	139	1.40213
159	141	0.859834
159	144	0.849275
159	145	0.875591
159	147	0.890926
159	149	0.844998
159	150	0.85443
159	151	1.31349
159	153	0.866497
159	154	0.857786
159	155	1.39513
159	157	0.847047
159	158	1.2705
159	163	0.869743
159	164	0.870693
159	167	0.848172
159	169	0.864166
159	171	0.860048
159	172	1.34288
159	173	1.27919
159	174	0.865234
159	175	0.858547
159	177	0.858159
159	178	0.872352
159	179	1.33037
159	180	0.856283
160	1	0.906902
160	6	0.804236
160	9	1.54514
160	10	0.79856
160	22	0.784248
160	32	0.870878
160	33	0.872875
160	34	0.843593
160	40	0.843977
160	48	0.823828
160	49	0.908238
160	55	1.22775
160	57	1.17268
160	59	0.804248
160	76	0.837828
160	77	1.50547
160	90	1.19051
160	91	0.839386
160	92	1.29454
160	100	1.33814
160	101	0.891944
160	103	0.876315
160	108	0.853033
160	110	0.847152
160	114	0.876919
160	115	1.40825
160	116	0.866548
160	120	0.851411
160	122	0.855975
160	126	1.30111
160	127	1.31434
160	136	0.875887
160	137	0.87128
160	143	1.32208
160	146	0.880593
160	147	1.23652
160	148	1.33994
160	151	0.88517
160	155	0.863944
160	156	0.874021
160	158	0.871022
160	161	0.896021
160	164	1.26296
160	165	0.879089
160	166	0.87105
160	168	0.860909
160	169	1.29299
160	170	0.867882
160	172	0.862685
160	173	0.886658
160	174	0.873007
160	175	1.31426
160	176	0.870624
160	177	0.865932
160	179	0.886134
160	180	1.34103
161	10	0.81442
161	19	1.58158
161	22	0.800108
161	26	0.800055
161	32	0.886738
161	34	0.859453
161	37	1.2673
161	40	0.859837
161	48	0.839688
161	59	0.820108
161	67	0.872976
161	82	0.879603
161	83	1.24349
161	89	1.44467
161	90	1.15131
161	93	1.21188
161	95	0.924542
161	96	1.25334
161	99	0.869331
161	101	0.907804
161	103	0.892175
161	110	0.863012
161	111	0.907861
161	114	0.892779
161	116	0.882408
161	117	1.24921
161	120	0.867271
161	122	0.871835
161	127	1.27514
161	128	1.30036
161	137	0.88714
161	144	0.872908
161	145	1.09523
161	146	0.896453
161	150	1.21973
161	151	0.90103
161	152	0.895309
161	155	0.879804
161	156	0.889881
161	157	1.32994
161	158	0.886882
161	160	0.896021
161	162	1.17927
161	163	1.23134
161	164	1.22376
161	165	0.894949
161	166	0.88691
161	167	1.27702
161	168	0.876769
161	170	0.883742
161	172	0.878545
161	173	0.902518
161	174	0.888867
161	175	1.27506
161	176	0.886484
161	177	0.881792
161	179	0.901994
162	7	0.814931
162	11	0.920768
162	14	0.813706
162	23	0.885306
162	29	1.22528
162	31	1.29274
162	45	0.839662
162	51	1.15548
162	59	1.64411
162	63	1.30804
162	66	1.06962
162	67	0.862978
162	69	0.849334
162	70	0.846743
162	71	0.842705
162	73	0.921622
162	77	0.833954
162	86	0.915296
162	89	0.837732
162	90	0.892888
162	104	1.32658
162	105	0.869099
162	108	1.34613
162	109	0.860697
162	113	0.890771
162	118	0.873173
162	125	0.887255
162	127	0.880635
162	128	0.865846
162	130	1.54959
162	134	1.29529
162	135	0.856229
162	136	1.24617
162	141	0.873469
162	144	0.86291
162	147	0.904561
162	148	0.859731
162	149	0.858633
162	150	0.868065
162	151	1.23446
162	153	0.880132
162	154	0.871422
162	155	1.31611
162	161	1.17927
162	163	0.883378
162	164	0.884328
162	165	1.24671
162	167	0.861807
162	169	0.877802
162	171	0.873683
162	173	1.20016
162	174	0.878869
162	175	0.872182
162	176	1.30763
162	177	0.871794
162	178	0.885988
162	179	1.25134
162	180	0.869918
163	4	1.59287
163	5	1.05496
163	14	0.8052
163	27	1.37091
163	32	1.25335
163	49	0.905593
163	50	0.878436
163	52	0.883923
163	57	0.882144
163	61	1.40078
163	64	0.858844
163	65	0.858531
163	67	0.854472
163	69	0.840828
163	71	0.834198
163	73	0.913115
163	77	0.825448
163	78	1.27087
163	89	0.829225
163	105	0.860593
163	108	1.3982
163	109	0.852191
163	110	1.39403
163	111	1.18218
163	113	0.882265
163	114	1.25688
163	116	1.28747
163	121	1.35403
163	125	0.878748
163	127	0.872128
163	128	0.857339
163	131	0.848732
163	133	1.22628
163	135	0.847723
163	137	1.31936
163	141	0.864962
163	143	0.853209
163	145	0.88072
163	147	0.896054
163	148	0.851224
163	149	0.850126
163	150	0.859558
163	153	0.871625
163	154	0.862915
163	155	1.36818
163	156	1.27766
163	157	0.852175
163	159	0.869743
163	161	1.23134
163	162	0.883378
163	164	0.875822
163	167	0.853301
163	169	0.869295
163	174	0.870362
163	175	0.863675
163	176	1.3597
163	177	0.863287
163	178	0.877481
163	180	0.861412
164	23	0.877749
164	44	0.911142
164	45	0.832105
164	63	1.35253
164	64	0.859794
164	69	0.841778
164	70	0.839186
164	77	0.826398
164	78	1.26329
164	83	1.31641
164	89	0.830175
164	91	0.837691
164	95	0.906988
164	97	0.867463
164	104	1.37107
164	105	0.861543
164	109	0.853141
164	113	0.883214
164	117	1.32213
164	118	0.865616
164	127	0.873078
164	128	0.858289
164	129	1.38312
164	131	0.849682
164	135	0.848672
164	138	1.22495
164	139	1.3676
164	140	1.30932
164	141	0.865912
164	143	0.854159
164	144	0.855353
164	145	0.88167
164	147	0.897004
164	148	0.852174
164	149	0.851076
164	150	0.860508
164	152	0.877755
164	153	0.872575
164	154	0.863865
164	155	1.3606
164	157	0.853125
164	159	0.870693
164	160	1.26296
164	161	1.22376
164	162	0.884328
164	163	0.875822
164	165	1.2912
164	166	1.28349
164	167	0.854251
164	168	1.37786
164	169	0.870245
164	170	1.32753
164	171	0.866126
164	172	1.30835
164	173	1.24466
164	175	0.864625
164	177	0.864237
164	178	0.878431
164	180	0.862362
165	6	0.803163
165	10	0.797488
165	23	1.31144
165	26	0.783122
165	30	1.28163
165	32	0.869806
165	33	0.871803
165	34	0.842521
165	40	0.842905
165	48	0.822756
165	66	0.939411
165	72	1.45645
165	76	0.836756
165	81	1.35105
165	82	0.862671
165	86	1.1266
165	95	0.90761
165	97	1.35169
165	98	1.25457
165	101	0.890871
165	103	0.875243
165	104	0.862609
165	106	1.34327
165	108	0.85196
165	110	0.84608
165	111	0.890928
165	113	1.22241
165	114	0.875847
165	116	0.865475
165	120	0.850339
165	121	0.852507
165	122	0.854902
165	134	0.851487
165	136	0.874814
165	137	0.870207
165	143	1.35033
165	146	0.879521
165	149	1.34811
165	151	0.884098
165	155	0.862871
165	156	0.872949
165	157	1.39738
165	158	0.86995
165	160	0.879089
165	161	0.894949
165	162	1.24671
165	164	1.2912
165	166	0.869977
165	168	0.859837
165	169	1.32124
165	170	0.866809
165	171	1.33614
165	172	0.861612
165	173	0.885586
165	175	1.3425
165	176	0.869552
165	177	0.864859
165	178	1.27536
165	179	0.885061
166	4	0.810497
166	35	1.4205
166	36	1.34874
166	41	0.837501
166	42	0.843819
166	45	1.57605
166	51	0.875998
166	52	0.877456
166	55	0.874596
166	59	0.795137
166	64	1.22646
166	80	0.883909
166	81	0.854915
166	86	1.11889
166	87	0.835462
166	88	0.839442
166	89	1.50439
166	94	0.90417
166	96	0.851739
166	98	0.840014
166	102	1.53652
166	104	0.85457
166	105	1.31765
166	107	0.887407
166	108	0.843922
166	114	0.867808
166	116	0.857436
166	120	0.8423
166	122	0.846863
166	124	0.830415
166	125	1.21522
166	126	0.857962
166	132	0.876511
166	133	0.878094
166	134	0.843448
166	139	0.834906
166	140	0.855804
166	141	1.33446
166	142	0.858344
166	143	1.34261
166	145	1.15496
166	146	0.871482
166	153	1.29244
166	154	1.29996
166	155	0.854832
166	157	1.38967
166	158	0.861911
166	160	0.87105
166	161	0.88691
166	164	1.28349
166	165	0.869977
166	168	0.851798
166	169	1.31352
166	170	0.858771
166	171	1.32842
166	172	0.853574
166	174	0.863896
166	176	0.861513
166	177	0.85682
166	179	0.877022
167	7	0.784853
167	11	0.890691
167	21	1.19753
167	22	1.89602
167	23	0.855228
167	39	1.46791
167	40	1.4306
167	45	0.809584
167	46	1.26228
167	49	0.884022
167	52	0.862351
167	57	0.860573
167	64	0.837273
167	65	0.83696
167	69	0.819257
167	70	0.816665
167	73	0.891544
167	75	1.28637
167	77	0.803877
167	86	0.885218
167	87	1.45475
167	88	1.42236
167	89	0.807654
167	90	0.86281
167	95	0.884467
167	97	0.844942
167	101	1.33912
167	103	1.29038
167	105	0.839021
167	106	0.845792
167	109	0.830619
167	118	0.843095
167	121	1.39972
167	123	1.21528
167	125	0.857177
167	127	0.850557
167	128	0.835768
167	129	1.43638
167	131	0.827161
167	135	0.826151
167	138	1.27821
167	147	0.874483
167	149	0.828555
167	150	0.837987
167	152	0.855234
167	153	0.850054
167	154	0.841344
167	155	1.41386
167	157	0.830604
167	159	0.848172
167	161	1.27702
167	162	0.861807
167	163	0.853301
167	164	0.854251
167	169	0.847724
167	170	1.38079
167	171	0.843605
167	175	0.842104
167	177	0.841716
167	178	0.85591
167	179	1.3491
167	180	0.839841
168	1	0.88765
168	6	0.784984
168	9	1.66003
168	20	0.897549
168	21	0.88687
168	22	0.764997
168	26	0.764943
168	29	1.35094
168	30	1.36828
168	34	0.824341
168	38	1.42657
168	40	0.824725
168	43	1.15077
168	48	0.804576
168	50	1.3279
168	59	0.784997
168	67	0.837865
168	75	0.891723
168	76	0.818577
168	82	0.844491
168	100	1.45304
168	101	0.872692
168	103	0.857063
168	104	0.844429
168	108	0.833781
168	110	0.827901
168	111	0.872749
168	114	0.857668
168	116	0.847296
168	118	1.43691
168	120	0.83216
168	122	0.836723
168	123	1.24319
168	133	1.29988
168	134	0.833307
168	136	0.856635
168	137	0.852028
168	140	1.39049
168	144	0.837796
168	145	1.24933
168	146	0.861341
168	151	0.865919
168	152	0.860198
168	154	1.39433
168	155	0.844692
168	156	0.85477
168	157	1.48403
168	158	0.851771
168	160	0.860909
168	161	0.876769
168	164	1.37786
168	165	0.859837
168	166	0.851798
168	169	1.40789
168	170	0.84863
168	171	1.42279
168	172	0.843433
168	173	0.867407
168	174	0.853755
168	176	0.851373
168	178	1.36201
168	179	0.866882
169	3	0.803212
169	9	0.803065
169	11	0.906685
169	18	0.903401
169	30	0.875489
169	35	0.855488
169	42	1.40146
169	50	0.872859
169	52	0.878346
169	53	1.24866
169	57	0.876567
169	69	0.835251
169	71	0.828622
169	76	1.43051
169	86	0.901212
169	88	1.39913
169	89	0.823648
169	91	0.831164
169	97	0.860936
169	99	1.43133
169	101	1.31589
169	105	0.855016
169	106	0.861786
169	107	1.20467
169	111	1.20464
169	112	1.40463
169	113	0.876688
169	116	1.30993
169	118	0.859089
169	120	1.40357
169	121	1.37649
169	123	1.19206
169	125	0.873171
169	128	0.851762
169	131	0.843156
169	135	0.842146
169	138	1.25498
169	141	0.859385
169	144	0.848827
169	146	1.28641
169	147	0.890478
169	148	0.845647
169	149	0.844549
169	150	0.853981
169	152	0.871228
169	153	0.866048
169	154	0.857338
169	157	0.846598
169	159	0.864166
169	160	1.29299
169	162	0.877802
169	163	0.869295
169	164	0.870245
169	165	1.32124
169	166	1.31352
169	167	0.847724
169	168	1.40789
169	171	0.859599
169	174	0.864785
169	175	0.858098
169	177	0.85771
169	178	0.871904
169	180	0.855835
170	1	0.894623
170	6	0.791956
170	18	0.899343
170	21	0.893842
170	22	0.771969
170	32	0.858599
170	33	0.860596
170	34	0.831314
170	39	1.44549
170	40	0.831698
170	48	0.811549
170	50	1.27757
170	58	0.791464
170	62	1.16139
170	66	0.928204
170	73	1.19621
170	74	0.815453
170	76	0.825549
170	91	0.827107
170	99	0.841192
170	101	0.879664
170	103	0.864036
170	104	0.851402
170	105	1.36169
170	106	1.37959
170	108	0.840754
170	110	0.834873
170	111	0.879722
170	113	1.25873
170	114	0.86464
170	115	1.47282
170	116	0.854268
170	119	1.37762
170	122	0.843695
170	126	1.36568
170	128	1.40412
170	134	0.84028
170	136	0.863607
170	137	0.859001
170	141	1.3785
170	144	0.844769
170	146	0.868314
170	149	1.38443
170	152	0.86717
170	153	1.33647
170	154	1.344
170	155	0.851665
170	156	0.861742
170	158	0.858743
170	160	0.867882
170	161	0.883742
170	164	1.32753
170	165	0.866809
170	166	0.858771
170	167	1.38079
170	168	0.84863
170	171	1.37246
170	172	0.850406
170	173	0.874379
170	174	0.860728
170	175	1.37882
170	176	0.858345
170	177	0.853653
170	179	0.873855
171	3	0.799094
171	9	0.798947
171	14	0.795504
171	17	0.799076
171	20	0.904461
171	23	0.867103
171	24	1.29089
171	28	1.24242
171	35	0.851369
171	44	0.900497
171	49	0.895898
171	52	0.874227
171	57	0.872448
171	64	0.849148
171	65	0.848836
171	68	1.37702
171	69	0.831132
171	71	0.824503
171	73	0.90342
171	74	1.50434
171	75	1.27804
171	90	0.874685
171	95	0.896342
171	103	1.28206
171	105	0.850897
171	106	0.857668
171	109	0.842495
171	110	1.43139
171	111	1.21954
171	113	0.872569
171	114	1.29425
171	118	0.85497
171	119	1.39172
171	125	0.869053
171	127	0.862433
171	128	0.847644
171	131	0.839037
171	139	1.41254
171	140	1.35426
171	141	0.855267
171	143	0.843514
171	144	0.844708
171	147	0.886359
171	148	0.841529
171	149	0.840431
171	150	0.849863
171	151	1.32389
171	152	0.867109
171	153	0.86193
171	154	0.853219
171	156	1.31502
171	157	0.84248
171	158	1.28091
171	159	0.860048
171	162	0.873683
171	164	0.866126
171	165	1.33614
171	166	1.32842
171	167	0.843605
171	168	1.42279
171	169	0.859599
171	170	1.37246
171	175	0.85398
171	177	0.853592
171	178	0.867785
171	179	1.34077
171	180	0.851716
172	1	0.889426
172	9	1.59053
172	10	0.781084
172	17	0.79394
172	18	0.894146
172	20	0.899324
172	21	0.888645
172	26	0.766719
172	33	0.855399
172	35	1.44536
172	40	0.826501
172	49	0.890762
172	58	0.786267
172	59	0.786772
172	65	1.39394
172	66	0.923007
172	69	1.49675
172	74	0.810256
172	75	0.893498
172	76	0.820352
172	89	1.52926
172	91	0.82191
172	99	0.835995
172	101	0.874467
172	103	0.858839
172	110	0.829676
172	111	0.874525
172	112	1.38626
172	113	1.23956
172	114	0.859443
172	116	0.849071
172	120	0.833935
172	121	0.836103
172	122	0.838498
172	124	1.41222
172	125	1.24008
172	127	1.35973
172	134	0.835083
172	136	0.85841
172	137	0.853804
172	138	1.23662
172	144	0.839572
172	145	1.17982
172	146	0.863117
172	147	1.28192
172	148	1.38534
172	149	1.36526
172	150	1.30432
172	151	0.867694
172	152	0.861973
172	153	1.3173
172	155	0.846468
172	156	0.856545
172	158	0.853546
172	159	1.34288
172	160	0.862685
172	161	0.878545
172	164	1.30835
172	165	0.861612
172	166	0.853574
172	168	0.843433
172	170	0.850406
172	173	0.869182
172	174	0.855531
172	176	0.853148
172	177	0.848456
172	179	0.868658
172	180	1.38642
173	1	0.913399
173	6	0.810733
173	10	0.805057
173	14	1.50499
173	21	0.912619
173	22	0.790746
173	26	0.790692
173	32	0.877375
173	34	0.85009
173	40	0.850474
173	44	1.01256
173	45	1.53722
173	46	1.15699
173	48	0.830325
173	58	0.81024
173	59	0.810746
173	66	0.94698
173	67	0.863614
173	70	1.38683
173	74	0.83423
173	75	0.917472
173	76	0.844325
173	79	1.26719
173	82	0.87024
173	95	0.91518
173	101	0.898441
173	103	0.882812
173	104	0.870178
173	105	1.27882
173	108	0.85953
173	109	1.31921
173	110	0.853649
173	111	0.898498
173	114	0.883416
173	116	0.873045
173	118	1.30371
173	120	0.857908
173	121	0.860077
173	124	1.34853
173	126	1.28281
173	134	0.859056
173	136	0.882384
173	137	0.877777
173	139	1.31557
173	144	0.863545
173	146	0.88709
173	149	1.30156
173	150	1.24063
173	151	0.891668
173	153	1.25361
173	155	0.870441
173	156	0.880519
173	157	1.35084
173	158	0.87752
173	159	1.27919
173	160	0.886658
173	161	0.902518
173	162	1.20016
173	164	1.24466
173	165	0.885586
173	168	0.867407
173	170	0.874379
173	172	0.869182
173	175	1.29596
173	176	0.877122
173	177	0.872429
173	179	0.892631
173	180	1.32273
174	22	0.777094
174	24	1.27451
174	26	0.777041
174	29	1.29833
174	37	1.36877
174	43	1.09815
174	45	0.826646
174	47	1.48817
174	49	0.901084
174	50	0.873926
174	54	1.25481
174	61	1.42176
174	68	1.36064
174	70	0.833727
174	71	0.829689
174	76	0.830674
174	77	0.820938
174	82	0.856589
174	84	1.34302
174	86	0.90228
174	92	1.35682
174	93	1.31336
174	94	1.20469
174	97	0.862004
174	104	0.856527
174	107	1.2032
174	108	0.845879
174	109	0.847681
174	110	0.839998
174	111	0.884847
174	112	1.40315
174	114	0.869765
174	118	0.860156
174	120	0.844257
174	124	1.42911
174	125	0.874239
174	127	0.867619
174	130	1.62264
174	132	1.26511
174	134	0.845405
174	137	0.864126
174	138	1.2535
174	139	1.39615
174	140	1.33788
174	141	0.860453
174	142	1.30621
174	148	0.846715
174	149	0.845617
174	150	0.855049
174	151	0.878016
174	152	0.872295
174	153	0.867116
174	155	0.85679
174	156	0.866867
174	157	0.847666
174	158	0.863868
174	159	0.865234
174	160	0.873007
174	161	0.888867
174	162	0.878869
174	163	0.870362
174	166	0.863896
174	168	0.853755
174	169	0.864785
174	170	0.860728
174	172	0.855531
174	176	0.86347
174	178	0.872971
174	179	0.87898
174	180	0.856902
175	1	1.17154
175	3	0.797593
175	7	0.795227
175	14	0.794003
175	18	0.897781
175	23	0.865602
175	44	0.898996
175	54	1.27756
175	55	1.31278
175	57	0.870947
175	58	0.789901
175	64	0.847647
175	65	0.847335
175	67	0.843275
175	69	0.829631
175	70	0.82704
175	72	1.51323
175	73	0.901919
175	78	1.31459
175	86	0.895592
175	89	0.818028
175	90	0.873184
175	94	1.22743
175	95	0.894841
175	97	0.855316
175	104	1.42237
175	105	0.849396
175	106	0.856167
175	109	0.840994
175	110	1.43775
175	113	0.871068
175	115	1.49328
175	118	0.853469
175	120	1.42483
175	125	0.867551
175	127	0.860932
175	128	0.846142
175	129	1.43442
175	131	0.837536
175	135	0.836526
175	140	1.36062
175	141	0.853766
175	142	1.32895
175	143	0.842012
175	144	0.843207
175	145	0.869523
175	148	0.840027
175	149	0.83893
175	150	0.848362
175	152	0.865608
175	153	0.860428
175	154	0.851718
175	156	1.32138
175	157	0.840979
175	159	0.858547
175	160	1.31426
175	161	1.27506
175	162	0.872182
175	163	0.863675
175	164	0.864625
175	165	1.3425
175	167	0.842104
175	169	0.858098
175	170	1.37882
175	171	0.85398
175	173	1.29596
175	176	1.40343
175	177	0.85209
175	178	0.866284
175	179	1.34713
175	180	0.850215
176	1	0.897365
176	5	1.10283
176	6	0.794699
176	11	1.26047
176	16	1.22598
176	17	0.801879
176	20	0.907264
176	21	0.896585
176	22	0.774712
176	26	0.774658
176	32	0.861342
176	33	0.863339
176	34	0.834056
176	48	0.814291
176	49	0.898701
176	51	1.25542
176	58	0.794206
176	59	0.794712
176	67	0.84758
176	74	0.818196
176	75	0.901438
176	76	0.828292
176	82	0.854206
176	86	1.18753
176	95	0.899146
176	98	1.31549
176	99	0.843934
176	101	0.882407
176	102	1.60516
176	103	0.866778
176	104	0.854144
176	108	0.843496
176	110	0.837616
176	111	0.882464
176	114	0.867383
176	116	0.857011
176	118	1.41118
176	120	0.841875
176	121	0.844043
176	122	0.846438
176	126	1.39028
176	128	1.42872
176	129	1.43857
176	133	1.27416
176	134	0.843022
176	136	0.86635
176	137	0.861743
176	140	1.36477
176	141	1.40311
176	144	0.847511
176	146	0.871056
176	147	1.32569
176	149	1.40904
176	151	0.875634
176	152	0.869913
176	154	1.3686
176	155	0.854407
176	158	0.861486
176	160	0.870624
176	161	0.886484
176	162	1.30763
176	163	1.3597
176	165	0.869552
176	166	0.861513
176	168	0.851373
176	170	0.858345
176	172	0.853148
176	173	0.877122
176	174	0.86347
176	175	1.40343
176	177	0.856395
176	178	1.33628
176	179	0.876597
176	180	1.4302
177	7	0.794839
177	15	1.12456
177	24	1.26295
177	39	1.43164
177	41	1.3765
177	42	1.38842
177	46	1.22601
177	60	1.55223
177	62	1.14754
177	64	0.847259
177	68	1.34908
177	71	0.822614
177	80	1.27485
177	84	1.33146
177	87	1.41849
177	88	1.38609
177	99	0.839242
177	101	0.877714
177	102	1.56671
177	105	0.849008
177	106	0.855779
177	110	0.832923
177	111	0.877772
177	113	0.87068
177	114	0.86269
177	115	1.45898
177	117	1.33913
177	118	0.853081
177	119	1.36378
177	120	0.837182
177	121	0.83935
177	122	0.841745
177	124	1.41755
177	125	0.867163
177	128	0.845754
177	129	1.40012
177	131	0.837148
177	132	1.25355
177	133	1.2357
177	134	0.83833
177	135	0.836138
177	137	0.857051
177	141	0.853378
177	142	1.29465
177	143	0.841624
177	144	0.842819
177	146	0.866364
177	150	0.847974
177	151	0.870941
177	152	0.86522
177	153	0.860041
177	154	0.85133
177	155	0.849714
177	156	0.859792
177	158	0.856793
177	159	0.858159
177	160	0.865932
177	161	0.881792
177	162	0.871794
177	163	0.863287
177	164	0.864237
177	165	0.864859
177	166	0.85682
177	167	0.841716
177	169	0.85771
177	170	0.853653
177	171	0.853592
177	172	0.848456
177	173	0.872429
177	175	0.85209
177	176	0.856395
177	178	0.865896
177	179	0.871905
177	180	0.849827
178	2	1.07606
178	3	0.811398
178	7	0.809033
178	9	0.811251
178	11	0.914871
178	14	0.807809
178	17	0.81138
178	23	0.879408
178	26	1.80275
178	27	1.34749
178	30	0.883675
178	34	1.3673
178	44	0.912801
178	45	0.833764
178	50	0.881045
178	51	1.18412
178	52	0.886532
178	58	0.803707
178	65	0.86114
178	69	0.843437
178	70	0.840846
178	71	0.836808
178	73	0.915724
178	77	0.828057
178	80	1.24201
178	81	1.34068
178	83	1.30056
178	86	0.909398
178	89	0.831834
178	90	0.88699
178	91	0.83935
178	94	1.16029
178	97	0.869122
178	102	1.53387
178	104	1.35522
178	105	0.863202
178	108	1.37478
178	109	0.8548
178	111	1.15875
178	113	0.884874
178	116	1.26405
178	118	0.867275
178	120	1.35768
178	122	1.3059
178	127	0.874737
178	128	0.859948
178	131	0.851342
178	134	1.32394
178	135	0.850332
178	137	1.29594
178	138	1.2091
178	141	0.867571
178	143	0.855818
178	144	0.857013
178	145	0.883329
178	147	0.898664
178	148	0.853833
178	149	0.852735
178	150	0.862167
178	152	0.879414
178	153	0.874234
178	154	0.865524
178	155	1.34475
178	157	0.854784
178	159	0.872352
178	162	0.885988
178	163	0.877481
178	164	0.878431
178	165	1.27536
178	167	0.85591
178	168	1.36201
178	169	0.871904
178	171	0.867785
178	174	0.872971
178	175	0.866284
178	176	1.33628
178	177	0.865896
178	179	1.27999
178	180	0.864021
179	1	0.912874
179	5	1.04653
179	6	0.810208
179	10	0.804533
179	16	1.16968
179	17	0.817389
179	18	0.917595
179	22	0.790221
179	26	0.790167
179	32	0.876851
179	33	0.878848
179	34	0.849566
179	40	0.84995
179	44	1.06373
179	46	1.20817
179	48	0.829801
179	49	0.914211
179	52	1.27368
179	56	1.29376
179	58	0.809716
179	59	0.810221
179	66	0.946456
179	67	0.863089
179	71	1.44126
179	74	0.833705
179	75	0.916947
179	76	0.843801
179	82	0.869716
179	84	1.31361
179	85	1.34093
179	91	0.845358
179	95	0.914655
179	99	0.859444
179	100	1.37102
179	101	0.897916
179	103	0.882288
179	104	0.869654
179	108	0.859006
179	110	0.853125
179	111	0.897974
179	112	1.37374
179	114	0.882892
179	116	0.87252
179	120	0.857384
179	121	0.859552
179	122	0.861947
179	134	0.858532
179	135	1.40531
179	136	0.881859
179	137	0.877253
179	142	1.2768
179	144	0.863021
179	146	0.886566
179	147	1.2694
179	148	1.37282
179	150	1.2918
179	151	0.891143
179	152	0.885422
179	153	1.30478
179	154	1.31231
179	155	0.869917
179	156	0.879994
179	158	0.876995
179	159	1.33037
179	160	0.886134
179	161	0.901994
179	162	1.25134
179	165	0.885061
179	166	0.877022
179	167	1.3491
179	168	0.866882
179	170	0.873855
179	171	1.34077
179	172	0.868658
179	173	0.892631
179	174	0.87898
179	175	1.34713
179	176	0.876597
179	177	0.871905
179	178	1.27999
179	180	1.37391
180	7	0.792964
180	9	0.795182
180	11	0.898802
180	14	0.79174
180	17	0.795311
180	20	0.900696
180	21	1.22234
180	30	0.867606
180	31	1.41531
180	38	0.834722
180	42	1.44949
180	44	0.896732
180	45	0.817695
180	50	0.864976
180	51	1.27804
180	53	1.29669
180	57	0.868684
180	58	0.787638
180	64	0.845384
180	65	0.845071
180	67	0.841012
180	69	0.827368
180	70	0.824777
180	71	0.820738
180	73	0.899655
180	77	0.811988
180	84	1.39253
180	86	0.893329
180	89	0.815765
180	90	0.870921
180	91	0.823281
180	95	0.892578
180	97	0.853053
180	105	0.847133
180	109	0.838731
180	110	1.46452
180	113	0.868805
180	114	1.32738
180	116	1.35797
180	118	0.851206
180	120	1.4516
180	121	1.42453
180	122	1.39982
180	123	1.24009
180	124	1.47863
180	125	0.865288
180	126	1.41291
180	127	0.858668
180	128	0.843879
180	131	0.835272
180	132	1.31463
180	135	0.834263
180	143	0.839749
180	144	0.840944
180	145	0.86726
180	147	0.882594
180	148	0.837764
180	149	0.836666
180	150	0.846098
180	151	1.35703
180	152	0.863345
180	153	0.858165
180	154	0.849455
180	156	1.34816
180	157	0.838715
180	158	1.31404
180	159	0.856283
180	160	1.34103
180	162	0.869918
180	163	0.861412
180	164	0.862362
180	167	0.839841
180	169	0.855835
180	171	0.851716
180	172	1.38642
180	173	1.32273
180	174	0.856902
180	175	0.850215
180	176	1.4302
180	177	0.849827
180	178	0.864021
180	179	1.37391
