1	21	0.93332
1	25	0.932219
1	30	0.8155
1	31	0.899163
1	45	0.964964
1	46	0.87397
1	51	0.934035
1	76	1.22359
1	106	1.24304
1	134	0.881188
1	163	1.73462
1	173	1.77086
2	6	0.919528
2	17	0.893788
2	32	0.870581
2	62	0.932506
2	63	0.934041
2	73	0.903556
2	87	0.939518
2	142	0.858779
2	143	1.06352
2	167	1.61266
2	169	0.917111
2	170	2.34518
3	6	0.92787
3	17	0.902131
3	40	0.877599
3	63	0.942384
3	73	0.911899
3	114	1.31344
3	134	0.861004
3	142	0.867121
3	153	1.53146
3	154	1.42309
3	168	1.7128
3	169	0.925454
4	12	0.950185
4	56	0.903787
4	71	0.880774
4	72	1.07175
4	90	0.930745
4	91	0.873885
4	92	0.911303
4	99	0.894195
4	144	0.865394
4	155	1.30319
4	164	1.61542
4	172	2.02845
5	20	1.04845
5	24	1.03558
5	41	1.02665
5	48	1.05455
5	114	1.0701
5	119	1.02458
5	134	1.01184
5	139	0.999613
5	149	1.04387
5	154	1.17975
5	168	1.46945
5	177	1.53923
6	2	0.919528
6	3	0.92787
6	32	0.862108
6	40	0.860783
6	62	0.924033
6	63	0.925568
6	73	0.895083
6	97	1.20443
6	119	1.05158
6	169	0.908638
6	173	1.64118
6	175	2.09661
7	42	1.27135
7	49	0.896131
7	60	0.874602
7	68	0.928562
7	107	1.21029
7	142	0.864062
7	149	0.889975
7	157	1.41384
7	159	0.935592
7	160	0.946716
7	176	2.08902
7	179	0.86696
8	9	0.831486
8	16	0.831486
8	18	0.787627
8	43	0.728015
8	58	0.757917
8	67	0.811795
8	115	1.66044
8	159	0.823267
8	160	0.834391
8	166	0.814665
8	168	1.97894
8	177	2.04872
9	8	0.831486
9	18	0.905194
9	43	0.845582
9	58	0.875484
9	67	0.929362
9	74	1.90241
9	97	1.19854
9	148	1.05987
9	159	0.940834
9	160	0.951958
9	166	0.932232
9	174	1.92194
10	27	0.884621
10	47	0.909626
10	56	0.895118
10	71	0.872104
10	90	0.922075
10	92	0.902634
10	94	0.945349
10	99	0.885526
10	106	1.42872
10	133	1.49764
10	150	1.61168
10	162	1.45418
11	20	0.801105
11	24	0.788231
11	39	0.893368
11	41	0.779296
11	48	0.807201
11	83	1.62555
11	117	1.83714
11	134	0.764496
11	135	0.837233
11	139	0.752264
11	149	0.796526
11	178	2.22296
12	4	0.950185
12	47	0.904336
12	71	0.866814
12	90	0.916784
12	91	0.859924
12	92	0.897343
12	94	0.940059
12	99	0.880235
12	140	1.45764
12	143	1.36772
12	157	1.67789
12	162	1.46939
13	52	0.927526
13	53	0.895386
13	65	0.945275
13	78	0.926093
13	84	0.950736
13	142	1.26322
13	144	0.865051
13	163	0.846198
13	164	0.861487
13	167	1.63582
13	173	1.69072
13	179	1.39591
14	82	0.957107
14	86	0.957192
14	93	0.961683
14	97	1.41466
14	112	1.43074
14	119	1.26181
14	150	1.50655
14	163	0.892253
14	166	0.98549
14	169	0.980895
14	175	0.850107
15	79	0.877642
15	85	0.908624
15	87	1.27539
15	88	0.890602
15	102	0.948462
15	104	0.948151
15	105	0.947884
15	137	1.69632
15	142	1.57593
15	148	1.428
15	175	0.813959
15	179	0.889313
16	8	0.831486
16	18	0.905194
16	43	0.845582
16	58	0.875484
16	67	0.929362
16	157	1.12265
16	159	0.940834
16	160	0.951958
16	166	0.932232
16	174	1.70316
16	175	1.87194
16	178	1.32251
17	2	0.893788
17	3	0.902131
17	32	0.836368
17	40	0.835043
17	62	0.898293
17	63	0.899828
17	73	0.869343
17	74	2.02238
17	139	0.806217
17	162	1.2529
17	163	1.71903
17	169	0.882898
17	179	1.46045
18	8	0.787627
18	9	0.905194
18	16	0.905194
18	43	0.801723
18	58	0.831625
18	67	0.885503
18	115	1.275
18	152	1.19138
18	159	0.896975
18	160	0.908099
18	163	1.70199
18	166	0.888373
18	180	2.22809
19	64	0.863305
19	70	0.863034
19	82	0.883237
19	86	0.883322
19	93	0.887813
19	146	1.46725
19	155	1.38958
19	163	0.818383
19	164	1.70181
19	166	0.91162
19	167	1.80629
19	169	0.907025
19	175	0.776237
20	5	1.04845
20	11	0.801105
20	24	0.837665
20	26	0.86514
20	39	0.942802
20	41	0.82873
20	48	0.856635
20	139	0.801698
20	146	1.09937
20	149	0.84596
20	170	2.17094
20	172	1.74696
20	178	1.3993
21	1	0.93332
21	25	0.880485
21	30	0.763766
21	31	0.847429
21	33	0.959092
21	45	0.91323
21	46	0.822236
21	51	0.882301
21	115	1.40841
21	134	0.829454
21	151	1.4347
21	163	1.8354
21	164	1.71226
22	36	0.844426
22	49	0.867539
22	60	0.846009
22	68	0.89997
22	135	1.21363
22	136	1.4766
22	142	0.83547
22	149	0.861382
22	159	0.906999
22	160	0.918123
22	171	2.01899
22	177	1.70708
22	179	0.838368
23	69	1.17666
23	77	0.916166
23	79	0.835509
23	80	0.89274
23	88	0.848469
23	102	0.906329
23	104	0.906018
23	105	0.905751
23	144	1.73618
23	155	1.4922
23	163	1.92757
23	175	0.771826
23	179	0.84718
24	5	1.03558
24	11	0.788231
24	20	0.837665
24	26	0.852267
24	39	0.929929
24	41	0.815857
24	48	0.843762
24	133	1.03296
24	135	0.873794
24	149	0.833087
24	163	1.45563
24	170	2.16949
24	174	1.77851
25	1	0.932219
25	21	0.880485
25	30	0.762665
25	31	0.846328
25	33	0.957991
25	45	0.912129
25	46	0.821135
25	51	0.8812
25	76	1.533
25	134	0.828352
25	148	1.50484
25	161	1.74438
25	162	1.5779
26	20	0.86514
26	24	0.852267
26	39	0.957404
26	41	0.843332
26	48	0.871237
26	107	1.39564
26	134	0.828532
26	135	0.901269
26	136	1.58762
26	139	0.8163
26	149	0.860561
26	177	1.8181
26	179	1.59824
27	10	0.884621
27	29	0.833596
27	56	0.832934
27	71	0.80992
27	74	1.6275
27	90	0.859891
27	91	0.803031
27	92	0.84045
27	94	0.883165
27	99	0.823342
27	114	0.856033
27	170	2.03801
27	171	1.59735
27	174	1.64703
28	30	0.760706
28	46	0.819176
28	51	0.87924
28	53	0.851389
28	65	0.901278
28	91	0.829545
28	94	0.909679
28	99	0.849855
28	137	1.52095
28	157	1.5342
28	163	0.802201
28	164	0.81749
28	176	2.20938
28	179	1.53326
29	27	0.833596
29	37	0.834308
29	47	0.858601
29	71	0.821079
29	90	0.871049
29	91	0.81419
29	92	0.851608
29	94	0.894324
29	99	0.8345
29	144	0.805699
29	157	1.56517
29	163	1.82279
29	173	1.85904
29	179	1.56422
30	1	0.8155
30	21	0.763766
30	25	0.762665
30	28	0.760706
30	31	0.729609
30	33	0.841273
30	45	0.79541
30	46	0.704417
30	51	0.764481
30	96	0.7624
30	134	0.711634
30	141	1.59817
30	142	1.89912
30	170	3.00425
31	1	0.899163
31	21	0.847429
31	25	0.846328
31	30	0.729609
31	33	0.924935
31	45	0.879073
31	46	0.788079
31	51	0.848144
31	96	0.846063
31	134	0.795297
31	151	1.4185
31	168	1.71071
31	172	2.10909
31	179	1.56063
32	2	0.870581
32	6	0.862108
32	17	0.836368
32	40	0.811836
32	62	0.875086
32	63	0.876622
32	73	0.846136
32	89	1.29002
32	119	1.53582
32	134	0.795241
32	139	0.78301
32	152	1.57858
32	169	0.859691
32	172	2.37908
33	21	0.959092
33	25	0.957991
33	30	0.841273
33	31	0.924935
33	45	0.990736
33	46	0.899743
33	51	0.959807
33	83	1.07062
33	96	0.957726
33	119	1.17244
33	134	0.90696
33	157	1.46818
33	163	1.7258
33	178	1.66804
34	79	0.814582
34	80	0.871813
34	85	0.845564
34	88	0.827542
34	102	0.885402
34	104	0.885091
34	105	0.884824
34	137	1.70955
34	142	1.58915
34	156	1.62271
34	157	0.832432
34	168	1.87193
34	175	0.750899
34	179	0.826253
35	50	0.87719
35	52	0.868905
35	53	0.836765
35	61	0.894462
35	78	0.867472
35	84	0.892115
35	95	1.57294
35	125	1.56662
35	139	0.799537
35	141	1.22162
35	144	0.80643
35	163	0.787577
35	164	0.802866
35	175	2.40551
36	22	0.844426
36	49	0.830581
36	60	0.809052
36	68	0.863012
36	76	1.60165
36	111	1.93278
36	130	0.876132
36	135	1.58051
36	142	0.798512
36	149	0.824425
36	159	0.870042
36	160	0.881166
36	162	1.64655
36	179	0.801411
37	29	0.834308
37	47	0.848155
37	56	0.833646
37	71	0.810632
37	90	0.860603
37	91	0.803743
37	92	0.841162
37	94	0.883878
37	99	0.824054
37	135	0.873329
37	150	1.44656
37	162	1.28906
37	171	2.02839
37	174	2.07807
38	77	0.810401
38	80	0.786976
38	85	0.760727
38	88	0.742705
38	102	0.800565
38	104	0.800254
38	105	0.799987
38	149	0.76443
38	157	0.747595
38	163	1.98101
38	173	2.01725
38	175	0.666062
38	179	0.741416
38	180	2.50711
39	11	0.893368
39	20	0.942802
39	24	0.929929
39	26	0.957404
39	48	0.948899
39	134	0.906193
39	135	0.978931
39	139	0.893962
39	149	0.938223
39	164	0.952269
39	165	1.81576
39	172	1.3653
39	174	1.39829
39	180	1.60151
40	3	0.877599
40	6	0.860783
40	17	0.835043
40	32	0.811836
40	62	0.873761
40	63	0.875296
40	73	0.844811
40	125	1.4521
40	134	0.793916
40	139	0.781684
40	161	1.49967
40	163	1.79932
40	169	0.858366
40	171	2.07252
41	5	1.02665
41	11	0.779296
41	20	0.82873
41	24	0.815857
41	26	0.843332
41	48	0.834827
41	134	0.792122
41	135	0.864859
41	139	0.77989
41	141	1.39421
41	149	0.824152
41	150	1.77781
41	158	1.65719
41	164	1.96329
42	7	1.27135
42	77	1.28445
42	129	1.35012
42	148	0.911954
42	162	0.89084
42	165	0.770726
42	166	1.19102
42	170	0.766892
42	172	0.807734
42	173	0.813657
42	174	0.805211
42	176	0.78142
42	177	0.828747
42	178	0.834189
42	180	0.771575
43	8	0.728015
43	9	0.845582
43	16	0.845582
43	18	0.801723
43	58	0.772013
43	67	0.825891
43	96	0.810482
43	112	1.64158
43	120	0.856468
43	123	1.70028
43	158	1.59676
43	159	0.837363
43	160	0.848487
43	166	0.82876
43	171	2.29921
44	85	1.78712
44	150	0.783397
44	153	0.788121
44	156	0.78617
44	159	1.57659
44	161	0.78181
44	162	0.802717
44	167	0.737788
44	169	1.69341
44	172	0.719612
44	174	0.717088
44	176	0.693297
44	177	0.740625
44	178	0.746067
44	180	0.683452
45	1	0.964964
45	21	0.91323
45	25	0.912129
45	30	0.79541
45	31	0.879073
45	33	0.990736
45	46	0.85388
45	51	0.913945
45	96	0.911864
45	112	1.06569
45	134	0.861098
45	161	1.15048
45	170	2.16399
45	175	1.9418
45	179	1.19156
46	1	0.87397
46	21	0.822236
46	25	0.821135
46	28	0.819176
46	30	0.704417
46	31	0.788079
46	33	0.899743
46	45	0.85388
46	51	0.822951
46	75	1.54094
46	96	0.82087
46	134	0.770104
46	137	1.77731
46	157	1.79056
46	173	2.08443
47	10	0.909626
47	12	0.904336
47	29	0.858601
47	37	0.848155
47	56	0.857939
47	90	0.884896
47	91	0.828036
47	92	0.865455
47	94	0.90817
47	98	0.994239
47	99	0.848346
47	123	1.54196
47	133	1.44502
47	135	0.897621
47	176	2.28525
47	179	1.60912
48	5	1.05455
48	11	0.807201
48	20	0.856635
48	24	0.843762
48	26	0.871237
48	39	0.948899
48	41	0.834827
48	72	1.08091
48	134	0.820027
48	135	0.892764
48	139	0.807795
48	149	0.852057
48	154	1.34952
48	161	1.44808
48	171	2.02092
48	174	2.0706
49	7	0.896131
49	22	0.867539
49	36	0.830581
49	60	0.832165
49	68	0.886125
49	120	0.91226
49	125	1.35076
49	130	0.899246
49	149	0.847538
49	153	1.40815
49	155	1.26261
49	159	0.893155
49	160	0.904279
49	175	2.18965
49	177	1.65927
49	179	0.824524
50	35	0.87719
50	52	0.899878
50	53	0.867738
50	61	0.925436
50	65	0.917628
50	78	0.898445
50	84	0.923089
50	89	1.08566
50	139	0.830511
50	144	0.837403
50	146	1.52712
50	148	1.34563
50	156	1.52711
50	163	0.81855
50	164	0.833839
50	175	2.37649
51	1	0.934035
51	21	0.882301
51	25	0.8812
51	28	0.87924
51	30	0.764481
51	31	0.848144
51	33	0.959807
51	45	0.913945
51	46	0.822951
51	96	0.880935
51	97	1.2725
51	134	0.830169
51	144	1.48162
51	168	1.56452
51	172	1.9629
51	178	1.61525
52	13	0.927526
52	35	0.868905
52	50	0.899878
52	61	0.91715
52	65	0.909342
52	78	0.89016
52	84	0.914803
52	87	1.14036
52	139	0.822225
52	144	0.829118
52	147	1.48974
52	151	1.43146
52	153	1.54233
52	163	0.810265
52	164	0.825554
52	176	2.24971
53	13	0.895386
53	28	0.851389
53	35	0.836765
53	50	0.867738
53	61	0.88501
53	65	0.877202
53	78	0.858019
53	83	1.33516
53	84	0.882663
53	89	1.19118
53	97	1.58983
53	120	0.899069
53	139	0.790085
53	152	1.47974
53	163	0.778124
53	164	0.793414
53	170	2.70421
54	55	0.870786
54	59	0.869841
54	64	0.845359
54	70	0.845088
54	82	0.865291
54	86	0.865376
54	87	1.05901
54	93	0.869867
54	145	1.50142
54	148	1.21162
54	157	0.839824
54	163	0.800437
54	166	0.893674
54	169	0.889079
54	170	2.46468
54	174	2.0737
54	175	0.758291
55	54	0.870786
55	59	0.86869
55	64	0.844208
55	70	0.843937
55	82	0.86414
55	86	0.864225
55	93	0.868716
55	98	1.24501
55	133	1.69579
55	143	1.55066
55	152	1.60785
55	157	0.838673
55	163	0.799286
55	166	0.892523
55	169	0.887928
55	173	2.1547
55	175	0.75714
56	4	0.903787
56	10	0.895118
56	27	0.832934
56	37	0.833646
56	47	0.857939
56	71	0.820416
56	87	1.2239
56	90	0.870387
56	91	0.813527
56	92	0.850946
56	94	0.893661
56	99	0.833838
56	109	1.43654
56	128	0.744043
56	144	0.805036
56	167	1.89704
56	175	2.40737
57	103	0.770475
57	108	0.753052
57	113	0.789522
57	119	0.831895
57	122	0.753473
57	124	0.789832
57	126	0.786607
57	128	0.772428
57	131	0.779018
57	132	0.804084
57	141	1.69364
57	147	2.04344
57	160	0.836132
57	162	1.91974
57	164	0.738458
57	169	0.811811
57	178	2.32809
58	8	0.757917
58	9	0.875484
58	16	0.875484
58	18	0.831625
58	43	0.772013
58	67	0.855793
58	96	0.840384
58	98	0.891446
58	120	0.88637
58	135	1.09089
58	158	1.19381
58	159	0.867265
58	160	0.878389
58	164	1.49992
58	165	2.36341
58	166	0.858662
58	180	2.14916
59	54	0.869841
59	55	0.86869
59	64	0.843263
59	70	0.842991
59	82	0.863195
59	86	0.86328
59	93	0.867771
59	101	1.70237
59	114	1.54378
59	140	1.57376
59	151	1.65093
59	157	0.837728
59	163	0.79834
59	166	0.891577
59	169	0.886983
59	175	0.756195
59	179	1.79306
60	7	0.874602
60	22	0.846009
60	36	0.809052
60	49	0.832165
60	68	0.864596
60	115	1.6659
60	119	1.53952
60	120	0.890731
60	130	0.877716
60	135	1.56072
60	142	0.800096
60	149	0.826009
60	150	1.78426
60	156	1.73518
60	159	0.871626
60	160	0.88275
60	179	0.802994
61	35	0.894462
61	50	0.925436
61	52	0.91715
61	53	0.88501
61	65	0.9349
61	69	0.903544
61	78	0.915717
61	84	0.940361
61	111	1.73445
61	114	1.4065
61	117	1.47076
61	120	0.956767
61	130	1.22801
61	139	0.847783
61	158	1.4851
61	163	0.835822
61	164	0.851112
61	179	1.65578
62	2	0.932506
62	6	0.924033
62	17	0.898293
62	32	0.875086
62	40	0.873761
62	63	0.938546
62	73	0.908061
62	97	1.35776
62	98	0.958994
62	106	1.26669
62	134	0.857166
62	139	0.844934
62	140	1.2804
62	142	0.863284
62	144	1.56688
62	163	1.75827
62	167	1.73961
62	169	0.921616
63	2	0.934041
63	3	0.942384
63	6	0.925568
63	17	0.899828
63	32	0.876622
63	40	0.875296
63	62	0.938546
63	73	0.909596
63	89	1.15107
63	134	0.858701
63	139	0.84647
63	140	1.47236
63	142	0.864819
63	143	1.38244
63	146	1.59253
63	155	1.51487
63	164	1.8271
63	169	0.923151
64	19	0.863305
64	54	0.845359
64	55	0.844208
64	59	0.843263
64	70	0.81851
64	72	1.56335
64	82	0.838714
64	86	0.838799
64	93	0.84329
64	142	1.83889
64	152	1.71955
64	154	1.83196
64	157	0.813247
64	162	1.76403
64	163	0.773859
64	166	0.867096
64	169	0.862502
64	175	0.731714
65	13	0.945275
65	28	0.901278
65	50	0.917628
65	52	0.909342
65	53	0.877202
65	61	0.9349
65	78	0.907909
65	84	0.932553
65	120	0.948959
65	130	1.27912
65	140	1.48758
65	141	1.27323
65	143	1.39766
65	144	0.846867
65	156	1.60775
65	163	0.828014
65	164	0.843303
65	178	1.90769
66	75	1.30494
66	98	0.938732
66	108	0.86823
66	118	0.895694
66	121	0.926785
66	122	0.86865
66	124	0.905009
66	126	0.901784
66	127	0.89407
66	128	0.887605
66	129	0.90029
66	131	0.894195
66	132	0.919261
66	150	1.50356
66	159	0.940185
66	162	1.34606
66	172	2.10208
66	177	1.77348
67	8	0.811795
67	9	0.929362
67	16	0.929362
67	18	0.885503
67	43	0.825891
67	58	0.855793
67	96	0.894263
67	98	0.945324
67	120	0.940249
67	141	1.16399
67	151	1.45551
67	153	1.56638
67	154	1.45801
67	157	1.59859
67	159	0.921143
67	160	0.932268
67	164	1.73307
67	166	0.912541
68	7	0.928562
68	22	0.89997
68	36	0.863012
68	49	0.886125
68	60	0.864596
68	120	0.944691
68	123	1.45534
68	130	0.931676
68	135	1.2489
68	140	1.3032
68	142	0.854056
68	149	0.879969
68	156	1.42337
68	159	0.925586
68	160	0.93671
68	161	1.48143
68	174	2.10396
68	179	0.856954
69	23	1.17666
69	61	0.903544
69	74	0.820797
69	84	0.901197
69	88	1.39686
69	93	0.866089
69	113	1.18278
69	126	1.06002
69	128	1.30881
69	156	0.846002
69	163	0.796658
69	164	0.811947
69	166	0.889895
69	169	0.8853
69	175	0.754513
69	176	0.753129
69	178	0.805899
69	180	0.743284
70	19	0.863034
70	54	0.845088
70	55	0.843937
70	59	0.842991
70	64	0.81851
70	82	0.838442
70	86	0.838527
70	93	0.843018
70	97	1.56226
70	154	1.56457
70	157	0.812975
70	158	1.53352
70	161	1.66313
70	163	0.773588
70	166	0.866825
70	169	0.86223
70	175	0.731442
70	176	2.38032
71	4	0.880774
71	10	0.872104
71	12	0.866814
71	27	0.80992
71	29	0.821079
71	37	0.810632
71	56	0.820416
71	90	0.847373
71	91	0.790514
71	92	0.827932
71	94	0.870648
71	99	0.810824
71	117	1.52309
71	133	1.54401
71	144	0.782023
71	145	1.71729
71	161	1.66704
71	171	2.23988
72	4	1.07175
72	48	1.08091
72	64	1.56335
72	78	0.785588
72	134	1.21199
72	145	0.902481
72	161	0.925167
72	162	0.946074
72	165	0.825961
72	167	0.881145
72	168	0.892925
72	169	0.94113
72	170	0.822126
72	171	0.850821
72	173	0.868892
72	174	0.860445
72	177	0.883982
72	178	0.889424
72	180	0.826809
73	2	0.903556
73	3	0.911899
73	6	0.895083
73	17	0.869343
73	32	0.846136
73	40	0.844811
73	62	0.908061
73	63	0.909596
73	98	0.930044
73	106	1.32246
73	134	0.828216
73	139	0.815985
73	142	0.834334
73	148	1.27486
73	161	1.5144
73	162	1.34792
73	164	1.6909
73	169	0.892666
73	176	2.23159
74	9	1.90241
74	17	2.02238
74	27	1.6275
74	69	0.820797
74	145	0.775373
74	147	0.798126
74	154	0.812719
74	155	0.833961
74	160	1.73368
74	162	0.818966
74	165	0.698853
74	170	0.695019
74	171	0.723713
74	172	0.735861
74	173	0.741784
74	176	0.709547
74	177	0.756874
74	178	0.762316
74	180	0.699702
75	46	1.54094
75	66	1.30494
75	94	1.11316
75	124	1.40564
75	127	1.37741
75	133	0.868072
75	148	0.893363
75	152	0.89236
75	158	0.869758
75	164	0.821648
75	167	0.807321
75	170	0.748302
75	171	0.776996
75	172	0.789144
75	173	0.795067
75	174	0.786621
75	176	0.76283
75	178	0.815599
75	180	0.752985
76	1	1.22359
76	25	1.533
76	36	1.60165
76	96	1.40948
76	125	0.867311
76	131	1.26421
76	137	0.849643
76	152	0.893353
76	161	0.852335
76	162	0.873242
76	165	0.753129
76	168	0.820093
76	170	0.749294
76	173	0.79606
76	174	0.787613
76	176	0.763822
76	177	0.81115
76	178	0.816592
76	180	0.753977
77	23	0.916166
77	38	0.810401
77	42	1.28445
77	79	0.852668
77	80	0.909899
77	85	0.88365
77	88	0.865628
77	102	0.923488
77	104	0.923177
77	105	0.92291
77	138	1.35955
77	145	1.43518
77	149	0.887353
77	157	0.870518
77	167	1.6659
77	173	1.7208
77	175	0.788985
77	178	1.6268
77	179	0.864339
78	13	0.926093
78	35	0.867472
78	50	0.898445
78	52	0.89016
78	53	0.858019
78	61	0.915717
78	65	0.907909
78	72	0.785588
78	84	0.91337
78	120	0.929776
78	139	0.820792
78	144	0.827685
78	158	1.02315
78	163	0.808832
78	164	0.824121
78	165	2.19275
78	172	1.74229
78	178	1.39463
78	180	1.9785
79	15	0.877642
79	23	0.835509
79	34	0.814582
79	77	0.852668
79	80	0.829242
79	85	0.802994
79	88	0.784971
79	102	0.842831
79	104	0.84252
79	105	0.842253
79	117	1.64544
79	145	1.83964
79	149	0.806696
79	153	1.7992
79	156	1.73132
79	157	0.789861
79	175	0.708328
79	177	2.05032
79	179	0.783682
80	23	0.89274
80	34	0.871813
80	38	0.786976
80	77	0.909899
80	79	0.829242
80	85	0.860225
80	88	0.842203
80	95	1.44308
80	102	0.900062
80	104	0.899751
80	105	0.899484
80	117	1.3404
80	142	1.39273
80	144	1.5926
80	149	0.863928
80	157	0.847093
80	168	1.6755
80	175	0.76556
80	179	0.840913
80	180	2.31009
81	100	0.834924
81	108	0.827124
81	113	0.863593
81	116	0.858482
81	118	0.854589
81	121	0.885679
81	122	0.827544
81	124	0.863903
81	126	0.860678
81	128	0.846499
81	131	0.853089
81	132	0.878156
81	138	1.26567
81	144	1.3993
81	146	1.23298
81	150	1.28206
81	159	0.899079
81	165	2.33104
81	169	0.885882
81	170	2.30455
82	14	0.957107
82	19	0.883237
82	54	0.865291
82	55	0.86414
82	59	0.863195
82	64	0.838714
82	70	0.838442
82	86	0.858731
82	93	0.863222
82	107	1.54319
82	130	1.31802
82	146	1.64665
82	155	1.56899
82	156	1.64665
82	157	0.833179
82	163	0.793791
82	166	0.887028
82	169	0.882433
82	173	2.0406
82	175	0.751646
83	11	1.62555
83	33	1.07062
83	53	1.33516
83	103	1.24575
83	113	1.27851
83	143	0.934269
83	147	0.88295
83	151	0.895719
83	158	0.901299
83	168	0.850641
83	169	0.952756
83	170	0.779842
83	171	0.808537
83	172	0.820685
83	173	0.826608
83	174	0.818161
83	175	0.795754
83	176	0.79437
83	177	0.841698
83	178	0.84714
83	180	0.784525
84	13	0.950736
84	35	0.892115
84	50	0.923089
84	52	0.914803
84	53	0.882663
84	61	0.940361
84	65	0.932553
84	69	0.901197
84	78	0.91337
84	112	1.45572
84	120	0.95442
84	135	1.30799
84	139	0.845436
84	141	1.14794
84	144	0.852328
84	151	1.43946
84	156	1.48245
84	163	0.833475
84	164	0.848764
84	167	1.8215
84	177	1.80145
85	15	0.908624
85	34	0.845564
85	38	0.760727
85	44	1.78712
85	77	0.88365
85	79	0.802994
85	80	0.860225
85	88	0.815954
85	102	0.873813
85	104	0.873503
85	105	0.873236
85	130	0.889386
85	142	1.31039
85	143	1.13386
85	149	0.837679
85	157	0.820844
85	163	1.70165
85	171	1.97485
85	174	2.02454
85	175	0.739311
85	179	0.814664
86	14	0.957192
86	19	0.883322
86	54	0.865376
86	55	0.864225
86	59	0.86328
86	64	0.838799
86	70	0.838527
86	82	0.858731
86	93	0.863307
86	98	1.0511
86	114	1.41671
86	142	1.53329
86	157	0.833264
86	158	1.49531
86	163	0.793876
86	166	0.887113
86	167	1.90589
86	169	0.882518
86	175	0.751731
86	176	2.34211
87	2	0.939518
87	15	1.27539
87	52	1.14036
87	54	1.05901
87	56	1.2239
87	110	1.26089
87	136	0.917524
87	139	1.31487
87	140	0.954252
87	145	0.899141
87	146	0.933521
87	158	0.940243
87	165	0.82262
87	170	0.818786
87	171	0.847481
87	172	0.859628
87	173	0.865551
87	176	0.833314
87	177	0.880642
87	178	0.886083
87	179	0.910051
87	180	0.823469
88	15	0.890602
88	23	0.848469
88	34	0.827542
88	38	0.742705
88	69	1.39686
88	77	0.865628
88	79	0.784971
88	80	0.842203
88	85	0.815954
88	98	1.27431
88	101	1.79851
88	102	0.855791
88	104	0.85548
88	105	0.855213
88	130	0.871364
88	144	1.95637
88	146	1.79006
88	149	0.819656
88	157	0.802822
88	164	2.02462
88	175	0.721288
88	179	0.796642
89	32	1.29002
89	50	1.08566
89	53	1.19118
89	63	1.15107
89	107	0.950283
89	128	1.26055
89	132	0.898847
89	134	1.07964
89	137	0.91245
89	145	0.892456
89	148	0.957163
89	153	0.921452
89	161	0.915142
89	167	0.87112
89	168	0.8829
89	170	0.812101
89	171	0.840796
89	173	0.858866
89	174	0.85042
89	176	0.826629
89	178	0.879398
89	180	0.816784
90	4	0.930745
90	10	0.922075
90	12	0.916784
90	27	0.859891
90	29	0.871049
90	37	0.860603
90	47	0.884896
90	56	0.870387
90	71	0.847373
90	91	0.840484
90	92	0.877903
90	94	0.920619
90	99	0.860795
90	135	0.91007
90	136	1.3646
90	137	1.36293
90	144	0.831994
90	151	1.2331
90	162	1.16768
90	164	1.51066
90	165	2.37415
90	171	1.907
91	4	0.873885
91	12	0.859924
91	27	0.803031
91	28	0.829545
91	29	0.81419
91	37	0.803743
91	47	0.828036
91	56	0.813527
91	71	0.790514
91	90	0.840484
91	92	0.821043
91	94	0.863759
91	99	0.803935
91	111	1.65541
91	114	0.836627
91	135	0.85321
91	144	0.775134
91	164	1.71216
91	168	1.72681
91	174	2.15818
91	177	1.79659
91	179	1.57673
92	4	0.911303
92	10	0.902634
92	12	0.897343
92	27	0.84045
92	29	0.851608
92	37	0.841162
92	47	0.865455
92	56	0.850946
92	71	0.827932
92	90	0.877903
92	91	0.821043
92	94	0.901178
92	98	1.01467
92	99	0.841354
92	101	1.53886
92	109	1.40897
92	114	0.874046
92	135	0.890629
92	144	0.812553
92	157	1.6305
92	162	1.422
92	178	1.83036
92	180	2.41422
93	14	0.961683
93	19	0.887813
93	54	0.869867
93	55	0.868716
93	59	0.867771
93	64	0.84329
93	69	0.866089
93	70	0.843018
93	82	0.863222
93	86	0.863307
93	96	0.873326
93	109	1.49831
93	114	1.46962
93	140	1.49959
93	145	1.72808
93	147	1.63505
93	151	1.57677
93	157	0.837755
93	163	0.798367
93	164	1.85433
93	166	0.891604
93	169	0.88701
93	175	0.756222
94	10	0.945349
94	12	0.940059
94	27	0.883165
94	28	0.909679
94	29	0.894324
94	37	0.883878
94	47	0.90817
94	56	0.893661
94	71	0.870648
94	75	1.11316
94	90	0.920619
94	91	0.863759
94	92	0.901178
94	99	0.884069
94	114	0.916761
94	119	1.06704
94	135	0.933344
94	142	1.22914
94	144	0.855268
94	147	1.27799
94	153	1.33058
94	164	1.49727
94	175	2.11208
94	176	2.03796
95	35	1.57294
95	80	1.44308
95	126	1.47002
95	129	1.40932
95	133	0.844541
95	138	0.847183
95	141	0.897374
95	143	0.879196
95	150	0.829398
95	156	0.832171
95	161	0.827811
95	162	0.848718
95	165	0.728604
95	166	1.25023
95	168	0.795569
95	169	1.26703
95	170	0.72477
95	171	0.753465
95	172	0.765612
95	173	0.771535
95	176	0.739298
95	177	0.786626
95	178	0.792067
95	180	0.729453
96	30	0.7624
96	31	0.846063
96	33	0.957726
96	43	0.810482
96	45	0.911864
96	46	0.82087
96	51	0.880935
96	58	0.840384
96	67	0.894263
96	76	1.40948
96	93	0.873326
96	101	1.57124
96	107	1.45933
96	147	1.57808
96	148	1.38131
96	159	0.905735
96	160	0.916859
96	163	0.803895
96	166	0.897132
96	167	1.90184
96	169	0.892538
96	175	0.76175
96	179	1.66193
97	6	1.20443
97	9	1.19854
97	14	1.41466
97	51	1.2725
97	53	1.58983
97	62	1.35776
97	70	1.56226
97	101	0.875387
97	137	0.872985
97	140	0.908103
97	151	0.888513
97	153	0.881988
97	155	0.911579
97	156	0.880038
97	162	0.896584
97	165	0.776471
97	168	0.843435
97	170	0.772637
97	171	0.801331
97	172	0.813479
97	174	0.810956
97	177	0.834492
97	178	0.839934
97	180	0.77732
98	47	0.994239
98	55	1.24501
98	58	0.891446
98	62	0.958994
98	66	0.938732
98	67	0.945324
98	73	0.930044
98	86	1.0511
98	88	1.27431
98	92	1.01467
98	100	1.3457
98	108	1.15587
98	139	0.866918
98	142	0.885267
98	147	0.900008
98	159	0.956796
98	160	0.967921
98	165	0.800734
98	166	0.948194
98	169	0.943599
98	171	0.825595
98	178	0.864197
98	179	0.888165
98	180	0.801583
99	4	0.894195
99	10	0.885526
99	12	0.880235
99	27	0.823342
99	28	0.849855
99	29	0.8345
99	37	0.824054
99	47	0.848346
99	56	0.833838
99	71	0.810824
99	90	0.860795
99	91	0.803935
99	92	0.841354
99	94	0.884069
99	112	1.55505
99	114	0.856938
99	135	0.873521
99	136	1.67029
99	144	0.795444
99	146	1.58178
99	148	1.4003
99	150	1.63086
99	171	2.21269
99	179	1.68092
100	81	0.834924
100	98	1.3457
100	108	0.796504
100	109	1.74
100	110	0.845233
100	113	0.832973
100	116	0.827863
100	118	0.823969
100	119	0.875346
100	121	0.85506
100	124	0.833284
100	127	0.822344
100	128	0.815879
100	129	0.828565
100	130	1.53282
100	131	0.822469
100	132	0.847536
100	136	1.94996
100	148	1.67997
100	158	1.78991
100	159	0.86846
100	162	1.75304
100	164	0.78191
100	166	0.859857
100	169	0.855263
101	59	1.70237
101	88	1.79851
101	92	1.53886
101	96	1.57124
101	97	0.875387
101	105	1.53619
101	120	1.26427
101	138	0.837986
101	146	0.830308
101	147	0.818681
101	150	0.820201
101	158	0.83703
101	161	0.818614
101	162	0.839521
101	167	0.774592
101	168	0.786372
101	170	0.715573
101	171	0.744268
101	172	0.756415
101	173	0.762338
101	174	0.753892
101	176	0.730101
101	177	0.777429
101	178	0.78287
101	180	0.720256
102	15	0.948462
102	23	0.906329
102	34	0.885402
102	38	0.800565
102	77	0.923488
102	79	0.842831
102	80	0.900062
102	85	0.873813
102	88	0.855791
102	104	0.91334
102	105	0.913073
102	114	1.20225
102	119	0.93002
102	130	0.929224
102	135	1.17793
102	137	1.43923
102	149	0.877516
102	152	1.1995
102	157	0.860681
102	158	1.28085
102	165	2.45045
102	171	1.9833
102	175	0.779148
102	177	1.67139
102	179	0.854502
103	57	0.770475
103	83	1.24575
103	108	0.806127
103	110	0.854856
103	113	0.842596
103	116	0.837485
103	118	0.833591
103	122	0.806547
103	124	0.842906
103	126	0.839681
103	127	0.831967
103	128	0.825502
103	129	0.838188
103	131	0.832092
103	132	0.857159
103	137	1.63006
103	141	1.20872
103	159	0.878082
103	161	1.60129
103	164	0.791532
103	166	0.86948
103	169	0.864885
103	173	1.93718
103	176	2.31849
103	178	1.84317
104	15	0.948151
104	23	0.906018
104	34	0.885091
104	38	0.800254
104	77	0.923177
104	79	0.84252
104	80	0.899751
104	85	0.873503
104	88	0.85548
104	102	0.91334
104	105	0.912762
104	107	1.49823
104	117	1.51581
104	119	0.929709
104	130	0.928913
104	140	1.48153
104	142	1.56814
104	149	0.877205
104	150	1.65077
104	151	1.5587
104	154	1.5612
104	155	1.52403
104	157	0.86037
104	175	0.778837
104	179	0.854191
105	15	0.947884
105	23	0.905751
105	34	0.884824
105	38	0.799987
105	77	0.92291
105	79	0.842253
105	80	0.899484
105	85	0.873236
105	88	0.855213
105	101	1.53619
105	102	0.913073
105	104	0.912762
105	107	1.42428
105	114	1.3776
105	119	0.929442
105	130	0.928646
105	141	1.19323
105	143	1.31765
105	149	0.876938
105	156	1.52774
105	157	0.860103
105	175	0.77857
105	177	1.84674
105	178	1.82768
105	179	0.853924
106	1	1.24304
106	10	1.42872
106	62	1.26669
106	73	1.32246
106	112	0.892452
106	117	0.880546
106	121	1.12814
106	125	0.878822
106	126	1.31935
106	133	0.880576
106	134	1.38722
106	145	0.841161
106	151	0.876682
106	158	0.882262
106	162	0.884754
106	165	0.76464
106	167	0.819825
106	171	0.789501
106	172	0.801648
106	173	0.807571
106	174	0.799125
106	176	0.775334
106	177	0.822662
106	178	0.828103
106	180	0.765489
107	7	1.21029
107	26	1.39564
107	82	1.54319
107	89	0.950283
107	96	1.45933
107	104	1.49823
107	105	1.42428
107	108	1.56815
107	145	0.83136
107	153	0.860356
107	154	0.868705
107	156	0.858406
107	161	0.854045
107	162	0.874952
107	165	0.754839
107	167	0.810024
107	170	0.751005
107	171	0.7797
107	172	0.791847
107	173	0.79777
107	174	0.789324
107	176	0.765533
107	177	0.81286
107	178	0.818302
107	179	0.84227
107	180	0.755688
108	57	0.753052
108	66	0.86823
108	81	0.827124
108	98	1.15587
108	100	0.796504
108	103	0.806127
108	107	1.56815
108	110	0.837434
108	113	0.825174
108	114	0.839167
108	116	0.820063
108	118	0.816169
108	121	0.84726
108	124	0.825484
108	126	0.822259
108	127	0.814545
108	128	0.80808
108	129	0.820765
108	131	0.81467
108	132	0.839736
108	136	1.76013
108	140	1.55145
108	146	1.67162
108	154	1.63113
108	166	0.852057
108	180	2.55542
109	56	1.43654
109	92	1.40897
109	93	1.49831
109	100	1.74
109	112	0.884801
109	121	1.14056
109	136	0.851892
109	141	0.925758
109	143	0.907581
109	149	1.14891
109	151	0.869031
109	156	0.860555
109	161	0.856195
109	165	0.756989
109	166	1.11198
109	168	0.823953
109	170	0.753154
109	171	0.781849
109	172	0.793997
109	173	0.79992
109	174	0.791473
109	175	0.769066
109	176	0.767682
109	177	0.81501
109	178	0.820452
109	180	0.757837
110	87	1.26089
110	100	0.845233
110	103	0.854856
110	108	0.837434
110	112	1.56826
110	113	0.873903
110	116	0.868792
110	118	0.864898
110	121	0.895989
110	122	0.837854
110	124	0.874213
110	126	0.870988
110	127	0.863274
110	128	0.856809
110	129	0.869494
110	130	1.26636
110	131	0.863399
110	132	0.888465
110	143	1.3849
110	154	1.55449
110	160	0.920513
110	161	1.65305
110	164	0.822839
110	167	1.93403
110	168	1.8442
110	169	0.896192
111	36	1.93278
111	61	1.73445
111	91	1.65541
111	121	1.43982
111	137	0.808909
111	140	0.844026
111	148	0.853622
111	150	0.813188
111	154	0.82626
111	155	0.847502
111	158	0.830017
111	159	1.31123
111	161	0.811601
111	163	0.766617
111	165	0.712394
111	166	1.41124
111	168	0.779359
111	170	0.70856
111	171	0.737255
111	172	0.749402
111	173	0.755325
111	174	0.746879
111	176	0.723088
111	177	0.770416
111	178	0.775857
111	180	0.713243
112	14	1.43074
112	43	1.64158
112	45	1.06569
112	84	1.45572
112	99	1.55505
112	106	0.892452
112	109	0.884801
112	110	1.56826
112	125	0.862486
112	131	1.3908
112	143	0.898896
112	146	0.859204
112	155	0.883411
112	156	0.85187
112	162	0.868417
112	165	0.748304
112	167	0.803488
112	168	0.815268
112	170	0.744469
112	171	0.773164
112	172	0.785312
112	174	0.782788
112	176	0.758997
112	177	0.806325
112	178	0.811767
112	180	0.749152
113	57	0.789522
113	69	1.18278
113	81	0.863593
113	83	1.27851
113	100	0.832973
113	103	0.842596
113	108	0.825174
113	110	0.873903
113	116	0.856532
113	118	0.852638
113	121	0.883729
113	122	0.825594
113	124	0.861953
113	127	0.851014
113	128	0.844549
113	129	0.857234
113	131	0.851139
113	132	0.876205
113	135	1.40152
113	144	1.7423
113	158	1.50444
113	160	0.908253
113	164	0.810579
113	166	0.888527
113	168	1.8252
113	173	1.96993
113	179	1.67512
114	3	1.31344
114	5	1.0701
114	27	0.856033
114	59	1.54378
114	61	1.4065
114	86	1.41671
114	91	0.836627
114	92	0.874046
114	93	1.46962
114	94	0.916761
114	99	0.856938
114	102	1.20225
114	105	1.3776
114	108	0.839167
114	118	0.866632
114	121	0.897722
114	126	0.872721
114	129	0.871228
114	131	0.865132
114	135	0.906213
114	155	0.890168
114	162	0.875174
114	167	0.810245
114	168	0.822025
114	171	0.779921
114	174	0.789545
114	180	0.755909
115	8	1.66044
115	18	1.275
115	21	1.40841
115	60	1.6659
115	116	1.38684
115	123	0.832865
115	131	1.34825
115	140	0.871346
115	148	0.880941
115	152	0.879938
115	154	0.853579
115	155	0.874821
115	156	0.84328
115	157	0.833324
115	161	0.83892
115	165	0.739713
115	166	1.16414
115	167	0.794898
115	168	0.806678
115	170	0.735879
115	171	0.764574
115	172	0.776721
115	173	0.782644
115	174	0.774198
115	176	0.750407
115	177	0.797735
115	180	0.740562
116	81	0.858482
116	100	0.827863
116	103	0.837485
116	108	0.820063
116	110	0.868792
116	113	0.856532
116	115	1.38684
116	118	0.847528
116	121	0.878618
116	122	0.820484
116	124	0.856843
116	125	1.46661
116	126	0.853617
116	127	0.845903
116	128	0.839438
116	129	0.852124
116	131	0.846028
116	132	0.871095
116	138	1.48882
116	141	1.12161
116	159	0.892018
116	160	0.903143
116	164	0.805468
116	168	1.70534
116	172	2.10372
116	173	1.85007
116	177	1.77512
117	11	1.83714
117	61	1.47076
117	71	1.52309
117	79	1.64544
117	80	1.3404
117	104	1.51581
117	106	0.880546
117	120	1.16994
117	133	0.852334
117	137	0.832912
117	138	0.854976
117	150	0.837191
117	152	0.876622
117	154	0.850263
117	158	0.85402
117	162	0.856511
117	167	0.791582
117	168	0.803362
117	170	0.732563
117	171	0.761258
117	172	0.773406
117	173	0.779329
117	174	0.770882
117	176	0.747091
117	177	0.794419
117	178	0.799861
117	180	0.737246
118	66	0.895694
118	81	0.854589
118	100	0.823969
118	103	0.833591
118	108	0.816169
118	110	0.864898
118	113	0.852638
118	114	0.866632
118	116	0.847528
118	122	0.81659
118	124	0.852949
118	126	0.849723
118	127	0.842009
118	128	0.835544
118	129	0.84823
118	130	1.12027
118	131	0.842134
118	132	0.867201
118	145	1.55722
118	154	1.40841
118	157	1.54898
118	159	0.888125
118	163	1.8066
118	166	0.879522
118	168	1.69811
118	175	2.29827
118	178	1.74884
119	5	1.02458
119	6	1.05158
119	14	1.26181
119	32	1.53582
119	33	1.17244
119	57	0.831895
119	60	1.53952
119	94	1.06704
119	100	0.875346
119	102	0.93002
119	104	0.929709
119	105	0.929442
119	127	0.893387
119	128	0.886922
119	129	0.899607
119	132	0.918578
119	139	1.4533
119	142	0.867973
119	150	0.884234
119	165	0.78344
119	173	0.826371
119	174	0.817925
119	175	0.795517
119	177	0.841461
119	179	0.870871
119	180	0.784289
120	43	0.856468
120	49	0.91226
120	53	0.899069
120	58	0.88637
120	60	0.890731
120	61	0.956767
120	65	0.948959
120	67	0.940249
120	68	0.944691
120	78	0.929776
120	84	0.95442
120	101	1.26427
120	117	1.16994
120	135	1.08136
120	138	1.28852
120	146	1.25583
120	157	1.35591
120	158	1.18428
120	159	0.951721
120	160	0.962845
120	163	0.849881
120	164	0.86517
120	165	2.35388
120	166	0.943118
120	178	1.55576
120	179	0.883089
121	66	0.926785
121	81	0.885679
121	100	0.85506
121	106	1.12814
121	108	0.84726
121	109	1.14056
121	110	0.895989
121	111	1.43982
121	113	0.883729
121	114	0.897722
121	116	0.878618
121	122	0.847681
121	126	0.880814
121	127	0.8731
121	128	0.866635
121	129	0.879321
121	131	0.873225
121	132	0.898292
121	155	1.18435
121	160	0.93034
121	162	1.15359
121	164	0.832665
121	166	0.910613
121	169	0.906018
121	171	1.89291
121	175	2.11139
121	177	1.581
121	179	1.36115
122	57	0.753473
122	66	0.86865
122	81	0.827544
122	103	0.806547
122	110	0.837854
122	113	0.825594
122	116	0.820484
122	118	0.81659
122	121	0.847681
122	123	1.65316
122	124	0.825905
122	126	0.822679
122	127	0.814965
122	128	0.8085
122	129	0.821186
122	131	0.81509
122	132	0.840157
122	138	1.65388
122	147	1.63648
122	155	1.54353
122	156	1.62119
122	158	1.54965
122	159	0.86108
122	160	0.872205
122	161	1.67925
122	164	0.77453
122	166	0.852478
122	169	0.847884
122	170	2.69276
123	43	1.70028
123	47	1.54196
123	68	1.45534
123	115	0.832865
123	122	1.65316
123	132	1.37228
123	139	1.68094
123	143	0.864236
123	146	0.824544
123	149	1.30233
123	151	0.825685
123	153	0.81916
123	154	0.827509
123	155	0.848751
123	156	0.81721
123	158	0.831266
123	161	0.81285
123	162	0.833757
123	165	0.713644
123	167	0.768828
123	168	0.780608
123	170	0.709809
123	171	0.738504
123	172	0.750651
123	173	0.756574
123	174	0.748128
123	177	0.771665
123	178	0.777106
123	180	0.714492
124	57	0.789832
124	66	0.905009
124	75	1.40564
124	81	0.863903
124	100	0.833284
124	103	0.842906
124	108	0.825484
124	110	0.874213
124	113	0.861953
124	116	0.856843
124	118	0.852949
124	122	0.825905
124	125	1.56566
124	126	0.859038
124	127	0.851324
124	128	0.844859
124	129	0.857545
124	131	0.851449
124	132	0.876516
124	133	1.49021
124	137	1.64201
124	152	1.40227
124	154	1.51468
124	158	1.48363
124	160	0.908564
124	162	1.44676
124	164	0.810889
124	166	0.888837
124	169	0.884243
124	180	2.43898
125	35	1.56662
125	40	1.4521
125	49	1.35076
125	76	0.867311
125	106	0.878822
125	112	0.862486
125	116	1.46661
125	124	1.56566
125	132	1.35079
125	136	0.829577
125	140	0.866306
125	141	0.903443
125	151	0.846716
125	153	0.84019
125	154	0.848539
125	158	0.852296
125	160	1.0831
125	162	0.854787
125	167	0.789858
125	168	0.801638
125	169	1.26072
125	170	0.730839
125	172	0.771682
125	173	0.777605
125	174	0.769158
125	176	0.745367
125	177	0.792695
125	178	0.798137
125	179	0.822104
125	180	0.735522
126	57	0.786607
126	66	0.901784
126	69	1.06002
126	81	0.860678
126	95	1.47002
126	103	0.839681
126	106	1.31935
126	108	0.822259
126	110	0.870988
126	114	0.872721
126	116	0.853617
126	118	0.849723
126	121	0.880814
126	122	0.822679
126	124	0.859038
126	127	0.848099
126	128	0.841634
126	129	0.854319
126	130	1.12459
126	131	0.848224
126	132	0.87329
126	148	1.27174
126	152	1.30032
126	160	0.905338
126	164	0.807664
126	166	0.885612
126	167	1.79227
126	169	0.881017
126	172	2.10082
126	180	2.33703
127	66	0.89407
127	75	1.37741
127	100	0.822344
127	103	0.831967
127	108	0.814545
127	110	0.863274
127	113	0.851014
127	116	0.845903
127	118	0.842009
127	119	0.893387
127	121	0.8731
127	122	0.814965
127	124	0.851324
127	126	0.848099
127	128	0.83392
127	129	0.846605
127	130	1.19832
127	131	0.84051
127	132	0.865576
127	138	1.55964
127	147	1.54223
127	152	1.37405
127	153	1.59482
127	159	0.8865
127	160	0.897624
127	161	1.58501
127	166	0.877897
127	169	0.873303
127	176	2.30221
127	177	1.84594
128	56	0.744043
128	57	0.772428
128	66	0.887605
128	69	1.30881
128	81	0.846499
128	89	1.26055
128	100	0.815879
128	103	0.825502
128	108	0.80808
128	110	0.856809
128	113	0.844549
128	116	0.839438
128	118	0.835544
128	119	0.886922
128	121	0.866635
128	122	0.8085
128	124	0.844859
128	126	0.841634
128	127	0.83392
128	129	0.84014
128	131	0.834045
128	132	0.859112
128	133	1.63704
128	141	1.36749
128	143	1.49192
128	145	1.81033
128	160	0.891159
128	166	0.871433
128	168	1.95122
128	169	0.866838
128	180	2.58581
129	42	1.35012
129	66	0.90029
129	95	1.40932
129	100	0.828565
129	103	0.838188
129	108	0.820765
129	110	0.869494
129	113	0.857234
129	114	0.871228
129	116	0.852124
129	118	0.84823
129	119	0.899607
129	121	0.879321
129	122	0.821186
129	124	0.857545
129	126	0.854319
129	127	0.846605
129	128	0.84014
129	131	0.84673
129	132	0.871797
129	140	1.27236
129	145	1.50085
129	152	1.23962
129	155	1.31486
129	159	0.892721
129	160	0.903845
129	164	0.80617
129	166	0.884118
129	169	0.879524
129	172	2.04012
129	174	2.07312
129	177	1.71152
129	178	1.69246
130	36	0.876132
130	49	0.899246
130	60	0.877716
130	61	1.22801
130	65	1.27912
130	68	0.931676
130	82	1.31802
130	85	0.889386
130	88	0.871364
130	100	1.53282
130	102	0.929224
130	104	0.928913
130	105	0.928646
130	110	1.26636
130	118	1.12027
130	126	1.12459
130	127	1.19832
130	134	1.19247
130	154	0.89651
130	157	0.876254
130	159	0.938706
130	160	0.94983
130	165	0.782644
130	167	0.837829
130	169	0.921603
130	173	0.825575
130	175	0.794721
130	176	0.793338
130	177	0.840665
130	178	0.846107
130	179	0.870075
130	180	0.783493
131	57	0.779018
131	66	0.894195
131	76	1.26421
131	81	0.853089
131	100	0.822469
131	103	0.832092
131	108	0.81467
131	110	0.863399
131	112	1.3908
131	113	0.851139
131	114	0.865132
131	115	1.34825
131	116	0.846028
131	118	0.842134
131	121	0.873225
131	122	0.81509
131	124	0.851449
131	126	0.848224
131	127	0.84051
131	128	0.834045
131	129	0.84673
131	132	0.865701
131	136	1.50604
131	147	1.43281
131	153	1.4854
131	154	1.37704
131	156	1.41753
131	159	0.886625
131	160	0.897749
131	164	0.800075
131	166	0.878023
131	169	0.873428
131	175	2.2669
131	176	2.19279
132	57	0.804084
132	66	0.919261
132	81	0.878156
132	89	0.898847
132	100	0.847536
132	103	0.857159
132	108	0.839736
132	110	0.888465
132	113	0.876205
132	116	0.871095
132	118	0.867201
132	119	0.918578
132	121	0.898292
132	122	0.840157
132	123	1.37228
132	124	0.876516
132	125	1.35079
132	126	0.87329
132	127	0.865576
132	128	0.859112
132	129	0.871797
132	131	0.865701
132	140	1.22014
132	143	1.13022
132	144	1.50662
132	153	1.40818
132	155	1.26264
132	159	0.911692
132	160	0.922816
132	164	0.825142
132	165	2.43836
132	166	0.903089
132	169	0.898495
132	176	2.11556
132	178	1.64025
133	10	1.49764
133	24	1.03296
133	47	1.44502
133	55	1.69579
133	71	1.54401
133	75	0.868072
133	95	0.844541
133	106	0.880576
133	117	0.852334
133	124	1.49021
133	128	1.63704
133	136	0.831331
133	139	1.584
133	140	0.86806
133	145	0.812948
133	147	0.835701
133	148	0.877655
133	150	0.837221
133	153	0.841945
133	154	0.850294
133	158	0.85405
133	159	1.06845
133	161	0.835634
133	162	0.856541
133	165	0.736428
133	168	0.803392
133	170	0.732593
133	171	0.761288
133	172	0.773436
133	173	0.779359
133	174	0.770912
133	176	0.747121
133	177	0.794449
133	180	0.737276
134	1	0.881188
134	3	0.861004
134	5	1.01184
134	11	0.764496
134	21	0.829454
134	25	0.828352
134	26	0.828532
134	30	0.711634
134	31	0.795297
134	32	0.795241
134	33	0.90696
134	39	0.906193
134	40	0.793916
134	41	0.792122
134	45	0.861098
134	46	0.770104
134	48	0.820027
134	51	0.830169
134	62	0.857166
134	63	0.858701
134	72	1.21199
134	73	0.828216
134	89	1.07964
134	106	1.38722
134	130	1.19247
134	135	0.850059
134	136	1.6096
134	139	0.76509
134	142	0.783439
134	149	0.809351
134	150	1.57017
134	158	1.44955
134	169	0.841771
134	171	2.152
134	174	2.20169
134	180	2.4049
135	11	0.837233
135	22	1.21363
135	24	0.873794
135	26	0.901269
135	36	1.58051
135	37	0.873329
135	39	0.978931
135	41	0.864859
135	47	0.897621
135	48	0.892764
135	58	1.09089
135	60	1.56072
135	68	1.2489
135	84	1.30799
135	90	0.91007
135	91	0.85321
135	92	0.890629
135	94	0.933344
135	99	0.873521
135	102	1.17793
135	113	1.40152
135	114	0.906213
135	120	1.08136
135	134	0.850059
135	145	0.848164
135	149	0.882088
135	151	0.883686
135	166	1.05896
135	169	1.07577
135	171	0.796504
135	173	0.814575
135	174	0.806128
135	176	0.782337
135	177	0.829665
135	178	0.835107
135	180	0.772492
136	22	1.4766
136	26	1.58762
136	87	0.917524
136	90	1.3646
136	99	1.67029
136	100	1.94996
136	108	1.76013
136	109	0.851892
136	125	0.829577
136	131	1.50604
136	133	0.831331
136	134	1.6096
136	138	0.833973
136	140	0.847027
136	145	0.791915
136	146	0.826295
136	148	0.856622
136	150	0.816188
136	152	0.855619
136	154	0.829261
136	155	0.850503
136	158	0.833017
136	160	1.16112
136	162	0.835508
136	165	0.715395
136	167	0.77058
136	168	0.782359
136	170	0.711561
136	171	0.740255
136	172	0.752403
136	173	0.758326
136	174	0.74988
136	176	0.726089
136	177	0.773416
136	178	0.778858
136	180	0.716244
137	15	1.69632
137	28	1.52095
137	34	1.70955
137	46	1.77731
137	76	0.849643
137	89	0.91245
137	90	1.36293
137	97	0.872985
137	102	1.43923
137	103	1.63006
137	111	0.808909
137	117	0.832912
137	124	1.64201
137	138	0.835584
137	142	0.801538
137	145	0.793526
137	146	0.827906
137	147	0.816279
137	148	0.858233
137	151	0.829048
137	155	0.852114
137	156	0.820573
137	161	0.816212
137	163	0.771228
137	166	1.32026
137	167	0.772191
137	168	0.78397
137	170	0.713172
137	171	0.741866
137	172	0.754014
137	173	0.759937
137	174	0.75149
137	176	0.7277
137	177	0.775027
137	178	0.780469
137	180	0.717855
138	77	1.35955
138	81	1.26567
138	95	0.847183
138	101	0.837986
138	116	1.48882
138	117	0.854976
138	120	1.28852
138	122	1.65388
138	127	1.55964
138	136	0.833973
138	137	0.835584
138	140	0.870702
138	141	0.907839
138	143	0.889662
138	148	0.880297
138	149	1.30306
138	150	0.839863
138	152	0.879294
138	153	0.844587
138	156	0.842637
138	158	0.856692
138	160	1.10531
138	161	0.838276
138	165	0.73907
138	166	1.26612
138	167	0.794254
138	168	0.806034
138	169	1.28293
138	170	0.735235
138	172	0.776078
138	173	0.782001
138	174	0.773554
138	176	0.749763
138	177	0.797091
138	178	0.802533
138	179	0.8265
138	180	0.739918
139	5	0.999613
139	11	0.752264
139	17	0.806217
139	20	0.801698
139	26	0.8163
139	32	0.78301
139	35	0.799537
139	39	0.893962
139	40	0.781684
139	41	0.77989
139	48	0.807795
139	50	0.830511
139	52	0.822225
139	53	0.790085
139	61	0.847783
139	62	0.844934
139	63	0.84647
139	73	0.815985
139	78	0.820792
139	84	0.845436
139	87	1.31487
139	98	0.866918
139	119	1.4533
139	123	1.68094
139	133	1.584
139	134	0.76509
139	142	0.771207
139	143	1.43887
139	144	0.75975
139	145	1.75728
139	148	1.46748
139	149	0.797119
139	157	1.74905
139	163	0.740897
139	164	0.756186
139	167	1.98801
139	169	0.82954
139	180	2.53277
140	12	1.45764
140	59	1.57376
140	62	1.2804
140	63	1.47236
140	65	1.48758
140	68	1.3032
140	87	0.954252
140	93	1.49959
140	97	0.908103
140	104	1.48153
140	108	1.55145
140	111	0.844026
140	115	0.871346
140	125	0.866306
140	129	1.27236
140	132	1.22014
140	133	0.86806
140	136	0.847027
140	138	0.870702
140	143	0.902716
140	147	0.851397
140	150	0.852917
140	151	0.864166
140	153	0.857641
140	155	0.887232
140	156	0.85569
140	158	0.869746
140	165	0.752124
140	167	0.807308
140	168	0.819088
140	170	0.748289
140	172	0.789132
140	173	0.795055
140	174	0.786608
140	175	0.764201
140	176	0.762817
140	177	0.810145
140	178	0.815587
140	180	0.752972
141	30	1.59817
141	35	1.22162
141	41	1.39421
141	57	1.69364
141	65	1.27323
141	67	1.16399
141	84	1.14794
141	95	0.897374
141	103	1.20872
141	105	1.19323
141	109	0.925758
141	116	1.12161
141	125	0.903443
141	128	1.36749
141	138	0.907839
141	144	0.862337
141	145	0.865782
141	146	0.900161
141	151	0.901303
141	152	0.929485
141	153	0.894778
141	154	0.903127
141	155	0.924369
141	156	0.892828
141	158	0.906883
141	161	0.888467
141	165	0.789261
141	167	0.844446
141	168	0.856225
141	169	0.915717
141	170	0.785427
141	171	0.814121
141	172	0.826269
141	173	0.832192
141	174	0.823746
141	176	0.799955
141	177	0.847282
141	178	0.852724
141	180	0.79011
142	2	0.858779
142	3	0.867121
142	7	0.864062
142	13	1.26322
142	15	1.57593
142	22	0.83547
142	30	1.89912
142	34	1.58915
142	36	0.798512
142	60	0.800096
142	62	0.863284
142	63	0.864819
142	64	1.83889
142	68	0.854056
142	73	0.834334
142	80	1.39273
142	85	1.31039
142	86	1.53329
142	94	1.22914
142	98	0.885267
142	104	1.56814
142	119	0.867973
142	134	0.783439
142	137	0.801538
142	139	0.771207
142	149	0.815469
142	159	0.861086
142	160	0.87221
142	162	0.825137
142	167	0.760209
142	168	0.771988
142	169	0.847889
142	171	0.729885
142	173	0.747955
142	176	0.715718
142	178	0.768487
142	179	0.792455
142	180	0.705873
143	2	1.06352
143	12	1.36772
143	55	1.55066
143	63	1.38244
143	65	1.39766
143	83	0.934269
143	85	1.13386
143	95	0.879196
143	105	1.31765
143	109	0.907581
143	110	1.3849
143	112	0.898896
143	123	0.864236
143	128	1.49192
143	132	1.13022
143	138	0.889662
143	139	1.43887
143	140	0.902716
143	146	0.881984
143	147	0.870357
143	148	0.912311
143	150	0.871877
143	153	0.8766
143	154	0.884949
143	156	0.87465
143	158	0.888706
143	161	0.87029
143	162	0.891197
143	167	0.826268
143	168	0.838048
143	169	1.04014
143	170	0.767249
143	171	0.795944
143	172	0.808092
143	173	0.814015
143	174	0.805568
143	176	0.781777
143	177	0.829105
143	178	0.834547
143	180	0.771932
144	4	0.865394
144	13	0.865051
144	23	1.73618
144	29	0.805699
144	35	0.80643
144	50	0.837403
144	51	1.48162
144	52	0.829118
144	56	0.805036
144	62	1.56688
144	65	0.846867
144	71	0.782023
144	78	0.827685
144	80	1.5926
144	81	1.3993
144	84	0.852328
144	88	1.95637
144	90	0.831994
144	91	0.775134
144	92	0.812553
144	94	0.855268
144	99	0.795444
144	113	1.7423
144	132	1.50662
144	139	0.75975
144	141	0.862337
144	155	0.828675
144	158	0.81119
144	161	0.792774
144	163	0.74779
144	164	0.763079
144	165	0.693567
144	166	1.39974
144	168	0.760532
144	169	1.41655
144	171	0.718428
144	174	0.728052
144	176	0.704261
144	177	0.751589
144	178	0.75703
144	180	0.694416
145	54	1.50142
145	71	1.71729
145	72	0.902481
145	74	0.775373
145	77	1.43518
145	79	1.83964
145	87	0.899141
145	89	0.892456
145	93	1.72808
145	106	0.841161
145	107	0.83136
145	118	1.55722
145	128	1.81033
145	129	1.50085
145	133	0.812948
145	135	0.848164
145	136	0.791915
145	137	0.793526
145	139	1.75728
145	141	0.865782
145	146	0.807912
145	147	0.796285
145	148	0.83824
145	153	0.802529
145	154	0.810878
145	156	0.800579
145	158	0.814634
145	159	1.24174
145	161	0.796218
145	162	0.817125
145	165	0.697012
145	167	0.752197
145	168	0.763976
145	170	0.693178
145	172	0.73402
145	173	0.739943
145	174	0.731497
145	176	0.707706
145	177	0.755033
145	178	0.760475
145	180	0.697861
146	19	1.46725
146	20	1.09937
146	50	1.52712
146	63	1.59253
146	81	1.23298
146	82	1.64665
146	87	0.933521
146	88	1.79006
146	99	1.58178
146	101	0.830308
146	108	1.67162
146	112	0.859204
146	120	1.25583
146	123	0.824544
146	136	0.826295
146	137	0.827906
146	141	0.900161
146	143	0.881984
146	145	0.807912
146	147	0.830665
146	148	0.872619
146	151	0.843434
146	152	0.871616
146	153	0.836909
146	154	0.845258
146	155	0.8665
146	158	0.849014
146	161	0.830598
146	162	0.851505
146	165	0.731392
146	166	1.23343
146	168	0.798356
146	170	0.727557
146	171	0.756252
146	172	0.7684
146	173	0.774323
146	174	0.765876
146	176	0.742085
146	177	0.789413
146	178	0.794855
146	180	0.73224
147	52	1.48974
147	57	2.04344
147	74	0.798126
147	83	0.88295
147	93	1.63505
147	94	1.27799
147	96	1.57808
147	98	0.900008
147	101	0.818681
147	122	1.63648
147	127	1.54223
147	131	1.43281
147	133	0.835701
147	137	0.816279
147	140	0.851397
147	143	0.870357
147	145	0.796285
147	146	0.830665
147	148	0.860992
147	149	1.28565
147	150	0.820558
147	152	0.859989
147	154	0.833631
147	155	0.854873
147	156	0.823332
147	158	0.837387
147	160	1.0879
147	161	0.818971
147	162	0.839878
147	163	0.773987
147	164	0.789277
147	165	0.719765
147	167	0.774949
147	169	1.26552
147	170	0.71593
147	171	0.744625
147	172	0.756773
147	173	0.762696
147	174	0.754249
147	176	0.730458
147	177	0.777786
147	178	0.783228
147	180	0.720613
148	9	1.05987
148	15	1.428
148	25	1.50484
148	42	0.911954
148	50	1.34563
148	54	1.21162
148	73	1.27486
148	75	0.893363
148	89	0.957163
148	96	1.38131
148	99	1.4003
148	100	1.67997
148	111	0.853622
148	115	0.880941
148	126	1.27174
148	133	0.877655
148	136	0.856622
148	137	0.858233
148	138	0.880297
148	139	1.46748
148	143	0.912311
148	145	0.83824
148	146	0.872619
148	147	0.860992
148	151	0.873761
148	152	0.901943
148	154	0.875585
148	156	0.865286
148	157	0.855329
148	158	0.879341
148	160	0.891134
148	161	0.860925
148	162	0.881832
148	165	0.761719
148	167	0.816904
148	169	1.06875
148	170	0.757885
148	172	0.798727
148	173	0.80465
148	174	0.796204
148	176	0.772413
148	177	0.81974
148	178	0.825182
148	180	0.762568
149	5	1.04387
149	7	0.889975
149	11	0.796526
149	20	0.84596
149	22	0.861382
149	24	0.833087
149	26	0.860561
149	36	0.824425
149	38	0.76443
149	39	0.938223
149	41	0.824152
149	48	0.852057
149	49	0.847538
149	60	0.826009
149	68	0.879969
149	77	0.887353
149	79	0.806696
149	80	0.863928
149	85	0.837679
149	88	0.819656
149	102	0.877516
149	104	0.877205
149	105	0.876938
149	109	1.14891
149	123	1.30233
149	134	0.809351
149	135	0.882088
149	138	1.30306
149	139	0.797119
149	142	0.815469
149	147	1.28565
149	156	1.27036
149	159	0.886998
149	160	0.898122
149	161	1.32842
149	164	1.50493
149	167	1.60941
149	170	2.34193
149	172	1.91796
149	173	1.66431
149	175	0.743013
149	176	2.04562
149	178	1.5703
149	179	0.818367
150	10	1.61168
150	14	1.50655
150	37	1.44656
150	41	1.77781
150	44	0.783397
150	60	1.78426
150	66	1.50356
150	81	1.28206
150	95	0.829398
150	99	1.63086
150	101	0.820201
150	104	1.65077
150	111	0.813188
150	117	0.837191
150	119	0.884234
150	133	0.837221
150	134	1.57017
150	136	0.816188
150	138	0.839863
150	140	0.852917
150	143	0.871877
150	147	0.820558
150	151	0.833327
150	152	0.861509
150	154	0.835151
150	155	0.856393
150	158	0.838907
150	160	1.12169
150	161	0.820491
150	162	0.841398
150	167	0.77647
150	168	0.788249
150	170	0.717451
150	171	0.746145
150	172	0.758293
150	173	0.764216
150	174	0.75577
150	175	0.733362
150	176	0.731979
150	177	0.779306
150	178	0.784748
150	179	0.808716
150	180	0.722134
151	21	1.4347
151	31	1.4185
151	52	1.43146
151	59	1.65093
151	67	1.45551
151	83	0.895719
151	84	1.43946
151	90	1.2331
151	93	1.57677
151	97	0.888513
151	104	1.5587
151	106	0.876682
151	109	0.869031
151	123	0.825685
151	125	0.846716
151	135	0.883686
151	137	0.829048
151	140	0.864166
151	141	0.901303
151	146	0.843434
151	148	0.873761
151	150	0.833327
151	152	0.872758
151	153	0.83805
151	155	0.867641
151	156	0.8361
151	158	0.850156
151	159	1.09042
151	161	0.83174
151	162	0.852647
151	165	0.732533
151	166	1.19043
151	167	0.787718
151	168	0.799498
151	169	1.20724
151	170	0.728699
151	171	0.757394
151	172	0.769541
151	173	0.775464
151	174	0.767018
151	176	0.743227
151	177	0.790555
151	178	0.795996
151	180	0.733382
152	18	1.19138
152	32	1.57858
152	53	1.47974
152	55	1.60785
152	64	1.71955
152	75	0.89236
152	76	0.893353
152	102	1.1995
152	115	0.879938
152	117	0.876622
152	124	1.40227
152	126	1.30032
152	127	1.37405
152	129	1.23962
152	136	0.855619
152	138	0.879294
152	141	0.929485
152	146	0.871616
152	147	0.859989
152	148	0.901943
152	150	0.861509
152	151	0.872758
152	153	0.866233
152	154	0.874581
152	155	0.895824
152	158	0.878338
152	159	0.980516
152	160	0.919713
152	161	0.859922
152	162	0.880829
152	164	0.830227
152	165	0.760716
152	166	1.08053
152	167	0.8159
152	168	0.82768
152	170	0.756881
152	171	0.785576
152	172	0.797724
152	173	0.803647
152	174	0.7952
152	175	0.772793
152	176	0.771409
152	177	0.818737
152	178	0.824179
152	180	0.761564
153	3	1.53146
153	44	0.788121
153	49	1.40815
153	52	1.54233
153	67	1.56638
153	79	1.7992
153	89	0.921452
153	94	1.33058
153	97	0.881988
153	107	0.860356
153	123	0.81916
153	125	0.84019
153	127	1.59482
153	131	1.4854
153	132	1.40818
153	133	0.841945
153	138	0.844587
153	140	0.857641
153	141	0.894778
153	143	0.8766
153	145	0.802529
153	146	0.836909
153	151	0.83805
153	152	0.866233
153	154	0.839874
153	156	0.829575
153	157	0.819619
153	159	1.20129
153	161	0.825215
153	162	0.846122
153	163	0.780231
153	165	0.726008
153	166	1.3013
153	167	0.781193
153	168	0.792973
153	169	1.31811
153	170	0.722174
153	171	0.750869
153	172	0.763016
153	173	0.768939
153	174	0.760493
153	175	0.738086
153	176	0.736702
153	177	0.78403
153	178	0.789471
153	180	0.726857
154	3	1.42309
154	5	1.17975
154	48	1.34952
154	64	1.83196
154	67	1.45801
154	70	1.56457
154	74	0.812719
154	104	1.5612
154	107	0.868705
154	108	1.63113
154	110	1.55449
154	111	0.82626
154	115	0.853579
154	117	0.850263
154	118	1.40841
154	123	0.827509
154	124	1.51468
154	125	0.848539
154	130	0.89651
154	131	1.37704
154	133	0.850294
154	136	0.829261
154	141	0.903127
154	143	0.884949
154	145	0.810878
154	146	0.845258
154	147	0.833631
154	148	0.875585
154	150	0.835151
154	152	0.874581
154	153	0.839874
154	156	0.837924
154	160	1.03212
154	161	0.833564
154	162	0.854471
154	164	0.803869
154	165	0.734357
154	167	0.789542
154	168	0.801322
154	170	0.730523
154	172	0.771365
154	173	0.777288
154	174	0.768842
154	176	0.745051
154	177	0.792379
154	178	0.79782
154	179	0.821788
154	180	0.735206
155	4	1.30319
155	19	1.38958
155	23	1.4922
155	49	1.26261
155	63	1.51487
155	74	0.833961
155	82	1.56899
155	97	0.911579
155	104	1.52403
155	111	0.847502
155	112	0.883411
155	114	0.890168
155	115	0.874821
155	121	1.18435
155	122	1.54353
155	123	0.848751
155	129	1.31486
155	132	1.26264
155	136	0.850503
155	137	0.852114
155	140	0.887232
155	141	0.924369
155	144	0.828675
155	146	0.8665
155	147	0.854873
155	150	0.856393
155	151	0.867641
155	152	0.895824
155	157	0.84921
155	158	0.873222
155	160	0.994952
155	161	0.854806
155	162	0.875713
155	163	0.809822
155	164	0.825111
155	165	0.755599
155	166	1.15576
155	168	0.822564
155	169	1.17257
155	170	0.751765
155	171	0.78046
155	172	0.792607
155	173	0.79853
155	174	0.790084
155	176	0.766293
155	177	0.813621
155	178	0.819062
155	179	0.84303
155	180	0.756448
156	34	1.62271
156	44	0.78617
156	50	1.52711
156	60	1.73518
156	65	1.60775
156	68	1.42337
156	69	0.846002
156	79	1.73132
156	82	1.64665
156	84	1.48245
156	95	0.832171
156	97	0.880038
156	105	1.52774
156	107	0.858406
156	109	0.860555
156	112	0.85187
156	115	0.84328
156	122	1.62119
156	123	0.81721
156	131	1.41753
156	137	0.820573
156	138	0.842637
156	140	0.85569
156	141	0.892828
156	143	0.87465
156	145	0.800579
156	147	0.823332
156	148	0.865286
156	149	1.27036
156	151	0.8361
156	153	0.829575
156	154	0.837924
156	158	0.841681
156	160	1.07261
156	161	0.823265
156	162	0.844172
156	163	0.778281
156	165	0.724058
156	167	0.779243
156	168	0.791023
156	170	0.720224
156	171	0.748919
156	172	0.761066
156	173	0.766989
156	174	0.758543
156	175	0.736135
156	176	0.734752
156	177	0.78208
156	178	0.787521
156	180	0.724907
157	7	1.41384
157	12	1.67789
157	16	1.12265
157	28	1.5342
157	29	1.56517
157	33	1.46818
157	34	0.832432
157	38	0.747595
157	46	1.79056
157	54	0.839824
157	55	0.838673
157	59	0.837728
157	64	0.813247
157	67	1.59859
157	70	0.812975
157	77	0.870518
157	79	0.789861
157	80	0.847093
157	82	0.833179
157	85	0.820844
157	86	0.833264
157	88	0.802822
157	92	1.6305
157	93	0.837755
157	102	0.860681
157	104	0.86037
157	105	0.860103
157	115	0.833324
157	118	1.54898
157	120	1.35591
157	130	0.876254
157	139	1.74905
157	148	0.855329
157	153	0.819619
157	155	0.84921
157	159	1.2335
157	163	0.768324
157	164	0.783614
157	166	0.861561
157	167	0.769286
157	169	0.856967
157	170	0.710267
157	171	0.738962
157	172	0.75111
157	173	0.757033
157	175	0.726179
157	177	0.772123
157	178	0.777565
157	179	0.801532
157	180	0.71495
158	41	1.65719
158	43	1.59676
158	58	1.19381
158	61	1.4851
158	70	1.53352
158	75	0.869758
158	78	1.02315
158	83	0.901299
158	86	1.49531
158	87	0.940243
158	100	1.78991
158	101	0.83703
158	102	1.28085
158	106	0.882262
158	111	0.830017
158	113	1.50444
158	117	0.85402
158	120	1.18428
158	122	1.54965
158	123	0.831266
158	124	1.48363
158	125	0.852296
158	133	0.85405
158	134	1.44955
158	136	0.833017
158	138	0.856692
158	140	0.869746
158	141	0.906883
158	143	0.888706
158	144	0.81119
158	145	0.814634
158	146	0.849014
158	147	0.837387
158	148	0.879341
158	150	0.838907
158	151	0.850156
158	152	0.878338
158	155	0.873222
158	156	0.841681
158	159	1.06188
158	161	0.83732
158	162	0.858227
158	165	0.738114
158	167	0.793298
158	170	0.734279
158	171	0.762974
158	172	0.775122
158	173	0.781045
158	174	0.772598
158	175	0.750191
158	176	0.748807
158	177	0.796135
158	178	0.801577
158	180	0.738962
159	7	0.935592
159	8	0.823267
159	9	0.940834
159	16	0.940834
159	18	0.896975
159	22	0.906999
159	36	0.870042
159	43	0.837363
159	44	1.57659
159	49	0.893155
159	58	0.867265
159	60	0.871626
159	66	0.940185
159	67	0.921143
159	68	0.925586
159	81	0.899079
159	96	0.905735
159	98	0.956796
159	100	0.86846
159	103	0.878082
159	111	1.31123
159	116	0.892018
159	118	0.888125
159	120	0.951721
159	122	0.86108
159	127	0.8865
159	129	0.892721
159	130	0.938706
159	131	0.886625
159	132	0.911692
159	133	1.06845
159	142	0.861086
159	145	1.24174
159	149	0.886998
159	151	1.09042
159	152	0.980516
159	153	1.20129
159	157	1.2335
159	158	1.06188
159	160	0.943739
159	161	1.19148
159	162	1.025
159	165	2.23147
159	166	0.924013
159	168	1.38263
159	169	0.919418
159	173	1.52737
159	174	1.81401
159	177	1.45241
159	178	1.43336
159	179	0.863984
160	7	0.946716
160	8	0.834391
160	9	0.951958
160	16	0.951958
160	18	0.908099
160	22	0.918123
160	36	0.881166
160	43	0.848487
160	49	0.904279
160	57	0.836132
160	58	0.878389
160	60	0.88275
160	67	0.932268
160	68	0.93671
160	74	1.73368
160	96	0.916859
160	98	0.967921
160	110	0.920513
160	113	0.908253
160	116	0.903143
160	120	0.962845
160	121	0.93034
160	122	0.872205
160	124	0.908564
160	125	1.0831
160	126	0.905338
160	127	0.897624
160	128	0.891159
160	129	0.903845
160	130	0.94983
160	131	0.897749
160	132	0.922816
160	136	1.16112
160	138	1.10531
160	142	0.87221
160	147	1.0879
160	148	0.891134
160	149	0.898122
160	150	1.12169
160	152	0.919713
160	154	1.03212
160	155	0.994952
160	156	1.07261
160	159	0.943739
160	162	0.964197
160	163	1.43032
160	166	0.935137
160	172	1.72021
160	174	1.75321
160	175	1.92199
160	178	1.37255
160	179	0.875108
160	180	1.95642
161	25	1.74438
161	40	1.49967
161	44	0.78181
161	45	1.15048
161	48	1.44808
161	68	1.48143
161	70	1.66313
161	71	1.66704
161	72	0.925167
161	73	1.5144
161	76	0.852335
161	89	0.915142
161	95	0.827811
161	101	0.818614
161	103	1.60129
161	107	0.854045
161	109	0.856195
161	110	1.65305
161	111	0.811601
161	115	0.83892
161	122	1.67925
161	123	0.81285
161	127	1.58501
161	133	0.835634
161	137	0.816212
161	138	0.838276
161	141	0.888467
161	143	0.87029
161	144	0.792774
161	145	0.796218
161	146	0.830598
161	147	0.818971
161	148	0.860925
161	149	1.32842
161	150	0.820491
161	151	0.83174
161	152	0.859922
161	153	0.825215
161	154	0.833564
161	155	0.854806
161	156	0.823265
161	158	0.83732
161	159	1.19148
161	162	0.839811
161	163	0.77392
161	165	0.719698
161	166	1.29149
161	167	0.774883
161	170	0.715864
161	172	0.756706
161	173	0.762629
161	174	0.754182
161	175	0.731775
161	176	0.730392
161	177	0.777719
161	178	0.783161
161	180	0.720547
162	10	1.45418
162	12	1.46939
162	17	1.2529
162	25	1.5779
162	36	1.64655
162	37	1.28906
162	42	0.89084
162	44	0.802717
162	57	1.91974
162	64	1.76403
162	66	1.34606
162	72	0.946074
162	73	1.34792
162	74	0.818966
162	76	0.873242
162	90	1.16768
162	92	1.422
162	95	0.848718
162	97	0.896584
162	100	1.75304
162	101	0.839521
162	106	0.884754
162	107	0.874952
162	112	0.868417
162	114	0.875174
162	117	0.856511
162	121	1.15359
162	123	0.833757
162	124	1.44676
162	125	0.854787
162	133	0.856541
162	136	0.835508
162	142	0.825137
162	143	0.891197
162	145	0.817125
162	146	0.851505
162	147	0.839878
162	148	0.881832
162	150	0.841398
162	151	0.852647
162	152	0.880829
162	153	0.846122
162	154	0.854471
162	155	0.875713
162	156	0.844172
162	158	0.858227
162	159	1.025
162	160	0.964197
162	161	0.839811
162	165	0.740605
162	167	0.79579
162	168	0.807569
162	170	0.736771
162	171	0.765465
162	172	0.777613
162	174	0.775089
162	176	0.751299
162	177	0.798626
162	179	0.828035
162	180	0.741454
163	1	1.73462
163	13	0.846198
163	14	0.892253
163	17	1.71903
163	18	1.70199
163	19	0.818383
163	21	1.8354
163	23	1.92757
163	24	1.45563
163	28	0.802201
163	29	1.82279
163	33	1.7258
163	35	0.787577
163	38	1.98101
163	40	1.79932
163	50	0.81855
163	52	0.810265
163	53	0.778124
163	54	0.800437
163	55	0.799286
163	59	0.79834
163	61	0.835822
163	62	1.75827
163	64	0.773859
163	65	0.828014
163	69	0.796658
163	70	0.773588
163	78	0.808832
163	82	0.793791
163	84	0.833475
163	85	1.70165
163	86	0.793876
163	93	0.798367
163	96	0.803895
163	111	0.766617
163	118	1.8066
163	120	0.849881
163	137	0.771228
163	139	0.740897
163	144	0.74779
163	147	0.773987
163	153	0.780231
163	155	0.809822
163	156	0.778281
163	157	0.768324
163	160	1.43032
163	161	0.77392
163	164	0.744226
163	166	0.822173
163	167	0.729899
163	168	0.741678
163	169	0.817579
163	171	0.699575
163	172	0.711722
163	173	0.717645
163	174	0.709199
163	175	0.686791
163	176	0.685408
163	177	0.732735
163	178	0.738177
163	180	0.675563
164	4	1.61542
164	13	0.861487
164	19	1.70181
164	21	1.71226
164	28	0.81749
164	35	0.802866
164	39	0.952269
164	41	1.96329
164	50	0.833839
164	52	0.825554
164	53	0.793414
164	57	0.738458
164	58	1.49992
164	61	0.851112
164	63	1.8271
164	65	0.843303
164	67	1.73307
164	69	0.811947
164	73	1.6909
164	75	0.821648
164	78	0.824121
164	84	0.848764
164	88	2.02462
164	90	1.51066
164	91	1.71216
164	93	1.85433
164	94	1.49727
164	100	0.78191
164	103	0.791532
164	110	0.822839
164	113	0.810579
164	116	0.805468
164	120	0.86517
164	121	0.832665
164	122	0.77453
164	124	0.810889
164	126	0.807664
164	129	0.80617
164	131	0.800075
164	132	0.825142
164	139	0.756186
164	144	0.763079
164	147	0.789277
164	149	1.50493
164	152	0.830227
164	154	0.803869
164	155	0.825111
164	157	0.783614
164	163	0.744226
164	165	0.690003
164	166	0.837463
164	167	0.745188
164	168	0.756968
164	169	0.832868
164	170	0.686169
164	171	0.714864
164	173	0.732934
164	176	0.700697
164	177	0.748025
164	178	0.753466
164	179	0.777434
164	180	0.690852
165	39	1.81576
165	42	0.770726
165	58	2.36341
165	72	0.825961
165	74	0.698853
165	76	0.753129
165	78	2.19275
165	81	2.33104
165	87	0.82262
165	90	2.37415
165	95	0.728604
165	97	0.776471
165	98	0.800734
165	102	2.45045
165	106	0.76464
165	107	0.754839
165	109	0.756989
165	111	0.712394
165	112	0.748304
165	115	0.739713
165	119	0.78344
165	120	2.35388
165	123	0.713644
165	130	0.782644
165	132	2.43836
165	133	0.736428
165	136	0.715395
165	138	0.73907
165	140	0.752124
165	141	0.789261
165	144	0.693567
165	145	0.697012
165	146	0.731392
165	147	0.719765
165	148	0.761719
165	151	0.732533
165	152	0.760716
165	153	0.726008
165	154	0.734357
165	155	0.755599
165	156	0.724058
165	158	0.738114
165	159	2.23147
165	161	0.719698
165	162	0.740605
165	164	0.690003
165	167	0.675676
165	168	0.687456
165	169	2.34829
165	170	0.616657
165	171	0.645352
165	172	0.6575
165	174	0.654976
165	175	0.632569
165	176	0.631185
165	177	0.678513
165	178	0.683955
165	180	0.62134
166	8	0.814665
166	9	0.932232
166	14	0.98549
166	16	0.932232
166	18	0.888373
166	19	0.91162
166	42	1.19102
166	43	0.82876
166	54	0.893674
166	55	0.892523
166	58	0.858662
166	59	0.891577
166	64	0.867096
166	67	0.912541
166	69	0.889895
166	70	0.866825
166	82	0.887028
166	86	0.887113
166	93	0.891604
166	95	1.25023
166	96	0.897132
166	98	0.948194
166	100	0.859857
166	103	0.86948
166	108	0.852057
166	109	1.11198
166	111	1.41124
166	113	0.888527
166	115	1.16414
166	118	0.879522
166	120	0.943118
166	121	0.910613
166	122	0.852478
166	124	0.888837
166	126	0.885612
166	127	0.877897
166	128	0.871433
166	129	0.884118
166	131	0.878023
166	132	0.903089
166	135	1.05896
166	137	1.32026
166	138	1.26612
166	144	1.39974
166	146	1.23343
166	151	1.19043
166	152	1.08053
166	153	1.3013
166	155	1.15576
166	157	0.861561
166	159	0.924013
166	160	0.935137
166	161	1.29149
166	163	0.822173
166	164	0.837463
166	168	1.48264
166	169	0.910816
166	172	1.88102
166	173	1.62737
166	175	0.780028
166	177	1.55242
166	179	1.33256
167	2	1.61266
167	13	1.63582
167	19	1.80629
167	44	0.737788
167	56	1.89704
167	62	1.73961
167	72	0.881145
167	75	0.807321
167	77	1.6659
167	84	1.8215
167	86	1.90589
167	89	0.87112
167	96	1.90184
167	101	0.774592
167	106	0.819825
167	107	0.810024
167	110	1.93403
167	112	0.803488
167	114	0.810245
167	115	0.794898
167	117	0.791582
167	123	0.768828
167	125	0.789858
167	126	1.79227
167	130	0.837829
167	136	0.77058
167	137	0.772191
167	138	0.794254
167	139	1.98801
167	140	0.807308
167	141	0.844446
167	142	0.760209
167	143	0.826268
167	145	0.752197
167	147	0.774949
167	148	0.816904
167	149	1.60941
167	150	0.77647
167	151	0.787718
167	152	0.8159
167	153	0.781193
167	154	0.789542
167	156	0.779243
167	157	0.769286
167	158	0.793298
167	161	0.774883
167	162	0.79579
167	163	0.729899
167	164	0.745188
167	165	0.675676
167	168	0.742641
167	169	1.58928
167	170	0.671842
167	171	0.700537
167	172	0.712684
167	173	0.718607
167	174	0.710161
167	175	0.687753
167	176	0.68637
167	177	0.733697
167	178	0.739139
167	179	0.763107
167	180	0.676525
168	3	1.7128
168	5	1.46945
168	8	1.97894
168	31	1.71071
168	34	1.87193
168	51	1.56452
168	72	0.892925
168	76	0.820093
168	80	1.6755
168	83	0.850641
168	89	0.8829
168	91	1.72681
168	95	0.795569
168	97	0.843435
168	101	0.786372
168	109	0.823953
168	110	1.8442
168	111	0.779359
168	112	0.815268
168	113	1.8252
168	114	0.822025
168	115	0.806678
168	116	1.70534
168	117	0.803362
168	118	1.69811
168	123	0.780608
168	125	0.801638
168	128	1.95122
168	133	0.803392
168	136	0.782359
168	137	0.78397
168	138	0.806034
168	140	0.819088
168	141	0.856225
168	142	0.771988
168	143	0.838048
168	144	0.760532
168	145	0.763976
168	146	0.798356
168	150	0.788249
168	151	0.799498
168	152	0.82768
168	153	0.792973
168	154	0.801322
168	155	0.822564
168	156	0.791023
168	159	1.38263
168	162	0.807569
168	163	0.741678
168	164	0.756968
168	165	0.687456
168	166	1.48264
168	167	0.742641
168	170	0.683622
168	171	0.712316
168	172	0.724464
168	173	0.730387
168	174	0.721941
168	175	0.699533
168	176	0.69815
168	177	0.745477
168	178	0.750919
168	179	0.774887
168	180	0.688305
169	2	0.917111
169	3	0.925454
169	6	0.908638
169	14	0.980895
169	17	0.882898
169	19	0.907025
169	32	0.859691
169	40	0.858366
169	44	1.69341
169	54	0.889079
169	55	0.887928
169	57	0.811811
169	59	0.886983
169	62	0.921616
169	63	0.923151
169	64	0.862502
169	69	0.8853
169	70	0.86223
169	72	0.94113
169	73	0.892666
169	81	0.885882
169	82	0.882433
169	83	0.952756
169	86	0.882518
169	93	0.88701
169	95	1.26703
169	96	0.892538
169	98	0.943599
169	100	0.855263
169	103	0.864885
169	110	0.896192
169	121	0.906018
169	122	0.847884
169	124	0.884243
169	125	1.26072
169	126	0.881017
169	127	0.873303
169	128	0.866838
169	129	0.879524
169	130	0.921603
169	131	0.873428
169	132	0.898495
169	134	0.841771
169	135	1.07577
169	138	1.28293
169	139	0.82954
169	141	0.915717
169	142	0.847889
169	143	1.04014
169	144	1.41655
169	147	1.26552
169	148	1.06875
169	151	1.20724
169	153	1.31811
169	155	1.17257
169	157	0.856967
169	159	0.919418
169	163	0.817579
169	164	0.832868
169	165	2.34829
169	166	0.910816
169	167	1.58928
169	173	1.64418
169	175	0.775434
169	177	1.56923
169	179	1.34937
170	2	2.34518
170	20	2.17094
170	24	2.16949
170	27	2.03801
170	30	3.00425
170	42	0.766892
170	45	2.16399
170	53	2.70421
170	54	2.46468
170	72	0.822126
170	74	0.695019
170	75	0.748302
170	76	0.749294
170	81	2.30455
170	83	0.779842
170	87	0.818786
170	89	0.812101
170	95	0.72477
170	97	0.772637
170	101	0.715573
170	107	0.751005
170	109	0.753154
170	111	0.70856
170	112	0.744469
170	115	0.735879
170	117	0.732563
170	122	2.69276
170	123	0.709809
170	125	0.730839
170	133	0.732593
170	136	0.711561
170	137	0.713172
170	138	0.735235
170	140	0.748289
170	141	0.785427
170	143	0.767249
170	145	0.693178
170	146	0.727557
170	147	0.71593
170	148	0.757885
170	149	2.34193
170	150	0.717451
170	151	0.728699
170	152	0.756881
170	153	0.722174
170	154	0.730523
170	155	0.751765
170	156	0.720224
170	157	0.710267
170	158	0.734279
170	161	0.715864
170	162	0.736771
170	164	0.686169
170	165	0.616657
170	167	0.671842
170	168	0.683622
170	171	0.641518
170	172	0.653665
170	173	0.659588
170	174	0.651142
170	175	0.628734
170	176	0.627351
170	177	0.674679
170	178	0.68012
170	179	0.704088
170	180	0.617506
171	22	2.01899
171	27	1.59735
171	37	2.02839
171	40	2.07252
171	43	2.29921
171	48	2.02092
171	71	2.23988
171	72	0.850821
171	74	0.723713
171	75	0.776996
171	83	0.808537
171	85	1.97485
171	87	0.847481
171	89	0.840796
171	90	1.907
171	95	0.753465
171	97	0.801331
171	98	0.825595
171	99	2.21269
171	101	0.744268
171	102	1.9833
171	106	0.789501
171	107	0.7797
171	109	0.781849
171	111	0.737255
171	112	0.773164
171	114	0.779921
171	115	0.764574
171	117	0.761258
171	121	1.89291
171	123	0.738504
171	133	0.761288
171	134	2.152
171	135	0.796504
171	136	0.740255
171	137	0.741866
171	141	0.814121
171	142	0.729885
171	143	0.795944
171	144	0.718428
171	146	0.756252
171	147	0.744625
171	150	0.746145
171	151	0.757394
171	152	0.785576
171	153	0.750869
171	155	0.78046
171	156	0.748919
171	157	0.738962
171	158	0.762974
171	162	0.765465
171	163	0.699575
171	164	0.714864
171	165	0.645352
171	167	0.700537
171	168	0.712316
171	170	0.641518
171	172	0.68236
171	173	0.688283
171	174	0.679837
171	175	0.657429
171	176	0.656046
171	177	0.703373
171	178	0.708815
171	179	0.732783
171	180	0.646201
172	4	2.02845
172	20	1.74696
172	31	2.10909
172	32	2.37908
172	39	1.3653
172	42	0.807734
172	44	0.719612
172	51	1.9629
172	66	2.10208
172	74	0.735861
172	75	0.789144
172	78	1.74229
172	83	0.820685
172	87	0.859628
172	95	0.765612
172	97	0.813479
172	101	0.756415
172	106	0.801648
172	107	0.791847
172	109	0.793997
172	111	0.749402
172	112	0.785312
172	115	0.776721
172	116	2.10372
172	117	0.773406
172	123	0.750651
172	125	0.771682
172	126	2.10082
172	129	2.04012
172	133	0.773436
172	136	0.752403
172	137	0.754014
172	138	0.776078
172	140	0.789132
172	141	0.826269
172	143	0.808092
172	145	0.73402
172	146	0.7684
172	147	0.756773
172	148	0.798727
172	149	1.91796
172	150	0.758293
172	151	0.769541
172	152	0.797724
172	153	0.763016
172	154	0.771365
172	155	0.792607
172	156	0.761066
172	157	0.75111
172	158	0.775122
172	160	1.72021
172	161	0.756706
172	162	0.777613
172	163	0.711722
172	165	0.6575
172	166	1.88102
172	167	0.712684
172	168	0.724464
172	170	0.653665
172	171	0.68236
172	173	0.70043
172	174	0.691984
172	175	0.669577
172	176	0.668193
172	177	0.715521
172	178	0.720963
172	179	0.74493
172	180	0.658348
173	1	1.77086
173	6	1.64118
173	13	1.69072
173	29	1.85904
173	38	2.01725
173	42	0.813657
173	46	2.08443
173	55	2.1547
173	72	0.868892
173	74	0.741784
173	75	0.795067
173	76	0.79606
173	77	1.7208
173	82	2.0406
173	83	0.826608
173	87	0.865551
173	89	0.858866
173	95	0.771535
173	101	0.762338
173	103	1.93718
173	106	0.807571
173	107	0.79777
173	109	0.79992
173	111	0.755325
173	113	1.96993
173	115	0.782644
173	116	1.85007
173	117	0.779329
173	119	0.826371
173	123	0.756574
173	125	0.777605
173	130	0.825575
173	133	0.779359
173	135	0.814575
173	136	0.758326
173	137	0.759937
173	138	0.782001
173	140	0.795055
173	141	0.832192
173	142	0.747955
173	143	0.814015
173	145	0.739943
173	146	0.774323
173	147	0.762696
173	148	0.80465
173	149	1.66431
173	150	0.764216
173	151	0.775464
173	152	0.803647
173	153	0.768939
173	154	0.777288
173	155	0.79853
173	156	0.766989
173	157	0.757033
173	158	0.781045
173	159	1.52737
173	161	0.762629
173	163	0.717645
173	164	0.732934
173	166	1.62737
173	167	0.718607
173	168	0.730387
173	169	1.64418
173	170	0.659588
173	171	0.688283
173	172	0.70043
173	174	0.697907
173	175	0.6755
173	176	0.674116
173	177	0.721444
173	178	0.726885
173	179	0.750853
173	180	0.664271
174	9	1.92194
174	16	1.70316
174	24	1.77851
174	27	1.64703
174	37	2.07807
174	39	1.39829
174	42	0.805211
174	44	0.717088
174	48	2.0706
174	54	2.0737
174	68	2.10396
174	72	0.860445
174	75	0.786621
174	76	0.787613
174	83	0.818161
174	85	2.02454
174	89	0.85042
174	91	2.15818
174	97	0.810956
174	101	0.753892
174	106	0.799125
174	107	0.789324
174	109	0.791473
174	111	0.746879
174	112	0.782788
174	114	0.789545
174	115	0.774198
174	117	0.770882
174	119	0.817925
174	123	0.748128
174	125	0.769158
174	129	2.07312
174	133	0.770912
174	134	2.20169
174	135	0.806128
174	136	0.74988
174	137	0.75149
174	138	0.773554
174	140	0.786608
174	141	0.823746
174	143	0.805568
174	144	0.728052
174	145	0.731497
174	146	0.765876
174	147	0.754249
174	148	0.796204
174	150	0.75577
174	151	0.767018
174	152	0.7952
174	153	0.760493
174	154	0.768842
174	155	0.790084
174	156	0.758543
174	158	0.772598
174	159	1.81401
174	160	1.75321
174	161	0.754182
174	162	0.775089
174	163	0.709199
174	165	0.654976
174	167	0.710161
174	168	0.721941
174	170	0.651142
174	171	0.679837
174	172	0.691984
174	173	0.697907
174	175	0.667053
174	176	0.66567
174	177	0.712997
174	178	0.718439
174	179	0.742407
174	180	0.655825
175	6	2.09661
175	14	0.850107
175	15	0.813959
175	16	1.87194
175	19	0.776237
175	23	0.771826
175	34	0.750899
175	35	2.40551
175	38	0.666062
175	45	1.9418
175	49	2.18965
175	50	2.37649
175	54	0.758291
175	55	0.75714
175	56	2.40737
175	59	0.756195
175	64	0.731714
175	69	0.754513
175	70	0.731442
175	77	0.788985
175	79	0.708328
175	80	0.76556
175	82	0.751646
175	83	0.795754
175	85	0.739311
175	86	0.751731
175	88	0.721288
175	93	0.756222
175	94	2.11208
175	96	0.76175
175	102	0.779148
175	104	0.778837
175	105	0.77857
175	109	0.769066
175	118	2.29827
175	119	0.795517
175	121	2.11139
175	130	0.794721
175	131	2.2669
175	140	0.764201
175	149	0.743013
175	150	0.733362
175	152	0.772793
175	153	0.738086
175	156	0.736135
175	157	0.726179
175	158	0.750191
175	160	1.92199
175	161	0.731775
175	163	0.686791
175	165	0.632569
175	166	0.780028
175	167	0.687753
175	168	0.699533
175	169	0.775434
175	170	0.628734
175	171	0.657429
175	172	0.669577
175	173	0.6755
175	174	0.667053
175	176	0.643262
175	177	0.69059
175	178	0.696032
175	179	0.719999
175	180	0.633417
176	7	2.08902
176	28	2.20938
176	42	0.78142
176	44	0.693297
176	47	2.28525
176	52	2.24971
176	69	0.753129
176	70	2.38032
176	73	2.23159
176	74	0.709547
176	75	0.76283
176	76	0.763822
176	83	0.79437
176	86	2.34211
176	87	0.833314
176	89	0.826629
176	94	2.03796
176	95	0.739298
176	101	0.730101
176	103	2.31849
176	106	0.775334
176	107	0.765533
176	109	0.767682
176	111	0.723088
176	112	0.758997
176	115	0.750407
176	117	0.747091
176	125	0.745367
176	127	2.30221
176	130	0.793338
176	131	2.19279
176	132	2.11556
176	133	0.747121
176	135	0.782337
176	136	0.726089
176	137	0.7277
176	138	0.749763
176	140	0.762817
176	141	0.799955
176	142	0.715718
176	143	0.781777
176	144	0.704261
176	145	0.707706
176	146	0.742085
176	147	0.730458
176	148	0.772413
176	149	2.04562
176	150	0.731979
176	151	0.743227
176	152	0.771409
176	153	0.736702
176	154	0.745051
176	155	0.766293
176	156	0.734752
176	158	0.748807
176	161	0.730392
176	162	0.751299
176	163	0.685408
176	164	0.700697
176	165	0.631185
176	167	0.68637
176	168	0.69815
176	170	0.627351
176	171	0.656046
176	172	0.668193
176	173	0.674116
176	174	0.66567
176	175	0.643262
176	177	0.689206
176	178	0.694648
176	179	0.718616
176	180	0.632034
177	5	1.53923
177	8	2.04872
177	22	1.70708
177	26	1.8181
177	42	0.828747
177	44	0.740625
177	49	1.65927
177	66	1.77348
177	72	0.883982
177	74	0.756874
177	76	0.81115
177	79	2.05032
177	83	0.841698
177	84	1.80145
177	87	0.880642
177	91	1.79659
177	95	0.786626
177	97	0.834492
177	101	0.777429
177	102	1.67139
177	105	1.84674
177	106	0.822662
177	107	0.81286
177	109	0.81501
177	111	0.770416
177	112	0.806325
177	115	0.797735
177	116	1.77512
177	117	0.794419
177	119	0.841461
177	121	1.581
177	123	0.771665
177	125	0.792695
177	127	1.84594
177	129	1.71152
177	130	0.840665
177	133	0.794449
177	135	0.829665
177	136	0.773416
177	137	0.775027
177	138	0.797091
177	140	0.810145
177	141	0.847282
177	143	0.829105
177	144	0.751589
177	145	0.755033
177	146	0.789413
177	147	0.777786
177	148	0.81974
177	150	0.779306
177	151	0.790555
177	152	0.818737
177	153	0.78403
177	154	0.792379
177	155	0.813621
177	156	0.78208
177	157	0.772123
177	158	0.796135
177	159	1.45241
177	161	0.777719
177	162	0.798626
177	163	0.732735
177	164	0.748025
177	165	0.678513
177	166	1.55242
177	167	0.733697
177	168	0.745477
177	169	1.56923
177	170	0.674679
177	171	0.703373
177	172	0.715521
177	173	0.721444
177	174	0.712997
177	175	0.69059
177	176	0.689206
177	178	0.741976
177	179	0.765943
177	180	0.679362
178	11	2.22296
178	16	1.32251
178	20	1.3993
178	33	1.66804
178	42	0.834189
178	44	0.746067
178	51	1.61525
178	57	2.32809
178	65	1.90769
178	69	0.805899
178	72	0.889424
178	74	0.762316
178	75	0.815599
178	76	0.816592
178	77	1.6268
178	78	1.39463
178	83	0.84714
178	87	0.886083
178	89	0.879398
178	92	1.83036
178	95	0.792067
178	97	0.839934
178	98	0.864197
178	101	0.78287
178	103	1.84317
178	105	1.82768
178	106	0.828103
178	107	0.818302
178	109	0.820452
178	111	0.775857
178	112	0.811767
178	117	0.799861
178	118	1.74884
178	120	1.55576
178	123	0.777106
178	125	0.798137
178	129	1.69246
178	130	0.846107
178	132	1.64025
178	135	0.835107
178	136	0.778858
178	137	0.780469
178	138	0.802533
178	140	0.815587
178	141	0.852724
178	142	0.768487
178	143	0.834547
178	144	0.75703
178	145	0.760475
178	146	0.794855
178	147	0.783228
178	148	0.825182
178	149	1.5703
178	150	0.784748
178	151	0.795996
178	152	0.824179
178	153	0.789471
178	154	0.79782
178	155	0.819062
178	156	0.787521
178	157	0.777565
178	158	0.801577
178	159	1.43336
178	160	1.37255
178	161	0.783161
178	163	0.738177
178	164	0.753466
178	165	0.683955
178	167	0.739139
178	168	0.750919
178	170	0.68012
178	171	0.708815
178	172	0.720963
178	173	0.726885
178	174	0.718439
178	175	0.696032
178	176	0.694648
178	177	0.741976
178	179	0.771385
178	180	0.684803
179	7	0.86696
179	13	1.39591
179	15	0.889313
179	17	1.46045
179	22	0.838368
179	23	0.84718
179	26	1.59824
179	28	1.53326
179	29	1.56422
179	31	1.56063
179	34	0.826253
179	36	0.801411
179	38	0.741416
179	45	1.19156
179	47	1.60912
179	49	0.824524
179	59	1.79306
179	60	0.802994
179	61	1.65578
179	68	0.856954
179	77	0.864339
179	79	0.783682
179	80	0.840913
179	85	0.814664
179	87	0.910051
179	88	0.796642
179	91	1.57673
179	96	1.66193
179	98	0.888165
179	99	1.68092
179	102	0.854502
179	104	0.854191
179	105	0.853924
179	107	0.84227
179	113	1.67512
179	119	0.870871
179	120	0.883089
179	121	1.36115
179	125	0.822104
179	130	0.870075
179	138	0.8265
179	142	0.792455
179	149	0.818367
179	150	0.808716
179	154	0.821788
179	155	0.84303
179	157	0.801532
179	159	0.863984
179	160	0.875108
179	162	0.828035
179	164	0.777434
179	166	1.33256
179	167	0.763107
179	168	0.774887
179	169	1.34937
179	170	0.704088
179	171	0.732783
179	172	0.74493
179	173	0.750853
179	174	0.742407
179	175	0.719999
179	176	0.718616
179	177	0.765943
179	178	0.771385
179	180	0.708771
180	18	2.22809
180	38	2.50711
180	39	1.60151
180	42	0.771575
180	44	0.683452
180	58	2.14916
180	69	0.743284
180	72	0.826809
180	74	0.699702
180	75	0.752985
180	76	0.753977
180	78	1.9785
180	80	2.31009
180	83	0.784525
180	87	0.823469
180	89	0.816784
180	92	2.41422
180	95	0.729453
180	97	0.77732
180	98	0.801583
180	101	0.720256
180	106	0.765489
180	107	0.755688
180	108	2.55542
180	109	0.757837
180	111	0.713243
180	112	0.749152
180	114	0.755909
180	115	0.740562
180	117	0.737246
180	119	0.784289
180	123	0.714492
180	124	2.43898
180	125	0.735522
180	126	2.33703
180	128	2.58581
180	130	0.783493
180	133	0.737276
180	134	2.4049
180	135	0.772492
180	136	0.716244
180	137	0.717855
180	138	0.739918
180	139	2.53277
180	140	0.752972
180	141	0.79011
180	142	0.705873
180	143	0.771932
180	144	0.694416
180	145	0.697861
180	146	0.73224
180	147	0.720613
180	148	0.762568
180	150	0.722134
180	151	0.733382
180	152	0.761564
180	153	0.726857
180	154	0.735206
180	155	0.756448
180	156	0.724907
180	157	0.71495
180	158	0.738962
180	160	1.95642
180	161	0.720547
180	162	0.741454
180	163	0.675563
180	164	0.690852
180	165	0.62134
180	167	0.676525
180	168	0.688305
180	170	0.617506
180	171	0.646201
180	172	0.658348
180	173	0.664271
180	174	0.655825
180	175	0.633417
180	176	0.632034
180	177	0.679362
180	178	0.684803
180	179	0.708771
