1	30	0.976674
1	46	1.03704
1	57	1.01217
1	114	0.974954
1	130	1.39098
1	132	0.921484
1	140	0.914483
1	144	0.864462
1	157	0.867105
1	164	3.58461
1	166	2.56414
1	180	0.855329
2	13	1.0091
2	14	0.91352
2	16	1.00701
2	23	1.00625
2	29	0.981361
2	36	0.897526
2	75	3.67837
2	108	1.69902
2	115	2.19494
2	140	0.911796
2	144	0.861775
2	180	0.852642
3	5	0.829218
3	11	0.828176
3	17	0.807936
3	31	0.879639
3	37	0.859116
3	39	0.858708
3	43	0.858459
3	122	0.874109
3	130	0.847432
3	154	0.801252
3	166	1.64612
3	174	4.72866
4	9	0.95973
4	18	0.940362
4	26	1.00843
4	33	1.00802
4	53	1.35572
4	129	0.986283
4	131	1.76915
4	142	0.939021
4	143	5.28194
4	162	0.913096
4	165	0.971603
5	3	0.829218
5	11	0.825312
5	17	0.805071
5	31	0.876775
5	37	0.856252
5	39	0.855844
5	43	0.855595
5	120	0.886833
5	130	0.844568
5	151	1.79228
5	154	0.798387
5	173	4.49143
6	40	0.949943
6	63	0.904863
6	64	0.978914
6	69	0.897084
6	72	0.947622
6	79	0.936151
6	80	0.989933
6	112	1.76208
6	149	1.60267
6	160	0.959241
6	171	0.863443
6	174	4.88786
7	20	0.892194
7	38	0.857964
7	44	0.837631
7	47	0.847093
7	52	0.904436
7	56	0.82948
7	58	0.82926
7	132	3.29688
7	142	2.6748
7	154	0.795561
7	160	0.86844
7	171	0.772642
8	30	0.991811
8	34	0.930079
8	57	1.02731
8	99	0.926745
8	114	0.990091
8	139	2.88992
8	142	0.924102
8	144	0.879599
8	145	1.40678
8	157	0.882242
8	171	3.22764
8	180	0.870466
9	4	0.95973
9	10	0.824495
9	18	0.796395
9	19	0.899509
9	26	0.864465
9	33	0.86405
9	102	3.94752
9	104	1.54264
9	129	0.842316
9	142	0.795055
9	162	0.769129
9	165	0.827637
10	9	0.824495
10	18	0.805127
10	19	0.908241
10	26	0.873197
10	33	0.872782
10	122	0.874682
10	129	0.851048
10	142	0.803787
10	156	2.89104
10	162	0.777861
10	164	3.40155
10	165	0.836369
11	3	0.828176
11	5	0.825312
11	17	0.804029
11	31	0.875733
11	37	0.85521
11	39	0.854802
11	43	0.854553
11	120	0.885791
11	123	4.2829
11	130	0.843526
11	140	2.08908
11	154	0.797345
12	24	0.850738
12	32	0.858075
12	45	0.817899
12	48	0.819453
12	49	0.819363
12	55	0.805525
12	60	0.858858
12	61	0.793481
12	65	0.843541
12	66	0.843678
12	68	0.843859
12	168	1.85931
12	170	5.04925
13	2	1.0091
13	14	0.884407
13	16	0.977894
13	23	0.977141
13	29	0.952248
13	36	0.868413
13	129	0.924427
13	132	2.49019
13	140	0.882683
13	144	0.832662
13	155	1.9668
13	156	3.23386
13	180	0.823529
14	2	0.91352
14	13	0.884407
14	16	0.882316
14	23	0.881563
14	29	0.85667
14	36	0.772835
14	83	0.854407
14	129	0.828849
14	140	0.787105
14	144	0.737085
14	154	2.49736
14	179	4.27915
14	180	0.727951
15	38	0.939301
15	44	0.918968
15	47	0.928431
15	52	0.985773
15	56	0.910817
15	58	0.910598
15	123	0.850798
15	154	0.876898
15	160	0.949777
15	162	2.34395
15	169	1.66532
15	170	4.41462
15	171	0.85398
16	2	1.00701
16	13	0.977894
16	14	0.882316
16	23	0.97505
16	29	0.950157
16	36	0.866322
16	121	2.97301
16	124	1.23129
16	129	0.922336
16	140	0.880592
16	144	0.830572
16	179	3.64613
16	180	0.821438
17	3	0.807936
17	5	0.805071
17	11	0.804029
17	31	0.855493
17	37	0.83497
17	39	0.834562
17	43	0.834313
17	83	0.851887
17	120	0.86555
17	122	0.849963
17	154	0.777105
17	177	4.89535
17	178	2.16697
18	4	0.940362
18	9	0.796395
18	10	0.805127
18	19	0.880141
18	26	0.845097
18	33	0.844682
18	122	0.846582
18	129	0.822948
18	141	2.15051
18	142	0.775687
18	162	0.749761
18	165	0.808268
18	177	5.00239
19	9	0.899509
19	10	0.908241
19	18	0.880141
19	26	0.94821
19	33	0.947795
19	122	0.949695
19	129	0.926061
19	142	0.8788
19	145	1.97077
19	162	0.852875
19	164	3.45045
19	165	0.911382
19	166	2.42998
20	7	0.892194
20	38	0.929456
20	44	0.909124
20	52	0.975928
20	56	0.900973
20	58	0.900753
20	106	2.52861
20	120	0.955499
20	144	3.03151
20	154	0.867054
20	160	0.939933
20	170	3.29577
20	171	0.844135
21	30	0.963602
21	34	0.901869
21	46	1.02397
21	57	0.999098
21	99	0.898535
21	140	0.901411
21	142	0.895893
21	144	0.85139
21	157	0.854033
21	159	2.29552
21	169	2.14058
21	179	3.58376
21	180	0.842257
22	83	2.59863
22	113	0.744432
22	127	0.71541
22	135	0.802849
22	145	0.804359
22	156	0.782045
22	159	0.762425
22	161	0.762102
22	169	0.768498
22	170	0.733112
22	174	0.729306
22	176	0.744129
22	178	0.750392
23	2	1.00625
23	13	0.977141
23	14	0.881563
23	16	0.97505
23	29	0.949404
23	36	0.865569
23	112	2.22166
23	129	0.921583
23	140	0.879839
23	144	0.829818
23	151	2.97849
23	152	7.96703
23	180	0.820685
24	12	0.850738
24	28	0.910552
24	48	0.880085
24	49	0.879995
24	60	0.919489
24	61	0.854113
24	65	0.904173
24	66	0.90431
24	68	0.904491
24	90	1.16916
24	120	0.929341
24	130	0.887076
24	133	3.55846
24	150	2.9961
25	42	0.846076
25	51	0.82374
25	63	0.796796
25	64	0.870847
25	67	0.857793
25	69	0.789017
25	72	0.839555
25	79	0.828084
25	80	0.881866
25	144	4.62889
25	152	0.706151
25	160	0.851174
25	161	2.8164
25	171	0.755376
26	4	1.00843
26	9	0.864465
26	10	0.873197
26	18	0.845097
26	19	0.94821
26	33	0.912751
26	122	0.914651
26	129	0.891017
26	142	0.843756
26	157	2.69704
26	162	0.817831
26	165	0.876338
26	174	3.40772
26	180	2.50172
27	41	0.913774
27	62	0.929961
27	78	0.95286
27	81	0.903276
27	84	0.901892
27	85	0.891814
27	88	0.921804
27	111	2.63615
27	136	2.27455
27	152	0.783204
27	160	0.928227
27	165	0.889892
27	167	3.37629
27	179	0.816598
28	24	0.910552
28	32	0.917889
28	45	0.877713
28	48	0.879267
28	55	0.865339
28	60	0.918671
28	61	0.853295
28	65	0.903355
28	66	0.903492
28	68	0.903673
28	114	0.908029
28	124	1.93448
28	142	2.41214
28	163	3.40997
29	2	0.981361
29	13	0.952248
29	14	0.85667
29	16	0.950157
29	23	0.949404
29	36	0.840676
29	83	0.922248
29	89	1.5242
29	129	0.89669
29	140	0.854946
29	144	0.804926
29	153	4.37798
29	165	1.79946
29	180	0.795792
30	1	0.976674
30	8	0.991811
30	21	0.963602
30	34	0.848031
30	46	0.970127
30	57	0.94526
30	132	0.854573
30	140	0.847572
30	142	0.842055
30	157	0.800194
30	163	1.61117
30	165	1.41387
30	177	5.5497
30	180	0.788418
31	3	0.879639
31	5	0.876775
31	11	0.875733
31	17	0.855493
31	37	0.906673
31	39	0.906265
31	43	0.906016
31	104	1.51776
31	117	3.61266
31	120	0.937254
31	122	0.921666
31	130	0.894989
31	145	3.08153
31	154	0.848808
32	12	0.858075
32	28	0.917889
32	45	0.885868
32	48	0.887421
32	49	0.887331
32	55	0.873494
32	60	0.926826
32	61	0.861449
32	65	0.911509
32	66	0.911646
32	68	0.911827
32	116	1.9397
32	128	1.978
32	162	4.11458
33	4	1.00802
33	9	0.86405
33	10	0.872782
33	18	0.844682
33	19	0.947795
33	26	0.912751
33	75	2.32163
33	122	0.914237
33	129	0.890603
33	142	0.843341
33	146	3.89292
33	148	2.61317
33	162	0.817416
33	165	0.875923
34	8	0.930079
34	21	0.901869
34	30	0.848031
34	46	0.908394
34	57	0.883527
34	90	2.54858
34	99	0.782964
34	132	0.792841
34	140	0.78584
34	142	0.780322
34	144	0.735819
34	155	3.70957
34	157	0.738462
34	180	0.726686
35	49	0.785986
35	87	0.909577
35	99	0.830735
35	136	0.837086
35	141	0.834016
35	145	0.867443
35	166	0.848062
35	170	0.796196
35	173	0.797267
35	174	0.79239
35	175	0.780275
35	176	0.807213
35	177	0.788338
35	178	0.813476
36	2	0.897526
36	13	0.868413
36	14	0.772835
36	16	0.866322
36	23	0.865569
36	29	0.840676
36	83	0.838413
36	129	0.812855
36	140	0.771111
36	142	3.25838
36	144	0.72109
36	152	6.13297
36	175	3.18347
36	180	1.54625
37	3	0.859116
37	5	0.856252
37	11	0.85521
37	17	0.83497
37	31	0.906673
37	39	0.885742
37	43	0.885493
37	83	0.903068
37	120	0.916731
37	122	0.901144
37	126	1.9966
37	130	0.874466
37	149	2.94817
37	150	3.05967
37	154	0.828286
38	7	0.857964
38	15	0.939301
38	20	0.929456
38	44	0.874893
38	47	0.884356
38	52	0.941698
38	56	0.866743
38	58	0.866523
38	123	0.806723
38	154	0.832824
38	156	2.19427
38	157	4.05618
38	160	0.905702
38	169	2.46791
38	171	0.809905
39	3	0.858708
39	5	0.855844
39	11	0.854802
39	17	0.834562
39	31	0.906265
39	37	0.885742
39	43	0.885085
39	83	0.90266
39	120	0.916323
39	122	0.900736
39	130	0.874058
39	134	1.34309
39	153	3.78926
39	154	0.827878
39	169	3.22191
40	6	0.949943
40	42	0.901783
40	51	0.879447
40	63	0.852502
40	67	0.913499
40	69	0.844724
40	72	0.895262
40	79	0.883791
40	80	0.937573
40	112	1.63316
40	145	2.35057
40	152	0.761858
40	160	0.906881
40	171	0.811083
40	179	5.03655
41	27	0.913774
41	59	0.927433
41	70	0.885962
41	78	0.926359
41	81	0.876776
41	82	0.932706
41	84	0.875392
41	85	0.865314
41	88	0.895304
41	130	1.9581
41	135	3.15887
41	152	0.756704
41	160	0.901726
41	166	3.13126
41	179	0.790097
42	25	0.846076
42	40	0.901783
42	63	0.856703
42	64	0.930754
42	67	0.9177
42	69	0.848925
42	72	0.899463
42	79	0.887992
42	80	0.941774
42	152	0.766059
42	160	0.911081
42	165	2.16096
42	171	0.815284
42	172	5.713
42	178	2.04468
43	3	0.858459
43	5	0.855595
43	11	0.854553
43	17	0.834313
43	31	0.906016
43	37	0.885493
43	39	0.885085
43	83	0.902411
43	120	0.916074
43	122	0.900486
43	123	1.6506
43	130	0.873809
43	137	2.34025
43	154	0.827629
43	175	6.6208
44	7	0.837631
44	15	0.918968
44	20	0.909124
44	38	0.874893
44	47	0.864023
44	52	0.921365
44	56	0.84641
44	58	0.84619
44	118	0.802999
44	120	0.900936
44	137	2.41121
44	154	0.812491
44	160	0.88537
44	165	2.07021
44	169	4.08139
44	171	0.789572
45	12	0.817899
45	28	0.877713
45	32	0.885868
45	49	0.847156
45	55	0.833318
45	60	0.88665
45	61	0.821274
45	65	0.871334
45	66	0.871471
45	68	0.871652
45	99	3.10647
45	114	0.876008
45	120	0.896502
45	125	2.60821
45	128	2.71943
45	130	0.854237
46	1	1.03704
46	21	1.02397
46	30	0.970127
46	34	0.908394
46	57	1.00562
46	114	0.968406
46	131	3.17042
46	132	0.914936
46	140	0.907936
46	142	0.902418
46	144	0.857915
46	157	0.860558
46	162	3.25824
46	163	1.93807
46	168	2.13898
46	180	0.848782
47	7	0.847093
47	15	0.928431
47	38	0.884356
47	44	0.864023
47	52	0.930828
47	56	0.855872
47	58	0.855652
47	112	1.04843
47	118	0.812462
47	120	0.910398
47	123	0.795853
47	147	5.40607
47	154	0.821953
47	160	0.894832
47	171	0.799034
47	177	3.01243
48	12	0.819453
48	24	0.880085
48	28	0.879267
48	32	0.887421
48	49	0.84871
48	55	0.834872
48	60	0.888204
48	61	0.822828
48	65	0.872888
48	66	0.873025
48	68	0.873206
48	114	0.877561
48	121	1.62437
48	130	0.855791
48	145	1.34956
48	175	6.68129
49	12	0.819363
49	24	0.879995
49	32	0.887331
49	35	0.785986
49	45	0.847156
49	48	0.84871
49	55	0.834782
49	60	0.888114
49	61	0.822737
49	65	0.872797
49	66	0.872934
49	68	0.873115
49	120	0.897965
49	130	0.8557
49	142	1.7048
49	179	4.78737
50	71	0.871818
50	86	0.845469
50	91	0.868236
50	95	0.871203
50	96	0.860544
50	97	0.860497
50	98	0.90743
50	100	0.860259
50	101	0.895212
50	103	0.895207
50	104	1.19645
50	105	0.850837
50	109	0.884221
50	140	3.49539
50	155	3.29174
50	179	0.769222
51	25	0.82374
51	40	0.879447
51	63	0.834367
51	64	0.908418
51	67	0.895364
51	69	0.826588
51	72	0.877126
51	79	0.865655
51	80	0.919437
51	90	0.865103
51	93	1.97024
51	110	1.47693
51	118	0.806375
51	147	7.49393
51	152	0.743723
51	160	0.888745
51	171	0.792947
52	7	0.904436
52	15	0.985773
52	20	0.975928
52	38	0.941698
52	44	0.921365
52	47	0.930828
52	56	0.913214
52	58	0.912995
52	118	0.869804
52	123	0.853195
52	130	1.54017
52	134	1.6181
52	136	3.40279
52	139	3.73726
52	154	0.879295
52	160	0.952174
52	171	0.856377
53	4	1.35572
53	54	0.275522
53	57	0.662077
53	78	0.845478
53	119	0.92338
53	138	0.878964
53	147	0.896007
53	166	0.961261
53	167	0.924483
53	168	0.950307
53	170	0.909396
53	172	0.895284
53	174	0.90559
53	175	0.893475
53	176	0.920412
53	177	0.901537
53	178	0.926676
54	53	0.275522
54	59	0.975998
54	70	0.934527
54	78	0.974924
54	82	0.981271
54	84	0.923957
54	85	0.913879
54	88	0.943869
54	123	0.851312
54	128	1.41236
54	129	0.926637
54	152	0.805269
54	157	4.45858
54	159	3.02526
54	160	0.950292
54	165	0.911957
54	179	0.838663
55	12	0.805525
55	28	0.865339
55	32	0.873494
55	45	0.833318
55	48	0.834872
55	49	0.834782
55	60	0.874276
55	61	0.8089
55	65	0.85896
55	66	0.859097
55	68	0.859278
55	90	1.99393
55	114	0.863634
55	120	0.884128
55	130	0.841863
55	143	5.81806
55	153	2.28181
56	7	0.82948
56	15	0.910817
56	20	0.900973
56	38	0.866743
56	44	0.84641
56	47	0.855872
56	52	0.913214
56	58	0.838039
56	115	2.40843
56	118	0.794849
56	120	0.892785
56	123	0.77824
56	154	0.80434
56	160	0.877219
56	166	2.31275
56	171	0.781421
56	180	4.48929
57	1	1.01217
57	8	1.02731
57	21	0.999098
57	30	0.94526
57	34	0.883527
57	46	1.00562
57	53	0.662077
57	99	0.880193
57	117	2.68152
57	132	0.890069
57	140	0.883069
57	142	0.877551
57	144	0.833048
57	149	2.40695
57	157	0.835691
57	178	3.9618
57	180	0.823915
58	7	0.82926
58	15	0.910598
58	20	0.900753
58	38	0.866523
58	44	0.84619
58	47	0.855652
58	52	0.912995
58	56	0.838039
58	92	2.59768
58	118	0.794629
58	120	0.892566
58	123	0.77802
58	130	2.25119
58	154	0.80412
58	158	4.13614
58	160	0.876999
58	171	0.781201
59	41	0.927433
59	54	0.975998
59	62	0.94362
59	78	0.966518
59	81	0.916935
59	82	0.972865
59	84	0.915551
59	85	0.905473
59	88	0.935462
59	152	0.796863
59	160	0.941885
59	161	3.01724
59	162	3.02331
59	165	0.903551
59	166	1.56109
59	171	2.92275
59	179	0.830256
60	12	0.858858
60	24	0.919489
60	28	0.918671
60	32	0.926826
60	45	0.88665
60	48	0.888204
60	49	0.888114
60	55	0.874276
60	61	0.862232
60	65	0.912292
60	66	0.912429
60	68	0.91261
60	120	0.93746
60	130	0.895195
60	137	2.01343
60	145	2.4408
60	153	4.25095
60	165	1.67243
61	12	0.793481
61	24	0.854113
61	28	0.853295
61	32	0.861449
61	45	0.821274
61	48	0.822828
61	49	0.822737
61	55	0.8089
61	60	0.862232
61	65	0.846915
61	66	0.847052
61	68	0.847234
61	114	0.851589
61	120	0.872084
61	130	0.829818
61	134	2.89856
61	155	3.23669
61	165	2.7662
62	27	0.929961
62	59	0.94362
62	70	0.902149
62	78	0.942546
62	81	0.892963
62	82	0.948893
62	84	0.891578
62	85	0.8815
62	88	0.91149
62	90	0.894271
62	116	2.09164
62	129	0.894258
62	136	2.3993
62	160	0.917913
62	165	0.879579
62	167	3.50104
62	176	3.43677
62	179	0.806284
63	6	0.904863
63	25	0.796796
63	40	0.852502
63	42	0.856703
63	51	0.834367
63	64	0.881474
63	67	0.868419
63	69	0.799644
63	72	0.850182
63	79	0.838711
63	80	0.892493
63	90	0.838159
63	108	2.67631
63	118	0.77943
63	134	1.98133
63	160	0.861801
63	161	4.5327
63	171	0.766003
64	6	0.978914
64	25	0.870847
64	42	0.930754
64	51	0.908418
64	63	0.881474
64	67	0.94247
64	69	0.873695
64	72	0.924233
64	79	0.912762
64	80	0.966544
64	118	0.853481
64	131	2.89292
64	135	1.54613
64	152	0.790829
64	160	0.935852
64	161	2.97467
64	171	0.840054
64	176	3.24546
65	12	0.843541
65	24	0.904173
65	28	0.903355
65	32	0.911509
65	45	0.871334
65	48	0.872888
65	49	0.872797
65	55	0.85896
65	60	0.912292
65	61	0.846915
65	66	0.897112
65	68	0.897293
65	114	0.901649
65	119	3.57804
65	120	0.922143
65	130	0.879878
65	141	2.2688
65	148	2.91074
65	167	2.8313
66	12	0.843678
66	24	0.90431
66	28	0.903492
66	32	0.911646
66	45	0.871471
66	48	0.873025
66	49	0.872934
66	55	0.859097
66	60	0.912429
66	61	0.847052
66	65	0.897112
66	68	0.89743
66	114	0.901786
66	120	0.92228
66	130	0.880015
66	139	2.33254
66	146	4.459
66	148	3.17925
66	154	1.75359
67	25	0.857793
67	40	0.913499
67	42	0.9177
67	51	0.895364
67	63	0.868419
67	64	0.94247
67	69	0.860641
67	72	0.911179
67	79	0.899708
67	80	0.95349
67	92	1.90333
67	102	2.28248
67	114	0.91787
67	118	0.840427
67	133	3.2012
67	152	0.777775
67	158	3.44179
67	160	0.922798
67	171	0.827
68	12	0.843859
68	24	0.904491
68	28	0.903673
68	32	0.911827
68	45	0.871652
68	48	0.873206
68	49	0.873115
68	55	0.859278
68	60	0.91261
68	61	0.847234
68	65	0.897293
68	66	0.89743
68	111	1.49133
68	114	0.901967
68	118	1.72061
68	120	0.922462
68	130	0.880197
68	172	5.46078
68	179	2.66704
69	6	0.897084
69	25	0.789017
69	40	0.844724
69	42	0.848925
69	51	0.826588
69	63	0.799644
69	64	0.873695
69	67	0.860641
69	72	0.842403
69	79	0.830932
69	80	0.884714
69	90	0.83038
69	114	0.849094
69	116	2.9263
69	152	0.709
69	160	0.854022
69	165	2.41137
69	168	3.98192
69	171	0.758224
70	41	0.885962
70	54	0.934527
70	62	0.902149
70	78	0.925048
70	81	0.875464
70	82	0.931395
70	84	0.87408
70	85	0.864002
70	88	0.893992
70	90	0.876773
70	99	0.832141
70	123	0.801435
70	129	0.87676
70	130	1.73266
70	160	0.900415
70	163	1.89772
70	165	0.86208
70	174	4.83821
70	178	3.10787
70	179	0.788786
71	50	0.871818
71	86	0.871763
71	87	0.869323
71	91	0.89453
71	95	0.897497
71	96	0.886838
71	97	0.886791
71	98	0.933725
71	100	0.886553
71	101	0.921506
71	103	0.921501
71	105	0.877131
71	109	0.910515
71	118	3.16569
71	124	2.95163
71	127	9.9
71	157	0.794369
71	162	0.810304
71	171	3.44358
71	179	0.795517
72	6	0.947622
72	25	0.839555
72	40	0.895262
72	42	0.899463
72	51	0.877126
72	63	0.850182
72	64	0.924233
72	67	0.911179
72	69	0.842403
72	79	0.88147
72	80	0.935252
72	93	0.924664
72	114	0.899632
72	118	0.82219
72	134	2.01068
72	152	0.759538
72	160	0.90456
72	170	5.42512
72	171	0.808762
72	180	4.06877
73	77	0.840388
73	86	0.868353
73	87	0.865913
73	91	0.89112
73	93	1.36348
73	94	1.96222
73	95	0.894087
73	96	0.883428
73	97	0.883381
73	98	0.930314
73	100	0.883143
73	101	0.918096
73	103	0.918091
73	105	0.873721
73	109	0.907105
73	121	5.00262
73	122	0.903714
73	124	2.11552
73	157	0.790959
73	179	0.792106
74	77	0.846144
74	86	0.87411
74	87	0.871669
74	91	0.896876
74	95	0.899843
74	96	0.889185
74	97	0.889137
74	98	0.936071
74	100	0.8889
74	101	0.923852
74	103	0.923847
74	105	0.879477
74	109	0.912861
74	115	1.98972
74	133	2.36526
74	157	0.796715
74	162	0.81265
74	167	3.68525
74	171	3.2557
74	179	0.797863
75	2	3.67837
75	33	2.32163
75	110	0.825069
75	125	0.825347
75	126	0.847229
75	133	0.787723
75	137	0.827281
75	150	0.79108
75	158	0.77044
75	159	0.776273
75	163	0.796133
75	169	0.782346
75	170	0.74696
75	172	0.732848
75	173	0.74803
75	174	0.743154
75	175	0.731039
75	176	0.757976
75	177	0.739101
75	178	0.76424
76	92	0.822594
76	98	4.71039
76	111	0.760749
76	121	0.750399
76	132	0.758573
76	153	0.733087
76	155	0.758809
76	156	0.763092
76	157	0.704194
76	158	0.737638
76	161	0.743148
76	169	0.749544
76	170	0.714159
76	172	0.700046
76	173	0.715229
76	174	0.710352
76	175	0.698237
76	176	0.725175
76	177	0.7063
76	178	0.731438
77	73	0.840388
77	74	0.846144
77	86	0.817449
77	87	0.815009
77	91	0.840216
77	95	0.843182
77	96	0.832524
77	97	0.832477
77	98	0.87941
77	100	0.832239
77	101	0.867192
77	103	0.867187
77	105	0.822817
77	109	0.856201
77	128	1.6852
77	149	2.15691
77	157	0.740054
77	162	0.755989
77	177	6.44013
77	179	0.741202
78	27	0.95286
78	41	0.926359
78	53	0.845478
78	54	0.974924
78	59	0.966518
78	62	0.942546
78	70	0.925048
78	81	0.915861
78	82	0.971792
78	84	0.914477
78	85	0.904399
78	88	0.934389
78	107	1.33402
78	129	0.917157
78	135	2.84252
78	140	2.26146
78	152	0.795789
78	160	0.940812
78	165	0.902477
78	167	4.60612
78	179	0.829183
79	6	0.936151
79	25	0.828084
79	40	0.883791
79	42	0.887992
79	51	0.865655
79	63	0.838711
79	64	0.912762
79	67	0.899708
79	69	0.830932
79	72	0.88147
79	80	0.923781
79	90	0.869447
79	113	4.38234
79	114	0.888161
79	118	0.810719
79	132	1.5422
79	135	1.80353
79	152	0.748067
79	160	0.893089
79	171	0.797291
79	180	3.95246
80	6	0.989933
80	25	0.881866
80	40	0.937573
80	42	0.941774
80	51	0.919437
80	63	0.892493
80	64	0.966544
80	67	0.95349
80	69	0.884714
80	72	0.935252
80	79	0.923781
80	90	0.923229
80	92	1.49946
80	114	0.941943
80	123	3.9665
80	137	1.43954
80	152	0.801849
80	155	1.56902
80	160	0.946871
80	171	0.851073
80	176	4.05306
81	27	0.903276
81	41	0.876776
81	59	0.916935
81	62	0.892963
81	70	0.875464
81	78	0.915861
81	82	0.922208
81	84	0.864894
81	85	0.854815
81	88	0.884805
81	90	0.867586
81	107	0.946639
81	110	1.66109
81	123	0.792249
81	129	0.867573
81	133	1.67508
81	152	0.746206
81	160	0.891228
81	165	0.852894
81	175	7.81444
81	179	0.779599
82	41	0.932706
82	54	0.981271
82	59	0.972865
82	62	0.948893
82	70	0.931395
82	78	0.971792
82	81	0.922208
82	84	0.920824
82	85	0.910746
82	88	0.940736
82	92	1.49954
82	110	2.78342
82	123	0.848179
82	126	1.17197
82	129	0.923504
82	148	4.19684
82	152	0.802136
82	159	3.26474
82	160	0.947159
82	165	0.908824
82	179	0.83553
83	14	0.854407
83	17	0.851887
83	22	2.59863
83	29	0.922248
83	36	0.838413
83	37	0.903068
83	39	0.90266
83	43	0.902411
83	91	0.905467
83	96	0.897775
83	105	0.888068
83	107	1.79684
83	109	0.921452
83	118	3.51369
83	122	0.918061
83	140	0.852683
83	154	0.845203
83	168	2.57631
83	179	0.806453
83	180	0.793529
84	27	0.901892
84	41	0.875392
84	54	0.923957
84	59	0.915551
84	62	0.891578
84	70	0.87408
84	78	0.914477
84	81	0.864894
84	82	0.920824
84	85	0.853431
84	88	0.883421
84	99	0.82157
84	123	0.790865
84	139	3.04027
84	152	0.744822
84	154	2.46132
84	157	4.3882
84	160	0.889844
84	163	2.15838
84	165	0.85151
84	179	0.778215
85	27	0.891814
85	41	0.865314
85	54	0.913879
85	59	0.905473
85	62	0.8815
85	70	0.864002
85	78	0.904399
85	81	0.854815
85	82	0.910746
85	84	0.853431
85	88	0.873343
85	99	0.811492
85	123	0.780787
85	129	0.856111
85	146	4.24809
85	152	0.734744
85	154	1.54268
85	160	0.879766
85	162	2.55991
85	165	0.841432
85	173	4.33778
85	179	0.768137
86	50	0.845469
86	71	0.871763
86	73	0.868353
86	74	0.87411
86	77	0.817449
86	87	0.842974
86	89	2.13017
86	91	0.868181
86	95	0.871148
86	96	0.860489
86	97	0.860442
86	98	0.907376
86	100	0.860205
86	101	0.895157
86	103	0.895152
86	105	0.850782
86	109	0.884166
86	141	3.73448
86	162	0.783955
86	169	3.28937
86	178	3.85797
86	179	0.769168
87	35	0.909577
87	71	0.869323
87	73	0.865913
87	74	0.871669
87	77	0.815009
87	86	0.842974
87	91	0.865741
87	95	0.868708
87	96	0.858049
87	97	0.858002
87	98	0.904935
87	100	0.857764
87	101	0.892717
87	103	0.892712
87	104	1.71661
87	105	0.848342
87	109	0.881726
87	122	0.878335
87	150	2.59303
87	162	0.781514
87	173	5.92426
87	179	0.766727
88	27	0.921804
88	41	0.895304
88	54	0.943869
88	59	0.935462
88	62	0.91149
88	70	0.893992
88	78	0.934389
88	81	0.884805
88	82	0.940736
88	84	0.883421
88	85	0.873343
88	89	1.49152
88	90	0.886114
88	99	0.841482
88	107	1.65207
88	119	4.52196
88	123	0.810777
88	129	0.886101
88	132	1.75031
88	152	0.764734
88	160	0.909756
88	165	0.871422
88	173	5.2241
88	179	0.798127
89	29	1.5242
89	86	2.13017
89	88	1.49152
89	103	0.808381
89	113	0.824356
89	124	0.89846
89	134	0.909477
89	148	0.835006
89	149	0.869132
89	150	0.857156
89	161	0.842025
89	163	0.862209
89	164	0.836607
89	165	0.877514
89	166	0.864901
89	167	0.828123
89	170	0.813036
89	172	0.798924
89	174	0.80923
89	175	0.797115
89	176	0.824052
89	177	0.805177
89	178	0.830316
89	180	0.791296
90	24	1.16916
90	34	2.54858
90	51	0.865103
90	55	1.99393
90	62	0.894271
90	63	0.838159
90	69	0.83038
90	70	0.876773
90	79	0.869447
90	80	0.923229
90	81	0.867586
90	88	0.886114
90	109	0.665185
90	115	0.855397
90	149	0.84582
90	152	0.747515
90	165	0.854202
90	171	0.796739
90	172	0.775612
90	173	0.790794
90	174	0.785918
90	176	0.80074
90	177	0.781865
90	178	0.807004
90	179	0.780908
91	50	0.868236
91	71	0.89453
91	73	0.89112
91	74	0.896876
91	77	0.840216
91	83	0.905467
91	86	0.868181
91	87	0.865741
91	95	0.893915
91	96	0.883256
91	97	0.883209
91	98	0.930142
91	99	1.4239
91	100	0.882971
91	101	0.917924
91	103	0.917919
91	105	0.873549
91	109	0.906933
91	113	4.31766
91	137	1.88209
91	157	0.790787
91	162	0.806722
91	164	2.7317
91	179	0.791934
91	180	3.88777
92	58	2.59768
92	67	1.90333
92	76	0.822594
92	80	1.49946
92	82	1.49954
92	102	0.867967
92	133	0.859751
92	138	0.788556
92	139	0.852829
92	146	0.824929
92	151	0.854316
92	156	0.867921
92	164	0.842559
92	166	0.870853
92	167	0.834075
92	169	0.854374
92	170	0.818988
92	172	0.804876
92	173	0.820058
92	174	0.815182
92	175	0.803067
92	176	0.830005
92	177	0.811129
92	178	0.836268
92	180	0.797248
93	51	1.97024
93	72	0.924664
93	73	1.36348
93	95	0.248409
93	107	0.953646
93	125	0.921182
93	128	0.924875
93	133	0.883557
93	145	0.914041
93	147	0.829406
93	149	0.898891
93	158	0.866275
93	159	0.872108
93	160	1.3784
93	161	0.871784
93	163	0.891968
93	166	0.89466
93	169	0.878181
93	170	0.842795
93	172	0.828682
93	174	0.838989
93	175	0.826873
93	176	0.853811
93	177	0.834936
93	178	0.860075
94	73	1.96222
94	98	0.800551
94	125	0.889052
94	129	0.767389
94	133	0.851427
94	137	0.890986
94	138	0.780233
94	139	0.844505
94	141	0.848484
94	149	0.866761
94	155	0.855315
94	158	0.834144
94	159	0.839978
94	160	0.453251
94	163	0.859838
94	167	0.825751
94	169	0.846051
94	170	0.810665
94	172	0.796552
94	173	0.811735
94	174	0.806858
94	175	0.794743
94	176	0.821681
94	178	0.827945
94	180	0.788925
95	50	0.871203
95	71	0.897497
95	73	0.894087
95	74	0.899843
95	77	0.843182
95	86	0.871148
95	87	0.868708
95	91	0.893915
95	93	0.248409
95	96	0.886223
95	97	0.886175
95	98	0.933109
95	100	0.885938
95	101	0.920891
95	103	0.920885
95	105	0.876516
95	109	0.9099
95	117	2.40582
95	132	0.848132
95	136	3.02336
95	157	0.793753
95	158	3.0457
95	162	0.809688
95	171	3.69556
95	179	0.794901
96	50	0.860544
96	71	0.886838
96	73	0.883428
96	74	0.889185
96	77	0.832524
96	83	0.897775
96	86	0.860489
96	87	0.858049
96	91	0.883256
96	95	0.886223
96	97	0.875517
96	98	0.922451
96	100	0.875279
96	101	0.910232
96	102	1.87
96	103	0.910227
96	105	0.865857
96	109	0.899241
96	132	0.837474
96	140	1.76406
96	141	3.54621
96	151	2.85844
96	157	0.783095
96	162	0.79903
96	176	4.04445
96	179	0.784243
97	50	0.860497
97	71	0.886791
97	73	0.883381
97	74	0.889137
97	77	0.832477
97	86	0.860442
97	87	0.858002
97	91	0.883209
97	95	0.886175
97	96	0.875517
97	98	0.922403
97	100	0.875232
97	101	0.910185
97	103	0.91018
97	105	0.86581
97	109	0.899194
97	122	0.895803
97	126	2.09188
97	132	0.837426
97	157	0.783047
97	158	2.86173
97	162	0.798982
97	169	2.93352
97	176	3.87687
97	178	3.50213
97	179	0.784195
98	50	0.90743
98	71	0.933725
98	73	0.930314
98	74	0.936071
98	76	4.71039
98	77	0.87941
98	86	0.907376
98	87	0.904935
98	91	0.930142
98	94	0.800551
98	95	0.933109
98	96	0.922451
98	97	0.922403
98	100	0.922166
98	101	0.957118
98	103	0.957113
98	105	0.912743
98	109	0.946127
98	125	1.24712
98	131	2.66752
98	132	0.88436
98	156	1.80307
98	157	0.829981
98	162	0.845916
98	171	2.65477
98	179	0.831129
99	8	0.926745
99	21	0.898535
99	34	0.782964
99	35	0.830735
99	45	3.10647
99	57	0.880193
99	70	0.832141
99	84	0.82157
99	85	0.811492
99	88	0.841482
99	91	1.4239
99	103	2.0239
99	124	0.830516
99	131	0.792326
99	144	0.732485
99	152	0.702882
99	157	0.735128
99	165	0.80957
99	170	0.745092
99	173	0.746162
99	174	0.741286
99	176	0.756108
99	177	0.737233
99	178	0.762372
99	179	0.736276
99	180	0.723352
100	50	0.860259
100	71	0.886553
100	73	0.883143
100	74	0.8889
100	77	0.832239
100	86	0.860205
100	87	0.857764
100	91	0.882971
100	95	0.885938
100	96	0.875279
100	97	0.875232
100	98	0.922166
100	101	0.909947
100	103	0.909942
100	105	0.865572
100	109	0.898956
100	116	1.74235
100	122	0.895566
100	132	0.837189
100	154	2.9
100	156	2.96497
100	157	0.78281
100	162	0.798745
100	165	1.22743
100	174	5.53755
100	179	0.783958
101	50	0.895212
101	71	0.921506
101	73	0.918096
101	74	0.923852
101	77	0.867192
101	86	0.895157
101	87	0.892717
101	91	0.917924
101	95	0.920891
101	96	0.910232
101	97	0.910185
101	98	0.957118
101	100	0.909947
101	103	0.944895
101	105	0.900525
101	109	0.933909
101	122	0.930518
101	125	2.01447
101	130	1.6269
101	132	0.872141
101	137	1.91347
101	154	3.24505
101	157	0.817762
101	162	0.833697
101	163	2.94211
101	178	4.15225
101	179	0.81891
102	9	3.94752
102	67	2.28248
102	92	0.867967
102	96	1.87
102	107	0.870384
102	112	0.861211
102	115	0.825205
102	116	0.836326
102	135	0.829269
102	143	0.766426
102	150	0.803652
102	152	0.717323
102	156	0.808465
102	159	0.788845
102	167	0.774619
102	168	0.800443
102	169	0.794918
102	170	0.759532
102	172	0.74542
102	173	0.760602
102	174	0.755726
102	175	0.743611
102	176	0.770548
102	177	0.751673
102	178	0.776812
102	179	0.750716
102	180	0.737792
103	50	0.895207
103	71	0.921501
103	73	0.918091
103	74	0.923847
103	77	0.867187
103	86	0.895152
103	87	0.892712
103	89	0.808381
103	91	0.917919
103	95	0.920885
103	96	0.910227
103	97	0.91018
103	98	0.957113
103	99	2.0239
103	100	0.909942
103	101	0.944895
103	105	0.90052
103	109	0.933904
103	115	2.40691
103	122	0.930513
103	132	0.872136
103	149	2.10858
103	157	0.817757
103	162	0.833692
103	164	3.3317
103	168	2.65419
103	179	0.818905
104	9	1.54264
104	31	1.51776
104	50	1.19645
104	87	1.71661
104	109	0.612513
104	113	0.888409
104	120	0.226981
104	136	0.917979
104	137	0.95741
104	148	0.899059
104	149	0.933186
104	151	0.912417
104	154	0.907023
104	155	0.92174
104	158	0.900569
104	161	0.906079
104	164	0.90066
104	168	0.918
104	169	0.912475
104	170	0.877089
104	172	0.862977
104	173	0.878159
104	175	0.861168
104	176	0.888106
104	177	0.86923
104	178	0.894369
104	179	0.868273
105	50	0.850837
105	71	0.877131
105	73	0.873721
105	74	0.879477
105	77	0.822817
105	83	0.888068
105	86	0.850782
105	87	0.848342
105	91	0.873549
105	95	0.876516
105	96	0.865857
105	97	0.86581
105	98	0.912743
105	100	0.865572
105	101	0.900525
105	103	0.90052
105	106	5.57139
105	109	0.889534
105	122	0.886143
105	126	1.65143
105	132	0.827766
105	142	1.94988
105	151	3.34659
105	157	0.773387
105	162	0.789322
105	165	1.57807
105	179	0.774535
106	20	2.52861
106	105	5.57139
106	113	0.745953
106	121	0.770874
106	124	0.820058
106	127	0.716932
106	135	0.80437
106	140	0.772048
106	141	0.772453
106	143	0.741528
106	147	0.721245
106	148	0.756604
106	155	0.779284
106	156	0.783567
106	158	0.758113
106	159	0.763947
106	163	0.783807
106	164	0.758205
106	166	0.786499
106	170	0.734634
106	172	0.720521
106	173	0.735704
106	174	0.730827
106	175	0.718712
106	176	0.74565
106	177	0.726775
106	178	0.751913
107	78	1.33402
107	81	0.946639
107	83	1.79684
107	88	1.65207
107	93	0.953646
107	102	0.870384
107	114	1.51964
107	119	0.835389
107	121	0.857645
107	124	0.906829
107	126	0.921674
107	133	0.862168
107	135	0.891141
107	136	0.862294
107	138	0.790973
107	154	0.851339
107	155	0.866055
107	156	0.870338
107	158	0.844885
107	159	0.850718
107	164	0.844976
107	172	0.807292
107	173	0.822475
107	174	0.817599
107	175	0.805483
107	176	0.832421
107	177	0.813546
107	178	0.838685
108	2	1.69902
108	63	2.67631
108	120	2.67913
108	121	0.794512
108	124	0.843696
108	125	0.836659
108	126	0.858541
108	128	0.840351
108	137	0.838593
108	146	0.764212
108	147	0.744883
108	151	0.7936
108	156	0.807205
108	158	0.781751
108	164	0.781843
108	165	0.82275
108	166	0.810137
108	167	0.773358
108	170	0.758272
108	171	0.765287
108	172	0.744159
108	173	0.759342
108	175	0.74235
108	176	0.769288
108	177	0.750413
108	178	0.775551
108	180	0.736532
109	50	0.884221
109	71	0.910515
109	73	0.907105
109	74	0.912861
109	77	0.856201
109	83	0.921452
109	86	0.884166
109	87	0.881726
109	90	0.665185
109	91	0.906933
109	95	0.9099
109	96	0.899241
109	97	0.899194
109	98	0.946127
109	100	0.898956
109	101	0.933909
109	103	0.933904
109	104	0.612513
109	105	0.889534
109	122	0.919527
109	132	0.86115
109	151	3.1242
109	155	1.82617
109	157	0.806771
109	159	3.52181
109	162	0.822706
109	176	4.31021
109	179	0.807919
110	51	1.47693
110	75	0.825069
110	81	1.66109
110	82	2.78342
110	112	0.890341
110	121	0.824902
110	127	0.77096
110	133	0.829425
110	134	0.885103
110	137	0.868983
110	138	0.75823
110	146	0.794603
110	150	0.832782
110	155	0.833313
110	158	0.812142
110	160	0.824728
110	161	0.817651
110	163	0.837835
110	164	0.812233
110	167	0.803749
110	168	0.829573
110	172	0.77455
110	173	0.789732
110	174	0.784856
110	175	0.772741
110	176	0.799678
110	177	0.780803
110	178	0.805942
110	180	0.766922
111	27	2.63615
111	68	1.49133
111	76	0.760749
111	117	0.793701
111	127	0.739441
111	129	3.3052
111	130	0.833257
111	133	0.797906
111	143	0.764038
111	146	0.763084
111	148	0.779113
111	149	0.81324
111	150	0.801263
111	155	0.801794
111	158	0.780623
111	159	0.786456
111	161	0.786133
111	163	0.806317
111	164	0.780714
111	166	0.809008
111	167	0.77223
111	169	0.792529
111	171	0.764158
111	172	0.743031
111	173	0.758213
111	174	0.753337
111	176	0.76816
111	177	0.749284
111	178	0.774423
112	6	1.76208
112	23	2.22166
112	40	1.63316
112	47	1.04843
112	102	0.861211
112	110	0.890341
112	115	0.877904
112	117	0.848789
112	120	0.989134
112	124	0.897656
112	126	0.912501
112	128	0.894312
112	131	0.859466
112	147	0.798843
112	149	0.868328
112	150	0.856352
112	153	0.83116
112	163	0.861405
112	166	0.864097
112	168	0.853142
112	169	0.847618
112	170	0.812232
112	171	0.819247
112	172	0.798119
112	173	0.813302
112	174	0.808426
112	175	0.79631
112	177	0.804373
112	178	0.829512
113	22	0.744432
113	79	4.38234
113	89	0.824356
113	91	4.31766
113	104	0.888409
113	106	0.745953
113	128	0.803953
113	136	0.762763
113	143	0.728768
113	144	0.709266
113	146	0.727814
113	148	0.743843
113	151	0.757201
113	155	0.766524
113	158	0.745353
113	159	0.751186
113	163	0.771046
113	166	0.773738
113	167	0.73696
113	168	0.762784
113	169	0.757259
113	170	0.721873
113	172	0.707761
113	173	0.722943
113	174	0.718067
113	175	0.705952
113	176	0.732889
113	177	0.714014
113	178	0.739153
114	1	0.974954
114	8	0.990091
114	28	0.908029
114	45	0.876008
114	46	0.968406
114	48	0.877561
114	55	0.863634
114	61	0.851589
114	65	0.901649
114	66	0.901786
114	67	0.91787
114	68	0.901967
114	69	0.849094
114	72	0.899632
114	79	0.888161
114	80	0.941943
114	107	1.51964
114	124	1.66708
114	125	2.21494
114	132	0.852853
114	142	0.840334
114	152	0.766229
114	157	0.798474
114	160	0.911251
114	163	3.14258
114	166	3.00053
114	168	3.34349
114	171	0.815453
114	180	0.786698
115	2	2.19494
115	56	2.40843
115	74	1.98972
115	90	0.855397
115	102	0.825205
115	103	2.40691
115	112	0.877904
115	128	0.858306
115	134	0.872667
115	137	0.856547
115	150	0.820346
115	153	0.795154
115	155	0.820876
115	156	0.825159
115	157	0.766262
115	158	0.799706
115	159	0.805539
115	164	0.799797
115	166	0.828091
115	167	0.791312
115	169	0.811612
115	170	0.776226
115	172	0.762113
115	173	0.777296
115	174	0.77242
115	175	0.760304
115	176	0.787242
115	177	0.768367
115	178	0.793506
115	180	0.754486
116	32	1.9397
116	62	2.09164
116	69	2.9263
116	100	1.74235
116	102	0.836326
116	127	0.769645
116	131	0.834581
116	134	0.883788
116	137	0.867668
116	139	0.821187
116	146	0.793288
116	147	0.773958
116	151	0.822675
116	153	0.806275
116	155	0.831998
116	156	0.83628
116	161	0.816336
116	163	0.83652
116	164	0.810918
116	166	0.839212
116	169	0.822733
116	170	0.787347
116	172	0.773235
116	173	0.788417
116	174	0.783541
116	175	0.771426
116	176	0.798363
116	177	0.779488
116	178	0.804627
117	31	3.61266
117	57	2.68152
117	95	2.40582
117	111	0.793701
117	112	0.848789
117	125	0.825498
117	131	0.794344
117	133	0.787873
117	134	0.843552
117	135	0.816847
117	137	0.827432
117	146	0.753051
117	147	0.733722
117	149	0.803207
117	150	0.791231
117	151	0.782439
117	155	0.791761
117	159	0.776424
117	161	0.7761
117	167	0.762197
117	168	0.788021
117	169	0.782496
117	172	0.732998
117	173	0.748181
117	174	0.743304
117	175	0.731189
117	176	0.758127
117	177	0.739252
117	178	0.76439
118	44	0.802999
118	47	0.812462
118	51	0.806375
118	52	0.869804
118	56	0.794849
118	58	0.794629
118	63	0.77943
118	64	0.853481
118	67	0.840427
118	68	1.72061
118	71	3.16569
118	72	0.82219
118	79	0.810719
118	83	3.51369
118	135	0.800732
118	139	0.764836
118	143	0.73789
118	151	0.766324
118	154	0.76093
118	160	0.833808
118	161	0.759985
118	168	0.771906
118	171	0.738011
118	173	0.732066
118	175	0.715074
118	176	0.742012
118	177	0.723137
118	178	0.748275
119	53	0.92338
119	65	3.57804
119	88	4.52196
119	107	0.835389
119	128	0.806617
119	138	0.694106
119	141	0.762357
119	143	0.731432
119	148	0.746508
119	149	0.780634
119	150	0.768658
119	151	0.759866
119	155	0.769188
119	157	0.714574
119	158	0.748017
119	163	0.773711
119	164	0.748109
119	166	0.776403
119	169	0.759924
119	172	0.710425
119	173	0.725608
119	174	0.720731
119	175	0.708616
119	176	0.735554
119	177	0.716679
119	178	0.741817
119	179	0.715722
120	5	0.886833
120	11	0.885791
120	17	0.86555
120	20	0.955499
120	24	0.929341
120	31	0.937254
120	37	0.916731
120	39	0.916323
120	43	0.916074
120	44	0.900936
120	45	0.896502
120	47	0.910398
120	49	0.897965
120	55	0.884128
120	56	0.892785
120	58	0.892566
120	60	0.93746
120	61	0.872084
120	65	0.922143
120	66	0.92228
120	68	0.922462
120	104	0.226981
120	108	2.67913
120	112	0.989134
120	126	1.92514
120	128	2.40501
120	149	2.87672
120	150	2.98822
120	154	0.858866
120	160	0.931745
120	171	0.835948
121	16	2.97301
121	48	1.62437
121	73	5.00262
121	76	0.750399
121	106	0.770874
121	107	0.857645
121	108	0.794512
121	110	0.824902
121	133	0.787556
121	135	0.81653
121	139	0.780634
121	141	0.784613
121	143	0.753688
121	148	0.768764
121	150	0.790914
121	151	0.782122
121	153	0.765722
121	159	0.776107
121	161	0.775783
121	164	0.770365
121	168	0.787704
121	169	0.78218
121	170	0.746794
121	171	0.753809
121	172	0.732681
121	173	0.747864
121	174	0.742987
121	175	0.730872
121	176	0.75781
121	177	0.738935
121	178	0.764074
121	179	0.737978
122	3	0.874109
122	10	0.874682
122	17	0.849963
122	18	0.846582
122	19	0.949695
122	26	0.914651
122	31	0.921666
122	33	0.914237
122	37	0.901144
122	39	0.900736
122	43	0.900486
122	73	0.903714
122	83	0.918061
122	87	0.878335
122	97	0.895803
122	100	0.895566
122	101	0.930518
122	103	0.930513
122	105	0.886143
122	109	0.919527
122	125	2.11526
122	126	1.66298
122	130	0.889459
122	142	0.845241
122	154	0.843279
122	156	2.2128
122	158	2.41464
122	161	3.15899
122	162	0.819316
122	165	0.877823
122	168	2.04581
122	172	6.72336
122	179	0.804529
123	11	4.2829
123	15	0.850798
123	38	0.806723
123	43	1.6506
123	47	0.795853
123	52	0.853195
123	54	0.851312
123	56	0.77824
123	58	0.77802
123	70	0.801435
123	80	3.9665
123	81	0.792249
123	82	0.848179
123	84	0.790865
123	85	0.780787
123	88	0.810777
123	125	0.792774
123	127	0.696685
123	137	0.794708
123	154	0.744321
123	160	0.8172
123	165	0.778865
123	167	0.729473
123	169	0.749773
123	170	0.714387
123	171	0.721402
123	173	0.715457
123	174	0.71058
123	175	0.698465
123	176	0.725403
123	177	0.706528
123	178	0.731666
123	179	0.705571
124	16	1.23129
124	28	1.93448
124	71	2.95163
124	73	2.11552
124	89	0.89846
124	99	0.830516
124	106	0.820058
124	107	0.906829
124	108	0.843696
124	112	0.897656
124	114	1.66708
124	126	0.896247
124	127	0.778276
124	136	0.836867
124	148	0.817948
124	151	0.831306
124	152	0.753768
124	153	0.814906
124	156	0.844911
124	158	0.819458
124	159	0.825291
124	163	0.845151
124	166	0.847843
124	168	0.836888
124	170	0.795978
124	172	0.781865
124	173	0.797048
124	174	0.792172
124	175	0.780056
124	176	0.806994
124	177	0.788119
124	178	0.813258
124	180	0.774238
125	45	2.60821
125	75	0.825347
125	93	0.921182
125	94	0.889052
125	98	1.24712
125	101	2.01447
125	108	0.836659
125	114	2.21494
125	117	0.825498
125	122	2.11526
125	123	0.792774
125	128	0.87102
125	131	0.836174
125	141	0.82676
125	145	0.860187
125	147	0.775552
125	150	0.833061
125	153	0.807869
125	155	0.833591
125	161	0.81793
125	162	0.794911
125	163	0.838114
125	164	0.812512
125	166	0.840806
125	167	0.804027
125	168	0.829851
125	170	0.788941
125	172	0.774828
125	173	0.790011
125	174	0.785134
125	175	0.773019
125	176	0.799957
125	177	0.781082
125	178	0.80622
126	37	1.9966
126	75	0.847229
126	82	1.17197
126	97	2.09188
126	105	1.65143
126	107	0.921674
126	108	0.858541
126	112	0.912501
126	120	1.92514
126	122	1.66298
126	124	0.896247
126	134	0.907264
126	139	0.844663
126	141	0.848642
126	145	0.882069
126	146	0.816763
126	148	0.832793
126	151	0.846151
126	153	0.829751
126	155	0.855473
126	158	0.834302
126	159	0.840136
126	162	0.816794
126	163	0.859996
126	164	0.834394
126	167	0.825909
126	168	0.851733
126	169	0.846209
126	170	0.810823
126	172	0.79671
126	174	0.807016
126	175	0.794901
126	176	0.821839
126	177	0.802964
126	178	0.828103
127	22	0.71541
127	71	9.9
127	106	0.716932
127	110	0.77096
127	111	0.739441
127	116	0.769645
127	123	0.696685
127	124	0.778276
127	128	0.774931
127	133	0.733614
127	135	0.762588
127	139	0.726692
127	143	0.699746
127	148	0.714821
127	149	0.748948
127	150	0.736972
127	153	0.71178
127	158	0.716331
127	161	0.721841
127	163	0.742025
127	164	0.716422
127	166	0.744717
127	167	0.707938
127	169	0.728237
127	170	0.692851
127	171	0.699867
127	172	0.678739
127	173	0.693921
127	174	0.689045
127	175	0.67693
127	177	0.684993
127	178	0.710131
127	180	0.671111
128	32	1.978
128	45	2.71943
128	54	1.41236
128	77	1.6852
128	93	0.924875
128	108	0.840351
128	112	0.894312
128	113	0.803953
128	115	0.858306
128	119	0.806617
128	120	2.40501
128	125	0.87102
128	127	0.774931
128	131	0.839867
128	133	0.833396
128	141	0.830452
128	147	0.779244
128	148	0.814603
128	149	0.848729
128	153	0.811562
128	154	0.822567
128	157	0.782669
128	163	0.841806
128	168	0.833544
128	169	0.828019
128	170	0.792633
128	171	0.799648
128	172	0.778521
128	173	0.793703
128	174	0.788827
128	175	0.776712
128	176	0.803649
128	177	0.784774
128	178	0.809913
129	4	0.986283
129	9	0.842316
129	10	0.851048
129	13	0.924427
129	14	0.828849
129	16	0.922336
129	18	0.822948
129	19	0.926061
129	23	0.921583
129	26	0.891017
129	29	0.89669
129	33	0.890603
129	36	0.812855
129	54	0.926637
129	62	0.894258
129	70	0.87676
129	78	0.917157
129	81	0.867573
129	82	0.923504
129	85	0.856111
129	88	0.886101
129	94	0.767389
129	111	3.3052
129	132	2.02042
129	140	0.827125
129	142	0.821607
129	144	0.777104
129	150	2.16298
129	159	3.19267
129	160	0.892524
129	162	0.795682
129	165	0.854189
129	166	2.25414
129	178	3.60633
129	179	0.780895
129	180	0.767971
130	1	1.39098
130	3	0.847432
130	5	0.844568
130	11	0.843526
130	24	0.887076
130	31	0.894989
130	37	0.874466
130	39	0.874058
130	41	1.9581
130	43	0.873809
130	45	0.854237
130	48	0.855791
130	49	0.8557
130	52	1.54017
130	55	0.841863
130	58	2.25119
130	60	0.895195
130	61	0.829818
130	65	0.879878
130	66	0.880015
130	68	0.880197
130	70	1.73266
130	101	1.6269
130	111	0.833257
130	122	0.889459
130	145	0.857914
130	146	0.792608
130	151	0.821995
130	154	0.816601
130	159	0.815981
130	173	0.787737
130	175	0.770746
130	176	0.797684
130	177	0.778809
130	178	0.803947
131	4	1.76915
131	46	3.17042
131	64	2.89292
131	98	2.66752
131	99	0.792326
131	112	0.859466
131	116	0.834581
131	117	0.794344
131	125	0.836174
131	128	0.839867
131	137	0.838108
131	139	0.791628
131	144	0.74518
131	145	0.829034
131	146	0.763728
131	147	0.744398
131	149	0.813883
131	150	0.801907
131	151	0.793115
131	155	0.802438
131	159	0.7871
131	163	0.80696
131	164	0.781358
131	166	0.809652
131	167	0.772874
131	168	0.798698
131	169	0.793173
131	170	0.757787
131	172	0.743675
131	173	0.758857
131	175	0.741866
131	176	0.768803
131	177	0.749928
131	178	0.775067
131	180	0.736047
132	1	0.921484
132	7	3.29688
132	13	2.49019
132	30	0.854573
132	34	0.792841
132	46	0.914936
132	57	0.890069
132	76	0.758573
132	79	1.5422
132	88	1.75031
132	95	0.848132
132	96	0.837474
132	97	0.837426
132	98	0.88436
132	100	0.837189
132	101	0.872141
132	103	0.872136
132	105	0.827766
132	109	0.86115
132	114	0.852853
132	129	2.02042
132	140	0.792382
132	144	0.742361
132	147	0.741579
132	149	0.811064
132	152	0.712759
132	155	0.799619
132	157	0.745004
132	166	0.806833
132	169	0.790354
132	173	0.756038
132	175	0.739047
132	176	0.765984
132	177	0.747109
132	178	0.772248
132	179	0.746152
132	180	0.733228
133	24	3.55846
133	67	3.2012
133	74	2.36526
133	75	0.787723
133	81	1.67508
133	92	0.859751
133	93	0.883557
133	94	0.851427
133	107	0.862168
133	110	0.829425
133	111	0.797906
133	117	0.787873
133	121	0.787556
133	127	0.733614
133	128	0.833396
133	134	0.847757
133	138	0.720884
133	147	0.737927
133	151	0.786644
133	156	0.800249
133	158	0.774796
133	159	0.780629
133	163	0.800489
133	164	0.774887
133	166	0.803181
133	167	0.766403
133	168	0.792227
133	169	0.786702
133	170	0.751316
133	172	0.737204
133	174	0.74751
133	175	0.735395
133	176	0.762332
133	177	0.743457
133	178	0.768596
133	180	0.729576
134	39	1.34309
134	52	1.6181
134	61	2.89856
134	63	1.98133
134	72	2.01068
134	89	0.909477
134	110	0.885103
134	115	0.872667
134	116	0.883788
134	117	0.843552
134	126	0.907264
134	133	0.847757
134	138	0.776562
134	145	0.878241
134	147	0.793606
134	148	0.828965
134	149	0.863091
134	152	0.764785
134	153	0.825923
134	156	0.855928
134	158	0.830474
134	159	0.836308
134	160	0.818301
134	161	0.835984
134	164	0.830566
134	166	0.85886
134	167	0.822081
134	168	0.847905
134	170	0.806995
134	171	0.81401
134	172	0.792882
134	173	0.808065
134	174	0.803188
134	175	0.791073
134	176	0.818011
134	177	0.799136
134	178	0.824274
135	22	0.802849
135	41	3.15887
135	64	1.54613
135	78	2.84252
135	79	1.80353
135	102	0.829269
135	106	0.80437
135	107	0.891141
135	117	0.816847
135	118	0.800732
135	121	0.81653
135	127	0.762588
135	139	0.81413
135	143	0.787184
135	144	0.767683
135	146	0.78623
135	148	0.80226
135	149	0.836386
135	151	0.815618
135	153	0.799218
135	155	0.82494
135	156	0.829223
135	158	0.80377
135	160	0.395118
135	161	0.809279
135	166	0.832155
135	167	0.795376
135	168	0.8212
135	169	0.815676
135	170	0.78029
135	171	0.787305
135	172	0.766177
135	173	0.78136
135	174	0.776484
135	175	0.764368
135	176	0.791306
135	177	0.772431
135	178	0.79757
135	179	0.771474
136	27	2.27455
136	35	0.837086
136	52	3.40279
136	62	2.3993
136	95	3.02336
136	104	0.917979
136	107	0.862294
136	113	0.762763
136	124	0.836867
136	138	0.721011
136	139	0.785283
136	145	0.822689
136	146	0.757383
136	148	0.773413
136	150	0.795563
136	151	0.786771
136	153	0.770371
136	155	0.796093
136	156	0.800376
136	157	0.741479
136	158	0.774923
136	161	0.780432
136	163	0.800616
136	164	0.775014
136	165	0.815921
136	166	0.803308
136	168	0.792353
136	169	0.786829
136	170	0.751443
136	171	0.758458
136	172	0.73733
136	173	0.752513
136	174	0.747636
136	175	0.735521
136	176	0.762459
136	177	0.743584
136	178	0.768723
137	43	2.34025
137	44	2.41121
137	60	2.01343
137	75	0.827281
137	80	1.43954
137	91	1.88209
137	94	0.890986
137	101	1.91347
137	104	0.95741
137	108	0.838593
137	110	0.868983
137	115	0.856547
137	116	0.867668
137	117	0.827432
137	123	0.794708
137	131	0.838108
137	139	0.824715
137	143	0.797769
137	145	0.862121
137	146	0.796815
137	147	0.777485
137	148	0.812844
137	151	0.826202
137	156	0.839808
137	158	0.814354
137	159	0.820187
137	161	0.819864
137	162	0.796845
137	164	0.814445
137	166	0.842739
137	167	0.805961
137	169	0.82626
137	170	0.790874
137	172	0.776762
137	173	0.791944
137	174	0.787068
137	175	0.774953
137	176	0.801891
137	177	0.783015
137	178	0.808154
138	53	0.878964
138	92	0.788556
138	94	0.780233
138	107	0.790973
138	110	0.75823
138	119	0.694106
138	133	0.720884
138	134	0.776562
138	136	0.721011
138	141	0.717941
138	142	0.712017
138	143	0.687016
138	145	0.751368
138	147	0.666732
138	149	0.736217
138	150	0.724241
138	153	0.69905
138	155	0.724772
138	156	0.729054
138	157	0.670157
138	158	0.703601
138	159	0.709434
138	160	9.14617
138	161	0.709111
138	164	0.703692
138	166	0.731986
138	167	0.695208
138	168	0.721032
138	169	0.715507
138	171	0.687136
138	172	0.666009
138	173	0.681191
138	174	0.676315
138	175	0.6642
138	176	0.691137
138	178	0.697401
138	179	0.671305
139	8	2.88992
139	52	3.73726
139	66	2.33254
139	84	3.04027
139	92	0.852829
139	94	0.844505
139	116	0.821187
139	118	0.764836
139	121	0.780634
139	126	0.844663
139	127	0.726692
139	131	0.791628
139	135	0.81413
139	136	0.785283
139	137	0.824715
139	141	0.782213
139	144	0.731787
139	145	0.81564
139	146	0.750334
139	147	0.731005
139	149	0.80049
139	151	0.779722
139	153	0.763322
139	155	0.789044
139	156	0.793327
139	158	0.767873
139	159	0.773707
139	161	0.773383
139	163	0.793567
139	164	0.767965
139	167	0.75948
139	168	0.785304
139	170	0.744394
139	173	0.745464
139	174	0.740587
139	175	0.728472
139	176	0.75541
139	177	0.736535
139	178	0.761674
139	179	0.735578
140	1	0.914483
140	2	0.911796
140	11	2.08908
140	13	0.882683
140	14	0.787105
140	16	0.880592
140	21	0.901411
140	23	0.879839
140	29	0.854946
140	30	0.847572
140	34	0.78584
140	36	0.771111
140	46	0.907936
140	50	3.49539
140	57	0.883069
140	78	2.26146
140	83	0.852683
140	96	1.76406
140	106	0.772048
140	129	0.827125
140	132	0.792382
140	141	0.785787
140	142	0.779864
140	144	0.735361
140	145	0.819214
140	146	0.753908
140	152	0.705758
140	157	0.738003
140	160	1.36008
140	163	0.797141
140	168	0.788878
140	173	0.749037
140	174	0.744161
140	175	0.732046
140	176	0.758984
140	177	0.740108
140	178	0.765247
140	180	0.726227
141	18	2.15051
141	35	0.834016
141	65	2.2688
141	86	3.73448
141	94	0.848484
141	96	3.54621
141	106	0.772453
141	119	0.762357
141	121	0.784613
141	125	0.82676
141	126	0.848642
141	128	0.830452
141	138	0.717941
141	139	0.782213
141	140	0.785787
141	146	0.754313
141	147	0.734984
141	148	0.770343
141	149	0.804469
141	150	0.792493
141	151	0.783701
141	153	0.767301
141	154	0.778307
141	155	0.793023
141	159	0.777686
141	163	0.797546
141	164	0.771944
141	165	0.812851
141	167	0.763459
141	168	0.789283
141	169	0.783758
141	170	0.748373
141	172	0.73426
141	173	0.749443
141	174	0.744566
141	175	0.732451
141	176	0.759389
141	177	0.740514
141	178	0.765652
142	4	0.939021
142	7	2.6748
142	8	0.924102
142	9	0.795055
142	10	0.803787
142	18	0.775687
142	19	0.8788
142	21	0.895893
142	26	0.843756
142	28	2.41214
142	30	0.842055
142	33	0.843341
142	34	0.780322
142	36	3.25838
142	46	0.902418
142	49	1.7048
142	57	0.877551
142	105	1.94988
142	114	0.840334
142	122	0.845241
142	129	0.821607
142	138	0.712017
142	140	0.779864
142	147	0.729061
142	157	0.732486
142	161	0.771439
142	162	0.748421
142	163	0.791623
142	165	0.806928
142	166	0.794315
142	168	0.78336
142	169	0.777835
142	171	0.749465
142	172	0.728337
142	174	0.738643
142	175	0.726528
142	176	0.753466
142	177	0.734591
142	178	0.759729
142	180	0.72071
143	4	5.28194
143	55	5.81806
143	102	0.766426
143	106	0.741528
143	111	0.764038
143	113	0.728768
143	118	0.73789
143	119	0.731432
143	121	0.753688
143	127	0.699746
143	135	0.787184
143	137	0.797769
143	138	0.687016
143	147	0.704059
143	148	0.739418
143	149	0.773544
143	151	0.752776
143	153	0.736376
143	155	0.762098
143	159	0.746761
143	161	0.746437
143	163	0.766621
143	164	0.741019
143	166	0.769313
143	167	0.732534
143	168	0.758358
143	169	0.752834
143	170	0.717448
143	171	0.724463
143	172	0.703335
143	173	0.718518
143	174	0.713641
143	175	0.701526
143	176	0.728464
143	177	0.709589
143	178	0.734728
143	179	0.708632
144	1	0.864462
144	2	0.861775
144	8	0.879599
144	13	0.832662
144	14	0.737085
144	16	0.830572
144	20	3.03151
144	21	0.85139
144	23	0.829818
144	25	4.62889
144	29	0.804926
144	34	0.735819
144	36	0.72109
144	46	0.857915
144	57	0.833048
144	99	0.732485
144	113	0.709266
144	129	0.777104
144	131	0.74518
144	132	0.742361
144	135	0.767683
144	139	0.731787
144	140	0.735361
144	150	0.742067
144	151	0.733274
144	156	0.74688
144	157	0.687982
144	160	2.08577
144	161	0.726936
144	166	0.749812
144	167	0.713033
144	169	0.733332
144	172	0.683834
144	175	0.682025
144	176	0.708963
144	177	0.690088
144	178	0.715226
144	179	0.68913
144	180	0.676206
145	8	1.40678
145	19	1.97077
145	22	0.804359
145	31	3.08153
145	35	0.867443
145	40	2.35057
145	48	1.34956
145	60	2.4408
145	93	0.914041
145	125	0.860187
145	126	0.882069
145	130	0.857914
145	131	0.829034
145	134	0.878241
145	136	0.822689
145	137	0.862121
145	138	0.751368
145	139	0.81564
145	140	0.819214
145	146	0.787741
145	148	0.80377
145	150	0.82592
145	151	0.817128
145	153	0.800728
145	155	0.82645
145	156	0.830733
145	159	0.811113
145	163	0.830973
145	166	0.833665
145	167	0.796886
145	168	0.82271
145	169	0.817186
145	170	0.7818
145	172	0.767688
145	173	0.78287
145	174	0.777994
145	175	0.765879
145	176	0.792816
145	177	0.773941
145	178	0.79908
145	179	0.772984
145	180	0.76006
146	33	3.89292
146	66	4.459
146	85	4.24809
146	92	0.824929
146	108	0.764212
146	110	0.794603
146	111	0.763084
146	113	0.727814
146	116	0.793288
146	117	0.753051
146	126	0.816763
146	130	0.792608
146	131	0.763728
146	135	0.78623
146	136	0.757383
146	137	0.796815
146	139	0.750334
146	140	0.753908
146	141	0.754313
146	145	0.787741
146	149	0.77259
146	151	0.751822
146	155	0.761145
146	157	0.70653
146	158	0.739974
146	159	0.745807
146	161	0.745483
146	163	0.765667
146	164	0.740065
146	166	0.768359
146	167	0.731581
146	168	0.757405
146	169	0.75188
146	170	0.716494
146	172	0.702382
146	173	0.717564
146	174	0.712688
146	175	0.700573
146	176	0.72751
146	177	0.708635
146	178	0.733774
146	180	0.694754
147	47	5.40607
147	51	7.49393
147	53	0.896007
147	93	0.829406
147	106	0.721245
147	108	0.744883
147	112	0.798843
147	116	0.773958
147	117	0.733722
147	125	0.775552
147	128	0.779244
147	131	0.744398
147	132	0.741579
147	133	0.737927
147	134	0.793606
147	137	0.777485
147	138	0.666732
147	139	0.731005
147	141	0.734984
147	142	0.729061
147	143	0.704059
147	150	0.741284
147	151	0.732492
147	153	0.716093
147	154	0.727098
147	156	0.746098
147	157	0.6872
147	158	0.720644
147	159	0.726478
147	161	0.726154
147	162	0.703135
147	168	0.738075
147	169	0.73255
147	170	0.697164
147	172	0.683052
147	173	0.698234
147	174	0.693358
147	175	0.681243
147	176	0.708181
147	177	0.689306
147	178	0.714444
147	179	0.688348
147	180	0.675424
148	33	2.61317
148	65	2.91074
148	66	3.17925
148	82	4.19684
148	89	0.835006
148	104	0.899059
148	106	0.756604
148	111	0.779113
148	113	0.743843
148	119	0.746508
148	121	0.768764
148	124	0.817948
148	126	0.832793
148	127	0.714821
148	128	0.814603
148	134	0.828965
148	135	0.80226
148	136	0.773413
148	137	0.812844
148	141	0.770343
148	143	0.739418
148	145	0.80377
148	149	0.78862
148	150	0.776643
148	151	0.767851
148	153	0.751452
148	156	0.781457
148	158	0.756003
148	163	0.781697
148	164	0.756094
148	166	0.784388
148	167	0.74761
148	168	0.773434
148	169	0.767909
148	170	0.732523
148	172	0.718411
148	173	0.733593
148	174	0.728717
148	175	0.716602
148	176	0.74354
148	177	0.724664
148	178	0.749803
148	179	0.723707
149	6	1.60267
149	37	2.94817
149	57	2.40695
149	77	2.15691
149	89	0.869132
149	90	0.84582
149	93	0.898891
149	94	0.866761
149	103	2.10858
149	104	0.933186
149	111	0.81324
149	112	0.868328
149	117	0.803207
149	119	0.780634
149	120	2.87672
149	127	0.748948
149	128	0.848729
149	131	0.813883
149	132	0.811064
149	134	0.863091
149	135	0.836386
149	138	0.736217
149	139	0.80049
149	141	0.804469
149	143	0.773544
149	146	0.77259
149	148	0.78862
149	150	0.81077
149	153	0.785578
149	157	0.756686
149	158	0.790129
149	159	0.795963
149	161	0.795639
149	163	0.815823
149	167	0.781736
149	168	0.80756
149	169	0.802035
149	170	0.76665
149	172	0.752537
149	173	0.76772
149	174	0.762843
149	175	0.750728
149	176	0.777666
149	177	0.758791
149	178	0.783929
149	179	0.757833
149	180	0.74491
150	24	2.9961
150	37	3.05967
150	75	0.79108
150	87	2.59303
150	89	0.857156
150	102	0.803652
150	110	0.832782
150	111	0.801263
150	112	0.856352
150	115	0.820346
150	117	0.791231
150	119	0.768658
150	120	2.98822
150	121	0.790914
150	125	0.833061
150	127	0.736972
150	129	2.16298
150	131	0.801907
150	136	0.795563
150	138	0.724241
150	141	0.792493
150	144	0.742067
150	145	0.82592
150	147	0.741284
150	148	0.776643
150	149	0.81077
150	153	0.773602
150	155	0.799324
150	156	0.803607
150	159	0.783987
150	161	0.783663
150	163	0.803847
150	164	0.778244
150	166	0.806539
150	167	0.76976
150	168	0.795584
150	169	0.790059
150	170	0.754673
150	172	0.740561
150	173	0.755743
150	174	0.750867
150	175	0.738752
150	176	0.76569
150	177	0.746815
150	178	0.771953
150	180	0.732933
151	5	1.79228
151	23	2.97849
151	92	0.854316
151	96	2.85844
151	104	0.912417
151	105	3.34659
151	108	0.7936
151	109	3.1242
151	113	0.757201
151	116	0.822675
151	117	0.782439
151	118	0.766324
151	119	0.759866
151	121	0.782122
151	124	0.831306
151	126	0.846151
151	130	0.821995
151	131	0.793115
151	133	0.786644
151	135	0.815618
151	136	0.786771
151	137	0.826202
151	139	0.779722
151	141	0.783701
151	143	0.752776
151	144	0.733274
151	145	0.817128
151	146	0.751822
151	147	0.732492
151	148	0.767851
151	155	0.790532
151	156	0.794814
151	158	0.769361
151	159	0.775194
151	164	0.769452
151	166	0.797746
151	167	0.760968
151	168	0.786792
151	169	0.781267
151	171	0.752896
151	172	0.731769
151	173	0.746951
151	174	0.742075
151	175	0.72996
151	176	0.756898
151	177	0.738022
151	178	0.763161
152	23	7.96703
152	25	0.706151
152	27	0.783204
152	36	6.13297
152	40	0.761858
152	41	0.756704
152	42	0.766059
152	51	0.743723
152	54	0.805269
152	59	0.796863
152	64	0.790829
152	67	0.777775
152	69	0.709
152	72	0.759538
152	78	0.795789
152	79	0.748067
152	80	0.801849
152	81	0.746206
152	82	0.802136
152	84	0.744822
152	85	0.734744
152	88	0.764734
152	90	0.747515
152	99	0.702882
152	102	0.717323
152	114	0.766229
152	124	0.753768
152	132	0.712759
152	134	0.764785
152	140	0.705758
152	160	0.771157
152	161	0.697333
152	164	0.691915
152	165	0.732822
152	166	0.720209
152	167	0.68343
152	168	0.709254
152	170	0.668344
152	171	0.675359
152	172	0.654231
152	173	0.669414
152	174	0.664537
152	175	0.652422
152	176	0.67936
152	177	0.660485
152	178	0.685624
152	179	0.659528
153	29	4.37798
153	39	3.78926
153	55	2.28181
153	60	4.25095
153	76	0.733087
153	112	0.83116
153	115	0.795154
153	116	0.806275
153	121	0.765722
153	124	0.814906
153	125	0.807869
153	126	0.829751
153	127	0.71178
153	128	0.811562
153	134	0.825923
153	135	0.799218
153	136	0.770371
153	138	0.69905
153	139	0.763322
153	141	0.767301
153	143	0.736376
153	145	0.800728
153	147	0.716093
153	148	0.751452
153	149	0.785578
153	150	0.773602
153	154	0.759416
153	155	0.774132
153	156	0.778415
153	157	0.719518
153	159	0.758795
153	161	0.758471
153	163	0.778655
153	164	0.753053
153	166	0.781347
153	167	0.744568
153	168	0.770392
153	169	0.764868
153	170	0.729482
153	171	0.736497
153	172	0.715369
153	173	0.730552
153	174	0.725676
153	175	0.71356
153	176	0.740498
153	177	0.721623
153	178	0.746762
153	179	0.720666
153	180	0.707742
154	3	0.801252
154	5	0.798387
154	7	0.795561
154	11	0.797345
154	14	2.49736
154	15	0.876898
154	17	0.777105
154	20	0.867054
154	31	0.848808
154	37	0.828286
154	38	0.832824
154	39	0.827878
154	43	0.827629
154	44	0.812491
154	47	0.821953
154	52	0.879295
154	56	0.80434
154	58	0.80412
154	66	1.75359
154	83	0.845203
154	84	2.46132
154	85	1.54268
154	100	2.9
154	101	3.24505
154	104	0.907023
154	107	0.851339
154	118	0.76093
154	120	0.858866
154	122	0.843279
154	123	0.744321
154	128	0.822567
154	130	0.816601
154	141	0.778307
154	147	0.727098
154	153	0.759416
154	156	0.78942
154	160	0.8433
154	166	0.792352
154	167	0.755574
154	170	0.740487
154	171	0.747502
154	172	0.726375
154	173	0.741557
154	174	0.736681
154	175	0.724566
154	176	0.751504
154	177	0.732628
154	178	0.757767
155	13	1.9668
155	34	3.70957
155	50	3.29174
155	61	3.23669
155	76	0.758809
155	80	1.56902
155	94	0.855315
155	104	0.92174
155	106	0.779284
155	107	0.866055
155	109	1.82617
155	110	0.833313
155	111	0.801794
155	113	0.766524
155	115	0.820876
155	116	0.831998
155	117	0.791761
155	119	0.769188
155	125	0.833591
155	126	0.855473
155	131	0.802438
155	132	0.799619
155	135	0.82494
155	136	0.796093
155	138	0.724772
155	139	0.789044
155	141	0.793023
155	143	0.762098
155	145	0.82645
155	146	0.761145
155	150	0.799324
155	151	0.790532
155	153	0.774132
155	156	0.804137
155	158	0.778684
155	161	0.784193
155	162	0.761175
155	163	0.804377
155	166	0.807069
155	167	0.77029
155	168	0.796114
155	169	0.79059
155	170	0.755204
155	171	0.762219
155	172	0.741092
155	174	0.751398
155	175	0.739283
155	176	0.76622
155	177	0.747345
155	178	0.772484
155	179	0.746388
155	180	0.733464
156	10	2.89104
156	13	3.23386
156	22	0.782045
156	38	2.19427
156	76	0.763092
156	92	0.867921
156	98	1.80307
156	100	2.96497
156	102	0.808465
156	106	0.783567
156	107	0.870338
156	108	0.807205
156	115	0.825159
156	116	0.83628
156	122	2.2128
156	124	0.844911
156	133	0.800249
156	134	0.855928
156	135	0.829223
156	136	0.800376
156	137	0.839808
156	138	0.729054
156	139	0.793327
156	144	0.74688
156	145	0.830733
156	147	0.746098
156	148	0.781457
156	150	0.803607
156	151	0.794814
156	153	0.778415
156	154	0.78942
156	155	0.804137
156	158	0.782966
156	159	0.7888
156	161	0.788476
156	163	0.80866
156	165	0.823965
156	166	0.811352
156	167	0.774573
156	168	0.800397
156	169	0.794872
156	170	0.759486
156	172	0.745374
156	173	0.760557
156	174	0.75568
156	175	0.743565
156	176	0.770503
156	177	0.751628
156	178	0.776766
156	179	0.75067
156	180	0.737746
157	1	0.867105
157	8	0.882242
157	21	0.854033
157	26	2.69704
157	30	0.800194
157	34	0.738462
157	38	4.05618
157	46	0.860558
157	54	4.45858
157	57	0.835691
157	71	0.794369
157	73	0.790959
157	74	0.796715
157	76	0.704194
157	77	0.740054
157	84	4.3882
157	91	0.790787
157	95	0.793753
157	96	0.783095
157	97	0.783047
157	98	0.829981
157	99	0.735128
157	100	0.78281
157	101	0.817762
157	103	0.817757
157	105	0.773387
157	109	0.806771
157	114	0.798474
157	115	0.766262
157	119	0.714574
157	128	0.782669
157	132	0.745004
157	136	0.741479
157	138	0.670157
157	140	0.738003
157	142	0.732486
157	144	0.687982
157	146	0.70653
157	147	0.6872
157	149	0.756686
157	153	0.719518
157	161	0.729579
157	162	0.70656
157	164	0.72416
157	170	0.700589
157	173	0.701659
157	175	0.684668
157	176	0.711606
157	177	0.69273
157	178	0.717869
157	179	0.691773
157	180	0.678849
158	58	4.13614
158	67	3.44179
158	75	0.77044
158	76	0.737638
158	93	0.866275
158	94	0.834144
158	95	3.0457
158	97	2.86173
158	104	0.900569
158	106	0.758113
158	107	0.844885
158	108	0.781751
158	110	0.812142
158	111	0.780623
158	113	0.745353
158	115	0.799706
158	119	0.748017
158	122	2.41464
158	124	0.819458
158	126	0.834302
158	127	0.716331
158	133	0.774796
158	134	0.830474
158	135	0.80377
158	136	0.774923
158	137	0.814354
158	138	0.703601
158	139	0.767873
158	146	0.739974
158	147	0.720644
158	148	0.756003
158	149	0.790129
158	151	0.769361
158	155	0.778684
158	156	0.782966
158	161	0.763022
158	162	0.740004
158	163	0.783206
158	164	0.757604
158	165	0.798511
158	166	0.785898
158	167	0.74912
158	168	0.774944
158	169	0.769419
158	170	0.734033
158	172	0.719921
158	174	0.730227
158	175	0.718112
158	176	0.745049
158	177	0.726174
158	178	0.751313
158	179	0.725217
158	180	0.712293
159	21	2.29552
159	22	0.762425
159	54	3.02526
159	75	0.776273
159	82	3.26474
159	93	0.872108
159	94	0.839978
159	102	0.788845
159	106	0.763947
159	107	0.850718
159	109	3.52181
159	111	0.786456
159	113	0.751186
159	115	0.805539
159	117	0.776424
159	121	0.776107
159	124	0.825291
159	126	0.840136
159	129	3.19267
159	130	0.815981
159	131	0.7871
159	133	0.780629
159	134	0.836308
159	137	0.820187
159	138	0.709434
159	139	0.773707
159	141	0.777686
159	143	0.746761
159	145	0.811113
159	146	0.745807
159	147	0.726478
159	149	0.795963
159	150	0.783987
159	151	0.775194
159	153	0.758795
159	156	0.7888
159	162	0.745837
159	163	0.78904
159	167	0.754953
159	168	0.780777
159	169	0.775252
159	170	0.739866
159	172	0.725754
159	173	0.740936
159	174	0.73606
159	175	0.723945
159	176	0.750883
159	177	0.732008
159	178	0.757146
159	179	0.73105
159	180	0.718126
160	6	0.959241
160	7	0.86844
160	15	0.949777
160	20	0.939933
160	25	0.851174
160	27	0.928227
160	38	0.905702
160	40	0.906881
160	41	0.901726
160	42	0.911081
160	44	0.88537
160	47	0.894832
160	51	0.888745
160	52	0.952174
160	54	0.950292
160	56	0.877219
160	58	0.876999
160	59	0.941885
160	62	0.917913
160	63	0.861801
160	64	0.935852
160	67	0.922798
160	69	0.854022
160	70	0.900415
160	72	0.90456
160	78	0.940812
160	79	0.893089
160	80	0.946871
160	81	0.891228
160	82	0.947159
160	84	0.889844
160	85	0.879766
160	88	0.909756
160	93	1.3784
160	94	0.453251
160	110	0.824728
160	114	0.911251
160	118	0.833808
160	120	0.931745
160	123	0.8172
160	129	0.892524
160	134	0.818301
160	135	0.395118
160	138	9.14617
160	140	1.36008
160	144	2.08577
160	152	0.771157
160	154	0.8433
160	165	0.877844
160	170	2.81524
160	171	0.820381
160	172	4.30286
160	173	2.52243
160	176	2.53318
160	179	0.80455
161	22	0.762102
161	25	2.8164
161	59	3.01724
161	63	4.5327
161	64	2.97467
161	76	0.743148
161	89	0.842025
161	93	0.871784
161	104	0.906079
161	110	0.817651
161	111	0.786133
161	116	0.816336
161	117	0.7761
161	118	0.759985
161	121	0.775783
161	122	3.15899
161	125	0.81793
161	127	0.721841
161	134	0.835984
161	135	0.809279
161	136	0.780432
161	137	0.819864
161	138	0.709111
161	139	0.773383
161	142	0.771439
161	143	0.746437
161	144	0.726936
161	146	0.745483
161	147	0.726154
161	149	0.795639
161	150	0.783663
161	152	0.697333
161	153	0.758471
161	155	0.784193
161	156	0.788476
161	157	0.729579
161	158	0.763022
161	162	0.745514
161	163	0.788716
161	164	0.763114
161	166	0.791408
161	167	0.754629
161	168	0.780453
161	169	0.774928
161	170	0.739543
161	171	0.746558
161	172	0.72543
161	173	0.740613
161	174	0.735736
161	175	0.723621
161	176	0.750559
161	177	0.731684
161	178	0.756822
161	179	0.730726
161	180	0.717803
162	4	0.913096
162	9	0.769129
162	10	0.777861
162	15	2.34395
162	18	0.749761
162	19	0.852875
162	26	0.817831
162	32	4.11458
162	33	0.817416
162	46	3.25824
162	59	3.02331
162	71	0.810304
162	74	0.81265
162	77	0.755989
162	85	2.55991
162	86	0.783955
162	87	0.781514
162	91	0.806722
162	95	0.809688
162	96	0.79903
162	97	0.798982
162	98	0.845916
162	100	0.798745
162	101	0.833697
162	103	0.833692
162	105	0.789322
162	109	0.822706
162	122	0.819316
162	125	0.794911
162	126	0.816794
162	129	0.795682
162	137	0.796845
162	142	0.748421
162	147	0.703135
162	155	0.761175
162	157	0.70656
162	158	0.740004
162	159	0.745837
162	161	0.745514
162	165	0.781002
162	167	0.731611
162	168	0.757435
162	171	0.723539
162	172	0.702412
162	173	0.717594
162	174	0.712718
162	175	0.700603
162	176	0.727541
162	177	0.708665
162	178	0.733804
162	179	0.707708
163	28	3.40997
163	30	1.61117
163	46	1.93807
163	70	1.89772
163	75	0.796133
163	84	2.15838
163	89	0.862209
163	93	0.891968
163	94	0.859838
163	101	2.94211
163	106	0.783807
163	110	0.837835
163	111	0.806317
163	112	0.861405
163	113	0.771046
163	114	3.14258
163	116	0.83652
163	119	0.773711
163	124	0.845151
163	125	0.838114
163	126	0.859996
163	127	0.742025
163	128	0.841806
163	131	0.80696
163	133	0.800489
163	136	0.800616
163	139	0.793567
163	140	0.797141
163	141	0.797546
163	142	0.791623
163	143	0.766621
163	145	0.830973
163	146	0.765667
163	148	0.781697
163	149	0.815823
163	150	0.803847
163	153	0.778655
163	155	0.804377
163	156	0.80866
163	158	0.783206
163	159	0.78904
163	161	0.788716
163	164	0.783298
163	166	0.811592
163	167	0.774813
163	168	0.800637
163	169	0.795112
163	170	0.759727
163	171	0.766742
163	172	0.745614
163	173	0.760797
163	174	0.75592
163	175	0.743805
163	176	0.770743
163	177	0.751868
163	178	0.777006
163	180	0.737987
164	1	3.58461
164	10	3.40155
164	19	3.45045
164	89	0.836607
164	91	2.7317
164	92	0.842559
164	103	3.3317
164	104	0.90066
164	106	0.758205
164	107	0.844976
164	108	0.781843
164	110	0.812233
164	111	0.780714
164	115	0.799797
164	116	0.810918
164	119	0.748109
164	121	0.770365
164	125	0.812512
164	126	0.834394
164	127	0.716422
164	131	0.781358
164	133	0.774887
164	134	0.830566
164	136	0.775014
164	137	0.814445
164	138	0.703692
164	139	0.767965
164	141	0.771944
164	143	0.741019
164	146	0.740065
164	148	0.756094
164	150	0.778244
164	151	0.769452
164	152	0.691915
164	153	0.753053
164	157	0.72416
164	158	0.757604
164	161	0.763114
164	163	0.783298
164	165	0.798603
164	166	0.785989
164	167	0.749211
164	168	0.775035
164	169	0.76951
164	170	0.734124
164	171	0.741139
164	172	0.720012
164	173	0.735194
164	174	0.730318
164	175	0.718203
164	176	0.745141
164	177	0.726266
164	178	0.751404
164	179	0.725308
164	180	0.712384
165	4	0.971603
165	9	0.827637
165	10	0.836369
165	18	0.808268
165	19	0.911382
165	26	0.876338
165	27	0.889892
165	29	1.79946
165	30	1.41387
165	33	0.875923
165	42	2.16096
165	44	2.07021
165	54	0.911957
165	59	0.903551
165	60	1.67243
165	61	2.7662
165	62	0.879579
165	69	2.41137
165	70	0.86208
165	78	0.902477
165	81	0.852894
165	82	0.908824
165	84	0.85151
165	85	0.841432
165	88	0.871422
165	89	0.877514
165	90	0.854202
165	99	0.80957
165	100	1.22743
165	105	1.57807
165	108	0.82275
165	122	0.877823
165	123	0.778865
165	129	0.854189
165	136	0.815921
165	141	0.812851
165	142	0.806928
165	152	0.732822
165	156	0.823965
165	158	0.798511
165	160	0.877844
165	162	0.781002
165	164	0.798603
165	166	0.826897
165	167	0.790118
165	168	0.815942
165	169	0.810417
165	170	0.775032
165	171	0.782047
165	172	0.760919
165	173	0.776102
165	174	0.771225
165	175	0.75911
165	177	0.767173
165	178	0.792311
165	179	0.766215
165	180	0.753292
166	1	2.56414
166	3	1.64612
166	19	2.42998
166	35	0.848062
166	41	3.13126
166	53	0.961261
166	56	2.31275
166	59	1.56109
166	89	0.864901
166	92	0.870853
166	93	0.89466
166	106	0.786499
166	108	0.810137
166	111	0.809008
166	112	0.864097
166	113	0.773738
166	114	3.00053
166	115	0.828091
166	116	0.839212
166	119	0.776403
166	124	0.847843
166	125	0.840806
166	127	0.744717
166	129	2.25414
166	131	0.809652
166	132	0.806833
166	133	0.803181
166	134	0.85886
166	135	0.832155
166	136	0.803308
166	137	0.842739
166	138	0.731986
166	142	0.794315
166	143	0.769313
166	144	0.749812
166	145	0.833665
166	146	0.768359
166	148	0.784388
166	150	0.806539
166	151	0.797746
166	152	0.720209
166	153	0.781347
166	154	0.792352
166	155	0.807069
166	156	0.811352
166	158	0.785898
166	161	0.791408
166	163	0.811592
166	164	0.785989
166	165	0.826897
166	167	0.777505
166	168	0.803329
166	169	0.797804
166	170	0.762418
166	171	0.769434
166	172	0.748306
166	173	0.763488
166	174	0.758612
166	175	0.746497
166	176	0.773435
166	177	0.75456
166	178	0.779698
166	179	0.753602
167	27	3.37629
167	53	0.924483
167	62	3.50104
167	65	2.8313
167	74	3.68525
167	78	4.60612
167	89	0.828123
167	92	0.834075
167	94	0.825751
167	102	0.774619
167	108	0.773358
167	110	0.803749
167	111	0.77223
167	113	0.73696
167	115	0.791312
167	117	0.762197
167	123	0.729473
167	125	0.804027
167	126	0.825909
167	127	0.707938
167	131	0.772874
167	133	0.766403
167	134	0.822081
167	135	0.795376
167	137	0.805961
167	138	0.695208
167	139	0.75948
167	141	0.763459
167	143	0.732534
167	144	0.713033
167	145	0.796886
167	146	0.731581
167	148	0.74761
167	149	0.781736
167	150	0.76976
167	151	0.760968
167	152	0.68343
167	153	0.744568
167	154	0.755574
167	155	0.77029
167	156	0.774573
167	158	0.74912
167	159	0.754953
167	161	0.754629
167	162	0.731611
167	163	0.774813
167	164	0.749211
167	165	0.790118
167	166	0.777505
167	168	0.76655
167	169	0.761026
167	170	0.72564
167	171	0.732655
167	172	0.711527
167	174	0.721834
167	175	0.709718
167	176	0.736656
167	177	0.717781
167	178	0.74292
167	179	0.716824
168	12	1.85931
168	46	2.13898
168	53	0.950307
168	69	3.98192
168	83	2.57631
168	102	0.800443
168	103	2.65419
168	104	0.918
168	110	0.829573
168	112	0.853142
168	113	0.762784
168	114	3.34349
168	117	0.788021
168	118	0.771906
168	121	0.787704
168	122	2.04581
168	124	0.836888
168	125	0.829851
168	126	0.851733
168	128	0.833544
168	131	0.798698
168	133	0.792227
168	134	0.847905
168	135	0.8212
168	136	0.792353
168	138	0.721032
168	139	0.785304
168	140	0.788878
168	141	0.789283
168	142	0.78336
168	143	0.758358
168	145	0.82271
168	146	0.757405
168	147	0.738075
168	148	0.773434
168	149	0.80756
168	150	0.795584
168	151	0.786792
168	152	0.709254
168	153	0.770392
168	155	0.796114
168	156	0.800397
168	158	0.774944
168	159	0.780777
168	161	0.780453
168	162	0.757435
168	163	0.800637
168	164	0.775035
168	165	0.815942
168	166	0.803329
168	167	0.76655
168	169	0.78685
168	170	0.751464
168	172	0.737351
168	173	0.752534
168	174	0.747658
168	175	0.735542
168	176	0.76248
168	177	0.743605
168	178	0.768744
168	179	0.742648
168	180	0.729724
169	15	1.66532
169	21	2.14058
169	22	0.768498
169	38	2.46791
169	39	3.22191
169	44	4.08139
169	75	0.782346
169	76	0.749544
169	86	3.28937
169	92	0.854374
169	93	0.878181
169	94	0.846051
169	97	2.93352
169	102	0.794918
169	104	0.912475
169	111	0.792529
169	112	0.847618
169	113	0.757259
169	115	0.811612
169	116	0.822733
169	117	0.782496
169	119	0.759924
169	121	0.78218
169	123	0.749773
169	126	0.846209
169	127	0.728237
169	128	0.828019
169	131	0.793173
169	132	0.790354
169	133	0.786702
169	135	0.815676
169	136	0.786829
169	137	0.82626
169	138	0.715507
169	141	0.783758
169	142	0.777835
169	143	0.752834
169	144	0.733332
169	145	0.817186
169	146	0.75188
169	147	0.73255
169	148	0.767909
169	149	0.802035
169	150	0.790059
169	151	0.781267
169	153	0.764868
169	155	0.79059
169	156	0.794872
169	158	0.769419
169	159	0.775252
169	161	0.774928
169	163	0.795112
169	164	0.76951
169	165	0.810417
169	166	0.797804
169	167	0.761026
169	168	0.78685
169	170	0.745939
169	172	0.731827
169	173	0.747009
169	174	0.742133
169	175	0.730018
169	176	0.756955
169	177	0.73808
169	178	0.763219
169	180	0.724199
170	12	5.04925
170	15	4.41462
170	20	3.29577
170	22	0.733112
170	35	0.796196
170	53	0.909396
170	72	5.42512
170	75	0.74696
170	76	0.714159
170	89	0.813036
170	92	0.818988
170	93	0.842795
170	94	0.810665
170	99	0.745092
170	102	0.759532
170	104	0.877089
170	106	0.734634
170	108	0.758272
170	112	0.812232
170	113	0.721873
170	115	0.776226
170	116	0.787347
170	121	0.746794
170	123	0.714387
170	124	0.795978
170	125	0.788941
170	126	0.810823
170	127	0.692851
170	128	0.792633
170	131	0.757787
170	133	0.751316
170	134	0.806995
170	135	0.78029
170	136	0.751443
170	137	0.790874
170	139	0.744394
170	141	0.748373
170	143	0.717448
170	145	0.7818
170	146	0.716494
170	147	0.697164
170	148	0.732523
170	149	0.76665
170	150	0.754673
170	152	0.668344
170	153	0.729482
170	154	0.740487
170	155	0.755204
170	156	0.759486
170	157	0.700589
170	158	0.734033
170	159	0.739866
170	160	2.81524
170	161	0.739543
170	163	0.759727
170	164	0.734124
170	165	0.775032
170	166	0.762418
170	167	0.72564
170	168	0.751464
170	169	0.745939
170	172	0.696441
170	173	0.711623
170	174	0.706747
170	175	0.694632
170	176	0.72157
170	177	0.702694
170	178	0.727833
170	179	0.701737
170	180	0.688813
171	6	0.863443
171	7	0.772642
171	8	3.22764
171	15	0.85398
171	20	0.844135
171	25	0.755376
171	38	0.809905
171	40	0.811083
171	42	0.815284
171	44	0.789572
171	47	0.799034
171	51	0.792947
171	52	0.856377
171	56	0.781421
171	58	0.781201
171	59	2.92275
171	63	0.766003
171	64	0.840054
171	67	0.827
171	69	0.758224
171	71	3.44358
171	72	0.808762
171	74	3.2557
171	79	0.797291
171	80	0.851073
171	90	0.796739
171	95	3.69556
171	98	2.65477
171	108	0.765287
171	111	0.764158
171	112	0.819247
171	114	0.815453
171	118	0.738011
171	120	0.835948
171	121	0.753809
171	123	0.721402
171	127	0.699867
171	128	0.799648
171	134	0.81401
171	135	0.787305
171	136	0.758458
171	138	0.687136
171	142	0.749465
171	143	0.724463
171	151	0.752896
171	152	0.675359
171	153	0.736497
171	154	0.747502
171	155	0.762219
171	160	0.820381
171	161	0.746558
171	162	0.723539
171	163	0.766742
171	164	0.741139
171	165	0.782047
171	166	0.769434
171	167	0.732655
171	173	0.718638
171	174	0.713762
171	175	0.701647
171	176	0.728585
171	177	0.70971
171	178	0.734848
171	179	0.708752
172	42	5.713
172	53	0.895284
172	68	5.46078
172	75	0.732848
172	76	0.700046
172	89	0.798924
172	90	0.775612
172	92	0.804876
172	93	0.828682
172	94	0.796552
172	102	0.74542
172	104	0.862977
172	106	0.720521
172	107	0.807292
172	108	0.744159
172	110	0.77455
172	111	0.743031
172	112	0.798119
172	113	0.707761
172	115	0.762113
172	116	0.773235
172	117	0.732998
172	119	0.710425
172	121	0.732681
172	122	6.72336
172	124	0.781865
172	125	0.774828
172	126	0.79671
172	127	0.678739
172	128	0.778521
172	131	0.743675
172	133	0.737204
172	134	0.792882
172	135	0.766177
172	136	0.73733
172	137	0.776762
172	138	0.666009
172	141	0.73426
172	142	0.728337
172	143	0.703335
172	144	0.683834
172	145	0.767688
172	146	0.702382
172	147	0.683052
172	148	0.718411
172	149	0.752537
172	150	0.740561
172	151	0.731769
172	152	0.654231
172	153	0.715369
172	154	0.726375
172	155	0.741092
172	156	0.745374
172	158	0.719921
172	159	0.725754
172	160	4.30286
172	161	0.72543
172	162	0.702412
172	163	0.745614
172	164	0.720012
172	165	0.760919
172	166	0.748306
172	167	0.711527
172	168	0.737351
172	169	0.731827
172	170	0.696441
172	173	0.697511
172	174	0.692635
172	175	0.68052
172	176	0.707457
172	177	0.688582
172	178	0.713721
172	179	0.687625
172	180	0.674701
173	5	4.49143
173	35	0.797267
173	75	0.74803
173	76	0.715229
173	85	4.33778
173	87	5.92426
173	88	5.2241
173	90	0.790794
173	92	0.820058
173	94	0.811735
173	99	0.746162
173	102	0.760602
173	104	0.878159
173	106	0.735704
173	107	0.822475
173	108	0.759342
173	110	0.789732
173	111	0.758213
173	112	0.813302
173	113	0.722943
173	115	0.777296
173	116	0.788417
173	117	0.748181
173	118	0.732066
173	119	0.725608
173	121	0.747864
173	123	0.715457
173	124	0.797048
173	125	0.790011
173	127	0.693921
173	128	0.793703
173	130	0.787737
173	131	0.758857
173	132	0.756038
173	134	0.808065
173	135	0.78136
173	136	0.752513
173	137	0.791944
173	138	0.681191
173	139	0.745464
173	140	0.749037
173	141	0.749443
173	143	0.718518
173	145	0.78287
173	146	0.717564
173	147	0.698234
173	148	0.733593
173	149	0.76772
173	150	0.755743
173	151	0.746951
173	152	0.669414
173	153	0.730552
173	154	0.741557
173	156	0.760557
173	157	0.701659
173	159	0.740936
173	160	2.52243
173	161	0.740613
173	162	0.717594
173	163	0.760797
173	164	0.735194
173	165	0.776102
173	166	0.763488
173	168	0.752534
173	169	0.747009
173	170	0.711623
173	171	0.718638
173	172	0.697511
173	174	0.707817
173	175	0.695702
173	176	0.72264
173	177	0.703764
173	178	0.728903
173	179	0.702807
173	180	0.689883
174	3	4.72866
174	6	4.88786
174	22	0.729306
174	26	3.40772
174	35	0.79239
174	53	0.90559
174	70	4.83821
174	75	0.743154
174	76	0.710352
174	89	0.80923
174	90	0.785918
174	92	0.815182
174	93	0.838989
174	94	0.806858
174	99	0.741286
174	100	5.53755
174	102	0.755726
174	106	0.730827
174	107	0.817599
174	110	0.784856
174	111	0.753337
174	112	0.808426
174	113	0.718067
174	115	0.77242
174	116	0.783541
174	117	0.743304
174	119	0.720731
174	121	0.742987
174	123	0.71058
174	124	0.792172
174	125	0.785134
174	126	0.807016
174	127	0.689045
174	128	0.788827
174	133	0.74751
174	134	0.803188
174	135	0.776484
174	136	0.747636
174	137	0.787068
174	138	0.676315
174	139	0.740587
174	140	0.744161
174	141	0.744566
174	142	0.738643
174	143	0.713641
174	145	0.777994
174	146	0.712688
174	147	0.693358
174	148	0.728717
174	149	0.762843
174	150	0.750867
174	151	0.742075
174	152	0.664537
174	153	0.725676
174	154	0.736681
174	155	0.751398
174	156	0.75568
174	158	0.730227
174	159	0.73606
174	161	0.735736
174	162	0.712718
174	163	0.75592
174	164	0.730318
174	165	0.771225
174	166	0.758612
174	167	0.721834
174	168	0.747658
174	169	0.742133
174	170	0.706747
174	171	0.713762
174	172	0.692635
174	173	0.707817
174	175	0.690826
174	176	0.717763
174	177	0.698888
174	178	0.724027
174	179	0.697931
174	180	0.685007
175	35	0.780275
175	36	3.18347
175	43	6.6208
175	48	6.68129
175	53	0.893475
175	75	0.731039
175	76	0.698237
175	81	7.81444
175	89	0.797115
175	92	0.803067
175	93	0.826873
175	94	0.794743
175	102	0.743611
175	104	0.861168
175	106	0.718712
175	107	0.805483
175	108	0.74235
175	110	0.772741
175	112	0.79631
175	113	0.705952
175	115	0.760304
175	116	0.771426
175	117	0.731189
175	118	0.715074
175	119	0.708616
175	121	0.730872
175	123	0.698465
175	124	0.780056
175	125	0.773019
175	126	0.794901
175	127	0.67693
175	128	0.776712
175	130	0.770746
175	131	0.741866
175	132	0.739047
175	133	0.735395
175	134	0.791073
175	135	0.764368
175	136	0.735521
175	137	0.774953
175	138	0.6642
175	139	0.728472
175	140	0.732046
175	141	0.732451
175	142	0.726528
175	143	0.701526
175	144	0.682025
175	145	0.765879
175	146	0.700573
175	147	0.681243
175	148	0.716602
175	149	0.750728
175	150	0.738752
175	151	0.72996
175	152	0.652422
175	153	0.71356
175	154	0.724566
175	155	0.739283
175	156	0.743565
175	157	0.684668
175	158	0.718112
175	159	0.723945
175	161	0.723621
175	162	0.700603
175	163	0.743805
175	164	0.718203
175	165	0.75911
175	166	0.746497
175	167	0.709718
175	168	0.735542
175	169	0.730018
175	170	0.694632
175	171	0.701647
175	172	0.68052
175	173	0.695702
175	174	0.690826
175	176	0.705648
175	177	0.686773
175	178	0.711912
175	179	0.685816
175	180	0.672892
176	22	0.744129
176	35	0.807213
176	53	0.920412
176	62	3.43677
176	64	3.24546
176	75	0.757976
176	76	0.725175
176	80	4.05306
176	89	0.824052
176	90	0.80074
176	92	0.830005
176	93	0.853811
176	94	0.821681
176	96	4.04445
176	97	3.87687
176	99	0.756108
176	102	0.770548
176	104	0.888106
176	106	0.74565
176	107	0.832421
176	108	0.769288
176	109	4.31021
176	110	0.799678
176	111	0.76816
176	113	0.732889
176	115	0.787242
176	116	0.798363
176	117	0.758127
176	118	0.742012
176	119	0.735554
176	121	0.75781
176	123	0.725403
176	124	0.806994
176	125	0.799957
176	126	0.821839
176	128	0.803649
176	130	0.797684
176	131	0.768803
176	132	0.765984
176	133	0.762332
176	134	0.818011
176	135	0.791306
176	136	0.762459
176	137	0.801891
176	138	0.691137
176	139	0.75541
176	140	0.758984
176	141	0.759389
176	142	0.753466
176	143	0.728464
176	144	0.708963
176	145	0.792816
176	146	0.72751
176	147	0.708181
176	148	0.74354
176	149	0.777666
176	150	0.76569
176	151	0.756898
176	152	0.67936
176	153	0.740498
176	154	0.751504
176	155	0.76622
176	156	0.770503
176	157	0.711606
176	158	0.745049
176	159	0.750883
176	160	2.53318
176	161	0.750559
176	162	0.727541
176	163	0.770743
176	164	0.745141
176	166	0.773435
176	167	0.736656
176	168	0.76248
176	169	0.756955
176	170	0.72157
176	171	0.728585
176	172	0.707457
176	173	0.72264
176	174	0.717763
176	175	0.705648
176	177	0.713711
176	178	0.738849
176	179	0.712753
176	180	0.69983
177	17	4.89535
177	18	5.00239
177	30	5.5497
177	35	0.788338
177	47	3.01243
177	53	0.901537
177	75	0.739101
177	76	0.7063
177	77	6.44013
177	89	0.805177
177	90	0.781865
177	92	0.811129
177	93	0.834936
177	99	0.737233
177	102	0.751673
177	104	0.86923
177	106	0.726775
177	107	0.813546
177	108	0.750413
177	110	0.780803
177	111	0.749284
177	112	0.804373
177	113	0.714014
177	115	0.768367
177	116	0.779488
177	117	0.739252
177	118	0.723137
177	119	0.716679
177	121	0.738935
177	123	0.706528
177	124	0.788119
177	125	0.781082
177	126	0.802964
177	127	0.684993
177	128	0.784774
177	130	0.778809
177	131	0.749928
177	132	0.747109
177	133	0.743457
177	134	0.799136
177	135	0.772431
177	136	0.743584
177	137	0.783015
177	139	0.736535
177	140	0.740108
177	141	0.740514
177	142	0.734591
177	143	0.709589
177	144	0.690088
177	145	0.773941
177	146	0.708635
177	147	0.689306
177	148	0.724664
177	149	0.758791
177	150	0.746815
177	151	0.738022
177	152	0.660485
177	153	0.721623
177	154	0.732628
177	155	0.747345
177	156	0.751628
177	157	0.69273
177	158	0.726174
177	159	0.732008
177	161	0.731684
177	162	0.708665
177	163	0.751868
177	164	0.726266
177	165	0.767173
177	166	0.75456
177	167	0.717781
177	168	0.743605
177	169	0.73808
177	170	0.702694
177	171	0.70971
177	172	0.688582
177	173	0.703764
177	174	0.698888
177	175	0.686773
177	176	0.713711
177	178	0.719974
177	179	0.693878
177	180	0.680954
178	17	2.16697
178	22	0.750392
178	35	0.813476
178	42	2.04468
178	53	0.926676
178	57	3.9618
178	70	3.10787
178	75	0.76424
178	76	0.731438
178	86	3.85797
178	89	0.830316
178	90	0.807004
178	92	0.836268
178	93	0.860075
178	94	0.827945
178	97	3.50213
178	99	0.762372
178	101	4.15225
178	102	0.776812
178	104	0.894369
178	106	0.751913
178	107	0.838685
178	108	0.775551
178	110	0.805942
178	111	0.774423
178	112	0.829512
178	113	0.739153
178	115	0.793506
178	116	0.804627
178	117	0.76439
178	118	0.748275
178	119	0.741817
178	121	0.764074
178	123	0.731666
178	124	0.813258
178	125	0.80622
178	126	0.828103
178	127	0.710131
178	128	0.809913
178	129	3.60633
178	130	0.803947
178	131	0.775067
178	132	0.772248
178	133	0.768596
178	134	0.824274
178	135	0.79757
178	136	0.768723
178	137	0.808154
178	138	0.697401
178	139	0.761674
178	140	0.765247
178	141	0.765652
178	142	0.759729
178	143	0.734728
178	144	0.715226
178	145	0.79908
178	146	0.733774
178	147	0.714444
178	148	0.749803
178	149	0.783929
178	150	0.771953
178	151	0.763161
178	152	0.685624
178	153	0.746762
178	154	0.757767
178	155	0.772484
178	156	0.776766
178	157	0.717869
178	158	0.751313
178	159	0.757146
178	161	0.756822
178	162	0.733804
178	163	0.777006
178	164	0.751404
178	165	0.792311
178	166	0.779698
178	167	0.74292
178	168	0.768744
178	169	0.763219
178	170	0.727833
178	171	0.734848
178	172	0.713721
178	173	0.728903
178	174	0.724027
178	175	0.711912
178	176	0.738849
178	177	0.719974
178	179	0.719017
179	14	4.27915
179	16	3.64613
179	21	3.58376
179	27	0.816598
179	40	5.03655
179	41	0.790097
179	49	4.78737
179	50	0.769222
179	54	0.838663
179	59	0.830256
179	62	0.806284
179	68	2.66704
179	70	0.788786
179	71	0.795517
179	73	0.792106
179	74	0.797863
179	77	0.741202
179	78	0.829183
179	81	0.779599
179	82	0.83553
179	83	0.806453
179	84	0.778215
179	85	0.768137
179	86	0.769168
179	87	0.766727
179	88	0.798127
179	90	0.780908
179	91	0.791934
179	95	0.794901
179	96	0.784243
179	97	0.784195
179	98	0.831129
179	99	0.736276
179	100	0.783958
179	101	0.81891
179	102	0.750716
179	103	0.818905
179	104	0.868273
179	105	0.774535
179	109	0.807919
179	119	0.715722
179	121	0.737978
179	122	0.804529
179	123	0.705571
179	129	0.780895
179	132	0.746152
179	135	0.771474
179	138	0.671305
179	139	0.735578
179	143	0.708632
179	144	0.68913
179	145	0.772984
179	147	0.688348
179	148	0.723707
179	149	0.757833
179	152	0.659528
179	153	0.720666
179	155	0.746388
179	156	0.75067
179	157	0.691773
179	158	0.725217
179	159	0.73105
179	160	0.80455
179	161	0.730726
179	162	0.707708
179	164	0.725308
179	165	0.766215
179	166	0.753602
179	167	0.716824
179	168	0.742648
179	170	0.701737
179	171	0.708752
179	172	0.687625
179	173	0.702807
179	174	0.697931
179	175	0.685816
179	176	0.712753
179	177	0.693878
179	178	0.719017
179	180	0.679997
180	1	0.855329
180	2	0.852642
180	8	0.870466
180	13	0.823529
180	14	0.727951
180	16	0.821438
180	21	0.842257
180	23	0.820685
180	26	2.50172
180	29	0.795792
180	30	0.788418
180	34	0.726686
180	36	1.54625
180	46	0.848782
180	56	4.48929
180	57	0.823915
180	72	4.06877
180	79	3.95246
180	83	0.793529
180	89	0.791296
180	91	3.88777
180	92	0.797248
180	94	0.788925
180	99	0.723352
180	102	0.737792
180	108	0.736532
180	110	0.766922
180	114	0.786698
180	115	0.754486
180	124	0.774238
180	127	0.671111
180	129	0.767971
180	131	0.736047
180	132	0.733228
180	133	0.729576
180	140	0.726227
180	142	0.72071
180	144	0.676206
180	145	0.76006
180	146	0.694754
180	147	0.675424
180	149	0.74491
180	150	0.732933
180	153	0.707742
180	155	0.733464
180	156	0.737746
180	157	0.678849
180	158	0.712293
180	159	0.718126
180	161	0.717803
180	163	0.737987
180	164	0.712384
180	165	0.753292
180	168	0.729724
180	169	0.724199
180	170	0.688813
180	172	0.674701
180	173	0.689883
180	174	0.685007
180	175	0.672892
180	176	0.69983
180	177	0.680954
180	179	0.679997
