1	2	1.05365
1	10	1.16957
1	15	1.04961
1	20	1.02493
1	23	1.16547
1	127	1.92435
1	148	0.850848
1	152	0.964484
1	161	1.05255
1	162	1.28038
1	167	1.15633
1	171	0.998222
2	1	1.05365
2	11	0.936343
2	15	0.934341
2	20	0.909666
2	23	1.0502
2	27	1.02252
2	87	1.15782
2	152	0.849217
2	161	0.937284
2	167	1.04107
2	171	0.882955
2	179	2.22014
3	8	1.05024
3	25	1.02703
3	41	0.970536
3	44	0.997994
3	45	0.968342
3	127	0.882782
3	137	1.61163
3	145	1.00435
3	147	1.96614
3	151	0.888405
3	176	0.883282
3	178	0.956044
4	6	0.954086
4	19	0.953332
4	26	0.812843
4	33	0.912375
4	36	0.883959
4	68	0.943981
4	82	0.830153
4	111	0.860534
4	142	0.85337
4	155	0.798041
4	168	2.97531
4	178	0.833864
5	13	1.0559
5	14	0.948758
5	16	0.927774
5	21	0.91962
5	22	0.919076
5	24	1.0323
5	30	0.998407
5	32	0.998243
5	122	0.894556
5	151	2.11987
5	158	1.27831
5	161	0.943735
6	4	0.954086
6	19	1.21272
6	26	1.07223
6	33	1.17176
6	36	1.14334
6	101	1.55781
6	124	0.882406
6	142	1.11276
6	154	1.26805
6	155	1.05743
6	178	1.09325
7	51	0.977201
7	53	0.976577
7	59	1.11608
7	60	0.958449
7	67	1.04066
7	69	0.957553
7	75	1.01773
7	76	0.943108
7	130	2.27328
7	152	0.853066
7	159	0.858866
7	167	1.04492
8	3	1.05024
8	25	1.13821
8	41	1.08172
8	44	1.10918
8	45	1.07953
8	145	1.11554
8	147	0.86579
8	151	0.999588
8	163	1.84517
8	171	1.53366
8	176	0.994465
8	178	1.06723
9	13	1.18481
9	16	1.05669
9	21	1.04853
9	22	1.04799
9	24	1.16122
9	30	1.12732
9	32	1.12716
9	100	1.45964
9	107	0.903053
9	161	1.07265
9	163	1.80231
10	1	1.16957
10	11	1.05226
10	15	1.05026
10	20	1.02559
10	27	1.13845
10	118	1.00062
10	152	0.965138
10	161	1.0532
10	167	1.15699
10	171	0.998877
10	173	1.25435
10	180	1.98183
11	2	0.936343
11	10	1.05226
11	15	0.932301
11	20	0.907626
11	23	1.04816
11	27	1.02048
11	134	1.59973
11	152	0.847177
11	158	1.76796
11	161	0.935244
11	167	1.03903
11	171	0.880915
12	58	3.2
12	73	0.774786
12	110	0.967315
12	131	0.971945
12	133	1.00026
12	135	0.958304
12	136	0.986698
12	138	0.950391
12	139	0.981235
12	143	0.94166
12	144	0.969343
12	171	0.871439
13	5	1.0559
13	9	1.18481
13	14	1.05337
13	16	1.03239
13	21	1.02423
13	22	1.02369
13	30	1.10302
13	32	1.10286
13	121	0.78283
13	149	1.31395
13	161	1.04835
13	169	1.73279
14	5	0.948758
14	13	1.05337
14	16	0.925247
14	21	0.917092
14	22	0.916548
14	24	1.02978
14	30	0.99588
14	32	0.995716
14	93	1.4704
14	122	0.892029
14	132	1.83989
14	161	0.941208
15	1	1.04961
15	2	0.934341
15	10	1.05026
15	11	0.932301
15	20	0.905624
15	27	1.01848
15	149	1.61214
15	152	0.845176
15	155	1.82921
15	161	0.933242
15	167	1.03702
15	171	0.878914
16	5	0.927774
16	9	1.05669
16	13	1.03239
16	14	0.925247
16	21	0.896108
16	22	0.895565
16	24	1.00879
16	30	0.974896
16	32	0.974732
16	82	1.9142
16	114	1.44236
16	161	0.920224
17	79	0.96237
17	106	0.90241
17	112	1.21945
17	125	0.965001
17	128	0.966926
17	131	0.956033
17	133	0.984353
17	136	0.970786
17	139	0.965323
17	143	0.925748
17	144	0.953431
17	151	0.860637
17	173	2.43872
18	29	0.755285
18	57	1.04621
18	62	1.04065
18	78	1.06022
18	99	1.02355
18	105	1.07162
18	113	1.04601
18	115	1.07903
18	117	1.08098
18	151	1.67978
18	155	1.00595
18	176	0.969012
18	179	1.70975
19	4	0.953332
19	6	1.21272
19	26	1.07147
19	33	1.17101
19	36	1.14259
19	142	1.112
19	154	1.04296
19	155	1.05667
19	161	1.31212
19	165	1.43384
19	178	1.0925
20	1	1.02493
20	2	0.909666
20	10	1.02559
20	11	0.907626
20	15	0.905624
20	23	1.02149
20	27	0.993807
20	140	2.37169
20	152	0.8205
20	161	0.908567
20	167	1.01235
20	171	0.854238
20	178	1.26377
21	5	0.91962
21	9	1.04853
21	13	1.02423
21	14	0.917092
21	16	0.896108
21	22	0.88741
21	24	1.00064
21	30	0.966741
21	32	0.966577
21	92	1.76537
21	121	1.74183
21	122	0.86289
21	161	0.912069
22	5	0.919076
22	9	1.04799
22	13	1.02369
22	14	0.916548
22	16	0.895565
22	21	0.88741
22	24	1.00009
22	30	0.966197
22	32	0.966033
22	87	1.48559
22	122	0.862346
22	161	0.911525
22	170	2.13053
23	1	1.16547
23	2	1.0502
23	11	1.04816
23	20	1.02149
23	27	1.13434
23	103	0.611438
23	152	0.961038
23	157	1.52287
23	160	1.88968
23	161	1.0491
23	167	1.15289
23	171	0.994776
24	5	1.0323
24	9	1.16122
24	14	1.02978
24	16	1.00879
24	21	1.00064
24	22	1.00009
24	30	1.07942
24	32	1.07926
24	96	1.32043
24	122	0.975573
24	161	1.02475
24	177	1.42275
24	179	1.6249
25	3	1.02703
25	8	1.13821
25	41	1.0585
25	44	1.08596
25	45	1.05631
25	127	0.97075
25	145	1.09232
25	151	0.976372
25	152	2.71727
25	169	0.71566
25	176	0.971249
25	177	0.868598
25	178	1.04401
26	4	0.812843
26	6	1.07223
26	19	1.07147
26	33	1.03052
26	36	1.0021
26	111	0.978676
26	142	0.971512
26	155	0.916183
26	163	2.04266
26	177	1.36076
26	178	0.952006
27	2	1.02252
27	10	1.13845
27	11	1.02048
27	15	1.01848
27	20	0.993807
27	23	1.13434
27	152	0.933359
27	161	1.02143
27	163	2.01689
27	167	1.12521
27	169	1.18205
27	170	1.11975
27	171	0.967097
28	102	0.625974
28	129	0.172185
28	142	0.25325
28	160	1.03158
28	164	1.03491
28	168	1.0575
28	172	1.02082
28	173	1.04268
28	174	1.04014
28	175	1.03756
28	177	1.06884
28	179	1.04018
28	180	1.01995
29	18	0.755285
29	144	1.1164
29	147	0.992931
29	160	0.937879
29	168	0.963797
29	169	0.984728
29	170	0.972018
29	173	0.94898
29	174	0.946439
29	177	0.975134
29	179	0.94648
29	180	0.926248
30	5	0.998407
30	9	1.12732
30	13	1.10302
30	14	0.99588
30	16	0.974896
30	21	0.966741
30	22	0.966197
30	24	1.07942
30	32	1.04536
30	122	0.941678
30	124	0.519652
30	151	1.8583
30	161	0.990857
30	176	1.99557
31	35	0.961682
31	94	0.979503
31	107	2.14392
31	109	1.88346
31	110	0.949163
31	123	0.924731
31	128	0.964685
31	129	0.945342
31	131	0.953793
31	133	0.982112
31	138	0.932239
31	139	0.963083
31	159	0.825348
31	171	0.853286
32	5	0.998243
32	9	1.12716
32	13	1.10286
32	14	0.995716
32	16	0.974732
32	21	0.966577
32	22	0.966033
32	24	1.07926
32	30	1.04536
32	122	0.941514
32	155	0.73314
32	161	0.990693
32	174	1.6238
32	180	2.20489
33	4	0.912375
33	6	1.17176
33	19	1.17101
33	26	1.03052
33	36	1.10163
33	95	1.3157
33	100	1.97021
33	111	1.07821
33	134	0.793375
33	142	1.07104
33	155	1.01571
33	178	1.05154
34	62	1.04246
34	78	1.06202
34	83	1.06081
34	99	1.02535
34	105	1.07343
34	113	1.04781
34	114	0.789397
34	115	1.08084
34	117	1.08279
34	127	0.97032
34	166	1.41469
34	176	0.970819
34	180	2.45323
35	31	0.961682
35	81	0.735316
35	123	1.00737
35	125	1.0454
35	131	1.03643
35	133	1.06475
35	135	1.02279
35	136	1.05118
35	139	1.04572
35	142	1.02818
35	143	1.00614
35	163	0.932627
35	164	2.35403
35	170	1.61416
36	4	0.883959
36	6	1.14334
36	19	1.14259
36	26	1.0021
36	33	1.10163
36	82	1.01941
36	92	0.848063
36	111	1.04979
36	142	1.04263
36	155	0.987298
36	165	1.53747
36	169	1.77448
36	178	1.02312
37	51	0.952261
37	53	0.951637
37	55	0.948276
37	60	0.93351
37	67	1.01572
37	69	0.932614
37	70	0.929689
37	75	0.992793
37	76	0.918168
37	132	1.30041
37	152	0.828127
37	159	0.833927
37	167	1.01998
37	171	2.61328
38	53	0.700067
38	62	0.949326
38	64	1.02407
38	72	1.37349
38	115	0.9877
38	131	0.978203
38	138	0.956649
38	139	0.987493
38	169	0.922138
38	171	0.877697
38	174	0.88385
38	175	0.881272
38	176	0.877684
38	179	0.88389
39	42	0.993761
39	84	1.00752
39	97	0.972963
39	125	1.03157
39	128	1.0335
39	129	1.01416
39	131	1.02261
39	136	1.03736
39	138	1.00105
39	143	0.992321
39	144	1.02
39	156	1.79423
39	164	1.83667
39	170	1.0968
39	171	0.9221
40	54	0.994215
40	61	1.06007
40	63	0.977905
40	65	0.977418
40	71	1.03865
40	72	0.963834
40	74	1.03841
40	85	1.01044
40	88	0.997923
40	89	0.997957
40	90	1.06035
40	104	1.41857
40	116	1.34852
40	137	1.72771
40	163	0.916839
41	3	0.970536
41	8	1.08172
41	25	1.0585
41	44	1.02947
41	45	0.999817
41	68	1.09764
41	91	1.16074
41	121	1.00291
41	127	0.914257
41	145	1.03583
41	151	0.919879
41	161	1.51139
41	168	1.93948
41	176	0.914756
41	178	0.987519
42	39	0.993761
42	94	1.02541
42	102	1.00465
42	108	1.28371
42	125	1.00866
42	128	1.01059
42	129	0.991245
42	131	0.999695
42	133	1.02801
42	135	0.986054
42	138	0.978141
42	139	1.00898
42	144	0.997093
42	147	1.18374
42	160	2.23846
43	50	2.23273
43	56	1.0254
43	57	1.01271
43	78	1.02671
43	83	1.0255
43	99	0.990041
43	105	1.03812
43	113	1.0125
43	115	1.04552
43	117	1.04748
43	150	0.889284
43	155	0.972447
43	164	1.73473
43	168	1.12651
43	176	0.935508
44	3	0.997994
44	8	1.10918
44	25	1.08596
44	41	1.02947
44	45	1.02727
44	50	0.967273
44	96	0.884148
44	121	1.03036
44	127	0.941715
44	145	1.06328
44	150	3.62237
44	151	0.947337
44	176	0.942214
44	178	1.01498
45	3	0.968342
45	8	1.07953
45	25	1.05631
45	41	0.999817
45	44	1.02727
45	68	1.09544
45	121	1.00071
45	127	0.912063
45	145	1.03363
45	151	0.917685
45	154	0.735834
45	174	2.05262
45	175	1.88187
45	176	0.912562
45	178	0.985325
46	99	0.722781
46	106	0.607257
46	126	1.08145
46	135	0.183094
46	157	0.984251
46	159	0.95058
46	162	1.00718
46	166	0.991333
46	169	1.02296
46	170	1.01025
46	173	0.987212
46	174	0.984671
46	177	1.01337
46	179	0.984712
46	180	0.96448
47	54	0.994215
47	61	1.06007
47	63	0.977905
47	65	0.977418
47	71	1.03865
47	72	0.963834
47	74	1.03841
47	85	1.01044
47	88	0.997923
47	89	0.997957
47	90	1.06035
47	124	0.940049
47	130	1.62044
47	163	0.916839
47	168	2.02294
48	93	0.672198
48	106	0.955858
48	123	0.98042
48	133	1.0378
48	135	0.995841
48	136	1.02424
48	138	0.987928
48	139	1.01877
48	143	0.979197
48	144	1.00688
48	145	1.03003
48	151	0.914086
48	158	1.31478
48	167	1.06709
48	174	2.52011
49	74	0.346355
49	86	1.0091
49	129	0.603991
49	147	1.0334
49	156	0.991866
49	166	0.993574
49	167	0.329173
49	168	1.00427
49	169	1.0252
49	170	1.01249
49	172	0.967591
49	175	0.984334
49	177	1.01561
49	179	0.986952
49	180	0.96672
50	43	2.23273
50	44	0.967273
50	85	0.9482
50	88	0.935684
50	89	0.935718
50	125	0.96737
50	134	0.954907
50	136	0.973155
50	138	0.936848
50	143	0.928117
50	147	0.91054
50	163	0.8546
50	168	0.881406
50	175	0.861471
50	179	0.864089
50	180	0.843857
51	7	0.977201
51	37	0.952261
51	53	1.0077
51	55	1.00434
51	60	0.989569
51	67	1.07178
51	69	0.988673
51	70	0.985748
51	75	1.04885
51	76	0.974227
51	96	2.19543
51	126	1.32949
51	132	1.35527
51	152	0.884186
51	159	0.889985
51	167	1.07603
52	56	1.0004
52	57	0.987708
52	62	0.98215
52	78	1.00171
52	83	1.0005
52	99	0.965041
52	105	1.01312
52	113	0.987502
52	115	1.02052
52	117	1.02248
52	127	0.910009
52	145	1.03158
52	169	1.28807
52	171	1.8114
52	173	1.83057
52	176	0.910509
53	7	0.976577
53	37	0.951637
53	38	0.700067
53	51	1.0077
53	55	1.00371
53	60	0.988945
53	67	1.07116
53	69	0.988049
53	70	0.985124
53	75	1.04823
53	76	0.973604
53	86	1.73978
53	152	0.883562
53	153	1.67087
53	159	0.889362
53	167	1.07541
54	40	0.994215
54	47	0.994215
54	61	1.04154
54	63	0.95938
54	65	0.958893
54	71	1.02013
54	72	0.945309
54	74	1.01989
54	85	0.991913
54	88	0.979397
54	89	0.979432
54	90	1.04183
54	107	0.866952
54	159	2.63249
54	163	0.898313
54	174	1.62026
55	37	0.948276
55	51	1.00434
55	53	1.00371
55	60	0.985584
55	67	1.0678
55	69	0.984688
55	70	0.981763
55	73	0.996797
55	75	1.04487
55	76	0.970242
55	137	0.713163
55	150	4.37763
55	152	0.880201
55	159	0.886001
55	167	1.07205
55	169	1.11553
56	43	1.0254
56	52	1.0004
56	64	1.06378
56	78	1.0086
56	99	0.971927
56	105	1.02001
56	113	0.994387
56	115	1.02741
56	117	1.02936
56	122	0.922557
56	137	0.619233
56	150	0.87117
56	155	0.954334
56	159	2.81939
56	171	1.64162
56	176	0.917394
57	18	1.04621
57	43	1.01271
57	52	0.987708
57	78	0.995907
57	80	1.01121
57	99	0.959234
57	113	0.981694
57	115	1.01472
57	117	1.01667
57	122	0.909863
57	126	0.919651
57	145	1.02577
57	155	0.941641
57	164	2.41255
57	165	1.49797
57	176	0.904701
58	12	3.2
58	109	0.880313
58	151	0.843325
58	157	0.843948
58	160	0.835808
58	162	0.866877
58	168	0.861726
58	169	0.882657
58	170	0.869947
58	172	0.825047
58	173	0.846909
58	174	0.844368
58	175	0.841791
58	177	0.873063
58	179	0.844409
58	180	0.824177
59	7	1.11608
59	61	0.111565
59	94	0.218842
59	139	0.138217
59	153	1.0834
59	160	1.05002
59	162	1.08108
59	164	1.05335
59	166	1.06524
59	169	1.09686
59	173	1.06112
59	174	1.05858
59	175	1.056
59	177	1.08727
59	179	1.05862
59	180	1.03838
60	7	0.958449
60	37	0.93351
60	51	0.989569
60	53	0.988945
60	55	0.985584
60	67	1.05303
60	69	0.969921
60	70	0.966997
60	75	1.0301
60	76	0.955476
60	121	0.987309
60	122	1.77303
60	152	0.865435
60	159	0.871234
60	167	1.05728
60	174	1.80388
60	176	1.57737
61	40	1.06007
61	47	1.06007
61	54	1.04154
61	59	0.111565
61	63	1.02523
61	65	1.02474
61	71	1.08598
61	72	1.01116
61	74	1.08574
61	85	1.05776
61	88	1.04525
61	89	1.04528
61	90	1.10768
61	147	1.45738
61	148	1.33715
61	157	2.1453
61	163	0.964164
62	18	1.04065
62	34	1.04246
62	38	0.949326
62	52	0.98215
62	80	1.00565
62	82	0.945617
62	83	0.989136
62	99	0.953676
62	105	1.00176
62	113	0.976136
62	115	1.00916
62	117	1.01111
62	118	2.02899
62	127	0.898644
62	150	0.852919
62	171	2.26355
62	176	0.899143
63	40	0.977905
63	47	0.977905
63	54	0.95938
63	61	1.02523
63	65	0.942583
63	71	1.00382
63	72	0.928999
63	74	1.00357
63	85	0.975603
63	88	0.963087
63	89	0.963121
63	90	1.02552
63	101	1.42014
63	142	0.977554
63	153	1.74518
63	163	0.882003
63	169	1.75828
64	38	1.02407
64	56	1.06378
64	78	1.06509
64	80	1.08039
64	83	1.06388
64	99	1.02842
64	105	1.0765
64	113	1.05088
64	115	1.0839
64	117	1.08586
64	119	0.922272
64	145	1.09496
64	146	1.12279
64	150	0.927663
64	152	3.00529
64	168	1.07303
64	176	0.973887
65	40	0.977418
65	47	0.977418
65	54	0.958893
65	61	1.02474
65	63	0.942583
65	71	1.00333
65	72	0.928512
65	74	1.00309
65	85	0.975116
65	88	0.9626
65	89	0.962635
65	90	1.02503
65	142	0.977067
65	146	1.08823
65	159	2.67022
65	163	0.881516
65	171	1.49245
66	84	0.972858
66	106	0.934322
66	123	0.958883
66	124	1.2666
66	126	1.46481
66	128	0.998838
66	129	0.979495
66	131	0.987945
66	135	0.974305
66	136	1.0027
66	138	0.966391
66	139	0.997235
66	143	0.95766
66	144	0.985343
66	159	0.8595
66	167	1.04555
66	170	2.21785
67	7	1.04066
67	37	1.01572
67	51	1.07178
67	53	1.07116
67	55	1.0678
67	60	1.05303
67	69	1.05214
67	70	1.04921
67	75	1.11232
67	76	1.03769
67	98	0.90035
67	151	1.84238
67	152	0.947649
67	159	0.953448
67	162	1.68203
67	167	1.1395
67	178	1.04014
68	4	0.943981
68	41	1.09764
68	45	1.09544
68	102	1.11585
68	129	1.10245
68	135	1.09726
68	138	1.08935
68	142	1.10265
68	148	0.83711
68	151	1.0155
68	155	1.04732
68	165	0.864861
68	172	2.15083
68	176	1.01038
68	178	1.08314
68	179	1.45696
69	7	0.957553
69	37	0.932614
69	51	0.988673
69	53	0.988049
69	55	0.984688
69	60	0.969921
69	67	1.05214
69	70	0.9661
69	75	1.0292
69	76	0.95458
69	95	1.28418
69	121	0.986412
69	146	1.56563
69	152	0.864538
69	159	0.870338
69	163	2.28135
69	167	1.05639
70	37	0.929689
70	51	0.985748
70	53	0.985124
70	55	0.981763
70	60	0.966997
70	67	1.04921
70	69	0.9661
70	73	0.97821
70	75	1.02628
70	76	0.951655
70	103	1.38451
70	121	0.983488
70	152	0.861613
70	153	2.06773
70	154	1.45293
70	159	0.867413
70	167	1.05346
71	40	1.03865
71	47	1.03865
71	54	1.02013
71	61	1.08598
71	63	1.00382
71	65	1.00333
71	72	0.989747
71	74	1.06432
71	77	3.4
71	85	1.03635
71	88	1.02383
71	89	1.02387
71	90	1.08626
71	100	1.17016
71	118	0.966761
71	119	0.698959
71	142	1.0383
71	163	0.942751
72	38	1.37349
72	40	0.963834
72	47	0.963834
72	54	0.945309
72	61	1.01116
72	63	0.928999
72	65	0.928512
72	71	0.989747
72	74	0.989504
72	85	0.961532
72	88	0.949016
72	89	0.949051
72	90	1.01145
72	93	1.19836
72	111	0.970647
72	142	0.963483
72	149	1.93855
72	163	0.867932
73	12	0.774786
73	55	0.996797
73	70	0.97821
73	76	0.966689
73	88	0.988174
73	89	0.988208
73	90	1.0506
73	110	0.775349
73	117	0.848034
73	154	1.01062
73	159	0.882447
73	160	0.907978
73	163	0.90709
73	166	0.923201
73	167	1.0685
73	172	0.897218
73	179	0.916579
73	180	0.896347
74	40	1.03841
74	47	1.03841
74	49	0.346355
74	54	1.01989
74	61	1.08574
74	63	1.00357
74	65	1.00309
74	71	1.06432
74	72	0.989504
74	85	1.03611
74	88	1.02359
74	89	1.02363
74	90	1.08602
74	130	0.78338
74	142	1.03806
74	163	0.942508
74	164	1.7941
74	180	2.38651
75	7	1.01773
75	37	0.992793
75	51	1.04885
75	53	1.04823
75	55	1.04487
75	60	1.0301
75	67	1.11232
75	69	1.0292
75	70	1.02628
75	76	1.01476
75	118	1.60363
75	121	1.04659
75	152	0.924718
75	155	1.11309
75	159	0.930518
75	167	1.11657
75	170	1.25256
75	174	2.00375
76	7	0.943108
76	37	0.918168
76	51	0.974227
76	53	0.973604
76	55	0.970242
76	60	0.955476
76	67	1.03769
76	69	0.95458
76	70	0.951655
76	73	0.966689
76	75	1.01476
76	121	0.971967
76	152	0.850093
76	159	0.855893
76	161	1.33621
76	167	1.04194
76	169	1.69495
76	175	2.21309
77	71	3.4
77	118	0.893631
77	120	0.890644
77	141	0.957273
77	148	0.905332
77	153	0.849486
77	157	0.824238
77	160	0.816097
77	166	0.83132
77	169	0.862946
77	172	0.805337
77	173	0.827198
77	174	0.824658
77	175	0.82208
77	177	0.853352
77	179	0.824698
77	180	0.804466
78	18	1.06022
78	34	1.06202
78	43	1.02671
78	52	1.00171
78	56	1.0086
78	57	0.995907
78	64	1.06509
78	80	1.02522
78	83	1.0087
78	99	0.97324
78	105	1.02132
78	109	1.42685
78	112	1.07495
78	113	0.9957
78	115	1.02872
78	117	1.03068
78	158	1.23529
78	176	0.918707
78	179	2.10682
79	17	0.96237
79	84	1.01979
79	94	1.06059
79	97	0.985234
79	102	1.03983
79	106	0.981254
79	123	1.00582
79	129	1.02643
79	131	1.03488
79	132	0.947033
79	135	1.02124
79	136	1.04963
79	140	2.36737
79	141	1.03681
79	143	1.00459
79	144	1.03228
79	155	1.5348
79	167	1.09248
79	171	0.934371
80	57	1.01121
80	62	1.00565
80	64	1.08039
80	78	1.02522
80	83	1.024
80	98	1.32283
80	99	0.988543
80	104	1.13155
80	105	1.03662
80	111	1.03344
80	113	1.011
80	115	1.04403
80	117	1.04598
80	127	0.933511
80	141	1.23998
80	145	1.05508
80	155	0.970949
80	166	2.17118
80	176	0.93401
81	35	0.735316
81	99	0.941571
81	115	0.365131
81	133	0.262656
81	146	1.03989
81	154	1.09381
81	155	1.0305
81	156	1.00468
81	157	0.999306
81	158	1.0559
81	160	0.991166
81	164	0.994496
81	166	1.00639
81	172	0.980405
81	173	1.00227
81	174	0.999726
81	175	0.997149
81	179	0.999767
81	180	0.979535
82	4	0.830153
82	16	1.9142
82	36	1.01941
82	62	0.945617
82	88	0.526096
82	123	0.968011
82	128	1.00797
82	129	0.988622
82	142	0.988822
82	143	0.966788
82	144	0.99447
82	155	0.933493
82	157	0.902299
82	164	0.897489
82	166	0.909381
82	173	0.90526
82	177	0.931414
82	178	0.969316
82	179	0.90276
82	180	0.882528
83	34	1.06081
83	43	1.0255
83	52	1.0005
83	62	0.989136
83	64	1.06388
83	78	1.0087
83	80	1.024
83	99	0.972028
83	105	1.02011
83	113	0.994488
83	115	1.02751
83	117	1.02946
83	145	1.03857
83	147	1.49694
83	150	0.871271
83	155	0.954434
83	161	1.28274
83	166	1.87292
83	170	1.57919
83	176	0.917495
84	39	1.00752
84	66	0.972858
84	79	1.01979
84	94	1.03916
84	102	1.0184
84	106	0.959829
84	107	1.08608
84	110	1.00882
84	122	1.80854
84	123	0.984391
84	125	1.02242
84	131	1.01345
84	133	1.04177
84	135	0.999812
84	136	1.02821
84	138	0.991899
84	139	1.02274
84	163	0.909651
84	173	1.693
84	174	1.83939
85	40	1.01044
85	47	1.01044
85	50	0.9482
85	54	0.991913
85	61	1.05776
85	63	0.975603
85	65	0.975116
85	71	1.03635
85	72	0.961532
85	74	1.03611
85	88	0.99562
85	89	0.995655
85	90	1.05805
85	111	1.01725
85	119	0.99835
85	127	2.34621
85	141	0.837717
85	142	1.01009
85	163	0.914536
85	176	1.99986
86	49	1.0091
86	53	1.73978
86	122	0.861021
86	125	1.76919
86	134	0.952883
86	146	0.902191
86	149	0.919277
86	154	0.956105
86	157	0.861605
86	160	0.853464
86	164	0.856795
86	169	0.900313
86	170	0.887603
86	172	0.842704
86	173	0.864565
86	174	0.862024
86	175	0.859447
86	177	0.890719
86	179	0.862065
86	180	0.841833
87	2	1.15782
87	22	1.48559
87	90	1.08398
87	100	0.956659
87	126	1.00888
87	152	0.872211
87	153	0.936929
87	158	0.968278
87	160	0.903541
87	163	0.902653
87	165	0.965379
87	168	0.92946
87	169	0.95039
87	170	0.93768
87	172	0.892781
87	173	0.914642
87	175	0.909524
87	177	0.940796
87	178	0.978698
87	179	0.912142
87	180	0.89191
88	40	0.997923
88	47	0.997923
88	50	0.935684
88	54	0.979397
88	61	1.04525
88	63	0.963087
88	65	0.9626
88	71	1.02383
88	72	0.949016
88	73	0.988174
88	74	1.02359
88	82	0.526096
88	85	0.99562
88	89	0.983139
88	90	1.04553
88	111	1.00474
88	127	2.12944
88	142	0.997572
88	163	0.90202
88	171	1.84403
88	177	1.47364
89	40	0.997957
89	47	0.997957
89	50	0.935718
89	54	0.979432
89	61	1.04528
89	63	0.963121
89	65	0.962635
89	71	1.02387
89	72	0.949051
89	73	0.988208
89	74	1.02363
89	85	0.995655
89	88	0.983139
89	90	1.04557
89	108	2.05166
89	111	1.00477
89	124	1.08269
89	137	1.59717
89	142	0.997606
89	158	1.57978
89	163	0.902055
90	40	1.06035
90	47	1.06035
90	54	1.04183
90	61	1.10768
90	63	1.02552
90	65	1.02503
90	71	1.08626
90	72	1.01145
90	73	1.0506
90	74	1.08602
90	85	1.05805
90	87	1.08398
90	88	1.04553
90	89	1.04557
90	92	0.864796
90	111	1.06717
90	142	1.06
90	153	1.77812
90	154	1.16331
90	163	0.96445
90	178	1.31409
91	41	1.16074
91	111	1.14742
91	126	1.00664
91	132	0.968041
91	133	0.887628
91	149	0.96711
91	153	0.934685
91	157	0.909437
91	158	0.966034
91	162	0.932366
91	163	0.900409
91	164	0.904628
91	166	0.91652
91	169	0.948146
91	172	0.890537
91	174	0.909857
91	175	0.90728
91	177	0.938552
91	178	0.976454
91	179	0.909898
91	180	0.889666
92	21	1.76537
92	36	0.848063
92	90	0.864796
92	132	1.03366
92	157	0.975053
92	158	1.03165
92	159	0.941382
92	164	0.970244
92	165	1.02875
92	167	0.172932
92	168	0.992831
92	169	1.01376
92	170	1.00105
92	171	0.969321
92	172	0.956153
92	173	0.978014
92	174	0.975473
92	175	0.972896
92	177	1.00417
92	179	0.975514
92	180	0.955282
93	14	1.4704
93	48	0.672198
93	72	1.19836
93	115	0.540455
93	116	1.06528
93	140	0.958398
93	148	1.0347
93	149	1.01128
93	154	1.0481
93	160	0.945464
93	164	0.948795
93	166	0.960686
93	168	0.971382
93	169	0.992313
93	170	0.979603
93	172	0.934703
93	173	0.956565
93	174	0.954024
93	175	0.951447
93	177	0.982719
93	179	0.954065
93	180	0.933833
94	31	0.979503
94	42	1.02541
94	59	0.218842
94	79	1.06059
94	84	1.03916
94	97	1.00461
94	103	1.01288
94	106	1.00063
94	108	1.66463
94	123	1.02519
94	125	1.06322
94	129	1.0458
94	131	1.05425
94	133	1.08257
94	135	1.04061
94	139	1.06354
94	143	1.02397
94	144	1.05165
94	146	1.82831
94	163	0.950449
94	167	1.11186
94	177	1.86214
95	33	1.3157
95	69	1.28418
95	114	1.06126
95	127	0.890186
95	134	0.98771
95	142	1.29289
95	146	0.937018
95	149	0.954104
95	150	0.844461
95	156	0.901806
95	158	0.953028
95	162	0.91936
95	165	0.950129
95	166	0.903513
95	168	0.914209
95	169	0.93514
95	170	0.92243
95	173	0.899392
95	175	0.894274
95	177	0.925546
95	179	0.896892
95	180	0.87666
96	24	1.32043
96	44	0.884148
96	51	2.19543
96	100	0.929778
96	112	0.965573
96	114	1.04963
96	126	0.982001
96	132	0.943404
96	146	0.925387
96	149	0.942473
96	154	0.979301
96	157	0.884801
96	161	0.933396
96	165	0.938499
96	166	0.891883
96	170	0.910799
96	172	0.8659
96	174	0.885221
96	175	0.882643
96	177	0.913915
96	179	0.885261
96	180	0.865029
97	39	0.972963
97	79	0.985234
97	94	1.00461
97	102	0.983848
97	106	0.925274
97	110	0.974268
97	123	0.949835
97	125	0.987865
97	128	0.98979
97	129	0.970447
97	131	0.978897
97	133	1.00722
97	136	0.99365
97	139	0.988187
97	143	0.948612
97	144	0.976295
97	148	1.13646
97	156	2.03636
97	161	1.04248
97	163	0.875095
97	167	1.0365
97	171	0.878391
97	180	2.6712
98	67	0.90035
98	80	1.32283
98	134	1.03325
98	137	1.02689
98	142	0.838318
98	148	1.02306
98	149	0.999641
98	153	0.967216
98	157	0.941968
98	158	0.998565
98	162	0.964897
98	167	0.482436
98	168	0.959747
98	169	0.980677
98	170	0.967967
98	172	0.923068
98	173	0.944929
98	174	0.942388
98	175	0.939811
98	176	0.936223
98	177	0.971083
98	179	0.942429
98	180	0.922197
99	18	1.02355
99	34	1.02535
99	43	0.990041
99	46	0.722781
99	52	0.965041
99	56	0.971927
99	57	0.959234
99	62	0.953676
99	64	1.02842
99	78	0.97324
99	80	0.988543
99	81	0.941571
99	83	0.972028
99	105	0.984647
99	111	0.981467
99	112	1.59915
99	113	0.959028
99	115	0.99205
99	117	0.994003
99	146	2.39504
99	150	0.835811
99	155	0.918974
99	176	0.882035
100	9	1.45964
100	33	1.97021
100	71	1.17016
100	87	0.956659
100	96	0.929778
100	118	0.953364
100	120	0.950377
100	124	1.03153
100	154	0.978471
100	156	0.889346
100	165	0.937669
100	166	0.891053
100	168	0.901749
100	169	0.92268
100	170	0.90997
100	172	0.86507
100	173	0.886932
100	174	0.884391
100	175	0.881814
100	177	0.913086
100	178	0.950988
100	179	0.884432
100	180	0.8642
101	6	1.55781
101	63	1.42014
101	131	1.10916
101	132	0.966946
101	134	0.999621
101	152	0.868872
101	156	0.913717
101	157	0.908343
101	159	0.874671
101	160	0.900202
101	164	0.903533
101	165	0.962041
101	166	0.915425
101	168	0.926121
101	169	0.947051
101	170	0.934341
101	172	0.889442
101	173	0.911303
101	174	0.908763
101	175	0.906185
101	177	0.937457
101	179	0.908803
101	180	0.888571
102	28	0.625974
102	42	1.00465
102	68	1.11585
102	79	1.03983
102	84	1.0184
102	97	0.983848
102	110	1.02886
102	114	0.561508
102	128	1.04438
102	131	1.03349
102	133	1.06181
102	135	1.01985
102	136	1.04824
102	139	1.04278
102	142	1.02524
102	143	1.00321
102	144	1.03089
102	150	0.886748
102	151	0.938095
102	158	1.31151
102	163	0.929689
102	171	0.932985
102	172	2.87691
102	178	1.35083
103	23	0.611438
103	70	1.38451
103	94	1.01288
103	104	1.02208
103	118	1.0059
103	123	1.08678
103	134	1.02779
103	140	0.941304
103	148	1.0176
103	153	0.961758
103	154	1.03101
103	157	0.93651
103	158	0.993107
103	165	0.990208
103	168	0.954288
103	170	0.962508
103	172	0.917609
103	173	0.93947
103	174	0.93693
103	175	0.934352
103	177	0.965624
103	179	0.93697
103	180	0.916738
104	40	1.41857
104	80	1.13155
104	103	1.02208
104	115	0.891291
104	116	1.03623
104	119	1.02448
104	126	1.02176
104	141	1.0576
104	162	0.94749
104	163	0.915533
104	164	0.919751
104	165	0.978259
104	166	0.931643
104	167	0.291158
104	168	0.942339
104	169	0.96327
104	170	0.95056
104	172	0.90566
104	173	0.927522
104	174	0.924981
104	175	0.922404
104	177	0.953676
104	179	0.925022
104	180	0.90479
105	18	1.07162
105	34	1.07343
105	43	1.03812
105	52	1.01312
105	56	1.02001
105	62	1.00176
105	64	1.0765
105	78	1.02132
105	80	1.03662
105	83	1.02011
105	99	0.984647
105	111	1.02955
105	113	1.00711
105	115	1.04013
105	117	1.04208
105	122	0.935276
105	126	0.559225
105	147	1.23001
105	150	0.88389
105	151	1.69967
105	155	0.967053
105	162	1.53932
105	172	2.42351
105	176	0.930114
106	17	0.90241
106	46	0.607257
106	48	0.955858
106	66	0.934322
106	79	0.981254
106	84	0.959829
106	94	1.00063
106	97	0.925274
106	110	0.970287
106	121	1.21045
106	122	2.81844
106	123	0.945855
106	125	0.983885
106	128	0.98581
106	129	0.966467
106	133	1.00324
106	135	0.961276
106	136	0.98967
106	138	0.953363
106	143	0.944632
106	144	0.972315
106	159	0.846472
106	167	1.03252
106	178	1.68327
107	9	0.903053
107	31	2.14392
107	54	0.866952
107	84	1.08608
107	120	0.99853
107	140	0.936918
107	147	0.979035
107	148	1.01322
107	156	0.937499
107	158	0.988721
107	160	0.923984
107	162	0.955053
107	164	0.927314
107	165	0.985822
107	166	0.939206
107	168	0.949902
107	169	0.970833
107	170	0.958123
107	172	0.913223
107	174	0.932544
107	175	0.929967
107	176	0.926378
107	177	0.961239
107	179	0.932585
107	180	0.912353
108	42	1.28371
108	89	2.05166
108	94	1.66463
108	116	0.991067
108	124	1.02696
108	130	0.933684
108	147	0.926307
108	153	0.904643
108	154	0.973895
108	156	0.88477
108	158	0.935992
108	161	0.927991
108	162	0.902324
108	163	0.870367
108	164	0.874586
108	166	0.886477
108	170	0.905394
108	171	0.873663
108	172	0.860495
108	173	0.882356
108	174	0.879815
108	175	0.877238
108	177	0.90851
108	179	0.879856
108	180	0.859624
109	31	1.88346
109	58	0.880313
109	78	1.42685
109	124	1.02292
109	126	0.972558
109	141	1.00839
109	143	1.11381
109	146	0.915945
109	147	0.922269
109	154	0.969858
109	156	0.880733
109	160	0.867218
109	162	0.898287
109	165	0.929056
109	166	0.88244
109	168	0.893136
109	169	0.914067
109	170	0.901357
109	172	0.856457
109	173	0.878319
109	174	0.875778
109	175	0.873201
109	177	0.904473
109	179	0.875819
109	180	0.855587
110	12	0.967315
110	31	0.949163
110	73	0.775349
110	84	1.00882
110	97	0.974268
110	102	1.02886
110	106	0.970287
110	123	0.994849
110	125	1.03288
110	128	1.0348
110	129	1.01546
110	131	1.02391
110	135	1.01027
110	136	1.03866
110	138	1.00236
110	139	1.0332
110	143	0.993626
110	144	1.02131
110	156	1.82549
110	159	0.895466
110	160	2.10053
110	164	1.86792
110	167	1.08152
110	171	0.923405
110	178	0.713223
111	4	0.860534
111	26	0.978676
111	33	1.07821
111	36	1.04979
111	72	0.970647
111	80	1.03344
111	85	1.01725
111	88	1.00474
111	89	1.00477
111	90	1.06717
111	91	1.14742
111	99	0.981467
111	105	1.02955
111	113	1.00393
111	115	1.03695
111	116	0.978553
111	117	1.0389
111	142	1.0192
111	154	1.22891
111	155	0.963873
111	158	1.34036
111	163	0.923652
111	176	0.926934
111	178	0.999697
111	179	2.21189
112	17	1.21945
112	78	1.07495
112	96	0.965573
112	99	1.59915
112	127	0.913521
112	130	0.974054
112	132	0.978369
112	137	1.00469
112	141	1.0528
112	145	0.811676
112	157	0.919766
112	158	0.976363
112	160	0.911626
112	164	0.914956
112	165	0.973464
112	166	0.926848
112	168	0.937544
112	169	0.958474
112	170	0.945764
112	172	0.900865
112	173	0.922726
112	174	0.920186
112	175	0.917608
112	177	0.94888
112	179	0.920226
112	180	0.899994
113	18	1.04601
113	34	1.04781
113	43	1.0125
113	52	0.987502
113	56	0.994387
113	57	0.981694
113	62	0.976136
113	64	1.05088
113	78	0.9957
113	80	1.011
113	83	0.994488
113	99	0.959028
113	105	1.00711
113	111	1.00393
113	115	1.01451
113	116	0.781745
113	117	1.01646
113	120	0.739855
113	122	0.909657
113	127	0.903996
113	145	1.02557
113	155	0.941434
113	159	2.8779
113	160	2.08697
113	163	2.01162
113	176	0.904495
114	16	1.44236
114	34	0.789397
114	95	1.06126
114	96	1.04963
114	102	0.561508
114	130	1.05811
114	135	0.469788
114	139	0.362122
114	141	1.13685
114	145	0.222004
114	147	1.05073
114	153	1.02907
114	158	1.06042
114	160	0.995679
114	162	1.02675
114	164	0.999009
114	165	1.05752
114	166	1.0109
114	170	1.02982
114	171	0.998086
114	172	0.984918
114	173	1.00678
114	174	1.00424
114	175	1.00166
114	177	1.03293
114	179	1.00428
114	180	0.984048
115	18	1.07903
115	34	1.08084
115	38	0.9877
115	43	1.04552
115	52	1.02052
115	56	1.02741
115	57	1.01472
115	62	1.00916
115	64	1.0839
115	78	1.02872
115	80	1.04403
115	81	0.365131
115	83	1.02751
115	93	0.540455
115	99	0.99205
115	104	0.891291
115	105	1.04013
115	111	1.03695
115	113	1.01451
115	117	1.04949
115	122	0.94268
115	145	1.05859
115	148	1.43472
115	150	0.891294
115	155	0.974457
115	156	2.33462
115	169	1.69949
115	176	0.937517
116	40	1.34852
116	93	1.06528
116	104	1.03623
116	108	0.991067
116	111	0.978553
116	113	0.781745
116	123	0.904849
116	131	0.569047
116	148	1.03176
116	150	0.898695
116	153	0.975913
116	156	0.95604
116	157	0.950665
116	160	0.942525
116	162	0.973594
116	165	1.00436
116	168	0.968443
116	169	0.989374
116	170	0.976664
116	171	0.944933
116	172	0.931764
116	173	0.953626
116	174	0.951085
116	175	0.948508
116	177	0.97978
116	178	1.01768
116	179	0.951126
116	180	0.930894
117	18	1.08098
117	34	1.08279
117	43	1.04748
117	52	1.02248
117	56	1.02936
117	57	1.01667
117	62	1.01111
117	64	1.08586
117	73	0.848034
117	78	1.03068
117	80	1.04598
117	83	1.02946
117	99	0.994003
117	105	1.04208
117	111	1.0389
117	113	1.01646
117	115	1.04949
117	121	0.77075
117	122	0.944632
117	127	0.938971
117	145	1.06054
117	150	0.893246
117	155	0.976409
117	166	1.49447
117	168	1.33239
117	175	1.78117
117	176	0.93947
117	180	2.53301
118	10	1.00062
118	62	2.02899
118	71	0.966761
118	75	1.60363
118	77	0.893631
118	100	0.953364
118	103	1.0059
118	140	0.913181
118	147	0.955298
118	148	0.98948
118	149	0.966059
118	153	0.933634
118	154	1.00289
118	155	0.93958
118	156	0.913761
118	162	0.931315
118	164	0.903577
118	166	0.915469
118	168	0.926165
118	169	0.947095
118	170	0.934385
118	172	0.889486
118	173	0.911347
118	174	0.908806
118	175	0.906229
118	177	0.937501
118	179	0.908847
118	180	0.888615
119	64	0.922272
119	71	0.698959
119	85	0.99835
119	104	1.02448
119	126	1.03611
119	143	0.899568
119	144	1.17665
119	146	0.9795
119	147	0.985825
119	153	0.964161
119	154	1.03341
119	156	0.944288
119	158	0.99551
119	160	0.930773
119	164	0.934104
119	165	0.992611
119	166	0.945995
119	168	0.956691
119	169	0.977622
119	170	0.964912
119	172	0.920012
119	173	0.941874
119	174	0.939333
119	175	0.936756
119	176	0.933167
119	177	0.968028
119	178	1.00593
119	179	0.939374
119	180	0.919142
120	77	0.890644
120	100	0.950377
120	107	0.99853
120	113	0.739855
120	126	1.0026
120	130	0.959688
120	138	1.27981
120	139	1.19164
120	142	1.0183
120	153	0.930647
120	156	0.910774
120	158	0.961996
120	160	0.897259
120	162	0.928328
120	163	0.896371
120	164	0.90059
120	165	0.959097
120	166	0.912482
120	168	0.923178
120	169	0.944108
120	171	0.899667
120	172	0.886499
120	173	0.90836
120	174	0.905819
120	175	0.903242
120	177	0.934514
120	178	0.972416
120	179	0.90586
120	180	0.885628
121	13	0.78283
121	21	1.74183
121	41	1.00291
121	44	1.03036
121	45	1.00071
121	60	0.987309
121	69	0.986412
121	70	0.983488
121	75	1.04659
121	76	0.971967
121	106	1.21045
121	117	0.77075
121	144	0.765825
121	145	1.03672
121	151	0.920774
121	153	0.946644
121	156	0.926771
121	159	0.887725
121	162	0.944325
121	165	0.975094
121	167	1.07377
121	170	0.947395
121	172	0.902496
121	175	0.919239
121	176	0.915651
121	177	0.950511
121	178	0.988413
121	179	0.921857
121	180	0.901625
122	5	0.894556
122	14	0.892029
122	21	0.86289
122	22	0.862346
122	24	0.975573
122	30	0.941678
122	32	0.941514
122	56	0.922557
122	57	0.909863
122	60	1.77303
122	84	1.80854
122	86	0.861021
122	105	0.935276
122	106	2.81844
122	113	0.909657
122	115	0.94268
122	117	0.944632
122	127	0.832165
122	145	0.953734
122	150	0.78644
122	153	0.863658
122	158	0.895007
122	161	0.887005
122	170	0.864408
122	172	0.819509
122	173	0.84137
122	174	0.83883
122	175	0.836252
122	176	0.832664
122	177	0.867524
122	179	0.83887
122	180	0.818638
123	31	0.924731
123	35	1.00737
123	48	0.98042
123	66	0.958883
123	79	1.00582
123	82	0.968011
123	84	0.984391
123	94	1.02519
123	97	0.949835
123	103	1.08678
123	106	0.945855
123	110	0.994849
123	116	0.904849
123	124	0.769562
123	125	1.00845
123	128	1.01037
123	129	0.991028
123	131	0.999479
123	133	1.0278
123	135	0.985838
123	136	1.01423
123	138	0.977925
123	139	1.00877
123	142	0.991228
123	143	0.969194
123	144	0.996876
123	145	1.02003
123	150	0.852735
123	157	2.32648
123	163	0.895677
123	171	0.898972
123	175	2.30123
123	178	1.30597
124	6	0.882406
124	30	0.519652
124	47	0.940049
124	66	1.2666
124	89	1.08269
124	100	1.03153
124	108	1.02696
124	109	1.02292
124	123	0.769562
124	132	1.04516
124	139	0.615033
124	141	1.11959
124	147	1.03347
124	149	1.04423
124	154	1.08105
124	156	0.991928
124	157	0.986554
124	158	1.04315
124	160	0.978414
124	162	1.00948
124	164	0.981744
124	165	1.04025
124	166	0.993636
124	168	1.00433
124	169	1.02526
124	170	1.01255
124	172	0.967653
124	173	0.989514
124	174	0.986974
124	175	0.984396
124	177	1.01567
124	179	0.987014
124	180	0.966782
125	17	0.965001
125	35	1.0454
125	39	1.03157
125	42	1.00866
125	50	0.96737
125	84	1.02242
125	86	1.76919
125	94	1.06322
125	97	0.987865
125	106	0.983885
125	110	1.03288
125	123	1.00845
125	126	0.898052
125	128	1.0484
125	129	1.02906
125	130	1.38023
125	131	1.03751
125	133	1.06583
125	135	1.02387
125	136	1.05226
125	138	1.01595
125	139	1.0468
125	141	1.01362
125	142	1.02926
125	143	1.00722
125	144	1.03491
125	154	1.08548
125	159	0.909064
125	163	0.933706
125	165	1.47637
125	167	1.09511
125	171	0.937002
125	179	2.06846
126	46	1.08145
126	51	1.32949
126	57	0.919651
126	66	1.46481
126	87	1.00888
126	91	1.00664
126	96	0.982001
126	104	1.02176
126	105	0.559225
126	109	0.972558
126	119	1.03611
126	120	1.0026
126	125	0.898052
126	132	0.994797
126	137	1.02112
126	144	0.900451
126	147	0.983105
126	149	0.993866
126	157	0.936193
126	158	0.99279
126	164	0.931384
126	165	0.989891
126	166	0.943275
126	169	0.974902
126	170	0.962192
126	172	0.917292
126	173	0.939154
126	174	0.936613
126	175	0.934036
126	177	0.965308
126	178	1.00321
126	179	0.936654
126	180	0.916422
127	1	1.92435
127	3	0.882782
127	25	0.97075
127	34	0.97032
127	41	0.914257
127	44	0.941715
127	45	0.912063
127	52	0.910009
127	62	0.898644
127	80	0.933511
127	85	2.34621
127	88	2.12944
127	95	0.890186
127	112	0.913521
127	113	0.903996
127	117	0.938971
127	122	0.832165
127	145	0.948073
127	151	0.832126
127	158	0.889345
127	164	0.827939
127	166	0.83983
127	168	0.850526
127	170	0.858747
127	172	0.813848
127	173	0.835709
127	174	0.833168
127	176	0.827002
127	177	0.861863
127	178	0.899765
127	179	0.833209
127	180	0.812977
128	17	0.966926
128	31	0.964685
128	39	1.0335
128	42	1.01059
128	66	0.998838
128	82	1.00797
128	97	0.98979
128	102	1.04438
128	106	0.98581
128	110	1.0348
128	123	1.01037
128	125	1.0484
128	129	1.03098
128	130	0.942678
128	133	1.06775
128	135	1.02579
128	136	1.05419
128	138	1.01788
128	139	1.04872
128	141	0.57607
128	143	1.00915
128	144	1.03683
128	145	1.05998
128	150	0.89269
128	151	0.944037
128	152	3.27744
128	153	1.26274
128	159	0.910988
128	163	0.935631
128	167	1.09704
128	168	1.34519
128	171	0.938927
128	175	1.79396
128	177	1.42877
129	28	0.172185
129	31	0.945342
129	39	1.01416
129	42	0.991245
129	49	0.603991
129	66	0.979495
129	68	1.10245
129	79	1.02643
129	82	0.988622
129	94	1.0458
129	97	0.970447
129	106	0.966467
129	110	1.01546
129	123	0.991028
129	125	1.02906
129	128	1.03098
129	131	1.02009
129	133	1.04841
129	135	1.00645
129	136	1.03484
129	138	0.998536
129	139	1.02938
129	143	0.989805
129	144	1.01749
129	145	1.04064
129	150	0.873347
129	151	0.924694
129	156	2.0093
129	159	0.891645
129	160	2.28435
129	165	1.13715
129	167	1.07769
129	171	0.919584
129	176	1.83655
129	179	1.72925
130	7	2.27328
130	47	1.62044
130	74	0.78338
130	108	0.933684
130	112	0.974054
130	114	1.05811
130	120	0.959688
130	125	1.38023
130	128	0.942678
130	132	0.951885
130	134	0.984561
130	137	0.978207
130	146	0.933869
130	147	0.940193
130	148	0.974376
130	149	0.950955
130	153	0.91853
130	154	0.987782
130	155	0.924475
130	156	0.898657
130	158	0.949879
130	160	0.885142
130	162	0.916211
130	165	0.94698
130	166	0.900364
130	168	0.91106
130	169	0.931991
130	170	0.919281
130	172	0.874381
130	173	0.896243
130	174	0.893702
130	175	0.891125
130	177	0.922397
130	179	0.893743
130	180	0.873511
131	12	0.971945
131	17	0.956033
131	31	0.953793
131	35	1.03643
131	38	0.978203
131	39	1.02261
131	42	0.999695
131	66	0.987945
131	79	1.03488
131	84	1.01345
131	94	1.05425
131	97	0.978897
131	101	1.10916
131	102	1.03349
131	110	1.02391
131	116	0.569047
131	123	0.999479
131	125	1.03751
131	129	1.02009
131	133	1.05686
131	134	0.762631
131	135	1.0149
131	136	1.04329
131	138	1.00699
131	139	1.03783
131	143	0.998255
131	144	1.02594
131	151	0.933144
131	159	0.900096
131	162	1.61207
131	163	0.924738
131	171	0.928034
131	172	2.49625
131	174	2.13619
131	178	0.970172
132	14	1.83989
132	37	1.30041
132	51	1.35527
132	79	0.947033
132	91	0.968041
132	92	1.03366
132	96	0.943404
132	101	0.966946
132	112	0.978369
132	124	1.04516
132	126	0.994797
132	130	0.951885
132	136	0.840597
132	140	0.902391
132	141	1.03063
132	146	0.938183
132	148	0.978691
132	149	0.95527
132	153	0.922845
132	157	0.897597
132	160	0.889457
132	162	0.920525
132	164	0.892787
132	165	0.951295
132	166	0.904679
132	168	0.915375
132	170	0.923595
132	172	0.878696
132	173	0.900557
132	174	0.898017
132	175	0.895439
132	177	0.926711
132	179	0.898057
132	180	0.877825
133	12	1.00026
133	17	0.984353
133	31	0.982112
133	35	1.06475
133	42	1.02801
133	48	1.0378
133	81	0.262656
133	84	1.04177
133	91	0.887628
133	94	1.08257
133	97	1.00722
133	102	1.06181
133	106	1.00324
133	123	1.0278
133	125	1.06583
133	128	1.06775
133	129	1.04841
133	131	1.05686
133	135	1.04322
133	136	1.07161
133	138	1.03531
133	139	1.06615
133	142	1.04861
133	143	1.02657
133	144	1.05426
133	148	1.33224
133	150	0.910117
133	159	0.928415
133	163	0.953058
133	165	1.36
133	166	1.82844
133	167	1.11446
133	170	1.53471
133	171	0.956354
133	173	2.13951
133	178	1.11988
134	11	1.59973
134	33	0.793375
134	50	0.954907
134	86	0.952883
134	95	0.98771
134	98	1.03325
134	101	0.999621
134	103	1.02779
134	130	0.984561
134	131	0.762631
134	137	1.0152
134	139	0.943903
134	140	0.935066
134	141	1.06331
134	142	0.770564
134	145	0.803785
134	154	1.02477
134	156	0.935647
134	157	0.930272
134	158	0.986869
134	159	0.896601
134	160	0.922132
134	162	0.953201
134	164	0.925462
134	166	0.937354
134	168	0.94805
134	169	0.968981
134	170	0.956271
134	171	0.924539
134	172	0.911371
134	173	0.933233
134	174	0.930692
134	175	0.928115
134	177	0.959387
134	179	0.930733
134	180	0.910501
135	12	0.958304
135	35	1.02279
135	42	0.986054
135	46	0.183094
135	48	0.995841
135	66	0.974305
135	68	1.09726
135	79	1.02124
135	84	0.999812
135	94	1.04061
135	102	1.01985
135	106	0.961276
135	110	1.01027
135	114	0.469788
135	123	0.985838
135	125	1.02387
135	128	1.02579
135	129	1.00645
135	131	1.0149
135	133	1.04322
135	136	1.02965
135	138	0.993346
135	139	1.02419
135	143	0.984615
135	144	1.0123
135	145	1.03545
135	148	1.47147
135	150	0.868157
135	151	0.919504
135	159	0.886455
135	163	0.911098
135	165	1.49922
135	171	0.914394
135	175	2.25437
135	176	2.19862
135	177	1.88918
136	12	0.986698
136	17	0.970786
136	35	1.05118
136	39	1.03736
136	48	1.02424
136	50	0.973155
136	66	1.0027
136	79	1.04963
136	84	1.02821
136	97	0.99365
136	102	1.04824
136	106	0.98967
136	110	1.03866
136	123	1.01423
136	125	1.05226
136	128	1.05419
136	129	1.03484
136	131	1.04329
136	132	0.840597
136	133	1.07161
136	135	1.02965
136	137	1.13109
136	138	1.02174
136	139	1.05258
136	140	2.26094
136	141	0.930377
136	143	1.01301
136	144	1.04069
136	145	1.06384
136	150	0.89655
136	151	0.947897
136	154	1.00224
136	155	1.42837
136	157	2.17352
136	165	1.39312
136	167	1.1009
136	171	0.942787
137	3	1.61163
137	40	1.72771
137	55	0.713163
137	56	0.619233
137	89	1.59717
137	98	1.02689
137	112	1.00469
137	126	1.02112
137	130	0.978207
137	134	1.0152
137	136	1.13109
137	141	1.05695
137	146	0.964505
137	147	0.970829
137	148	1.00501
137	150	0.871948
137	152	0.884447
137	153	0.949166
137	154	1.01842
137	156	0.929293
137	157	0.923918
137	162	0.946847
137	164	0.919108
137	166	0.931
137	168	0.941696
137	169	0.962627
137	170	0.949917
137	171	0.918185
137	172	0.905017
137	173	0.926879
137	174	0.924338
137	175	0.921761
137	176	0.918172
137	177	0.953033
137	178	0.990935
137	179	0.924379
137	180	0.904147
138	12	0.950391
138	31	0.932239
138	38	0.956649
138	39	1.00105
138	42	0.978141
138	48	0.987928
138	50	0.936848
138	66	0.966391
138	68	1.08935
138	84	0.991899
138	106	0.953363
138	110	1.00236
138	120	1.27981
138	123	0.977925
138	125	1.01595
138	128	1.01788
138	129	0.998536
138	131	1.00699
138	133	1.03531
138	135	0.993346
138	136	1.02174
138	139	1.01628
138	141	1.01699
138	142	0.998736
138	143	0.976701
138	144	1.00438
138	145	1.02754
138	150	0.860243
138	151	0.91159
138	155	1.51498
138	159	0.878542
138	161	1.35801
138	163	0.903185
138	166	1.94818
138	167	1.06459
138	170	1.65445
138	171	0.90648
138	179	2.07183
139	12	0.981235
139	17	0.965323
139	31	0.963083
139	35	1.04572
139	38	0.987493
139	42	1.00898
139	48	1.01877
139	59	0.138217
139	66	0.997235
139	84	1.02274
139	94	1.06354
139	97	0.988187
139	102	1.04278
139	110	1.0332
139	114	0.362122
139	120	1.19164
139	123	1.00877
139	124	0.615033
139	125	1.0468
139	128	1.04872
139	129	1.02938
139	131	1.03783
139	133	1.06615
139	134	0.943903
139	135	1.02419
139	136	1.05258
139	138	1.01628
139	143	1.00755
139	144	1.03523
139	145	1.05838
139	151	0.942434
139	159	0.909386
139	163	0.934028
139	167	1.09543
139	171	0.937324
139	173	2.17107
139	176	2.09095
139	177	1.78151
140	20	2.37169
140	79	2.36737
140	93	0.958398
140	103	0.941304
140	107	0.936918
140	118	0.913181
140	132	0.902391
140	134	0.935066
140	136	2.26094
140	146	0.884374
140	147	0.890699
140	151	0.843165
140	153	0.869035
140	154	0.938288
140	156	0.849162
140	157	0.843788
140	158	0.900384
140	159	0.810116
140	160	0.835647
140	162	0.866716
140	163	0.834759
140	164	0.838978
140	165	0.897485
140	168	0.861566
140	169	0.882496
140	170	0.869786
140	172	0.824887
140	173	0.846748
140	174	0.844207
140	175	0.84163
140	176	0.838042
140	177	0.872902
140	178	0.910804
140	179	0.844248
140	180	0.824016
141	77	0.957273
141	79	1.03681
141	80	1.23998
141	85	0.837717
141	104	1.0576
141	109	1.00839
141	112	1.0528
141	114	1.13685
141	124	1.11959
141	125	1.01362
141	128	0.57607
141	132	1.03063
141	134	1.06331
141	136	0.930377
141	137	1.05695
141	138	1.01699
141	146	1.01262
141	147	1.01894
141	148	1.05312
141	149	1.0297
141	153	0.997277
141	154	1.06653
141	160	0.963889
141	162	0.994958
141	164	0.967219
141	165	1.02573
141	167	0.39959
141	168	0.989807
141	169	1.01074
141	170	0.998028
141	171	0.966296
141	172	0.953128
141	173	0.97499
141	174	0.972449
141	175	0.969872
141	177	1.00114
141	179	0.97249
141	180	0.952257
142	4	0.85337
142	6	1.11276
142	19	1.112
142	26	0.971512
142	28	0.25325
142	33	1.07104
142	35	1.02818
142	36	1.04263
142	63	0.977554
142	65	0.977067
142	68	1.10265
142	71	1.0383
142	72	0.963483
142	74	1.03806
142	82	0.988822
142	85	1.01009
142	88	0.997572
142	89	0.997606
142	90	1.06
142	95	1.29289
142	98	0.838318
142	102	1.02524
142	111	1.0192
142	120	1.0183
142	123	0.991228
142	125	1.02926
142	133	1.04861
142	134	0.770564
142	138	0.998736
142	143	0.990005
142	144	1.01769
142	149	1.03639
142	151	0.924893
142	155	0.95671
142	162	1.62
142	163	0.916488
142	171	0.919784
142	172	2.50419
142	178	0.992533
143	12	0.94166
143	17	0.925748
143	35	1.00614
143	39	0.992321
143	48	0.979197
143	50	0.928117
143	66	0.95766
143	79	1.00459
143	82	0.966788
143	94	1.02397
143	97	0.948612
143	102	1.00321
143	106	0.944632
143	109	1.11381
143	110	0.993626
143	119	0.899568
143	123	0.969194
143	125	1.00722
143	128	1.00915
143	129	0.989805
143	131	0.998255
143	133	1.02657
143	135	0.984615
143	136	1.01301
143	138	0.976701
143	139	1.00755
143	142	0.990005
143	144	0.995653
143	145	1.01881
143	150	0.851512
143	159	0.869811
143	163	0.894453
143	166	1.67013
143	167	1.05586
143	169	1.4387
143	171	0.897749
143	175	1.95683
143	176	1.90108
143	177	1.59164
144	12	0.969343
144	17	0.953431
144	29	1.1164
144	39	1.02
144	42	0.997093
144	48	1.00688
144	66	0.985343
144	79	1.03228
144	82	0.99447
144	94	1.05165
144	97	0.976295
144	102	1.03089
144	106	0.972315
144	110	1.02131
144	119	1.17665
144	121	0.765825
144	123	0.996876
144	125	1.03491
144	126	0.900451
144	128	1.03683
144	129	1.01749
144	131	1.02594
144	133	1.05426
144	135	1.0123
144	136	1.04069
144	138	1.00438
144	139	1.03523
144	142	1.01769
144	143	0.995653
144	145	1.04649
144	150	0.879195
144	151	0.930542
144	159	0.897493
144	161	1.35704
144	163	0.922136
144	167	1.08354
144	168	1.78514
144	171	0.925432
144	177	1.86872
144	178	1.23865
145	3	1.00435
145	8	1.11554
145	25	1.09232
145	41	1.03583
145	44	1.06328
145	45	1.03363
145	48	1.03003
145	52	1.03158
145	57	1.02577
145	64	1.09496
145	80	1.05508
145	83	1.03857
145	112	0.811676
145	113	1.02557
145	114	0.222004
145	115	1.05859
145	117	1.06054
145	121	1.03672
145	122	0.953734
145	123	1.02003
145	127	0.948073
145	128	1.05998
145	129	1.04064
145	134	0.803785
145	135	1.03545
145	136	1.06384
145	138	1.02754
145	139	1.05838
145	143	1.01881
145	144	1.04649
145	149	1.06961
145	151	0.953695
145	153	1.47536
145	155	0.985511
145	157	2.03183
145	158	0.972009
145	162	1.65322
145	173	2.03095
145	176	0.948572
145	178	1.02133
146	64	1.12279
146	65	1.08823
146	69	1.56563
146	81	1.03989
146	86	0.902191
146	94	1.82831
146	95	0.937018
146	96	0.925387
146	99	2.39504
146	109	0.915945
146	119	0.9795
146	130	0.933869
146	132	0.938183
146	137	0.964505
146	140	0.884374
146	141	1.01262
146	148	0.960674
146	149	0.937253
146	153	0.904828
146	156	0.884955
146	157	0.87958
146	158	0.936177
146	159	0.845909
146	160	0.87144
146	162	0.902509
146	164	0.87477
146	165	0.933278
146	166	0.886662
146	168	0.897358
146	169	0.918289
146	170	0.905579
146	171	0.873847
146	173	0.882541
146	174	0.88
146	175	0.877423
146	176	0.873834
146	177	0.908695
146	178	0.946597
146	179	0.880041
146	180	0.859809
147	3	1.96614
147	8	0.86579
147	29	0.992931
147	42	1.18374
147	49	1.0334
147	50	0.91054
147	61	1.45738
147	83	1.49694
147	105	1.23001
147	107	0.979035
147	108	0.926307
147	109	0.922269
147	114	1.05073
147	118	0.955298
147	119	0.985825
147	124	1.03347
147	126	0.983105
147	130	0.940193
147	137	0.970829
147	140	0.890699
147	141	1.01894
147	148	0.966999
147	149	0.943578
147	153	0.911153
147	154	0.980405
147	156	0.891279
147	158	0.942502
147	162	0.908833
147	164	0.881095
147	165	0.939603
147	168	0.903683
147	169	0.924613
147	170	0.911903
147	172	0.867004
147	173	0.888865
147	174	0.886325
147	175	0.883747
147	176	0.880159
147	177	0.915019
147	179	0.886365
147	180	0.866133
148	1	0.850848
148	61	1.33715
148	68	0.83711
148	77	0.905332
148	93	1.0347
148	97	1.13646
148	98	1.02306
148	103	1.0176
148	107	1.01322
148	115	1.43472
148	116	1.03176
148	118	0.98948
148	130	0.974376
148	132	0.978691
148	133	1.33224
148	135	1.47147
148	137	1.00501
148	141	1.05312
148	146	0.960674
148	147	0.966999
148	149	0.97776
148	154	1.01459
148	155	0.951281
148	156	0.925462
148	157	0.920087
148	158	0.976684
148	159	0.886416
148	162	0.943016
148	164	0.915278
148	165	0.973785
148	166	0.927169
148	168	0.937865
148	169	0.958796
148	170	0.946086
148	172	0.901186
148	173	0.923048
148	174	0.920507
148	175	0.91793
148	176	0.914341
148	177	0.949202
148	179	0.920548
148	180	0.900316
149	13	1.31395
149	15	1.61214
149	72	1.93855
149	86	0.919277
149	91	0.96711
149	93	1.01128
149	95	0.954104
149	96	0.942473
149	98	0.999641
149	118	0.966059
149	124	1.04423
149	126	0.993866
149	130	0.950955
149	132	0.95527
149	141	1.0297
149	142	1.03639
149	145	1.06961
149	146	0.937253
149	147	0.943578
149	148	0.97776
149	150	0.844696
149	154	0.991166
149	157	0.896666
149	161	0.945262
149	162	0.919595
149	163	0.887638
149	164	0.891857
149	165	0.950364
149	166	0.903748
149	167	0.680512
149	168	0.914444
149	169	0.935375
149	170	0.922665
149	172	0.877765
149	173	0.899627
149	174	0.897086
149	175	0.894509
149	176	0.89092
149	177	0.925781
149	179	0.897127
149	180	0.876895
150	43	0.889284
150	44	3.62237
150	55	4.37763
150	56	0.87117
150	62	0.852919
150	64	0.927663
150	83	0.871271
150	95	0.844461
150	99	0.835811
150	102	0.886748
150	105	0.88389
150	115	0.891294
150	116	0.898695
150	117	0.893246
150	122	0.78644
150	123	0.852735
150	128	0.89269
150	129	0.873347
150	133	0.910117
150	135	0.868157
150	136	0.89655
150	137	0.871948
150	138	0.860243
150	143	0.851512
150	144	0.879195
150	149	0.844696
150	155	0.818217
150	158	0.84362
150	159	0.753352
150	160	0.778883
150	163	0.777995
150	171	0.781291
150	172	0.768123
150	173	0.789984
150	174	0.787443
150	175	0.784866
150	176	0.781278
150	177	0.816138
150	179	0.787484
150	180	0.767252
151	3	0.888405
151	5	2.11987
151	8	0.999588
151	17	0.860637
151	18	1.67978
151	25	0.976372
151	30	1.8583
151	41	0.919879
151	44	0.947337
151	45	0.917685
151	48	0.914086
151	58	0.843325
151	67	1.84238
151	68	1.0155
151	102	0.938095
151	105	1.69967
151	121	0.920774
151	127	0.832126
151	128	0.944037
151	129	0.924694
151	131	0.933144
151	135	0.919504
151	136	0.947897
151	138	0.91159
151	139	0.942434
151	140	0.843165
151	142	0.924893
151	144	0.930542
151	145	0.953695
151	153	0.863618
151	156	0.843745
151	164	0.833561
151	165	0.892068
151	166	0.845453
151	167	0.990749
151	169	0.877079
151	170	0.864369
151	171	0.832638
151	173	0.841331
151	174	0.83879
151	175	0.836213
151	176	0.832625
151	177	0.867485
151	178	0.905387
151	179	0.838831
151	180	0.818599
152	1	0.964484
152	2	0.849217
152	7	0.853066
152	10	0.965138
152	11	0.847177
152	15	0.845176
152	20	0.8205
152	23	0.961038
152	25	2.71727
152	27	0.933359
152	37	0.828127
152	51	0.884186
152	53	0.883562
152	55	0.880201
152	60	0.865435
152	64	3.00529
152	67	0.947649
152	69	0.864538
152	70	0.861613
152	75	0.924718
152	76	0.850093
152	87	0.872211
152	101	0.868872
152	128	3.27744
152	137	0.884447
152	154	0.894022
152	156	0.804897
152	158	0.856119
152	159	0.765851
152	161	0.848118
152	164	0.794713
152	165	0.85322
152	167	0.9519
152	168	0.8173
152	169	0.838231
152	170	0.825521
152	171	0.79379
152	172	0.780622
152	173	0.802483
152	174	0.799942
152	175	0.797365
152	177	0.828637
152	178	0.866539
152	179	0.799983
152	180	0.779751
153	53	1.67087
153	59	1.0834
153	63	1.74518
153	70	2.06773
153	77	0.849486
153	87	0.936929
153	90	1.77812
153	91	0.934685
153	98	0.967216
153	103	0.961758
153	108	0.904643
153	114	1.02907
153	116	0.975913
153	118	0.933634
153	119	0.964161
153	120	0.930647
153	121	0.946644
153	122	0.863658
153	128	1.26274
153	130	0.91853
153	132	0.922845
153	137	0.949166
153	140	0.869035
153	141	0.997277
153	145	1.47536
153	146	0.904828
153	147	0.911153
153	151	0.863618
153	154	0.958741
153	155	0.895435
153	156	0.869616
153	157	0.864241
153	158	0.920838
153	159	0.83057
153	160	0.856101
153	161	0.912837
153	162	0.88717
153	164	0.859432
153	165	0.917939
153	166	0.871323
153	168	0.882019
153	169	0.90295
153	172	0.84534
153	173	0.867202
153	174	0.864661
153	175	0.862084
153	176	0.858495
153	177	0.893356
153	179	0.864702
153	180	0.84447
154	6	1.26805
154	19	1.04296
154	45	0.735834
154	70	1.45293
154	73	1.01062
154	81	1.09381
154	86	0.956105
154	90	1.16331
154	93	1.0481
154	96	0.979301
154	100	0.978471
154	103	1.03101
154	108	0.973895
154	109	0.969858
154	111	1.22891
154	118	1.00289
154	119	1.03341
154	124	1.08105
154	125	1.08548
154	130	0.987782
154	134	1.02477
154	136	1.00224
154	137	1.01842
154	140	0.938288
154	141	1.06653
154	147	0.980405
154	148	1.01459
154	149	0.991166
154	152	0.894022
154	153	0.958741
154	156	0.938868
154	157	0.933493
154	160	0.925353
154	161	0.982089
154	162	0.956422
154	164	0.928684
154	165	0.987191
154	166	0.940576
154	167	0.471451
154	168	0.951272
154	169	0.972202
154	170	0.959492
154	172	0.914593
154	173	0.936454
154	174	0.933913
154	175	0.931336
154	176	0.927748
154	177	0.962608
154	179	0.933954
154	180	0.913722
155	4	0.798041
155	6	1.05743
155	15	1.82921
155	18	1.00595
155	19	1.05667
155	26	0.916183
155	32	0.73314
155	33	1.01571
155	36	0.987298
155	43	0.972447
155	56	0.954334
155	57	0.941641
155	68	1.04732
155	75	1.11309
155	79	1.5348
155	80	0.970949
155	81	1.0305
155	82	0.933493
155	83	0.954434
155	99	0.918974
155	105	0.967053
155	111	0.963873
155	113	0.941434
155	115	0.974457
155	117	0.976409
155	118	0.93958
155	130	0.924475
155	136	1.42837
155	138	1.51498
155	142	0.95671
155	145	0.985511
155	148	0.951281
155	150	0.818217
155	153	0.895435
155	157	0.870187
155	158	0.926784
155	162	0.893116
155	166	0.877269
155	167	0.897579
155	168	0.887965
155	169	0.908895
155	174	0.870607
155	175	0.868029
155	176	0.864441
155	177	0.899301
155	178	0.937204
155	179	0.870648
155	180	0.850415
156	39	1.79423
156	49	0.991866
156	81	1.00468
156	95	0.901806
156	97	2.03636
156	100	0.889346
156	101	0.913717
156	107	0.937499
156	108	0.88477
156	109	0.880733
156	110	1.82549
156	115	2.33462
156	116	0.95604
156	118	0.913761
156	119	0.944288
156	120	0.910774
156	121	0.926771
156	124	0.991928
156	129	2.0093
156	130	0.898657
156	134	0.935647
156	137	0.929293
156	140	0.849162
156	146	0.884955
156	147	0.891279
156	148	0.925462
156	151	0.843745
156	152	0.804897
156	153	0.869616
156	154	0.938868
156	157	0.844368
156	158	0.900965
156	160	0.836228
156	162	0.867297
156	164	0.839558
156	165	0.898066
156	166	0.85145
156	168	0.862146
156	169	0.883077
156	170	0.870367
156	171	0.838635
156	172	0.825467
156	173	0.847329
156	174	0.844788
156	175	0.842211
156	176	0.838622
156	177	0.873483
156	178	0.911385
156	179	0.844829
156	180	0.824597
157	23	1.52287
157	46	0.984251
157	58	0.843948
157	61	2.1453
157	77	0.824238
157	81	0.999306
157	82	0.902299
157	86	0.861605
157	91	0.909437
157	92	0.975053
157	96	0.884801
157	98	0.941968
157	101	0.908343
157	103	0.93651
157	112	0.919766
157	116	0.950665
157	123	2.32648
157	124	0.986554
157	126	0.936193
157	132	0.897597
157	134	0.930272
157	136	2.17352
157	137	0.923918
157	140	0.843788
157	145	2.03183
157	146	0.87958
157	148	0.920087
157	149	0.896666
157	153	0.864241
157	154	0.933493
157	155	0.870187
157	156	0.844368
157	158	0.89559
157	160	0.830853
157	162	0.861922
157	164	0.834184
157	165	0.892691
157	166	0.846075
157	168	0.856771
157	169	0.877702
157	170	0.864992
157	171	0.833261
157	172	0.820093
157	173	0.841954
157	174	0.839413
157	175	0.836836
157	176	0.833248
157	177	0.868108
157	178	0.90601
157	179	0.839454
157	180	0.819222
158	5	1.27831
158	11	1.76796
158	48	1.31478
158	78	1.23529
158	81	1.0559
158	87	0.968278
158	89	1.57978
158	91	0.966034
158	92	1.03165
158	95	0.953028
158	98	0.998565
158	102	1.31151
158	103	0.993107
158	107	0.988721
158	108	0.935992
158	111	1.34036
158	112	0.976363
158	114	1.06042
158	119	0.99551
158	120	0.961996
158	122	0.895007
158	124	1.04315
158	126	0.99279
158	127	0.889345
158	130	0.949879
158	134	0.986869
158	140	0.900384
158	145	0.972009
158	146	0.936177
158	147	0.942502
158	148	0.976684
158	150	0.84362
158	152	0.856119
158	153	0.920838
158	155	0.926784
158	156	0.900965
158	157	0.89559
158	160	0.88745
158	162	0.918519
158	164	0.890781
158	165	0.949288
158	166	0.902672
158	168	0.913368
158	169	0.934299
158	170	0.921589
158	171	0.889857
158	172	0.876689
158	173	0.898551
158	174	0.89601
158	175	0.893433
158	177	0.924705
158	178	0.962607
158	179	0.896051
158	180	0.875819
159	7	0.858866
159	31	0.825348
159	37	0.833927
159	46	0.95058
159	51	0.889985
159	53	0.889362
159	54	2.63249
159	55	0.886001
159	56	2.81939
159	60	0.871234
159	65	2.67022
159	66	0.8595
159	67	0.953448
159	69	0.870338
159	70	0.867413
159	73	0.882447
159	75	0.930518
159	76	0.855893
159	92	0.941382
159	101	0.874671
159	106	0.846472
159	110	0.895466
159	113	2.8779
159	121	0.887725
159	125	0.909064
159	128	0.910988
159	129	0.891645
159	131	0.900096
159	133	0.928415
159	134	0.896601
159	135	0.886455
159	138	0.878542
159	139	0.909386
159	140	0.810116
159	143	0.869811
159	144	0.897493
159	146	0.845909
159	148	0.886416
159	150	0.753352
159	152	0.765851
159	153	0.83057
159	160	0.797182
159	163	0.796294
159	165	0.85902
159	167	0.9577
159	168	0.8231
159	169	0.844031
159	170	0.831321
159	172	0.786421
159	173	0.808283
159	174	0.805742
159	175	0.803165
159	177	0.834437
159	179	0.805783
159	180	0.785551
160	23	1.88968
160	28	1.03158
160	29	0.937879
160	42	2.23846
160	58	0.835808
160	59	1.05002
160	73	0.907978
160	77	0.816097
160	81	0.991166
160	86	0.853464
160	87	0.903541
160	93	0.945464
160	101	0.900202
160	107	0.923984
160	109	0.867218
160	110	2.10053
160	112	0.911626
160	113	2.08697
160	114	0.995679
160	116	0.942525
160	119	0.930773
160	120	0.897259
160	124	0.978414
160	129	2.28435
160	130	0.885142
160	132	0.889457
160	134	0.922132
160	140	0.835647
160	141	0.963889
160	146	0.87144
160	150	0.778883
160	153	0.856101
160	154	0.925353
160	156	0.836228
160	157	0.830853
160	158	0.88745
160	159	0.797182
160	162	0.853782
160	163	0.821825
160	164	0.826043
160	165	0.884551
160	166	0.837935
160	168	0.848631
160	169	0.869562
160	172	0.811952
160	173	0.833814
160	174	0.831273
160	175	0.828696
160	176	0.825107
160	177	0.859968
160	178	0.89787
160	179	0.831314
160	180	0.811082
161	1	1.05255
161	2	0.937284
161	5	0.943735
161	9	1.07265
161	10	1.0532
161	11	0.935244
161	13	1.04835
161	14	0.941208
161	15	0.933242
161	16	0.920224
161	19	1.31212
161	20	0.908567
161	21	0.912069
161	22	0.911525
161	23	1.0491
161	24	1.02475
161	27	1.02143
161	30	0.990857
161	32	0.990693
161	41	1.51139
161	76	1.33621
161	83	1.28274
161	96	0.933396
161	97	1.04248
161	108	0.927991
161	122	0.887005
161	138	1.35801
161	144	1.35704
161	149	0.945262
161	152	0.848118
161	153	0.912837
161	154	0.982089
161	165	0.941287
161	167	1.03997
161	168	0.905367
161	169	0.926298
161	170	0.913588
161	171	0.881856
161	172	0.868688
161	173	0.89055
161	174	0.888009
161	175	0.885432
161	176	0.881843
161	177	0.916704
161	179	0.88805
161	180	0.867818
162	1	1.28038
162	46	1.00718
162	58	0.866877
162	59	1.08108
162	67	1.68203
162	91	0.932366
162	95	0.91936
162	98	0.964897
162	104	0.94749
162	105	1.53932
162	107	0.955053
162	108	0.902324
162	109	0.898287
162	114	1.02675
162	116	0.973594
162	118	0.931315
162	120	0.928328
162	121	0.944325
162	124	1.00948
162	130	0.916211
162	131	1.61207
162	132	0.920525
162	134	0.953201
162	137	0.946847
162	140	0.866716
162	141	0.994958
162	142	1.62
162	145	1.65322
162	146	0.902509
162	147	0.908833
162	148	0.943016
162	149	0.919595
162	153	0.88717
162	154	0.956422
162	155	0.893116
162	156	0.867297
162	157	0.861922
162	158	0.918519
162	160	0.853782
162	164	0.857112
162	165	0.91562
162	166	0.869004
162	167	1.26412
162	168	0.8797
162	169	0.900631
162	170	0.887921
162	171	0.856189
162	172	0.843021
162	173	0.864883
162	174	0.862342
162	175	0.859765
162	176	0.856176
162	177	0.891037
162	178	0.928939
162	179	0.862383
162	180	0.842151
163	8	1.84517
163	9	1.80231
163	26	2.04266
163	27	2.01689
163	35	0.932627
163	40	0.916839
163	47	0.916839
163	50	0.8546
163	54	0.898313
163	61	0.964164
163	63	0.882003
163	65	0.881516
163	69	2.28135
163	71	0.942751
163	72	0.867932
163	73	0.90709
163	74	0.942508
163	84	0.909651
163	85	0.914536
163	87	0.902653
163	88	0.90202
163	89	0.902055
163	90	0.96445
163	91	0.900409
163	94	0.950449
163	97	0.875095
163	102	0.929689
163	104	0.915533
163	108	0.870367
163	111	0.923652
163	113	2.01162
163	120	0.896371
163	123	0.895677
163	125	0.933706
163	128	0.935631
163	131	0.924738
163	133	0.953058
163	135	0.911098
163	138	0.903185
163	139	0.934028
163	140	0.834759
163	142	0.916488
163	143	0.894453
163	144	0.922136
163	149	0.887638
163	150	0.777995
163	159	0.796294
163	160	0.821825
163	164	0.825155
163	165	0.883663
163	168	0.847743
163	169	0.868674
163	170	0.855964
163	172	0.811064
163	173	0.832926
163	174	0.830385
163	175	0.827808
163	177	0.85908
163	179	0.830426
163	180	0.810194
164	28	1.03491
164	35	2.35403
164	39	1.83667
164	43	1.73473
164	57	2.41255
164	59	1.05335
164	74	1.7941
164	81	0.994496
164	82	0.897489
164	86	0.856795
164	91	0.904628
164	92	0.970244
164	93	0.948795
164	101	0.903533
164	104	0.919751
164	107	0.927314
164	108	0.874586
164	110	1.86792
164	112	0.914956
164	114	0.999009
164	118	0.903577
164	119	0.934104
164	120	0.90059
164	124	0.981744
164	126	0.931384
164	127	0.827939
164	132	0.892787
164	134	0.925462
164	137	0.919108
164	140	0.838978
164	141	0.967219
164	146	0.87477
164	147	0.881095
164	148	0.915278
164	149	0.891857
164	151	0.833561
164	152	0.794713
164	153	0.859432
164	154	0.928684
164	156	0.839558
164	157	0.834184
164	158	0.890781
164	160	0.826043
164	162	0.857112
164	163	0.825155
164	165	0.887882
164	166	0.841266
164	168	0.851962
164	169	0.872892
164	170	0.860182
164	171	0.828451
164	172	0.815283
164	173	0.837144
164	174	0.834604
164	175	0.832026
164	176	0.828438
164	177	0.863298
164	178	0.9012
164	179	0.834644
164	180	0.814412
165	19	1.43384
165	36	1.53747
165	57	1.49797
165	68	0.864861
165	87	0.965379
165	92	1.02875
165	95	0.950129
165	96	0.938499
165	100	0.937669
165	101	0.962041
165	103	0.990208
165	104	0.978259
165	107	0.985822
165	109	0.929056
165	112	0.973464
165	114	1.05752
165	116	1.00436
165	119	0.992611
165	120	0.959097
165	121	0.975094
165	124	1.04025
165	125	1.47637
165	126	0.989891
165	129	1.13715
165	130	0.94698
165	132	0.951295
165	133	1.36
165	135	1.49922
165	136	1.39312
165	140	0.897485
165	141	1.02573
165	146	0.933278
165	147	0.939603
165	148	0.973785
165	149	0.950364
165	151	0.892068
165	152	0.85322
165	153	0.917939
165	154	0.987191
165	156	0.898066
165	157	0.892691
165	158	0.949288
165	159	0.85902
165	160	0.884551
165	161	0.941287
165	162	0.91562
165	163	0.883663
165	164	0.887882
165	166	0.899773
165	168	0.910469
165	169	0.9314
165	170	0.91869
165	172	0.87379
165	173	0.895652
165	174	0.893111
165	175	0.890534
165	176	0.886945
165	177	0.921806
165	178	0.959708
165	179	0.893152
165	180	0.87292
166	34	1.41469
166	46	0.991333
166	49	0.993574
166	59	1.06524
166	73	0.923201
166	77	0.83132
166	80	2.17118
166	81	1.00639
166	82	0.909381
166	83	1.87292
166	91	0.91652
166	93	0.960686
166	95	0.903513
166	96	0.891883
166	100	0.891053
166	101	0.915425
166	104	0.931643
166	107	0.939206
166	108	0.886477
166	109	0.88244
166	112	0.926848
166	114	1.0109
166	117	1.49447
166	118	0.915469
166	119	0.945995
166	120	0.912482
166	124	0.993636
166	126	0.943275
166	127	0.83983
166	130	0.900364
166	132	0.904679
166	133	1.82844
166	134	0.937354
166	137	0.931
166	138	1.94818
166	143	1.67013
166	146	0.886662
166	148	0.927169
166	149	0.903748
166	151	0.845453
166	153	0.871323
166	154	0.940576
166	155	0.877269
166	156	0.85145
166	157	0.846075
166	158	0.902672
166	160	0.837935
166	162	0.869004
166	164	0.841266
166	165	0.899773
166	168	0.863854
166	169	0.884784
166	170	0.872074
166	172	0.827175
166	173	0.849036
166	174	0.846495
166	175	0.843918
166	176	0.84033
166	177	0.87519
166	178	0.913092
166	179	0.846536
166	180	0.826304
167	1	1.15633
167	2	1.04107
167	7	1.04492
167	10	1.15699
167	11	1.03903
167	15	1.03702
167	20	1.01235
167	23	1.15289
167	27	1.12521
167	37	1.01998
167	48	1.06709
167	49	0.329173
167	51	1.07603
167	53	1.07541
167	55	1.07205
167	60	1.05728
167	66	1.04555
167	67	1.1395
167	69	1.05639
167	70	1.05346
167	73	1.0685
167	75	1.11657
167	76	1.04194
167	79	1.09248
167	92	0.172932
167	94	1.11186
167	97	1.0365
167	98	0.482436
167	104	0.291158
167	106	1.03252
167	110	1.08152
167	121	1.07377
167	125	1.09511
167	128	1.09704
167	129	1.07769
167	133	1.11446
167	136	1.1009
167	138	1.06459
167	139	1.09543
167	141	0.39959
167	143	1.05586
167	144	1.08354
167	149	0.680512
167	151	0.990749
167	152	0.9519
167	154	0.471451
167	155	0.897579
167	159	0.9577
167	161	1.03997
167	162	1.26412
167	171	0.985639
167	172	2.14831
167	173	1.64185
167	175	1.61748
167	177	1.25229
167	180	2.36933
168	4	2.97531
168	28	1.0575
168	29	0.963797
168	41	1.93948
168	43	1.12651
168	47	2.02294
168	49	1.00427
168	50	0.881406
168	58	0.861726
168	64	1.07303
168	87	0.92946
168	92	0.992831
168	93	0.971382
168	95	0.914209
168	98	0.959747
168	100	0.901749
168	101	0.926121
168	103	0.954288
168	104	0.942339
168	107	0.949902
168	109	0.893136
168	112	0.937544
168	116	0.968443
168	117	1.33239
168	118	0.926165
168	119	0.956691
168	120	0.923178
168	124	1.00433
168	127	0.850526
168	128	1.34519
168	130	0.91106
168	132	0.915375
168	134	0.94805
168	137	0.941696
168	140	0.861566
168	141	0.989807
168	144	1.78514
168	146	0.897358
168	147	0.903683
168	148	0.937865
168	149	0.914444
168	152	0.8173
168	153	0.882019
168	154	0.951272
168	155	0.887965
168	156	0.862146
168	157	0.856771
168	158	0.913368
168	159	0.8231
168	160	0.848631
168	161	0.905367
168	162	0.8797
168	163	0.847743
168	164	0.851962
168	165	0.910469
168	166	0.863854
168	169	0.89548
168	170	0.88277
168	171	0.851039
168	172	0.837871
168	173	0.859732
168	174	0.857191
168	175	0.854614
168	176	0.851026
168	177	0.885886
168	178	0.923788
168	179	0.857232
168	180	0.837
169	13	1.73279
169	25	0.71566
169	27	1.18205
169	29	0.984728
169	36	1.77448
169	38	0.922138
169	46	1.02296
169	49	1.0252
169	52	1.28807
169	55	1.11553
169	58	0.882657
169	59	1.09686
169	63	1.75828
169	76	1.69495
169	77	0.862946
169	86	0.900313
169	87	0.95039
169	91	0.948146
169	92	1.01376
169	93	0.992313
169	95	0.93514
169	98	0.980677
169	100	0.92268
169	101	0.947051
169	104	0.96327
169	107	0.970833
169	109	0.914067
169	112	0.958474
169	115	1.69949
169	116	0.989374
169	118	0.947095
169	119	0.977622
169	120	0.944108
169	124	1.02526
169	126	0.974902
169	130	0.931991
169	134	0.968981
169	137	0.962627
169	140	0.882496
169	141	1.01074
169	143	1.4387
169	146	0.918289
169	147	0.924613
169	148	0.958796
169	149	0.935375
169	151	0.877079
169	152	0.838231
169	153	0.90295
169	154	0.972202
169	155	0.908895
169	156	0.883077
169	157	0.877702
169	158	0.934299
169	159	0.844031
169	160	0.869562
169	161	0.926298
169	162	0.900631
169	163	0.868674
169	164	0.872892
169	165	0.9314
169	166	0.884784
169	168	0.89548
169	170	0.903701
169	171	0.871969
169	172	0.858801
169	173	0.880663
169	174	0.878122
169	175	0.875545
169	177	0.906817
169	178	0.944719
169	179	0.878163
169	180	0.857931
170	22	2.13053
170	27	1.11975
170	29	0.972018
170	35	1.61416
170	39	1.0968
170	46	1.01025
170	49	1.01249
170	58	0.869947
170	66	2.21785
170	75	1.25256
170	83	1.57919
170	86	0.887603
170	87	0.93768
170	92	1.00105
170	93	0.979603
170	95	0.92243
170	96	0.910799
170	98	0.967967
170	100	0.90997
170	101	0.934341
170	103	0.962508
170	104	0.95056
170	107	0.958123
170	108	0.905394
170	109	0.901357
170	112	0.945764
170	114	1.02982
170	116	0.976664
170	118	0.934385
170	119	0.964912
170	121	0.947395
170	122	0.864408
170	124	1.01255
170	126	0.962192
170	127	0.858747
170	130	0.919281
170	132	0.923595
170	133	1.53471
170	134	0.956271
170	137	0.949917
170	138	1.65445
170	140	0.869786
170	141	0.998028
170	146	0.905579
170	147	0.911903
170	148	0.946086
170	149	0.922665
170	151	0.864369
170	152	0.825521
170	154	0.959492
170	156	0.870367
170	157	0.864992
170	158	0.921589
170	159	0.831321
170	161	0.913588
170	162	0.887921
170	163	0.855964
170	164	0.860182
170	165	0.91869
170	166	0.872074
170	168	0.88277
170	169	0.903701
170	171	0.859259
170	172	0.846091
170	173	0.867953
170	174	0.865412
170	175	0.862835
170	176	0.859246
170	177	0.894107
170	179	0.865453
170	180	0.845221
171	1	0.998222
171	2	0.882955
171	8	1.53366
171	10	0.998877
171	11	0.880915
171	12	0.871439
171	15	0.878914
171	20	0.854238
171	23	0.994776
171	27	0.967097
171	31	0.853286
171	37	2.61328
171	38	0.877697
171	39	0.9221
171	52	1.8114
171	56	1.64162
171	62	2.26355
171	65	1.49245
171	79	0.934371
171	88	1.84403
171	92	0.969321
171	97	0.878391
171	102	0.932985
171	108	0.873663
171	110	0.923405
171	114	0.998086
171	116	0.944933
171	120	0.899667
171	123	0.898972
171	125	0.937002
171	128	0.938927
171	129	0.919584
171	131	0.928034
171	133	0.956354
171	134	0.924539
171	135	0.914394
171	136	0.942787
171	137	0.918185
171	138	0.90648
171	139	0.937324
171	141	0.966296
171	142	0.919784
171	143	0.897749
171	144	0.925432
171	146	0.873847
171	150	0.781291
171	151	0.832638
171	152	0.79379
171	156	0.838635
171	157	0.833261
171	158	0.889857
171	161	0.881856
171	162	0.856189
171	164	0.828451
171	167	0.985639
171	168	0.851039
171	169	0.871969
171	170	0.859259
171	172	0.81436
171	173	0.836221
171	174	0.833681
171	175	0.831103
171	176	0.827515
171	177	0.862375
171	179	0.833721
171	180	0.813489
172	28	1.02082
172	49	0.967591
172	58	0.825047
172	68	2.15083
172	73	0.897218
172	77	0.805337
172	81	0.980405
172	86	0.842704
172	87	0.892781
172	91	0.890537
172	92	0.956153
172	93	0.934703
172	96	0.8659
172	98	0.923068
172	100	0.86507
172	101	0.889442
172	102	2.87691
172	103	0.917609
172	104	0.90566
172	105	2.42351
172	107	0.913223
172	108	0.860495
172	109	0.856457
172	112	0.900865
172	114	0.984918
172	116	0.931764
172	118	0.889486
172	119	0.920012
172	120	0.886499
172	121	0.902496
172	122	0.819509
172	124	0.967653
172	126	0.917292
172	127	0.813848
172	130	0.874381
172	131	2.49625
172	132	0.878696
172	134	0.911371
172	137	0.905017
172	140	0.824887
172	141	0.953128
172	142	2.50419
172	147	0.867004
172	148	0.901186
172	149	0.877765
172	150	0.768123
172	152	0.780622
172	153	0.84534
172	154	0.914593
172	156	0.825467
172	157	0.820093
172	158	0.876689
172	159	0.786421
172	160	0.811952
172	161	0.868688
172	162	0.843021
172	163	0.811064
172	164	0.815283
172	165	0.87379
172	166	0.827175
172	167	2.14831
172	168	0.837871
172	169	0.858801
172	170	0.846091
172	171	0.81436
172	173	0.823053
172	174	0.820512
172	175	0.817935
172	176	0.814347
172	177	0.849207
172	178	0.887109
172	179	0.820553
172	180	0.800321
173	10	1.25435
173	17	2.43872
173	28	1.04268
173	29	0.94898
173	46	0.987212
173	52	1.83057
173	58	0.846909
173	59	1.06112
173	77	0.827198
173	81	1.00227
173	82	0.90526
173	84	1.693
173	86	0.864565
173	87	0.914642
173	92	0.978014
173	93	0.956565
173	95	0.899392
173	98	0.944929
173	100	0.886932
173	101	0.911303
173	103	0.93947
173	104	0.927522
173	108	0.882356
173	109	0.878319
173	112	0.922726
173	114	1.00678
173	116	0.953626
173	118	0.911347
173	119	0.941874
173	120	0.90836
173	122	0.84137
173	124	0.989514
173	126	0.939154
173	127	0.835709
173	130	0.896243
173	132	0.900557
173	133	2.13951
173	134	0.933233
173	137	0.926879
173	139	2.17107
173	140	0.846748
173	141	0.97499
173	145	2.03095
173	146	0.882541
173	147	0.888865
173	148	0.923048
173	149	0.899627
173	150	0.789984
173	151	0.841331
173	152	0.802483
173	153	0.867202
173	154	0.936454
173	156	0.847329
173	157	0.841954
173	158	0.898551
173	159	0.808283
173	160	0.833814
173	161	0.89055
173	162	0.864883
173	163	0.832926
173	164	0.837144
173	165	0.895652
173	166	0.849036
173	167	1.64185
173	168	0.859732
173	169	0.880663
173	170	0.867953
173	171	0.836221
173	172	0.823053
173	174	0.842374
173	175	0.839797
173	176	0.836208
173	177	0.871069
173	178	0.908971
173	179	0.842415
173	180	0.822183
174	28	1.04014
174	29	0.946439
174	32	1.6238
174	38	0.88385
174	45	2.05262
174	46	0.984671
174	48	2.52011
174	54	1.62026
174	58	0.844368
174	59	1.05858
174	60	1.80388
174	75	2.00375
174	77	0.824658
174	81	0.999726
174	84	1.83939
174	86	0.862024
174	91	0.909857
174	92	0.975473
174	93	0.954024
174	96	0.885221
174	98	0.942388
174	100	0.884391
174	101	0.908763
174	103	0.93693
174	104	0.924981
174	107	0.932544
174	108	0.879815
174	109	0.875778
174	112	0.920186
174	114	1.00424
174	116	0.951085
174	118	0.908806
174	119	0.939333
174	120	0.905819
174	122	0.83883
174	124	0.986974
174	126	0.936613
174	127	0.833168
174	130	0.893702
174	131	2.13619
174	132	0.898017
174	134	0.930692
174	137	0.924338
174	140	0.844207
174	141	0.972449
174	146	0.88
174	147	0.886325
174	148	0.920507
174	149	0.897086
174	150	0.787443
174	151	0.83879
174	152	0.799942
174	153	0.864661
174	154	0.933913
174	155	0.870607
174	156	0.844788
174	157	0.839413
174	158	0.89601
174	159	0.805742
174	160	0.831273
174	161	0.888009
174	162	0.862342
174	163	0.830385
174	164	0.834604
174	165	0.893111
174	166	0.846495
174	168	0.857191
174	169	0.878122
174	170	0.865412
174	171	0.833681
174	172	0.820512
174	173	0.842374
174	175	0.837256
174	176	0.833667
174	177	0.868528
174	178	0.90643
174	179	0.839874
174	180	0.819642
175	28	1.03756
175	38	0.881272
175	45	1.88187
175	49	0.984334
175	50	0.861471
175	58	0.841791
175	59	1.056
175	76	2.21309
175	77	0.82208
175	81	0.997149
175	86	0.859447
175	87	0.909524
175	91	0.90728
175	92	0.972896
175	93	0.951447
175	95	0.894274
175	96	0.882643
175	98	0.939811
175	100	0.881814
175	101	0.906185
175	103	0.934352
175	104	0.922404
175	107	0.929967
175	108	0.877238
175	109	0.873201
175	112	0.917608
175	114	1.00166
175	116	0.948508
175	117	1.78117
175	118	0.906229
175	119	0.936756
175	120	0.903242
175	121	0.919239
175	122	0.836252
175	123	2.30123
175	124	0.984396
175	126	0.934036
175	128	1.79396
175	130	0.891125
175	132	0.895439
175	134	0.928115
175	135	2.25437
175	137	0.921761
175	140	0.84163
175	141	0.969872
175	143	1.95683
175	146	0.877423
175	147	0.883747
175	148	0.91793
175	149	0.894509
175	150	0.784866
175	151	0.836213
175	152	0.797365
175	153	0.862084
175	154	0.931336
175	155	0.868029
175	156	0.842211
175	157	0.836836
175	158	0.893433
175	159	0.803165
175	160	0.828696
175	161	0.885432
175	162	0.859765
175	163	0.827808
175	164	0.832026
175	165	0.890534
175	166	0.843918
175	167	1.61748
175	168	0.854614
175	169	0.875545
175	170	0.862835
175	171	0.831103
175	172	0.817935
175	173	0.839797
175	174	0.837256
175	177	0.865951
175	178	0.903853
175	179	0.837297
175	180	0.817065
176	3	0.883282
176	8	0.994465
176	18	0.969012
176	25	0.971249
176	30	1.99557
176	34	0.970819
176	38	0.877684
176	41	0.914756
176	43	0.935508
176	44	0.942214
176	45	0.912562
176	52	0.910509
176	56	0.917394
176	57	0.904701
176	60	1.57737
176	62	0.899143
176	64	0.973887
176	68	1.01038
176	78	0.918707
176	80	0.93401
176	83	0.917495
176	85	1.99986
176	98	0.936223
176	99	0.882035
176	105	0.930114
176	107	0.926378
176	111	0.926934
176	113	0.904495
176	115	0.937517
176	117	0.93947
176	119	0.933167
176	121	0.915651
176	122	0.832664
176	127	0.827002
176	129	1.83655
176	135	2.19862
176	137	0.918172
176	139	2.09095
176	140	0.838042
176	143	1.90108
176	145	0.948572
176	146	0.873834
176	147	0.880159
176	148	0.914341
176	149	0.89092
176	150	0.781278
176	151	0.832625
176	153	0.858495
176	154	0.927748
176	155	0.864441
176	156	0.838622
176	157	0.833248
176	160	0.825107
176	161	0.881843
176	162	0.856176
176	164	0.828438
176	165	0.886945
176	166	0.84033
176	168	0.851026
176	170	0.859246
176	171	0.827515
176	172	0.814347
176	173	0.836208
176	174	0.833667
176	177	0.862362
176	178	0.900264
176	179	0.833708
176	180	0.813476
177	24	1.42275
177	25	0.868598
177	26	1.36076
177	28	1.06884
177	29	0.975134
177	46	1.01337
177	49	1.01561
177	58	0.873063
177	59	1.08727
177	77	0.853352
177	82	0.931414
177	86	0.890719
177	87	0.940796
177	88	1.47364
177	91	0.938552
177	92	1.00417
177	93	0.982719
177	94	1.86214
177	95	0.925546
177	96	0.913915
177	98	0.971083
177	100	0.913086
177	101	0.937457
177	103	0.965624
177	104	0.953676
177	107	0.961239
177	108	0.90851
177	109	0.904473
177	112	0.94888
177	114	1.03293
177	116	0.97978
177	118	0.937501
177	119	0.968028
177	120	0.934514
177	121	0.950511
177	122	0.867524
177	124	1.01567
177	126	0.965308
177	127	0.861863
177	128	1.42877
177	130	0.922397
177	132	0.926711
177	134	0.959387
177	135	1.88918
177	137	0.953033
177	139	1.78151
177	140	0.872902
177	141	1.00114
177	143	1.59164
177	144	1.86872
177	146	0.908695
177	147	0.915019
177	148	0.949202
177	149	0.925781
177	150	0.816138
177	151	0.867485
177	152	0.828637
177	153	0.893356
177	154	0.962608
177	155	0.899301
177	156	0.873483
177	157	0.868108
177	158	0.924705
177	159	0.834437
177	160	0.859968
177	161	0.916704
177	162	0.891037
177	163	0.85908
177	164	0.863298
177	165	0.921806
177	166	0.87519
177	167	1.25229
177	168	0.885886
177	169	0.906817
177	170	0.894107
177	171	0.862375
177	172	0.849207
177	173	0.871069
177	174	0.868528
177	175	0.865951
177	176	0.862362
177	178	0.935125
177	179	0.868569
177	180	0.848337
178	3	0.956044
178	4	0.833864
178	6	1.09325
178	8	1.06723
178	19	1.0925
178	20	1.26377
178	25	1.04401
178	26	0.952006
178	33	1.05154
178	36	1.02312
178	41	0.987519
178	44	1.01498
178	45	0.985325
178	67	1.04014
178	68	1.08314
178	82	0.969316
178	87	0.978698
178	90	1.31409
178	91	0.976454
178	100	0.950988
178	102	1.35083
178	106	1.68327
178	110	0.713223
178	111	0.999697
178	116	1.01768
178	119	1.00593
178	120	0.972416
178	121	0.988413
178	123	1.30597
178	126	1.00321
178	127	0.899765
178	131	0.970172
178	133	1.11988
178	137	0.990935
178	140	0.910804
178	142	0.992533
178	144	1.23865
178	145	1.02133
178	146	0.946597
178	151	0.905387
178	152	0.866539
178	155	0.937204
178	156	0.911385
178	157	0.90601
178	158	0.962607
178	160	0.89787
178	162	0.928939
178	164	0.9012
178	165	0.959708
178	166	0.913092
178	168	0.923788
178	169	0.944719
178	172	0.887109
178	173	0.908971
178	174	0.90643
178	175	0.903853
178	176	0.900264
178	177	0.935125
178	179	0.906471
178	180	0.886239
179	2	2.22014
179	18	1.70975
179	24	1.6249
179	28	1.04018
179	29	0.94648
179	38	0.88389
179	46	0.984712
179	49	0.986952
179	50	0.864089
179	58	0.844409
179	59	1.05862
179	68	1.45696
179	73	0.916579
179	77	0.824698
179	78	2.10682
179	81	0.999767
179	82	0.90276
179	86	0.862065
179	87	0.912142
179	91	0.909898
179	92	0.975514
179	93	0.954065
179	95	0.896892
179	96	0.885261
179	98	0.942429
179	100	0.884432
179	101	0.908803
179	103	0.93697
179	104	0.925022
179	107	0.932585
179	108	0.879856
179	109	0.875819
179	111	2.21189
179	112	0.920226
179	114	1.00428
179	116	0.951126
179	118	0.908847
179	119	0.939374
179	120	0.90586
179	121	0.921857
179	122	0.83887
179	124	0.987014
179	125	2.06846
179	126	0.936654
179	127	0.833209
179	129	1.72925
179	130	0.893743
179	132	0.898057
179	134	0.930733
179	137	0.924379
179	138	2.07183
179	140	0.844248
179	141	0.97249
179	146	0.880041
179	147	0.886365
179	148	0.920548
179	149	0.897127
179	150	0.787484
179	151	0.838831
179	152	0.799983
179	153	0.864702
179	154	0.933954
179	155	0.870648
179	156	0.844829
179	157	0.839454
179	158	0.896051
179	159	0.805783
179	160	0.831314
179	161	0.88805
179	162	0.862383
179	163	0.830426
179	164	0.834644
179	165	0.893152
179	166	0.846536
179	168	0.857232
179	169	0.878163
179	170	0.865453
179	171	0.833721
179	172	0.820553
179	173	0.842415
179	174	0.839874
179	175	0.837297
179	176	0.833708
179	177	0.868569
179	178	0.906471
179	180	0.819683
180	10	1.98183
180	28	1.01995
180	29	0.926248
180	32	2.20489
180	34	2.45323
180	46	0.96448
180	49	0.96672
180	50	0.843857
180	58	0.824177
180	59	1.03838
180	73	0.896347
180	74	2.38651
180	77	0.804466
180	81	0.979535
180	82	0.882528
180	86	0.841833
180	87	0.89191
180	91	0.889666
180	92	0.955282
180	93	0.933833
180	95	0.87666
180	96	0.865029
180	97	2.6712
180	98	0.922197
180	100	0.8642
180	101	0.888571
180	103	0.916738
180	104	0.90479
180	107	0.912353
180	108	0.859624
180	109	0.855587
180	112	0.899994
180	114	0.984048
180	116	0.930894
180	117	2.53301
180	118	0.888615
180	119	0.919142
180	120	0.885628
180	121	0.901625
180	122	0.818638
180	124	0.966782
180	126	0.916422
180	127	0.812977
180	130	0.873511
180	132	0.877825
180	134	0.910501
180	137	0.904147
180	140	0.824016
180	141	0.952257
180	146	0.859809
180	147	0.866133
180	148	0.900316
180	149	0.876895
180	150	0.767252
180	151	0.818599
180	152	0.779751
180	153	0.84447
180	154	0.913722
180	155	0.850415
180	156	0.824597
180	157	0.819222
180	158	0.875819
180	159	0.785551
180	160	0.811082
180	161	0.867818
180	162	0.842151
180	163	0.810194
180	164	0.814412
180	165	0.87292
180	166	0.826304
180	167	2.36933
180	168	0.837
180	169	0.857931
180	170	0.845221
180	171	0.813489
180	172	0.800321
180	173	0.822183
180	174	0.819642
180	175	0.817065
180	176	0.813476
180	177	0.848337
180	178	0.886239
180	179	0.819683
