1	84	2.28406
1	111	0.867636
1	117	0.847448
1	127	0.815972
1	130	0.841324
1	131	0.832223
1	132	0.870304
1	134	0.830982
1	136	0.855269
1	140	0.867174
1	152	3.02282
1	177	0.757272
2	124	2.75492
2	125	0.822719
2	163	0.786096
2	168	0.782055
2	170	0.754809
2	171	0.786927
2	173	0.758831
2	174	0.752522
2	175	0.746338
2	178	0.741697
2	179	0.73243
2	180	0.741776
3	52	1.23808
3	124	0.713944
3	143	0.793367
3	168	0.87522
3	169	0.861714
3	172	0.851698
3	173	0.851996
3	174	0.845687
3	175	0.839503
3	178	0.834862
3	179	0.825595
3	180	0.834941
4	80	1.93288
4	89	0.846762
4	94	3.19175
4	95	0.848401
4	103	0.882378
4	107	0.873461
4	108	0.876279
4	109	0.816415
4	113	0.857561
4	120	0.840054
4	153	0.810067
4	176	0.759005
5	26	0.899204
5	40	0.785504
5	78	0.852952
5	83	0.802262
5	94	0.772834
5	96	0.878396
5	97	0.878135
5	133	0.864873
5	137	0.8473
5	149	0.836024
5	153	2.78184
5	154	2.55981
6	15	0.993465
6	18	0.896499
6	19	0.91818
6	36	0.949797
6	43	0.951999
6	52	0.936868
6	66	1.00074
6	137	0.967066
6	161	1.48797
6	164	0.893699
6	167	0.862494
6	178	3.83931
7	21	0.839108
7	22	0.91513
7	23	0.835868
7	28	0.834754
7	30	0.834017
7	41	0.911373
7	46	0.911162
7	147	2.28372
7	157	0.774854
7	159	0.77822
7	161	2.9438
7	164	0.813676
8	64	0.940461
8	71	0.98382
8	88	0.975818
8	102	0.918069
8	103	0.973719
8	107	0.964801
8	109	0.907755
8	113	0.948901
8	120	0.931395
8	152	2.20777
8	158	2.94649
8	176	0.850346
9	32	0.871952
9	61	0.83628
9	73	0.827716
9	74	0.887847
9	75	0.879069
9	76	0.814033
9	90	0.904699
9	92	0.904373
9	119	1.80131
9	159	0.768003
9	169	3.23843
9	177	0.76189
10	25	2.01636
10	112	0.0414307
10	165	0.825832
10	169	0.856558
10	170	0.842817
10	171	0.874936
10	172	0.846542
10	173	0.846839
10	175	0.834346
10	178	0.829706
10	179	0.820438
10	180	0.829784
11	17	1.01357
11	25	0.870918
11	26	0.98958
11	29	0.88022
11	40	0.87588
11	78	0.943328
11	82	1.63303
11	96	0.968772
11	97	0.968511
11	137	0.937676
11	156	2.09624
11	180	2.92566
12	33	0.88372
12	45	0.799676
12	62	0.844832
12	63	0.840269
12	65	0.847747
12	68	0.903298
12	77	0.882618
12	79	0.869277
12	87	2.46779
12	155	0.805303
12	168	2.79746
12	176	0.758724
13	14	0.824092
13	18	0.808927
13	19	0.830608
13	36	0.862225
13	38	0.872524
13	43	0.864427
13	52	0.849296
13	56	1.27336
13	66	0.913172
13	164	0.806127
13	167	0.774922
13	168	3.66098
14	13	0.824092
14	18	0.807205
14	19	0.828886
14	36	0.860504
14	38	0.870802
14	43	0.862706
14	52	0.847574
14	66	0.91145
14	156	2.6183
14	164	0.804405
14	167	0.773201
14	172	3.06989
15	6	0.993465
15	18	0.889006
15	36	0.942304
15	38	0.952603
15	43	0.944506
15	52	0.929375
15	66	0.993251
15	81	2.10935
15	114	1.34298
15	158	2.79254
15	164	0.886206
15	167	0.855001
16	45	0.802548
16	48	0.884138
16	51	0.855552
16	63	0.84314
16	65	0.850619
16	68	0.90617
16	79	0.872148
16	126	2.74427
16	147	2.43995
16	149	0.844238
16	155	0.808174
16	176	0.761596
17	11	1.01357
17	25	0.885648
17	29	0.894951
17	40	0.890611
17	78	0.958059
17	83	0.907369
17	96	0.983503
17	97	0.983242
17	142	2.07122
17	148	1.53151
17	149	0.941131
17	168	2.49277
18	6	0.896499
18	13	0.808927
18	14	0.807205
18	15	0.889006
18	38	0.855637
18	43	0.84754
18	52	0.832409
18	66	0.896285
18	118	2.21857
18	164	0.78924
18	167	0.758035
18	174	3.20175
19	6	0.91818
19	13	0.830608
19	14	0.828886
19	36	0.867019
19	38	0.877318
19	52	0.854089
19	66	0.917965
19	81	2.11124
19	151	3.05656
19	164	0.810921
19	167	0.779716
20	24	0.890534
20	42	0.812194
20	47	0.88919
20	53	0.845946
20	57	0.836001
20	60	0.835077
20	69	0.892596
20	70	0.891891
20	138	1.74907
20	155	0.79728
20	157	0.760764
20	177	3.79958
21	7	0.839108
21	22	0.913326
21	23	0.834064
21	28	0.83295
21	30	0.832213
21	41	0.909569
21	46	0.909358
21	141	2.1264
21	148	2.91682
21	157	0.77305
21	159	0.776416
21	164	0.811872
22	7	0.91513
22	21	0.913326
22	23	0.910086
22	28	0.908972
22	30	0.908235
22	41	0.98559
22	46	0.985379
22	137	1.19532
22	146	1.2948
22	157	0.849072
22	159	0.852438
22	164	0.887894
22	178	4.06757
23	7	0.835868
23	21	0.834064
23	22	0.910086
23	28	0.829711
23	30	0.828973
23	41	0.906329
23	46	0.906118
23	137	2.59499
23	148	2.66426
23	157	0.769811
23	159	0.773177
23	164	0.808632
24	20	0.890534
24	42	0.889997
24	47	0.966993
24	53	0.923748
24	57	0.913804
24	60	0.91288
24	69	0.970399
24	70	0.969694
24	142	2.27473
24	145	1.81425
24	155	0.875082
24	157	0.838567
24	162	2.46364
25	10	2.01636
25	11	0.870918
25	17	0.885648
25	26	0.861653
25	40	0.747953
25	78	0.815401
25	83	0.764712
25	85	0.864335
25	96	0.840846
25	97	0.840584
25	119	2.51871
25	133	0.827323
25	149	0.798473
26	5	0.899204
26	11	0.98958
26	25	0.861653
26	40	0.866615
26	78	0.934064
26	83	0.883374
26	94	0.853945
26	96	0.959508
26	97	0.959246
26	121	1.41473
26	149	0.917135
26	169	1.54037
26	176	3.54031
27	33	1.01685
27	103	1.23423
27	160	0.835597
27	161	0.899321
27	165	0.809914
27	166	0.80345
27	169	0.84064
27	172	0.830624
27	173	0.830922
27	175	0.818428
27	178	0.813788
27	179	0.804521
27	180	0.813867
28	7	0.834754
28	21	0.83295
28	22	0.908972
28	23	0.829711
28	30	0.827859
28	41	0.905215
28	46	0.905004
28	137	2.27777
28	157	0.768697
28	159	0.772063
28	162	3.07566
28	164	0.807518
29	11	0.88022
29	17	0.894951
29	40	0.757256
29	56	1.42336
29	78	0.824704
29	81	0.816804
29	83	0.774014
29	96	0.850148
29	97	0.849887
29	133	0.836625
29	137	0.819052
29	149	0.807776
29	168	3.81098
30	7	0.834017
30	21	0.832213
30	22	0.908235
30	23	0.828973
30	28	0.827859
30	41	0.904478
30	46	0.904267
30	157	0.767959
30	158	2.38041
30	159	0.771325
30	164	0.806781
30	170	3.10375
31	89	0.920224
31	94	3.10825
31	102	0.900191
31	103	0.955841
31	107	0.946924
31	108	0.949742
31	109	0.889877
31	113	0.931024
31	120	0.913517
31	129	0.863277
31	133	1.73819
31	146	1.54666
31	176	0.832468
32	9	0.871952
32	37	0.941978
32	61	0.887755
32	73	0.87919
32	74	0.939322
32	75	0.930544
32	76	0.865508
32	90	0.956174
32	92	0.955848
32	144	1.99668
32	147	1.80356
32	159	0.819478
32	163	2.91848
32	177	0.813365
33	12	0.88372
33	27	1.01685
33	45	0.854619
33	51	0.907623
33	62	0.899774
33	63	0.895211
33	65	0.90269
33	68	0.958241
33	77	0.937561
33	79	0.92422
33	153	1.98238
33	155	0.860245
33	167	2.92098
33	176	0.813667
34	71	0.938281
34	89	0.892563
34	95	0.894203
34	102	0.872529
34	103	0.92818
34	107	0.919262
34	108	0.92208
34	109	0.862216
34	113	0.903362
34	120	0.885855
34	149	1.16629
34	166	3.37739
34	176	0.804807
34	177	2.6107
35	74	0.816109
35	79	3.44868
35	90	0.832961
35	92	0.832635
35	131	0.765104
35	132	0.803185
35	134	0.763862
35	135	0.724379
35	136	0.78815
35	171	0.733676
35	174	0.699271
35	177	0.690152
35	179	0.679179
35	180	0.688525
36	6	0.949797
36	13	0.862225
36	14	0.860504
36	15	0.942304
36	19	0.867019
36	38	0.908935
36	43	0.900838
36	52	0.885707
36	66	0.949583
36	128	0.998739
36	144	1.69898
36	164	0.842538
36	167	0.811333
36	174	3.88418
37	32	0.941978
37	61	0.906306
37	73	0.897741
37	74	0.957873
37	75	0.949094
37	76	0.884058
37	90	0.974725
37	92	0.974399
37	126	1.00228
37	139	1.88232
37	159	0.838029
37	177	0.831916
37	178	3.70937
38	13	0.872524
38	14	0.870802
38	15	0.952603
38	18	0.855637
38	19	0.877318
38	36	0.908935
38	43	0.911137
38	52	0.896005
38	66	0.959881
38	146	1.18133
38	164	0.852837
38	167	0.821632
38	170	2.61699
38	178	3.15433
39	50	0.746873
39	107	3.294
39	112	0.822178
39	124	0.822141
39	140	0.826301
39	151	0.761503
39	157	0.719145
39	159	0.722511
39	164	0.757966
39	174	0.725517
39	175	0.719332
39	177	0.716398
39	178	0.714692
39	180	0.71477
40	5	0.785504
40	11	0.87588
40	17	0.890611
40	25	0.747953
40	26	0.866615
40	29	0.757256
40	78	0.820364
40	81	0.812464
40	83	0.769674
40	96	0.845808
40	97	0.845546
40	128	1.40917
40	149	0.803435
40	159	4.20924
41	7	0.911373
41	21	0.909569
41	22	0.98559
41	23	0.906329
41	28	0.905215
41	30	0.904478
41	46	0.981622
41	152	1.68884
41	153	1.7346
41	157	0.845315
41	159	0.848681
41	164	0.884137
41	174	3.05514
42	20	0.812194
42	24	0.889997
42	47	0.888653
42	53	0.845409
42	57	0.835464
42	60	0.83454
42	69	0.892059
42	70	0.891354
42	85	1.81413
42	149	3.38654
42	155	0.796743
42	157	0.760227
43	6	0.951999
43	13	0.864427
43	14	0.862706
43	15	0.944506
43	18	0.84754
43	36	0.900838
43	38	0.911137
43	52	0.887909
43	66	0.951785
43	80	2.16653
43	104	2.53352
43	146	1.86381
43	164	0.84474
43	167	0.813535
44	71	0.938281
44	88	1.06365
44	89	0.892563
44	95	0.894203
44	102	0.872529
44	103	0.92818
44	107	0.919262
44	108	0.92208
44	109	0.862216
44	113	0.903362
44	120	0.885855
44	160	3.17669
44	163	2.3985
44	176	0.804807
45	12	0.799676
45	16	0.802548
45	33	0.854619
45	48	0.852166
45	62	0.815731
45	63	0.811168
45	65	0.818646
45	68	0.874197
45	77	0.853518
45	79	0.840176
45	153	2.84175
45	155	0.776202
45	169	2.99679
45	176	0.729624
46	7	0.911162
46	21	0.909358
46	22	0.985379
46	23	0.906118
46	28	0.905004
46	30	0.904267
46	41	0.981622
46	87	1.79043
46	144	1.14353
46	157	0.845104
46	159	0.84847
46	164	0.883925
46	175	3.65588
47	20	0.88919
47	24	0.966993
47	42	0.888653
47	49	1.49385
47	53	0.922405
47	57	0.91246
47	60	0.911536
47	69	0.969055
47	70	0.96835
47	114	1.94396
47	155	0.873739
47	157	0.837223
47	169	2.85561
48	16	0.884138
48	45	0.852166
48	51	0.905171
48	63	0.892759
48	65	0.900237
48	68	0.955788
48	77	0.935109
48	79	0.921767
48	82	2.09991
48	149	0.893856
48	155	0.857793
48	168	1.42365
48	176	0.811214
48	177	3.60273
49	47	1.49385
49	69	0.262931
49	103	0.993046
49	154	0.929913
49	162	0.919306
49	168	0.892207
49	170	0.86496
49	171	0.897079
49	172	0.868685
49	173	0.868983
49	174	0.862674
49	175	0.856489
49	178	0.851849
49	179	0.842581
49	180	0.851927
50	39	0.746873
50	57	3.48611
50	94	0.745914
50	148	0.824494
50	165	0.728198
50	168	0.77243
50	170	0.745183
50	171	0.777302
50	172	0.748908
50	173	0.749205
50	174	0.742897
50	175	0.736712
50	178	0.732072
50	179	0.722804
50	180	0.73215
51	16	0.855552
51	33	0.907623
51	48	0.905171
51	62	0.868735
51	63	0.864172
51	68	0.927202
51	77	0.906522
51	79	0.893181
51	87	1.74178
51	133	0.894119
51	148	1.11019
51	149	0.86527
51	155	0.829206
51	176	0.782628
51	179	4.21123
52	3	1.23808
52	6	0.936868
52	13	0.849296
52	14	0.847574
52	15	0.929375
52	18	0.832409
52	19	0.854089
52	36	0.885707
52	38	0.896005
52	43	0.887909
52	66	0.936653
52	106	1.75586
52	164	0.829609
52	167	0.798404
52	170	3.26791
53	20	0.845946
53	24	0.923748
53	42	0.845409
53	47	0.922405
53	57	0.869216
53	60	0.868291
53	69	0.92581
53	70	0.925106
53	115	0.885715
53	123	0.897817
53	147	0.900945
53	150	2.70888
53	155	0.830494
53	157	0.793979
53	165	3.69798
54	58	0.878005
54	93	0.879848
54	100	0.871777
54	105	0.911296
54	110	0.903109
54	131	0.874173
54	132	0.912254
54	134	0.872932
54	136	0.897219
54	140	0.909125
54	162	1.49783
54	167	0.809586
54	173	2.80726
54	174	2.93909
54	177	0.799222
55	93	0.861629
55	98	0.845414
55	112	0.886784
55	117	0.87118
55	122	0.88212
55	124	0.886747
55	130	0.865056
55	131	0.855955
55	132	0.894036
55	136	0.879001
55	140	0.890906
55	142	2.61602
55	146	2.10651
55	154	2.70363
55	167	0.791367
55	177	0.781003
56	13	1.27336
56	29	1.42336
56	60	1.54586
56	143	0.817118
56	150	0.874819
56	165	0.854738
56	166	0.848274
56	168	0.898971
56	170	0.871724
56	172	0.875448
56	173	0.875746
56	174	0.869437
56	176	0.853003
56	178	0.858613
56	179	0.849345
56	180	0.858691
57	20	0.836001
57	24	0.913804
57	42	0.835464
57	47	0.91246
57	50	3.48611
57	53	0.869216
57	60	0.858347
57	69	0.915866
57	70	0.915162
57	94	0.793423
57	115	0.875771
57	123	0.887873
57	155	0.82055
57	157	0.784034
57	171	1.06207
57	172	2.25649
58	54	0.878005
58	88	1.87886
58	105	0.89416
58	110	0.885973
58	116	0.867125
58	117	0.872263
58	122	0.883202
58	127	0.840787
58	130	0.866138
58	134	0.855796
58	136	0.880083
58	140	0.891989
58	145	2.38646
58	164	2.97406
58	167	0.79245
58	177	0.782086
59	93	0.858518
59	98	0.842303
59	100	0.850448
59	105	0.889966
59	111	0.888256
59	122	0.879008
59	124	0.883635
59	130	0.861944
59	131	0.852843
59	132	0.890925
59	134	0.851602
59	140	0.887795
59	171	1.91247
59	173	2.59263
59	175	3.05162
59	177	0.777892
60	20	0.835077
60	24	0.91288
60	42	0.83454
60	47	0.911536
60	53	0.868291
60	56	1.54586
60	57	0.858347
60	69	0.914942
60	70	0.914237
60	94	0.792499
60	115	0.874847
60	123	0.886948
60	128	2.25666
60	141	2.1818
60	155	0.819625
60	157	0.78311
61	9	0.83628
61	32	0.887755
61	37	0.906306
61	73	0.843518
61	74	0.90365
61	75	0.894871
61	76	0.829835
61	90	0.920502
61	92	0.920176
61	115	0.872177
61	121	1.43723
61	135	3.41822
61	137	0.864295
61	159	0.783806
61	170	2.82412
61	177	0.777693
62	12	0.844832
62	33	0.899774
62	45	0.815731
62	51	0.868735
62	63	0.856323
62	65	0.863802
62	68	0.919353
62	77	0.898673
62	79	0.885332
62	133	0.88627
62	141	1.18607
62	149	0.857421
62	155	0.821357
62	164	1.97971
62	165	4.77533
62	176	0.774779
63	12	0.840269
63	16	0.84314
63	33	0.895211
63	45	0.811168
63	48	0.892759
63	51	0.864172
63	62	0.856323
63	65	0.859239
63	68	0.91479
63	77	0.89411
63	79	0.880769
63	99	1.10381
63	133	0.881707
63	171	2.33486
63	176	0.770216
63	177	4.1173
64	8	0.940461
64	89	0.866543
64	95	0.868183
64	102	0.84651
64	103	0.90216
64	107	0.893242
64	108	0.896061
64	109	0.836196
64	113	0.877342
64	120	0.859836
64	129	0.809595
64	141	0.893512
64	153	0.829849
64	155	2.92282
64	160	3.3686
64	176	0.778787
65	12	0.847747
65	16	0.850619
65	33	0.90269
65	45	0.818646
65	48	0.900237
65	62	0.863802
65	63	0.859239
65	77	0.901589
65	79	0.888247
65	106	2.63714
65	133	0.889186
65	148	1.88355
65	149	0.860336
65	153	2.7329
65	155	0.824273
65	176	0.777694
66	6	1.00074
66	13	0.913172
66	14	0.91145
66	15	0.993251
66	18	0.896285
66	19	0.917965
66	36	0.949583
66	38	0.959881
66	43	0.951785
66	52	0.936653
66	133	1.09892
66	153	1.72652
66	154	1.5045
66	164	0.893485
66	167	0.86228
66	179	3.97822
67	74	3.79765
67	148	0.810273
67	159	0.725669
67	161	0.803383
67	162	0.785307
67	163	0.762249
67	166	0.707512
67	168	0.758208
67	169	0.744702
67	170	0.730961
67	172	0.734686
67	173	0.734984
67	174	0.728675
67	175	0.72249
67	178	0.71785
67	179	0.708582
67	180	0.717928
68	12	0.903298
68	16	0.90617
68	33	0.958241
68	45	0.874197
68	48	0.955788
68	51	0.927202
68	62	0.919353
68	63	0.91479
68	77	0.95714
68	79	0.943798
68	141	0.761085
68	149	0.915887
68	150	3.35277
68	155	0.879824
68	161	1.33106
68	170	3.14506
68	176	0.833245
69	20	0.892596
69	24	0.970399
69	42	0.892059
69	47	0.969055
69	49	0.262931
69	53	0.92581
69	57	0.915866
69	60	0.914942
69	70	0.971756
69	81	1.47941
69	94	0.850018
69	115	0.932366
69	123	0.944467
69	150	3.09364
69	155	0.877144
69	157	0.840629
69	175	3.11734
70	20	0.891891
70	24	0.969694
70	42	0.891354
70	47	0.96835
70	53	0.925106
70	57	0.915162
70	60	0.914237
70	69	0.971756
70	86	1.13848
70	94	0.849313
70	115	0.931661
70	123	0.943763
70	149	1.56434
70	155	0.87644
70	157	0.839924
70	171	2.27352
70	178	3.7186
71	8	0.98382
71	34	0.938281
71	44	0.938281
71	81	0.913817
71	82	1.96706
71	89	0.909903
71	95	0.911542
71	102	0.889869
71	103	0.945519
71	107	0.936602
71	108	0.93942
71	109	0.879556
71	120	0.903195
71	137	1.08819
71	165	3.792
71	167	2.1175
71	176	0.822146
72	74	1.01405
72	100	1.62851
72	132	0.581122
72	151	0.877384
72	162	0.898029
72	165	0.826698
72	168	0.87093
72	169	0.857424
72	170	0.843683
72	171	0.875802
72	172	0.847408
72	173	0.847706
72	174	0.841397
72	175	0.835212
72	178	0.830572
72	179	0.821305
72	180	0.830651
73	9	0.827716
73	32	0.87919
73	37	0.897741
73	61	0.843518
73	74	0.895085
73	75	0.886307
73	76	0.821271
73	82	0.839626
73	90	0.911937
73	92	0.911611
73	121	2.78161
73	129	0.792621
73	133	2.1246
73	137	0.85573
73	159	0.775241
73	163	2.80933
73	177	0.769128
74	9	0.887847
74	32	0.939322
74	35	0.816109
74	37	0.957873
74	61	0.90365
74	67	3.79765
74	72	1.01405
74	73	0.895085
74	75	0.946438
74	76	0.881402
74	90	0.972069
74	92	0.971743
74	128	1.35245
74	129	0.852753
74	137	0.915862
74	157	2.90692
74	159	0.835373
74	177	0.82926
75	9	0.879069
75	32	0.930544
75	37	0.949094
75	61	0.894871
75	73	0.886307
75	74	0.946438
75	76	0.872624
75	90	0.96329
75	92	0.962964
75	99	1.85274
75	115	0.914965
75	119	1.29316
75	129	0.843974
75	133	1.94764
75	137	0.907083
75	159	0.826594
75	167	3.51384
75	177	0.820481
76	9	0.814033
76	32	0.865508
76	37	0.884058
76	61	0.829835
76	73	0.821271
76	74	0.881402
76	75	0.872624
76	82	0.825943
76	90	0.898254
76	92	0.897928
76	114	1.77094
76	115	0.849929
76	129	0.778938
76	137	0.842047
76	138	2.76803
76	159	0.761558
76	167	3.46615
76	177	0.755445
77	12	0.882618
77	33	0.937561
77	45	0.853518
77	48	0.935109
77	51	0.906522
77	62	0.898673
77	63	0.89411
77	65	0.901589
77	68	0.95714
77	79	0.923118
77	129	3.00435
77	133	0.924057
77	149	0.895208
77	155	0.859144
77	161	1.32603
77	164	1.54123
77	175	3.37144
77	176	0.812566
78	5	0.852952
78	11	0.943328
78	17	0.958059
78	25	0.815401
78	26	0.934064
78	29	0.824704
78	40	0.820364
78	83	0.837122
78	85	0.936745
78	96	0.913256
78	97	0.912995
78	115	0.890041
78	133	0.899733
78	137	0.882159
78	149	0.870884
78	162	1.13865
78	168	1.37128
78	176	3.41436
78	180	3.34018
79	12	0.869277
79	16	0.872148
79	33	0.92422
79	35	3.44868
79	45	0.840176
79	48	0.921767
79	51	0.893181
79	62	0.885332
79	63	0.880769
79	65	0.888247
79	68	0.943798
79	77	0.923118
79	80	1.30059
79	99	1.09451
79	133	0.910716
79	149	0.881866
79	155	0.845803
79	171	2.32556
79	176	0.799224
80	4	1.93288
80	43	2.16653
80	79	1.30059
80	147	0.91933
80	156	0.850632
80	158	0.866244
80	166	0.80889
80	168	0.859587
80	169	0.846081
80	170	0.83234
80	171	0.864458
80	172	0.836064
80	174	0.830053
80	175	0.823869
80	176	0.813619
80	178	0.819228
80	179	0.809961
80	180	0.819307
81	15	2.10935
81	19	2.11124
81	29	0.816804
81	40	0.812464
81	69	1.47941
81	71	0.913817
81	82	0.858155
81	83	0.829222
81	96	0.905356
81	97	0.905095
81	102	0.848065
81	113	0.878898
81	120	0.861391
81	166	0.775613
81	175	0.790592
81	176	0.780342
81	178	0.785952
81	179	0.776684
81	180	0.78603
82	11	1.63303
82	48	2.09991
82	71	1.96706
82	73	0.839626
82	76	0.825943
82	81	0.858155
82	90	0.916609
82	92	0.916284
82	116	0.85884
82	131	0.848752
82	134	0.847511
82	136	0.871798
82	140	0.883703
82	174	0.782919
82	175	0.776735
82	177	0.773801
82	178	0.772094
82	179	0.762827
82	180	0.772173
83	5	0.802262
83	17	0.907369
83	25	0.764712
83	26	0.883374
83	29	0.774014
83	40	0.769674
83	78	0.837122
83	81	0.829222
83	85	0.886055
83	94	0.757004
83	96	0.862566
83	97	0.862305
83	115	0.839351
83	133	0.849043
83	137	0.83147
83	145	1.11578
83	149	0.820194
83	174	3.20644
83	176	4.04089
84	1	2.28406
84	115	0.850672
84	116	0.674746
84	156	0.843299
84	160	0.833704
84	162	0.879352
84	163	0.856294
84	165	0.808022
84	166	0.801557
84	168	0.852254
84	169	0.838748
84	170	0.825007
84	171	0.857126
84	172	0.828731
84	173	0.829029
84	175	0.816536
84	178	0.811896
84	179	0.802628
84	180	0.811974
85	25	0.864335
85	42	1.81413
85	78	0.936745
85	83	0.886055
85	96	0.962189
85	97	0.961928
85	105	1.1257
85	109	0.894584
85	113	0.93573
85	120	0.918224
85	134	0.0979062
85	140	0.10909
85	170	0.855896
85	171	0.888014
85	172	0.85962
85	176	0.837175
85	178	0.842784
85	179	0.833517
85	180	0.842863
86	70	1.13848
86	96	0.798763
86	97	0.708221
86	134	0.713002
86	146	0.967485
86	151	0.895258
86	160	0.870255
86	161	0.933979
86	166	0.838108
86	168	0.888804
86	169	0.875298
86	170	0.861558
86	171	0.893676
86	172	0.865282
86	173	0.86558
86	174	0.859271
86	175	0.853087
86	178	0.848446
86	179	0.839179
86	180	0.848525
87	12	2.46779
87	46	1.79043
87	51	1.74178
87	135	0.836131
87	143	0.758704
87	158	0.847214
87	161	0.885732
87	162	0.867655
87	163	0.844597
87	168	0.840557
87	169	0.827051
87	170	0.81331
87	171	0.845429
87	172	0.817034
87	173	0.817332
87	174	0.811024
87	175	0.804839
87	178	0.800199
87	179	0.790931
87	180	0.800277
88	8	0.975818
88	44	1.06365
88	58	1.87886
88	111	1.1618
88	151	0.89835
88	154	0.929603
88	160	0.873347
88	162	0.918995
88	165	0.847664
88	168	0.891897
88	169	0.878391
88	170	0.86465
88	171	0.896768
88	172	0.868374
88	173	0.868672
88	174	0.862363
88	175	0.856179
88	178	0.851538
88	179	0.842271
88	180	0.851617
89	4	0.846762
89	31	0.920224
89	34	0.892563
89	44	0.892563
89	64	0.866543
89	71	0.909903
89	95	0.865824
89	102	0.844151
89	103	0.899801
89	107	0.890884
89	108	0.893702
89	109	0.833837
89	113	0.874984
89	120	0.857477
89	125	2.80182
89	129	0.807237
89	141	1.07516
89	153	0.82749
89	155	3.10447
89	164	2.53241
89	176	0.776428
90	9	0.904699
90	32	0.956174
90	35	0.832961
90	37	0.974725
90	61	0.920502
90	73	0.911937
90	74	0.972069
90	75	0.96329
90	76	0.898254
90	82	0.916609
90	92	0.988595
90	115	0.940596
90	128	1.34915
90	129	0.869605
90	137	0.932714
90	157	3.6704
90	159	0.852225
90	162	1.0088
90	173	2.31823
90	177	0.846112
90	180	3.21033
91	98	0.841215
91	100	0.84936
91	105	0.888879
91	110	0.880691
91	112	0.882585
91	116	0.861844
91	117	0.866981
91	122	0.877921
91	124	0.882548
91	127	0.835505
91	130	0.860857
91	131	0.851756
91	132	0.889837
91	134	0.850515
91	136	0.874802
91	140	0.886707
91	153	0.820551
91	154	1.89102
91	163	2.17018
91	169	2.26809
91	174	3.43358
92	9	0.904373
92	32	0.955848
92	35	0.832635
92	37	0.974399
92	61	0.920176
92	73	0.911611
92	74	0.971743
92	75	0.962964
92	76	0.897928
92	82	0.916284
92	90	0.988595
92	115	0.94027
92	121	2.46644
92	126	1.68357
92	129	0.869279
92	137	0.932388
92	139	2.56361
92	148	1.58769
92	159	0.851899
92	164	2.25452
92	177	0.845786
93	54	0.879848
93	55	0.861629
93	59	0.858518
93	101	0.903875
93	110	0.887816
93	112	0.889709
93	116	0.868968
93	117	0.874106
93	122	0.885045
93	127	0.84263
93	130	0.867981
93	131	0.85888
93	134	0.857639
93	136	0.881926
93	140	0.893832
93	147	1.42463
93	156	2.97685
93	167	0.794293
93	171	2.23401
93	177	0.783929
93	179	3.97717
94	4	3.19175
94	5	0.772834
94	26	0.853945
94	31	3.10825
94	50	0.745914
94	57	0.793423
94	60	0.792499
94	69	0.850018
94	70	0.849313
94	83	0.757004
94	96	0.833138
94	97	0.832876
94	133	0.819615
94	155	0.754702
94	157	0.718186
94	169	0.740585
94	172	0.730569
94	174	0.724558
94	178	0.713733
94	179	0.704465
94	180	0.713811
95	4	0.848401
95	34	0.894203
95	44	0.894203
95	64	0.868183
95	71	0.911542
95	89	0.865824
95	102	0.84579
95	103	0.901441
95	107	0.892523
95	108	0.895342
95	109	0.835477
95	113	0.876623
95	120	0.859117
95	123	0.891969
95	125	3.08748
95	129	0.808876
95	141	1.36083
95	146	2.18145
95	153	0.82913
95	164	2.81807
95	176	0.778068
96	5	0.878396
96	11	0.968772
96	17	0.983503
96	25	0.840846
96	26	0.959508
96	29	0.850148
96	40	0.845808
96	78	0.913256
96	81	0.905356
96	83	0.862566
96	85	0.962189
96	86	0.798763
96	94	0.833138
96	97	0.938439
96	115	0.915485
96	133	0.925177
96	137	0.907604
96	144	1.09204
96	149	0.896328
96	159	3.19187
96	167	2.8953
96	169	2.11175
97	5	0.878135
97	11	0.968511
97	17	0.983242
97	25	0.840584
97	26	0.959246
97	29	0.849887
97	40	0.845546
97	78	0.912995
97	81	0.905095
97	83	0.862305
97	85	0.961928
97	86	0.708221
97	94	0.832876
97	96	0.938439
97	115	0.915224
97	119	1.24493
97	133	0.924916
97	137	0.907342
97	146	1.04702
97	149	0.896066
97	175	3.51386
97	177	4.15714
98	55	0.845414
98	59	0.842303
98	91	0.841215
98	101	0.88766
98	105	0.879788
98	111	0.878078
98	112	0.873494
98	116	0.852753
98	122	0.86883
98	124	0.873457
98	127	0.826415
98	130	0.851766
98	131	0.842665
98	132	0.880746
98	133	1.19311
98	134	0.841424
98	136	0.865711
98	140	0.877617
98	150	3.44472
98	171	2.32926
98	172	3.52369
98	177	0.767714
99	63	1.10381
99	75	1.85274
99	79	1.09451
99	117	1.70264
99	126	0.93772
99	138	0.892818
99	142	0.912488
99	148	0.918379
99	156	0.857361
99	163	0.870356
99	165	0.822083
99	166	0.815618
99	169	0.852809
99	170	0.839068
99	171	0.871187
99	172	0.842793
99	173	0.84309
99	174	0.836782
99	175	0.830597
99	178	0.825957
99	179	0.816689
99	180	0.826035
100	54	0.871777
100	59	0.850448
100	72	1.62851
100	91	0.84936
100	101	0.895805
100	112	0.881639
100	116	0.860898
100	117	0.866035
100	122	0.876975
100	127	0.834559
100	130	0.859911
100	131	0.85081
100	132	0.888891
100	134	0.849569
100	136	0.873856
100	140	0.885761
100	144	1.94673
100	153	0.819605
100	162	2.69066
100	167	0.786222
100	169	2.96643
100	177	0.775859
101	93	0.903875
101	98	0.88766
101	100	0.895805
101	110	0.927136
101	111	0.933613
101	117	0.913426
101	122	0.924365
101	124	0.928992
101	127	0.88195
101	130	0.907301
101	131	0.8982
101	132	0.936281
101	134	0.896959
101	136	0.921246
101	138	1.57885
101	139	1.46495
101	140	0.933152
101	153	0.866995
101	155	1.72792
101	172	3.04135
101	176	3.49336
101	177	0.823249
102	8	0.918069
102	31	0.900191
102	34	0.872529
102	44	0.872529
102	64	0.84651
102	71	0.889869
102	81	0.848065
102	89	0.844151
102	95	0.84579
102	103	0.879767
102	107	0.87085
102	108	0.873668
102	109	0.813804
102	113	0.85495
102	118	2.18498
102	120	0.837443
102	123	0.870295
102	153	0.807456
102	155	2.23716
102	167	2.78622
102	173	3.03633
102	176	0.756394
103	4	0.882378
103	8	0.973719
103	27	1.23423
103	31	0.955841
103	34	0.92818
103	44	0.92818
103	49	0.993046
103	64	0.90216
103	71	0.945519
103	89	0.899801
103	95	0.901441
103	102	0.879767
103	107	0.9265
103	108	0.929319
103	109	0.869454
103	113	0.9106
103	120	0.893094
103	138	2.44023
103	144	1.33509
103	153	0.863107
103	173	3.38846
103	176	0.812045
104	43	2.53352
104	115	1.48577
104	124	1.17804
104	138	0.845773
104	143	0.737417
104	146	0.897951
104	149	0.855945
104	160	0.800721
104	162	0.846369
104	163	0.823311
104	166	0.768574
104	167	0.790982
104	168	0.81927
104	169	0.805764
104	170	0.792023
104	171	0.824142
104	172	0.795748
104	173	0.796046
104	174	0.789737
104	175	0.783552
104	178	0.778912
104	179	0.769645
104	180	0.778991
105	54	0.911296
105	58	0.89416
105	59	0.889966
105	85	1.1257
105	91	0.888879
105	98	0.879788
105	110	0.919264
105	114	2.14213
105	116	0.900416
105	117	0.905554
105	122	0.916494
105	124	0.92112
105	127	0.874078
105	128	1.33383
105	130	0.899429
105	131	0.890329
105	132	0.92841
105	134	0.889087
105	140	0.92528
105	152	2.85297
105	161	2.50103
105	167	0.825741
105	177	0.815377
106	52	1.75586
106	65	2.63714
106	118	0.830409
106	132	1.66824
106	145	0.904398
106	149	0.84678
106	150	0.785954
106	151	0.816559
106	158	0.816764
106	161	0.855281
106	162	0.837205
106	163	0.814147
106	166	0.759409
106	169	0.7966
106	170	0.782859
106	171	0.814978
106	172	0.786584
106	173	0.786881
106	174	0.780573
106	175	0.774388
106	178	0.769748
106	179	0.76048
106	180	0.769826
107	4	0.873461
107	8	0.964801
107	31	0.946924
107	34	0.919262
107	39	3.294
107	44	0.919262
107	64	0.893242
107	71	0.936602
107	89	0.890884
107	95	0.892523
107	102	0.87085
107	103	0.9265
107	108	0.920401
107	109	0.860537
107	113	0.901683
107	120	0.884176
107	129	0.833936
107	149	1.12218
107	151	2.2779
107	153	0.854189
107	161	0.925096
107	172	3.02578
107	176	0.803127
108	4	0.876279
108	31	0.949742
108	34	0.92208
108	44	0.92208
108	64	0.896061
108	71	0.93942
108	89	0.893702
108	95	0.895342
108	102	0.873668
108	103	0.929319
108	107	0.920401
108	109	0.863355
108	113	0.904501
108	120	0.886994
108	123	0.919847
108	129	0.836754
108	149	1.57277
108	153	0.857007
108	157	3.53846
108	158	1.69054
108	172	2.70056
108	176	0.805946
108	180	3.07839
109	4	0.816415
109	8	0.907755
109	31	0.889877
109	34	0.862216
109	44	0.862216
109	64	0.836196
109	71	0.879556
109	85	0.894584
109	89	0.833837
109	95	0.835477
109	102	0.813804
109	103	0.869454
109	107	0.860537
109	108	0.863355
109	113	0.844637
109	120	0.82713
109	123	0.859982
109	153	0.797143
109	157	3.98422
109	161	1.04564
109	171	1.95189
109	176	0.746081
109	179	3.69504
110	54	0.903109
110	58	0.885973
110	91	0.880691
110	93	0.887816
110	101	0.927136
110	105	0.919264
110	112	0.91297
110	116	0.892229
110	122	0.908306
110	124	0.912933
110	127	0.86589
110	131	0.882141
110	132	0.920222
110	134	0.8809
110	136	0.905187
110	140	0.917092
110	148	0.905989
110	151	1.85694
110	153	0.850936
110	166	3.95952
110	167	0.817554
110	173	2.09055
110	178	2.85548
111	1	0.867636
111	59	0.888256
111	88	1.1618
111	98	0.878078
111	101	0.933613
111	112	0.919447
111	116	0.898706
111	117	0.903844
111	122	0.914784
111	124	0.919411
111	127	0.872368
111	129	3.72012
111	130	0.89772
111	131	0.888619
111	132	0.9267
111	134	0.887377
111	136	0.911664
111	140	0.92357
111	145	1.66939
111	154	2.21748
111	161	2.0418
111	167	0.824031
111	177	0.813667
112	10	0.0414307
112	39	0.822178
112	55	0.886784
112	91	0.882585
112	93	0.889709
112	98	0.873494
112	100	0.881639
112	110	0.91297
112	111	0.919447
112	116	0.894122
112	122	0.9102
112	124	0.914827
112	125	1.0886
112	127	0.867784
112	130	0.893136
112	131	0.884035
112	134	0.882793
112	135	3.01211
112	136	0.90708
112	140	0.918986
112	166	4.05938
112	167	0.819447
112	177	0.809083
112	178	2.95534
113	4	0.857561
113	8	0.948901
113	31	0.931024
113	34	0.903362
113	44	0.903362
113	64	0.877342
113	81	0.878898
113	85	0.93573
113	89	0.874984
113	95	0.876623
113	102	0.85495
113	103	0.9106
113	107	0.901683
113	108	0.904501
113	109	0.844637
113	120	0.868276
113	123	0.901128
113	152	1.27581
113	153	0.838289
113	154	1.09955
113	158	2.01454
113	165	3.93468
113	176	0.787227
113	177	3.61256
114	15	1.34298
114	47	1.94396
114	76	1.77094
114	105	2.14213
114	125	0.896679
114	150	0.831864
114	156	0.847061
114	158	0.862673
114	160	0.837466
114	161	0.90119
114	163	0.860056
114	166	0.805319
114	168	0.856015
114	169	0.842509
114	170	0.828769
114	171	0.860887
114	172	0.832493
114	173	0.832791
114	174	0.826482
114	175	0.820298
114	176	0.810048
114	178	0.815657
114	179	0.80639
114	180	0.815736
115	53	0.885715
115	57	0.875771
115	60	0.874847
115	61	0.872177
115	69	0.932366
115	70	0.931661
115	75	0.914965
115	76	0.849929
115	78	0.890041
115	83	0.839351
115	84	0.850672
115	90	0.940596
115	92	0.94027
115	96	0.915485
115	97	0.915224
115	104	1.48577
115	125	1.72209
115	137	0.884389
115	149	0.873113
115	155	0.83705
115	157	0.800534
115	160	2.47053
115	175	3.2829
115	177	0.797787
116	58	0.867125
116	82	0.85884
116	84	0.674746
116	91	0.861844
116	93	0.868968
116	98	0.852753
116	100	0.860898
116	105	0.900416
116	110	0.892229
116	111	0.898706
116	112	0.894122
116	119	0.941886
116	122	0.889459
116	124	0.894086
116	127	0.847043
116	130	0.872395
116	131	0.863294
116	132	0.901375
116	134	0.862052
116	135	3.46967
116	136	0.886339
116	140	0.898245
116	167	0.798706
116	174	2.77981
116	175	3.10697
117	1	0.847448
117	55	0.87118
117	58	0.872263
117	91	0.866981
117	93	0.874106
117	99	1.70264
117	100	0.866035
117	101	0.913426
117	105	0.905554
117	111	0.903844
117	123	0.900065
117	124	0.899223
117	130	0.877532
117	131	0.868431
117	132	0.906512
117	133	1.79754
117	134	0.86719
117	136	0.891477
117	140	0.903382
117	145	1.65502
117	149	2.22451
117	153	0.837226
117	167	0.803843
117	173	3.61385
117	177	0.79348
118	18	2.21857
118	102	2.18498
118	106	0.830409
118	123	2.23492
118	139	0.830115
118	147	0.860654
118	150	0.776759
118	154	0.838616
118	156	0.791956
118	158	0.807568
118	161	0.846085
118	162	0.828009
118	163	0.804951
118	165	0.756678
118	168	0.80091
118	169	0.787404
118	171	0.805782
118	172	0.777388
118	173	0.777686
118	174	0.771377
118	175	0.765192
118	177	0.762258
118	178	0.760552
118	179	0.751284
118	180	0.76063
119	9	1.80131
119	25	2.51871
119	75	1.29316
119	97	1.24493
119	116	0.941886
119	139	0.903233
119	141	0.974802
119	152	0.896744
119	158	0.880686
119	160	0.855479
119	161	0.919203
119	162	0.901127
119	163	0.878069
119	165	0.829796
119	166	0.823332
119	168	0.874028
119	169	0.860522
119	170	0.846782
119	171	0.8789
119	172	0.850506
119	173	0.850804
119	174	0.844495
119	175	0.838311
119	178	0.83367
119	179	0.824403
119	180	0.833749
120	4	0.840054
120	8	0.931395
120	31	0.913517
120	34	0.885855
120	44	0.885855
120	64	0.859836
120	71	0.903195
120	81	0.861391
120	85	0.918224
120	89	0.857477
120	95	0.859117
120	102	0.837443
120	103	0.893094
120	107	0.884176
120	108	0.886994
120	109	0.82713
120	113	0.868276
120	123	0.883622
120	129	0.800529
120	144	1.70282
120	147	1.50969
120	153	0.820783
120	160	3.40281
120	163	2.62461
120	169	2.72252
120	176	0.769721
121	26	1.41473
121	61	1.43723
121	73	2.78161
121	92	2.46644
121	125	0.862844
121	139	0.851385
121	145	0.916473
121	146	0.900861
121	147	0.881924
121	150	0.798029
121	154	0.859886
121	156	0.813226
121	160	0.803631
121	162	0.849279
121	163	0.826221
121	166	0.771484
121	168	0.82218
121	169	0.808674
121	170	0.794934
121	171	0.827052
121	172	0.798658
121	173	0.798956
121	174	0.792647
121	175	0.786462
121	178	0.781822
121	179	0.772555
121	180	0.781901
122	55	0.88212
122	58	0.883202
122	59	0.879008
122	91	0.877921
122	93	0.885045
122	98	0.86883
122	100	0.876975
122	101	0.924365
122	105	0.916494
122	110	0.908306
122	111	0.914784
122	112	0.9102
122	116	0.889459
122	124	0.910163
122	126	1.26987
122	127	0.86312
122	130	0.888472
122	131	0.879371
122	132	0.917452
122	134	0.878129
122	136	0.902417
122	138	2.26382
122	140	0.914322
122	142	1.7137
122	145	1.25322
122	156	3.27472
122	177	0.804419
122	180	4.10414
123	53	0.897817
123	57	0.887873
123	60	0.886948
123	69	0.944467
123	70	0.943763
123	95	0.891969
123	102	0.870295
123	108	0.919847
123	109	0.859982
123	113	0.901128
123	117	0.900065
123	118	2.23492
123	120	0.883622
123	124	0.915632
123	127	0.868589
123	130	0.893941
123	131	0.88484
123	132	0.922921
123	136	0.907886
123	140	0.919791
123	142	1.58792
123	146	1.07842
123	152	1.8518
123	155	0.849151
123	157	0.812635
123	168	2.00947
123	176	0.802573
123	180	3.97837
124	2	2.75492
124	3	0.713944
124	39	0.822141
124	55	0.886747
124	59	0.883635
124	91	0.882548
124	98	0.873457
124	101	0.928992
124	104	1.17804
124	105	0.92112
124	110	0.912933
124	111	0.919411
124	112	0.914827
124	116	0.894086
124	117	0.899223
124	122	0.910163
124	123	0.915632
124	127	0.867747
124	131	0.883998
124	132	0.922079
124	134	0.882756
124	136	0.907044
124	140	0.918949
124	151	2.28257
124	167	0.81941
124	168	1.43938
124	170	2.74377
124	177	0.809046
125	2	0.822719
125	89	2.80182
125	95	3.08748
125	112	1.0886
125	114	0.896679
125	115	1.72209
125	121	0.862844
125	138	0.847774
125	142	0.867444
125	143	0.739418
125	144	0.910786
125	150	0.797119
125	151	0.827724
125	156	0.812316
125	160	0.802721
125	163	0.825311
125	165	0.777038
125	166	0.770574
125	168	0.821271
125	169	0.807765
125	170	0.794024
125	171	0.826143
125	172	0.797748
125	173	0.798046
125	174	0.791737
125	175	0.785553
125	178	0.780913
125	179	0.771645
125	180	0.780991
126	16	2.74427
126	37	1.00228
126	92	1.68357
126	99	0.93772
126	122	1.26987
126	140	1.12866
126	143	0.770158
126	144	0.941527
126	146	0.930692
126	154	0.889717
126	156	0.843057
126	158	0.858669
126	161	0.897186
126	162	0.87911
126	163	0.856052
126	165	0.807779
126	166	0.801315
126	168	0.852012
126	169	0.838505
126	170	0.824765
126	171	0.856883
126	173	0.828787
126	174	0.822478
126	175	0.816294
126	176	0.806044
126	177	0.81336
126	178	0.811653
126	179	0.802386
126	180	0.811732
127	1	0.815972
127	58	0.840787
127	91	0.835505
127	93	0.84263
127	98	0.826415
127	100	0.834559
127	101	0.88195
127	105	0.874078
127	110	0.86589
127	111	0.872368
127	112	0.867784
127	116	0.847043
127	122	0.86312
127	123	0.868589
127	124	0.867747
127	130	0.846056
127	131	0.836955
127	132	0.875036
127	134	0.835714
127	136	0.860001
127	137	2.07667
127	140	0.871906
127	147	1.9375
127	153	0.80575
127	161	2.59757
127	162	2.87455
127	167	0.772367
127	171	3.50383
127	177	0.762004
128	36	0.998739
128	40	1.40917
128	60	2.25666
128	74	1.35245
128	90	1.34915
128	105	1.33383
128	138	0.912549
128	139	0.915251
128	145	0.980338
128	148	0.93811
128	150	0.861895
128	152	0.908762
128	154	0.923752
128	158	0.892704
128	161	0.931221
128	163	0.890087
128	165	0.841814
128	166	0.835349
128	168	0.886046
128	169	0.87254
128	170	0.858799
128	171	0.890918
128	172	0.862524
128	173	0.862822
128	174	0.856513
128	175	0.850328
128	178	0.845688
128	179	0.83642
128	180	0.845766
129	31	0.863277
129	64	0.809595
129	73	0.792621
129	74	0.852753
129	75	0.843974
129	76	0.778938
129	77	3.00435
129	89	0.807237
129	90	0.869605
129	92	0.869279
129	95	0.808876
129	107	0.833936
129	108	0.836754
129	111	3.72012
129	120	0.800529
129	130	1.31079
129	155	0.766059
129	160	0.746899
129	169	0.751942
129	170	0.738201
129	172	0.741926
129	173	0.742223
129	175	0.72973
129	176	0.71948
129	177	0.726796
129	178	0.72509
129	179	0.715822
129	180	0.725168
130	1	0.841324
130	55	0.865056
130	58	0.866138
130	59	0.861944
130	91	0.860857
130	93	0.867981
130	98	0.851766
130	100	0.859911
130	101	0.907301
130	105	0.899429
130	111	0.89772
130	112	0.893136
130	116	0.872395
130	117	0.877532
130	122	0.888472
130	123	0.893941
130	127	0.846056
130	129	1.31079
130	131	0.862307
130	132	0.900388
130	134	0.861065
130	136	0.885353
130	140	0.897258
130	141	1.81514
130	143	11.1
130	144	1.08413
130	153	0.831102
130	167	0.797719
130	172	1.73322
130	176	2.18516
130	177	0.787355
131	1	0.832223
131	35	0.765104
131	54	0.874173
131	55	0.855955
131	59	0.852843
131	82	0.848752
131	91	0.851756
131	93	0.85888
131	98	0.842665
131	100	0.85081
131	101	0.8982
131	105	0.890329
131	110	0.882141
131	111	0.888619
131	112	0.884035
131	116	0.863294
131	117	0.868431
131	122	0.879371
131	123	0.88484
131	124	0.883998
131	127	0.836955
131	130	0.862307
131	132	0.891287
131	136	0.876252
131	139	2.00909
131	140	0.888157
131	155	2.27206
131	156	3.13389
131	158	2.57547
131	159	3.11768
131	163	1.93965
131	177	0.778254
132	1	0.870304
132	35	0.803185
132	54	0.912254
132	55	0.894036
132	59	0.890925
132	72	0.581122
132	91	0.889837
132	98	0.880746
132	100	0.888891
132	101	0.936281
132	105	0.92841
132	106	1.66824
132	110	0.920222
132	111	0.9267
132	116	0.901375
132	117	0.906512
132	122	0.917452
132	123	0.922921
132	124	0.922079
132	127	0.875036
132	130	0.900388
132	131	0.891287
132	134	0.890046
132	136	0.914333
132	140	0.926238
132	145	0.993879
132	149	1.56337
132	153	0.860082
132	171	2.27254
132	173	2.9527
132	177	0.816336
132	179	4.0157
133	5	0.864873
133	25	0.827323
133	29	0.836625
133	31	1.73819
133	51	0.894119
133	62	0.88627
133	63	0.881707
133	65	0.889186
133	66	1.09892
133	73	2.1246
133	75	1.94764
133	77	0.924057
133	78	0.899733
133	79	0.910716
133	83	0.849043
133	94	0.819615
133	96	0.925177
133	97	0.924916
133	98	1.19311
133	117	1.79754
133	137	0.894081
133	149	0.882805
133	157	0.810225
133	158	0.852788
133	166	0.795434
133	171	0.851002
133	172	0.822608
133	173	0.822906
133	175	0.810413
133	176	0.800163
133	178	0.805772
133	179	0.796505
133	180	0.805851
134	1	0.830982
134	35	0.763862
134	54	0.872932
134	58	0.855796
134	59	0.851602
134	82	0.847511
134	85	0.0979062
134	86	0.713002
134	91	0.850515
134	93	0.857639
134	98	0.841424
134	100	0.849569
134	101	0.896959
134	105	0.889087
134	110	0.8809
134	111	0.887377
134	112	0.882793
134	116	0.862052
134	117	0.86719
134	122	0.878129
134	124	0.882756
134	127	0.835714
134	130	0.861065
134	132	0.890046
134	136	0.87501
134	140	0.886916
134	151	2.82603
134	153	0.820759
134	162	1.75021
134	167	0.787377
134	176	4.02592
134	177	0.777013
134	179	4.12264
135	35	0.724379
135	61	3.41822
135	87	0.836131
135	112	3.01211
135	116	3.46967
135	139	0.805386
135	141	0.876955
135	143	0.694328
135	145	0.870474
135	146	0.854862
135	147	0.835925
135	150	0.75203
135	152	0.798897
135	156	0.767227
135	157	0.740276
135	159	0.743642
135	160	0.757632
135	162	0.80328
135	163	0.780222
135	165	0.731949
135	166	0.725485
135	168	0.776181
135	169	0.762675
135	170	0.748935
135	171	0.781053
135	172	0.752659
135	173	0.752957
135	174	0.746648
135	175	0.740463
135	177	0.737529
135	178	0.735823
135	179	0.726556
135	180	0.735902
136	1	0.855269
136	35	0.78815
136	54	0.897219
136	55	0.879001
136	58	0.880083
136	82	0.871798
136	91	0.874802
136	93	0.881926
136	98	0.865711
136	100	0.873856
136	101	0.921246
136	110	0.905187
136	111	0.911664
136	112	0.90708
136	116	0.886339
136	117	0.891477
136	122	0.902417
136	123	0.907886
136	124	0.907044
136	127	0.860001
136	130	0.885353
136	131	0.876252
136	132	0.914333
136	134	0.87501
136	140	0.911203
136	142	1.1364
136	153	0.845046
136	154	1.22401
136	155	1.83558
136	159	2.68121
136	160	2.28137
136	166	4.50371
136	167	0.811664
136	172	3.14901
137	5	0.8473
137	6	0.967066
137	11	0.937676
137	22	1.19532
137	23	2.59499
137	28	2.27777
137	29	0.819052
137	61	0.864295
137	71	1.08819
137	73	0.85573
137	74	0.915862
137	75	0.907083
137	76	0.842047
137	78	0.882159
137	83	0.83147
137	90	0.932714
137	92	0.932388
137	96	0.907604
137	97	0.907342
137	115	0.884389
137	127	2.07667
137	133	0.894081
137	152	0.851273
137	159	0.796018
137	168	0.828557
137	169	0.815051
137	172	0.805035
137	173	0.805332
137	174	0.799024
137	175	0.792839
137	177	0.789905
137	178	0.788199
137	179	0.778931
137	180	0.788277
138	20	1.74907
138	76	2.76803
138	99	0.892818
138	101	1.57885
138	103	2.44023
138	104	0.845773
138	122	2.26382
138	125	0.847774
138	128	0.912549
138	139	0.836315
138	142	0.853283
138	143	0.725257
138	145	0.901402
138	147	0.866854
138	148	0.859174
138	150	0.782958
138	151	0.813563
138	152	0.829826
138	156	0.798156
138	158	0.813768
138	161	0.852285
138	163	0.811151
138	164	0.810027
138	165	0.762878
138	167	0.778822
138	168	0.80711
138	169	0.793604
138	170	0.779863
138	171	0.811982
138	172	0.783588
138	173	0.783886
138	174	0.777577
138	175	0.771392
138	178	0.766752
138	179	0.757484
138	180	0.76683
139	37	1.88232
139	92	2.56361
139	101	1.46495
139	118	0.830115
139	119	0.903233
139	121	0.851385
139	128	0.915251
139	131	2.00909
139	135	0.805386
139	138	0.836315
139	140	2.0087
139	141	0.910585
139	142	0.855985
139	143	0.727959
139	147	0.869555
139	150	0.78566
139	151	0.816265
139	152	0.832527
139	154	0.847518
139	156	0.800857
139	158	0.816469
139	160	0.791262
139	161	0.854986
139	165	0.765579
139	166	0.759115
139	168	0.809812
139	169	0.796306
139	170	0.782565
139	171	0.814683
139	172	0.786289
139	173	0.786587
139	174	0.780278
139	175	0.774094
139	178	0.769453
139	179	0.760186
139	180	0.769532
140	1	0.867174
140	39	0.826301
140	54	0.909125
140	55	0.890906
140	58	0.891989
140	59	0.887795
140	82	0.883703
140	85	0.10909
140	91	0.886707
140	93	0.893832
140	98	0.877617
140	100	0.885761
140	101	0.933152
140	105	0.92528
140	110	0.917092
140	111	0.92357
140	112	0.918986
140	116	0.898245
140	117	0.903382
140	122	0.914322
140	123	0.919791
140	124	0.918949
140	126	1.12866
140	127	0.871906
140	130	0.897258
140	131	0.888157
140	132	0.926238
140	134	0.886916
140	136	0.911203
140	139	2.0087
140	145	1.112
140	163	1.93926
140	167	0.82357
140	168	1.99403
140	170	3.29841
140	177	0.813206
140	180	3.96293
141	21	2.1264
141	60	2.1818
141	62	1.18607
141	64	0.893512
141	68	0.761085
141	89	1.07516
141	95	1.36083
141	119	0.974802
141	130	1.81514
141	135	0.876955
141	139	0.910585
141	143	0.799527
141	144	0.970896
141	145	0.975673
141	146	0.960061
141	147	0.941124
141	148	0.933445
141	150	0.857229
141	151	0.887834
141	152	0.904096
141	154	0.919086
141	158	0.888038
141	161	0.926555
141	162	0.908479
141	163	0.885421
141	165	0.837148
141	166	0.830684
141	168	0.88138
141	169	0.867874
141	170	0.854134
141	171	0.886252
141	172	0.857858
141	173	0.858156
141	174	0.851847
141	175	0.845663
141	178	0.841022
141	179	0.831755
141	180	0.841101
142	17	2.07122
142	24	2.27473
142	55	2.61602
142	99	0.912488
142	122	1.7137
142	123	1.58792
142	125	0.867444
142	136	1.1364
142	138	0.853283
142	139	0.855985
142	143	0.744927
142	144	0.916296
142	145	0.921072
142	146	0.905461
142	147	0.886524
142	148	0.878844
142	150	0.802628
142	151	0.833233
142	152	0.849496
142	154	0.864486
142	156	0.817826
142	157	0.790875
142	159	0.794241
142	161	0.871955
142	162	0.853879
142	165	0.782548
142	166	0.776083
142	168	0.82678
142	169	0.813274
142	170	0.799533
142	171	0.831652
142	172	0.803258
142	173	0.803555
142	174	0.797247
142	175	0.791062
142	178	0.786422
142	179	0.777154
142	180	0.7865
143	3	0.793367
143	56	0.817118
143	87	0.758704
143	104	0.737417
143	125	0.739418
143	126	0.770158
143	130	11.1
143	135	0.694328
143	138	0.725257
143	139	0.727959
143	141	0.799527
143	142	0.744927
143	144	0.788269
143	145	0.793046
143	147	0.758497
143	148	0.750818
143	151	0.705207
143	152	0.72147
143	154	0.73646
143	155	0.699365
143	156	0.6898
143	158	0.705412
143	161	0.743929
143	162	0.725852
143	163	0.702795
143	165	0.654522
143	168	0.698754
143	169	0.685248
143	170	0.671507
143	171	0.703626
143	172	0.675232
143	173	0.675529
143	174	0.669221
143	175	0.663036
143	178	0.658396
143	179	0.649128
143	180	0.658474
144	32	1.99668
144	36	1.69898
144	46	1.14353
144	96	1.09204
144	100	1.94673
144	103	1.33509
144	120	1.70282
144	125	0.910786
144	126	0.941527
144	130	1.08413
144	141	0.970896
144	142	0.916296
144	143	0.788269
144	146	0.948803
144	147	0.929866
144	148	0.922187
144	150	0.845971
144	151	0.876576
144	152	0.892838
144	154	0.907828
144	156	0.861168
144	158	0.87678
144	159	0.837583
144	160	0.851573
144	161	0.915297
144	162	0.897221
144	163	0.874163
144	164	0.873039
144	167	0.841834
144	168	0.870122
144	169	0.856616
144	170	0.842876
144	171	0.874994
144	172	0.8466
144	173	0.846898
144	174	0.840589
144	175	0.834405
144	178	0.829764
144	179	0.820497
144	180	0.829843
145	24	1.81425
145	58	2.38646
145	83	1.11578
145	106	0.904398
145	111	1.66939
145	117	1.65502
145	121	0.916473
145	122	1.25322
145	128	0.980338
145	132	0.993879
145	135	0.870474
145	138	0.901402
145	140	1.112
145	141	0.975673
145	142	0.921072
145	143	0.793046
145	148	0.926964
145	150	0.850748
145	151	0.881353
145	152	0.897615
145	154	0.912605
145	156	0.865945
145	158	0.881557
145	160	0.85635
145	161	0.920074
145	163	0.87894
145	165	0.830667
145	166	0.824203
145	167	0.846611
145	168	0.874899
145	169	0.861393
145	170	0.847653
145	171	0.879771
145	172	0.851377
145	173	0.851675
145	174	0.845366
145	175	0.839181
145	178	0.834541
145	179	0.825274
145	180	0.83462
146	22	1.2948
146	31	1.54666
146	38	1.18133
146	43	1.86381
146	55	2.10651
146	86	0.967485
146	95	2.18145
146	97	1.04702
146	104	0.897951
146	121	0.900861
146	123	1.07842
146	126	0.930692
146	135	0.854862
146	141	0.960061
146	142	0.905461
146	144	0.948803
146	147	0.919031
146	148	0.911352
146	150	0.835136
146	152	0.882004
146	153	0.864382
146	154	0.896994
146	156	0.850333
146	158	0.865945
146	160	0.840738
146	161	0.904463
146	162	0.886386
146	163	0.863328
146	165	0.815056
146	166	0.808591
146	168	0.859288
146	169	0.845782
146	170	0.832041
146	171	0.86416
146	172	0.835765
146	173	0.836063
146	174	0.829755
146	175	0.82357
146	178	0.81893
146	179	0.809662
146	180	0.819008
147	7	2.28372
147	16	2.43995
147	32	1.80356
147	53	0.900945
147	80	0.91933
147	93	1.42463
147	118	0.860654
147	120	1.50969
147	121	0.881924
147	127	1.9375
147	135	0.835925
147	138	0.866854
147	139	0.869555
147	141	0.941124
147	142	0.886524
147	143	0.758497
147	144	0.929866
147	146	0.919031
147	148	0.892415
147	150	0.816199
147	152	0.863066
147	153	0.845445
147	154	0.878056
147	156	0.831396
147	157	0.804445
147	160	0.821801
147	162	0.867449
147	163	0.844391
147	166	0.789654
147	168	0.84035
147	169	0.826844
147	170	0.813104
147	171	0.845222
147	172	0.816828
147	173	0.817126
147	174	0.810817
147	175	0.804633
147	176	0.794383
147	178	0.799992
147	179	0.790725
147	180	0.800071
148	17	1.53151
148	21	2.91682
148	23	2.66426
148	50	0.824494
148	51	1.11019
148	65	1.88355
148	67	0.810273
148	92	1.58769
148	99	0.918379
148	110	0.905989
148	128	0.93811
148	138	0.859174
148	141	0.933445
148	142	0.878844
148	143	0.750818
148	144	0.922187
148	145	0.926964
148	146	0.911352
148	147	0.892415
148	151	0.839125
148	152	0.855387
148	154	0.870377
148	156	0.823717
148	158	0.839329
148	160	0.814122
148	162	0.85977
148	163	0.836712
148	164	0.835588
148	165	0.788439
148	166	0.781975
148	168	0.832671
148	169	0.819165
148	170	0.805425
148	171	0.837543
148	172	0.809149
148	173	0.809447
148	174	0.803138
148	175	0.796953
148	176	0.786704
148	178	0.792313
148	179	0.783046
148	180	0.792392
149	5	0.836024
149	16	0.844238
149	17	0.941131
149	25	0.798473
149	26	0.917135
149	29	0.807776
149	34	1.16629
149	40	0.803435
149	42	3.38654
149	48	0.893856
149	51	0.86527
149	62	0.857421
149	65	0.860336
149	68	0.915887
149	70	1.56434
149	77	0.895208
149	78	0.870884
149	79	0.881866
149	83	0.820194
149	96	0.896328
149	97	0.896066
149	104	0.855945
149	106	0.84678
149	107	1.12218
149	108	1.57277
149	115	0.873113
149	117	2.22451
149	132	1.56337
149	133	0.882805
149	155	0.817892
149	160	0.798732
149	161	0.862456
149	165	0.773049
149	169	0.803775
149	171	0.822153
149	173	0.794057
149	174	0.787748
149	175	0.781563
149	176	0.771314
149	178	0.776923
149	179	0.767656
149	180	0.777002
150	53	2.70888
150	56	0.874819
150	68	3.35277
150	69	3.09364
150	98	3.44472
150	106	0.785954
150	114	0.831864
150	118	0.776759
150	121	0.798029
150	125	0.797119
150	128	0.861895
150	135	0.75203
150	138	0.782958
150	139	0.78566
150	141	0.857229
150	142	0.802628
150	144	0.845971
150	145	0.850748
150	146	0.835136
150	147	0.816199
150	151	0.762909
150	154	0.794161
150	156	0.747501
150	158	0.763113
150	160	0.737906
150	161	0.80163
150	162	0.783554
150	163	0.760496
150	165	0.712223
150	166	0.705759
150	168	0.756455
150	169	0.742949
150	170	0.729209
150	171	0.761327
150	172	0.732933
150	173	0.733231
150	174	0.726922
150	175	0.720738
150	177	0.717803
150	178	0.716097
150	179	0.70683
150	180	0.716176
151	19	3.05656
151	39	0.761503
151	72	0.877384
151	86	0.895258
151	88	0.89835
151	106	0.816559
151	107	2.2779
151	110	1.85694
151	124	2.28257
151	125	0.827724
151	134	2.82603
151	138	0.813563
151	139	0.816265
151	141	0.887834
151	142	0.833233
151	143	0.705207
151	144	0.876576
151	145	0.881353
151	148	0.839125
151	150	0.762909
151	152	0.809776
151	156	0.778106
151	158	0.793718
151	160	0.768511
151	161	0.832235
151	162	0.814159
151	163	0.791101
151	165	0.742828
151	166	0.736364
151	168	0.78706
151	169	0.773554
151	170	0.759814
151	171	0.791932
151	172	0.763538
151	173	0.763836
151	174	0.757527
151	175	0.751342
151	177	0.748408
151	178	0.746702
151	179	0.737435
151	180	0.746781
152	1	3.02282
152	8	2.20777
152	41	1.68884
152	105	2.85297
152	113	1.27581
152	119	0.896744
152	123	1.8518
152	128	0.908762
152	135	0.798897
152	137	0.851273
152	138	0.829826
152	139	0.832527
152	141	0.904096
152	142	0.849496
152	143	0.72147
152	144	0.892838
152	145	0.897615
152	146	0.882004
152	147	0.863066
152	148	0.855387
152	151	0.809776
152	153	0.808417
152	154	0.841029
152	158	0.80998
152	159	0.770784
152	160	0.784773
152	161	0.848498
152	163	0.807363
152	165	0.759091
152	166	0.752626
152	167	0.775035
152	168	0.803323
152	169	0.789817
152	170	0.776076
152	171	0.808195
152	172	0.7798
152	173	0.780098
152	174	0.77379
152	175	0.767605
152	177	0.764671
152	178	0.762965
152	179	0.753697
152	180	0.763043
153	4	0.810067
153	5	2.78184
153	33	1.98238
153	41	1.7346
153	45	2.84175
153	64	0.829849
153	65	2.7329
153	66	1.72652
153	89	0.82749
153	91	0.820551
153	95	0.82913
153	100	0.819605
153	101	0.866995
153	102	0.807456
153	103	0.863107
153	107	0.854189
153	108	0.857007
153	109	0.797143
153	110	0.850936
153	113	0.838289
153	117	0.837226
153	120	0.820783
153	127	0.80575
153	130	0.831102
153	132	0.860082
153	134	0.820759
153	136	0.845046
153	146	0.864382
153	147	0.845445
153	152	0.808417
153	160	0.767152
153	161	0.830876
153	162	0.8128
153	165	0.741469
153	166	0.735005
153	167	0.757413
153	171	0.790573
153	172	0.762179
153	173	0.762477
153	174	0.756168
153	175	0.749983
153	176	0.739734
153	177	0.747049
153	178	0.745343
153	179	0.736076
153	180	0.745422
154	5	2.55981
154	49	0.929913
154	55	2.70363
154	66	1.5045
154	88	0.929603
154	91	1.89102
154	111	2.21748
154	113	1.09955
154	118	0.838616
154	121	0.859886
154	126	0.889717
154	128	0.923752
154	136	1.22401
154	139	0.847518
154	141	0.919086
154	142	0.864486
154	143	0.73646
154	144	0.907828
154	145	0.912605
154	146	0.896994
154	147	0.878056
154	148	0.870377
154	150	0.794161
154	152	0.841029
154	155	0.818924
154	156	0.809359
154	160	0.799764
154	161	0.863488
154	163	0.822354
154	165	0.774081
154	166	0.767616
154	167	0.790025
154	168	0.818313
154	169	0.804807
154	170	0.791066
154	171	0.823185
154	172	0.794791
154	173	0.795088
154	174	0.78878
154	175	0.782595
154	176	0.772345
154	178	0.777955
154	179	0.768687
154	180	0.778033
155	12	0.805303
155	16	0.808174
155	20	0.79728
155	24	0.875082
155	33	0.860245
155	42	0.796743
155	45	0.776202
155	47	0.873739
155	48	0.857793
155	51	0.829206
155	53	0.830494
155	57	0.82055
155	60	0.819625
155	62	0.821357
155	64	2.92282
155	65	0.824273
155	68	0.879824
155	69	0.877144
155	70	0.87644
155	77	0.859144
155	79	0.845803
155	89	3.10447
155	94	0.754702
155	101	1.72792
155	102	2.23716
155	115	0.83705
155	123	0.849151
155	129	0.766059
155	131	2.27206
155	136	1.83558
155	143	0.699365
155	149	0.817892
155	154	0.818924
155	157	0.745313
155	161	0.826393
155	168	0.781218
155	169	0.767712
155	170	0.753971
155	171	0.786089
155	172	0.757695
155	173	0.757993
155	174	0.751684
155	175	0.7455
155	176	0.73525
155	178	0.74086
155	179	0.731592
155	180	0.740938
156	11	2.09624
156	14	2.6183
156	80	0.850632
156	84	0.843299
156	93	2.97685
156	99	0.857361
156	114	0.847061
156	118	0.791956
156	121	0.813226
156	122	3.27472
156	125	0.812316
156	126	0.843057
156	131	3.13389
156	135	0.767227
156	138	0.798156
156	139	0.800857
156	142	0.817826
156	143	0.6898
156	144	0.861168
156	145	0.865945
156	146	0.850333
156	147	0.831396
156	148	0.823717
156	150	0.747501
156	151	0.778106
156	154	0.809359
156	158	0.77831
156	160	0.753103
156	161	0.816827
156	162	0.798751
156	163	0.775693
156	165	0.72742
156	166	0.720956
156	167	0.743364
156	168	0.771653
156	169	0.758147
156	170	0.744406
156	171	0.776524
156	172	0.74813
156	173	0.748428
156	174	0.742119
156	175	0.735935
156	176	0.725685
156	177	0.733001
156	178	0.731295
156	179	0.722027
156	180	0.731373
157	7	0.774854
157	20	0.760764
157	21	0.77305
157	22	0.849072
157	23	0.769811
157	24	0.838567
157	28	0.768697
157	30	0.767959
157	39	0.719145
157	41	0.845315
157	42	0.760227
157	46	0.845104
157	47	0.837223
157	53	0.793979
157	57	0.784034
157	60	0.78311
157	69	0.840629
157	70	0.839924
157	74	2.90692
157	90	3.6704
157	94	0.718186
157	108	3.53846
157	109	3.98422
157	115	0.800534
157	123	0.812635
157	133	0.810225
157	135	0.740276
157	142	0.790875
157	147	0.804445
157	155	0.745313
157	158	0.751359
157	159	0.712163
157	160	0.726153
157	162	0.7718
157	164	0.747618
157	165	0.70047
157	167	0.716414
157	168	0.744702
157	170	0.717455
157	171	0.749574
157	172	0.721179
157	173	0.721477
157	174	0.715169
157	175	0.708984
157	178	0.704344
157	179	0.695076
157	180	0.704422
158	8	2.94649
158	15	2.79254
158	30	2.38041
158	80	0.866244
158	87	0.847214
158	106	0.816764
158	108	1.69054
158	113	2.01454
158	114	0.862673
158	118	0.807568
158	119	0.880686
158	126	0.858669
158	128	0.892704
158	131	2.57547
158	133	0.852788
158	138	0.813768
158	139	0.816469
158	141	0.888038
158	143	0.705412
158	144	0.87678
158	145	0.881557
158	146	0.865945
158	148	0.839329
158	150	0.763113
158	151	0.793718
158	152	0.80998
158	156	0.77831
158	157	0.751359
158	160	0.768715
158	161	0.832439
158	162	0.814363
158	163	0.791305
158	165	0.743032
158	166	0.736568
158	167	0.758976
158	168	0.787265
158	169	0.773759
158	170	0.760018
158	171	0.792136
158	172	0.763742
158	173	0.76404
158	174	0.757731
158	175	0.751547
158	176	0.741297
158	177	0.748613
158	178	0.746906
158	179	0.737639
158	180	0.746985
159	7	0.77822
159	9	0.768003
159	21	0.776416
159	22	0.852438
159	23	0.773177
159	28	0.772063
159	30	0.771325
159	32	0.819478
159	37	0.838029
159	39	0.722511
159	40	4.20924
159	41	0.848681
159	46	0.84847
159	61	0.783806
159	67	0.725669
159	73	0.775241
159	74	0.835373
159	75	0.826594
159	76	0.761558
159	90	0.852225
159	92	0.851899
159	96	3.19187
159	131	3.11768
159	135	0.743642
159	136	2.68121
159	137	0.796018
159	142	0.794241
159	144	0.837583
159	152	0.770784
159	157	0.712163
159	162	0.775166
159	164	0.750984
159	165	0.703836
159	168	0.748068
159	169	0.734562
159	170	0.720821
159	171	0.75294
159	173	0.724843
159	174	0.718534
159	176	0.7021
159	177	0.709416
159	178	0.70771
159	179	0.698442
159	180	0.707788
160	27	0.835597
160	44	3.17669
160	64	3.3686
160	84	0.833704
160	86	0.870255
160	88	0.873347
160	104	0.800721
160	114	0.837466
160	115	2.47053
160	119	0.855479
160	120	3.40281
160	121	0.803631
160	125	0.802721
160	129	0.746899
160	135	0.757632
160	136	2.28137
160	139	0.791262
160	144	0.851573
160	145	0.85635
160	146	0.840738
160	147	0.821801
160	148	0.814122
160	149	0.798732
160	150	0.737906
160	151	0.768511
160	152	0.784773
160	153	0.767152
160	154	0.799764
160	156	0.753103
160	157	0.726153
160	158	0.768715
160	161	0.807232
160	162	0.789156
160	163	0.766098
160	164	0.764974
160	165	0.717825
160	168	0.762058
160	169	0.748552
160	170	0.734811
160	171	0.766929
160	172	0.738535
160	173	0.738833
160	174	0.732524
160	175	0.72634
160	176	0.71609
160	177	0.723406
160	178	0.7217
160	179	0.712432
160	180	0.721778
161	6	1.48797
161	7	2.9438
161	27	0.899321
161	67	0.803383
161	68	1.33106
161	77	1.32603
161	86	0.933979
161	87	0.885732
161	105	2.50103
161	106	0.855281
161	107	0.925096
161	109	1.04564
161	111	2.0418
161	114	0.90119
161	118	0.846085
161	119	0.919203
161	126	0.897186
161	127	2.59757
161	128	0.931221
161	138	0.852285
161	139	0.854986
161	141	0.926555
161	142	0.871955
161	143	0.743929
161	144	0.915297
161	145	0.920074
161	146	0.904463
161	149	0.862456
161	150	0.80163
161	151	0.832235
161	152	0.848498
161	153	0.830876
161	154	0.863488
161	155	0.826393
161	156	0.816827
161	158	0.832439
161	160	0.807232
161	162	0.85288
161	163	0.829822
161	165	0.78155
161	166	0.775085
161	168	0.825782
161	169	0.812276
161	170	0.798535
161	171	0.830654
161	172	0.802259
161	173	0.802557
161	174	0.796249
161	175	0.790064
161	176	0.779814
161	177	0.78713
161	178	0.785424
161	179	0.776156
161	180	0.785502
162	24	2.46364
162	28	3.07566
162	49	0.919306
162	54	1.49783
162	67	0.785307
162	72	0.898029
162	78	1.13865
162	84	0.879352
162	87	0.867655
162	88	0.918995
162	90	1.0088
162	100	2.69066
162	104	0.846369
162	106	0.837205
162	118	0.828009
162	119	0.901127
162	121	0.849279
162	126	0.87911
162	127	2.87455
162	134	1.75021
162	135	0.80328
162	141	0.908479
162	142	0.853879
162	143	0.725852
162	144	0.897221
162	146	0.886386
162	147	0.867449
162	148	0.85977
162	150	0.783554
162	151	0.814159
162	153	0.8128
162	156	0.798751
162	157	0.7718
162	158	0.814363
162	159	0.775166
162	160	0.789156
162	161	0.85288
162	163	0.811746
162	164	0.810622
162	165	0.763473
162	166	0.757009
162	167	0.779417
162	168	0.807705
162	169	0.794199
162	170	0.780459
162	171	0.812577
162	172	0.784183
162	173	0.784481
162	174	0.778172
162	175	0.771988
162	176	0.761738
162	177	0.769054
162	178	0.767347
162	179	0.75808
162	180	0.767426
163	2	0.786096
163	32	2.91848
163	44	2.3985
163	67	0.762249
163	73	2.80933
163	84	0.856294
163	87	0.844597
163	91	2.17018
163	99	0.870356
163	104	0.823311
163	106	0.814147
163	114	0.860056
163	118	0.804951
163	119	0.878069
163	120	2.62461
163	121	0.826221
163	125	0.825311
163	126	0.856052
163	128	0.890087
163	131	1.93965
163	135	0.780222
163	138	0.811151
163	140	1.93926
163	141	0.885421
163	143	0.702795
163	144	0.874163
163	145	0.87894
163	146	0.863328
163	147	0.844391
163	148	0.836712
163	150	0.760496
163	151	0.791101
163	152	0.807363
163	154	0.822354
163	156	0.775693
163	158	0.791305
163	160	0.766098
163	161	0.829822
163	162	0.811746
163	164	0.787564
163	165	0.740415
163	166	0.733951
163	167	0.756359
163	168	0.784648
163	169	0.771142
163	170	0.757401
163	171	0.789519
163	172	0.761125
163	173	0.761423
163	174	0.755114
163	175	0.74893
163	176	0.73868
163	177	0.745996
163	178	0.744289
163	179	0.735022
163	180	0.744368
164	6	0.893699
164	7	0.813676
164	13	0.806127
164	14	0.804405
164	15	0.886206
164	18	0.78924
164	19	0.810921
164	21	0.811872
164	22	0.887894
164	23	0.808632
164	28	0.807518
164	30	0.806781
164	36	0.842538
164	38	0.852837
164	39	0.757966
164	41	0.884137
164	43	0.84474
164	46	0.883925
164	52	0.829609
164	58	2.97406
164	62	1.97971
164	66	0.893485
164	77	1.54123
164	89	2.53241
164	92	2.25452
164	95	2.81807
164	138	0.810027
164	144	0.873039
164	148	0.835588
164	157	0.747618
164	159	0.750984
164	160	0.764974
164	162	0.810622
164	163	0.787564
164	166	0.732827
164	167	0.755235
164	168	0.783523
164	170	0.756277
164	171	0.788395
164	172	0.760001
164	173	0.760299
164	174	0.75399
164	175	0.747806
164	177	0.744871
164	178	0.743165
164	179	0.733898
164	180	0.743244
165	10	0.825832
165	27	0.809914
165	50	0.728198
165	53	3.69798
165	56	0.854738
165	62	4.77533
165	71	3.792
165	72	0.826698
165	84	0.808022
165	88	0.847664
165	99	0.822083
165	113	3.93468
165	118	0.756678
165	119	0.829796
165	125	0.777038
165	126	0.807779
165	128	0.841814
165	135	0.731949
165	138	0.762878
165	139	0.765579
165	141	0.837148
165	142	0.782548
165	143	0.654522
165	145	0.830667
165	146	0.815056
165	148	0.788439
165	149	0.773049
165	150	0.712223
165	151	0.742828
165	152	0.759091
165	153	0.741469
165	154	0.774081
165	156	0.72742
165	157	0.70047
165	158	0.743032
165	159	0.703836
165	160	0.717825
165	161	0.78155
165	162	0.763473
165	163	0.740415
165	166	0.685678
165	167	0.708087
165	168	0.736375
165	169	0.722869
165	170	0.709128
165	171	0.741247
165	172	0.712852
165	173	0.71315
165	174	0.706841
165	175	0.700657
165	177	0.697723
165	178	0.696017
165	179	0.686749
165	180	0.696095
166	27	0.80345
166	34	3.37739
166	56	0.848274
166	67	0.707512
166	80	0.80889
166	81	0.775613
166	84	0.801557
166	86	0.838108
166	99	0.815618
166	104	0.768574
166	106	0.759409
166	110	3.95952
166	112	4.05938
166	114	0.805319
166	119	0.823332
166	121	0.771484
166	125	0.770574
166	126	0.801315
166	128	0.835349
166	133	0.795434
166	135	0.725485
166	136	4.50371
166	139	0.759115
166	141	0.830684
166	142	0.776083
166	145	0.824203
166	146	0.808591
166	147	0.789654
166	148	0.781975
166	150	0.705759
166	151	0.736364
166	152	0.752626
166	153	0.735005
166	154	0.767616
166	156	0.720956
166	158	0.736568
166	161	0.775085
166	162	0.757009
166	163	0.733951
166	164	0.732827
166	165	0.685678
166	168	0.72991
166	169	0.716404
166	170	0.702664
166	171	0.734782
166	172	0.706388
166	173	0.706686
166	174	0.700377
166	175	0.694192
166	177	0.691258
166	178	0.689552
166	179	0.680285
166	180	0.689631
167	6	0.862494
167	13	0.774922
167	14	0.773201
167	15	0.855001
167	18	0.758035
167	19	0.779716
167	33	2.92098
167	36	0.811333
167	38	0.821632
167	43	0.813535
167	52	0.798404
167	54	0.809586
167	55	0.791367
167	58	0.79245
167	66	0.86228
167	71	2.1175
167	75	3.51384
167	76	3.46615
167	93	0.794293
167	96	2.8953
167	100	0.786222
167	102	2.78622
167	104	0.790982
167	105	0.825741
167	110	0.817554
167	111	0.824031
167	112	0.819447
167	116	0.798706
167	117	0.803843
167	124	0.81941
167	127	0.772367
167	130	0.797719
167	134	0.787377
167	136	0.811664
167	138	0.778822
167	140	0.82357
167	144	0.841834
167	145	0.846611
167	152	0.775035
167	153	0.757413
167	154	0.790025
167	156	0.743364
167	157	0.716414
167	158	0.758976
167	162	0.779417
167	163	0.756359
167	164	0.755235
167	165	0.708087
167	168	0.752319
167	170	0.725072
167	172	0.728796
167	173	0.729094
167	174	0.722786
167	175	0.716601
167	176	0.706351
167	177	0.713667
167	178	0.711961
167	179	0.702693
167	180	0.712039
168	2	0.782055
168	3	0.87522
168	12	2.79746
168	13	3.66098
168	17	2.49277
168	29	3.81098
168	48	1.42365
168	49	0.892207
168	50	0.77243
168	56	0.898971
168	67	0.758208
168	72	0.87093
168	78	1.37128
168	80	0.859587
168	84	0.852254
168	86	0.888804
168	87	0.840557
168	88	0.891897
168	104	0.81927
168	114	0.856015
168	118	0.80091
168	119	0.874028
168	121	0.82218
168	123	2.00947
168	124	1.43938
168	125	0.821271
168	126	0.852012
168	128	0.886046
168	135	0.776181
168	137	0.828557
168	138	0.80711
168	139	0.809812
168	140	1.99403
168	141	0.88138
168	142	0.82678
168	143	0.698754
168	144	0.870122
168	145	0.874899
168	146	0.859288
168	147	0.84035
168	148	0.832671
168	150	0.756455
168	151	0.78706
168	152	0.803323
168	154	0.818313
168	155	0.781218
168	156	0.771653
168	157	0.744702
168	158	0.787265
168	159	0.748068
168	160	0.762058
168	161	0.825782
168	162	0.807705
168	163	0.784648
168	164	0.783523
168	165	0.736375
168	166	0.72991
168	167	0.752319
168	169	0.767101
168	170	0.75336
168	171	0.785479
168	172	0.757085
168	173	0.757382
168	174	0.751074
168	175	0.744889
168	176	0.734639
168	177	0.741955
168	178	0.740249
168	179	0.730981
168	180	0.740327
169	3	0.861714
169	9	3.23843
169	10	0.856558
169	26	1.54037
169	27	0.84064
169	45	2.99679
169	47	2.85561
169	67	0.744702
169	72	0.857424
169	80	0.846081
169	84	0.838748
169	86	0.875298
169	87	0.827051
169	88	0.878391
169	91	2.26809
169	94	0.740585
169	96	2.11175
169	99	0.852809
169	100	2.96643
169	104	0.805764
169	106	0.7966
169	114	0.842509
169	118	0.787404
169	119	0.860522
169	120	2.72252
169	121	0.808674
169	125	0.807765
169	126	0.838505
169	128	0.87254
169	129	0.751942
169	135	0.762675
169	137	0.815051
169	138	0.793604
169	139	0.796306
169	141	0.867874
169	142	0.813274
169	143	0.685248
169	144	0.856616
169	145	0.861393
169	146	0.845782
169	147	0.826844
169	148	0.819165
169	149	0.803775
169	150	0.742949
169	151	0.773554
169	152	0.789817
169	154	0.804807
169	155	0.767712
169	156	0.758147
169	158	0.773759
169	159	0.734562
169	160	0.748552
169	161	0.812276
169	162	0.794199
169	163	0.771142
169	165	0.722869
169	166	0.716404
169	168	0.767101
169	170	0.739854
169	171	0.771973
169	172	0.743579
169	173	0.743876
169	174	0.737568
169	175	0.731383
169	176	0.721133
169	177	0.728449
169	178	0.726743
169	179	0.717475
169	180	0.726821
170	2	0.754809
170	10	0.842817
170	30	3.10375
170	38	2.61699
170	49	0.86496
170	50	0.745183
170	52	3.26791
170	56	0.871724
170	61	2.82412
170	67	0.730961
170	68	3.14506
170	72	0.843683
170	80	0.83234
170	84	0.825007
170	85	0.855896
170	86	0.861558
170	87	0.81331
170	88	0.86465
170	99	0.839068
170	104	0.792023
170	106	0.782859
170	114	0.828769
170	119	0.846782
170	121	0.794934
170	124	2.74377
170	125	0.794024
170	126	0.824765
170	128	0.858799
170	129	0.738201
170	135	0.748935
170	138	0.779863
170	139	0.782565
170	140	3.29841
170	141	0.854134
170	142	0.799533
170	143	0.671507
170	144	0.842876
170	145	0.847653
170	146	0.832041
170	147	0.813104
170	148	0.805425
170	150	0.729209
170	151	0.759814
170	152	0.776076
170	154	0.791066
170	155	0.753971
170	156	0.744406
170	157	0.717455
170	158	0.760018
170	159	0.720821
170	160	0.734811
170	161	0.798535
170	162	0.780459
170	163	0.757401
170	164	0.756277
170	165	0.709128
170	166	0.702664
170	167	0.725072
170	168	0.75336
170	169	0.739854
170	171	0.758232
170	172	0.729838
170	173	0.730136
170	174	0.723827
170	175	0.717642
170	176	0.707393
170	177	0.714708
170	178	0.713002
170	179	0.703734
170	180	0.71308
171	2	0.786927
171	10	0.874936
171	35	0.733676
171	49	0.897079
171	50	0.777302
171	57	1.06207
171	59	1.91247
171	63	2.33486
171	70	2.27352
171	72	0.875802
171	79	2.32556
171	80	0.864458
171	84	0.857126
171	85	0.888014
171	86	0.893676
171	87	0.845429
171	88	0.896768
171	93	2.23401
171	98	2.32926
171	99	0.871187
171	104	0.824142
171	106	0.814978
171	109	1.95189
171	114	0.860887
171	118	0.805782
171	119	0.8789
171	121	0.827052
171	125	0.826143
171	126	0.856883
171	127	3.50383
171	128	0.890918
171	132	2.27254
171	133	0.851002
171	135	0.781053
171	138	0.811982
171	139	0.814683
171	141	0.886252
171	142	0.831652
171	143	0.703626
171	144	0.874994
171	145	0.879771
171	146	0.86416
171	147	0.845222
171	148	0.837543
171	149	0.822153
171	150	0.761327
171	151	0.791932
171	152	0.808195
171	153	0.790573
171	154	0.823185
171	155	0.786089
171	156	0.776524
171	157	0.749574
171	158	0.792136
171	159	0.75294
171	160	0.766929
171	161	0.830654
171	162	0.812577
171	163	0.789519
171	164	0.788395
171	165	0.741247
171	166	0.734782
171	168	0.785479
171	169	0.771973
171	170	0.758232
171	172	0.761956
171	173	0.762254
171	174	0.755945
171	175	0.749761
171	176	0.739511
171	177	0.746827
171	178	0.745121
171	179	0.735853
171	180	0.745199
172	3	0.851698
172	10	0.846542
172	14	3.06989
172	27	0.830624
172	49	0.868685
172	50	0.748908
172	56	0.875448
172	57	2.25649
172	67	0.734686
172	72	0.847408
172	80	0.836064
172	84	0.828731
172	85	0.85962
172	86	0.865282
172	87	0.817034
172	88	0.868374
172	94	0.730569
172	98	3.52369
172	99	0.842793
172	101	3.04135
172	104	0.795748
172	106	0.786584
172	107	3.02578
172	108	2.70056
172	114	0.832493
172	118	0.777388
172	119	0.850506
172	121	0.798658
172	125	0.797748
172	128	0.862524
172	129	0.741926
172	130	1.73322
172	133	0.822608
172	135	0.752659
172	136	3.14901
172	137	0.805035
172	138	0.783588
172	139	0.786289
172	141	0.857858
172	142	0.803258
172	143	0.675232
172	144	0.8466
172	145	0.851377
172	146	0.835765
172	147	0.816828
172	148	0.809149
172	150	0.732933
172	151	0.763538
172	152	0.7798
172	153	0.762179
172	154	0.794791
172	155	0.757695
172	156	0.74813
172	157	0.721179
172	158	0.763742
172	160	0.738535
172	161	0.802259
172	162	0.784183
172	163	0.761125
172	164	0.760001
172	165	0.712852
172	166	0.706388
172	167	0.728796
172	168	0.757085
172	169	0.743579
172	170	0.729838
172	171	0.761956
172	173	0.73386
172	174	0.727551
172	175	0.721367
172	176	0.711117
172	177	0.718433
172	178	0.716726
172	179	0.707459
172	180	0.716805
173	2	0.758831
173	3	0.851996
173	10	0.846839
173	27	0.830922
173	49	0.868983
173	50	0.749205
173	54	2.80726
173	56	0.875746
173	59	2.59263
173	67	0.734984
173	72	0.847706
173	84	0.829029
173	86	0.86558
173	87	0.817332
173	88	0.868672
173	90	2.31823
173	99	0.84309
173	102	3.03633
173	103	3.38846
173	104	0.796046
173	106	0.786881
173	110	2.09055
173	114	0.832791
173	117	3.61385
173	118	0.777686
173	119	0.850804
173	121	0.798956
173	125	0.798046
173	126	0.828787
173	128	0.862822
173	129	0.742223
173	132	2.9527
173	133	0.822906
173	135	0.752957
173	137	0.805332
173	138	0.783886
173	139	0.786587
173	141	0.858156
173	142	0.803555
173	143	0.675529
173	144	0.846898
173	145	0.851675
173	146	0.836063
173	147	0.817126
173	148	0.809447
173	149	0.794057
173	150	0.733231
173	151	0.763836
173	152	0.780098
173	153	0.762477
173	154	0.795088
173	155	0.757993
173	156	0.748428
173	157	0.721477
173	158	0.76404
173	159	0.724843
173	160	0.738833
173	161	0.802557
173	162	0.784481
173	163	0.761423
173	164	0.760299
173	165	0.71315
173	166	0.706686
173	167	0.729094
173	168	0.757382
173	169	0.743876
173	170	0.730136
173	171	0.762254
173	172	0.73386
173	174	0.727849
173	175	0.721665
173	176	0.711415
173	177	0.71873
173	178	0.717024
173	179	0.707757
173	180	0.717103
174	2	0.752522
174	3	0.845687
174	18	3.20175
174	35	0.699271
174	36	3.88418
174	39	0.725517
174	41	3.05514
174	49	0.862674
174	50	0.742897
174	54	2.93909
174	56	0.869437
174	67	0.728675
174	72	0.841397
174	80	0.830053
174	82	0.782919
174	83	3.20644
174	86	0.859271
174	87	0.811024
174	88	0.862363
174	91	3.43358
174	94	0.724558
174	99	0.836782
174	104	0.789737
174	106	0.780573
174	114	0.826482
174	116	2.77981
174	118	0.771377
174	119	0.844495
174	121	0.792647
174	125	0.791737
174	126	0.822478
174	128	0.856513
174	135	0.746648
174	137	0.799024
174	138	0.777577
174	139	0.780278
174	141	0.851847
174	142	0.797247
174	143	0.669221
174	144	0.840589
174	145	0.845366
174	146	0.829755
174	147	0.810817
174	148	0.803138
174	149	0.787748
174	150	0.726922
174	151	0.757527
174	152	0.77379
174	153	0.756168
174	154	0.78878
174	155	0.751684
174	156	0.742119
174	157	0.715169
174	158	0.757731
174	159	0.718534
174	160	0.732524
174	161	0.796249
174	162	0.778172
174	163	0.755114
174	164	0.75399
174	165	0.706841
174	166	0.700377
174	167	0.722786
174	168	0.751074
174	169	0.737568
174	170	0.723827
174	171	0.755945
174	172	0.727551
174	173	0.727849
174	175	0.715356
174	176	0.705106
174	177	0.712422
174	178	0.710716
174	179	0.701448
174	180	0.710794
175	2	0.746338
175	3	0.839503
175	10	0.834346
175	27	0.818428
175	39	0.719332
175	46	3.65588
175	49	0.856489
175	50	0.736712
175	59	3.05162
175	67	0.72249
175	69	3.11734
175	72	0.835212
175	77	3.37144
175	80	0.823869
175	81	0.790592
175	82	0.776735
175	84	0.816536
175	86	0.853087
175	87	0.804839
175	88	0.856179
175	97	3.51386
175	99	0.830597
175	104	0.783552
175	106	0.774388
175	114	0.820298
175	115	3.2829
175	116	3.10697
175	118	0.765192
175	119	0.838311
175	121	0.786462
175	125	0.785553
175	126	0.816294
175	128	0.850328
175	129	0.72973
175	133	0.810413
175	135	0.740463
175	137	0.792839
175	138	0.771392
175	139	0.774094
175	141	0.845663
175	142	0.791062
175	143	0.663036
175	144	0.834405
175	145	0.839181
175	146	0.82357
175	147	0.804633
175	148	0.796953
175	149	0.781563
175	150	0.720738
175	151	0.751342
175	152	0.767605
175	153	0.749983
175	154	0.782595
175	155	0.7455
175	156	0.735935
175	157	0.708984
175	158	0.751547
175	160	0.72634
175	161	0.790064
175	162	0.771988
175	163	0.74893
175	164	0.747806
175	165	0.700657
175	166	0.694192
175	167	0.716601
175	168	0.744889
175	169	0.731383
175	170	0.717642
175	171	0.749761
175	172	0.721367
175	173	0.721665
175	174	0.715356
175	176	0.698922
175	177	0.706237
175	178	0.704531
175	179	0.695263
175	180	0.704609
176	4	0.759005
176	8	0.850346
176	12	0.758724
176	16	0.761596
176	26	3.54031
176	31	0.832468
176	33	0.813667
176	34	0.804807
176	44	0.804807
176	45	0.729624
176	48	0.811214
176	51	0.782628
176	56	0.853003
176	62	0.774779
176	63	0.770216
176	64	0.778787
176	65	0.777694
176	68	0.833245
176	71	0.822146
176	77	0.812566
176	78	3.41436
176	79	0.799224
176	80	0.813619
176	81	0.780342
176	83	4.04089
176	85	0.837175
176	89	0.776428
176	95	0.778068
176	101	3.49336
176	102	0.756394
176	103	0.812045
176	107	0.803127
176	108	0.805946
176	109	0.746081
176	113	0.787227
176	114	0.810048
176	120	0.769721
176	123	0.802573
176	126	0.806044
176	129	0.71948
176	130	2.18516
176	133	0.800163
176	134	4.02592
176	147	0.794383
176	148	0.786704
176	149	0.771314
176	153	0.739734
176	154	0.772345
176	155	0.73525
176	156	0.725685
176	158	0.741297
176	159	0.7021
176	160	0.71609
176	161	0.779814
176	162	0.761738
176	163	0.73868
176	167	0.706351
176	168	0.734639
176	169	0.721133
176	170	0.707393
176	171	0.739511
176	172	0.711117
176	173	0.711415
176	174	0.705106
176	175	0.698922
176	177	0.695988
176	178	0.694281
176	179	0.685014
176	180	0.69436
177	1	0.757272
177	9	0.76189
177	20	3.79958
177	32	0.813365
177	34	2.6107
177	35	0.690152
177	37	0.831916
177	39	0.716398
177	48	3.60273
177	54	0.799222
177	55	0.781003
177	58	0.782086
177	59	0.777892
177	61	0.777693
177	63	4.1173
177	73	0.769128
177	74	0.82926
177	75	0.820481
177	76	0.755445
177	82	0.773801
177	90	0.846112
177	92	0.845786
177	93	0.783929
177	97	4.15714
177	98	0.767714
177	100	0.775859
177	101	0.823249
177	105	0.815377
177	111	0.813667
177	112	0.809083
177	113	3.61256
177	115	0.797787
177	117	0.79348
177	118	0.762258
177	122	0.804419
177	124	0.809046
177	126	0.81336
177	127	0.762004
177	129	0.726796
177	130	0.787355
177	131	0.778254
177	132	0.816336
177	134	0.777013
177	135	0.737529
177	137	0.789905
177	140	0.813206
177	150	0.717803
177	151	0.748408
177	152	0.764671
177	153	0.747049
177	156	0.733001
177	158	0.748613
177	159	0.709416
177	160	0.723406
177	161	0.78713
177	162	0.769054
177	163	0.745996
177	164	0.744871
177	165	0.697723
177	166	0.691258
177	167	0.713667
177	168	0.741955
177	169	0.728449
177	170	0.714708
177	171	0.746827
177	172	0.718433
177	173	0.71873
177	174	0.712422
177	175	0.706237
177	176	0.695988
177	178	0.701597
177	179	0.692329
177	180	0.701675
178	2	0.741697
178	3	0.834862
178	6	3.83931
178	10	0.829706
178	22	4.06757
178	27	0.813788
178	37	3.70937
178	38	3.15433
178	39	0.714692
178	49	0.851849
178	50	0.732072
178	56	0.858613
178	67	0.71785
178	70	3.7186
178	72	0.830572
178	80	0.819228
178	81	0.785952
178	82	0.772094
178	84	0.811896
178	85	0.842784
178	86	0.848446
178	87	0.800199
178	88	0.851538
178	94	0.713733
178	99	0.825957
178	104	0.778912
178	106	0.769748
178	110	2.85548
178	112	2.95534
178	114	0.815657
178	118	0.760552
178	119	0.83367
178	121	0.781822
178	125	0.780913
178	126	0.811653
178	128	0.845688
178	129	0.72509
178	133	0.805772
178	135	0.735823
178	137	0.788199
178	138	0.766752
178	139	0.769453
178	141	0.841022
178	142	0.786422
178	143	0.658396
178	144	0.829764
178	145	0.834541
178	146	0.81893
178	147	0.799992
178	148	0.792313
178	149	0.776923
178	150	0.716097
178	151	0.746702
178	152	0.762965
178	153	0.745343
178	154	0.777955
178	155	0.74086
178	156	0.731295
178	157	0.704344
178	158	0.746906
178	159	0.70771
178	160	0.7217
178	161	0.785424
178	162	0.767347
178	163	0.744289
178	164	0.743165
178	165	0.696017
178	166	0.689552
178	167	0.711961
178	168	0.740249
178	169	0.726743
178	170	0.713002
178	171	0.745121
178	172	0.716726
178	173	0.717024
178	174	0.710716
178	175	0.704531
178	176	0.694281
178	177	0.701597
178	179	0.690623
178	180	0.699969
179	2	0.73243
179	3	0.825595
179	10	0.820438
179	27	0.804521
179	35	0.679179
179	49	0.842581
179	50	0.722804
179	51	4.21123
179	56	0.849345
179	66	3.97822
179	67	0.708582
179	72	0.821305
179	80	0.809961
179	81	0.776684
179	82	0.762827
179	84	0.802628
179	85	0.833517
179	86	0.839179
179	87	0.790931
179	88	0.842271
179	93	3.97717
179	94	0.704465
179	99	0.816689
179	104	0.769645
179	106	0.76048
179	109	3.69504
179	114	0.80639
179	118	0.751284
179	119	0.824403
179	121	0.772555
179	125	0.771645
179	126	0.802386
179	128	0.83642
179	129	0.715822
179	132	4.0157
179	133	0.796505
179	134	4.12264
179	135	0.726556
179	137	0.778931
179	138	0.757484
179	139	0.760186
179	141	0.831755
179	142	0.777154
179	143	0.649128
179	144	0.820497
179	145	0.825274
179	146	0.809662
179	147	0.790725
179	148	0.783046
179	149	0.767656
179	150	0.70683
179	151	0.737435
179	152	0.753697
179	153	0.736076
179	154	0.768687
179	155	0.731592
179	156	0.722027
179	157	0.695076
179	158	0.737639
179	159	0.698442
179	160	0.712432
179	161	0.776156
179	162	0.75808
179	163	0.735022
179	164	0.733898
179	165	0.686749
179	166	0.680285
179	167	0.702693
179	168	0.730981
179	169	0.717475
179	170	0.703734
179	171	0.735853
179	172	0.707459
179	173	0.707757
179	174	0.701448
179	175	0.695263
179	176	0.685014
179	177	0.692329
179	178	0.690623
179	180	0.690702
180	2	0.741776
180	3	0.834941
180	10	0.829784
180	11	2.92566
180	27	0.813867
180	35	0.688525
180	39	0.71477
180	49	0.851927
180	50	0.73215
180	56	0.858691
180	67	0.717928
180	72	0.830651
180	78	3.34018
180	80	0.819307
180	81	0.78603
180	82	0.772173
180	84	0.811974
180	85	0.842863
180	86	0.848525
180	87	0.800277
180	88	0.851617
180	90	3.21033
180	94	0.713811
180	99	0.826035
180	104	0.778991
180	106	0.769826
180	108	3.07839
180	114	0.815736
180	118	0.76063
180	119	0.833749
180	121	0.781901
180	122	4.10414
180	123	3.97837
180	125	0.780991
180	126	0.811732
180	128	0.845766
180	129	0.725168
180	133	0.805851
180	135	0.735902
180	137	0.788277
180	138	0.76683
180	139	0.769532
180	140	3.96293
180	141	0.841101
180	142	0.7865
180	143	0.658474
180	144	0.829843
180	145	0.83462
180	146	0.819008
180	147	0.800071
180	148	0.792392
180	149	0.777002
180	150	0.716176
180	151	0.746781
180	152	0.763043
180	153	0.745422
180	154	0.778033
180	155	0.740938
180	156	0.731373
180	157	0.704422
180	158	0.746985
180	159	0.707788
180	160	0.721778
180	161	0.785502
180	162	0.767426
180	163	0.744368
180	164	0.743244
180	165	0.696095
180	166	0.689631
180	167	0.712039
180	168	0.740327
180	169	0.726821
180	170	0.71308
180	171	0.745199
180	172	0.716805
180	173	0.717103
180	174	0.710794
180	175	0.704609
180	176	0.69436
180	177	0.701675
180	178	0.699969
180	179	0.690702
