1	4	0.706966
1	15	0.790122
1	23	0.762215
1	31	0.686503
1	39	0.74614
1	59	0.729655
1	122	2.62138
1	138	0.689313
1	145	4.39986
1	161	0.687099
1	163	0.744026
1	175	0.678691
2	42	0.155783
2	73	2.13721
2	144	0.740578
2	165	0.774269
2	172	0.714499
2	173	0.701428
2	174	0.729039
2	176	0.676612
2	177	0.734556
2	178	0.730306
2	179	0.721571
2	180	0.698023
3	42	0.722015
3	47	0.704594
3	72	0.676792
3	79	0.725846
3	88	0.716355
3	93	3.8008
3	117	0.716067
3	119	0.716859
3	126	0.719638
3	132	0.729872
3	163	3.33267
3	164	0.684783
4	1	0.706966
4	23	0.764306
4	31	0.688594
4	39	0.748231
4	59	0.731746
4	132	0.743746
4	138	0.691404
4	142	3.34761
4	147	3.79004
4	161	0.68919
4	163	0.746117
4	175	0.680782
5	24	0.75535
5	111	0.733258
5	112	0.689473
5	114	0.735461
5	118	0.727604
5	124	0.739599
5	127	0.72658
5	137	0.726436
5	141	0.732389
5	148	3.79332
5	158	0.652417
5	165	3.41041
6	9	0.876998
6	56	1.67697
6	61	0.872654
6	75	0.888186
6	89	0.906291
6	94	1.30612
6	95	0.903685
6	105	1.76832
6	151	0.880723
6	163	0.940815
6	164	0.893354
6	175	4.36265
7	26	0.746007
7	27	0.746164
7	38	0.738424
7	44	0.737892
7	48	0.850535
7	55	0.906863
7	64	0.886818
7	66	0.885813
7	132	0.828143
7	171	3.35163
7	175	2.30534
7	178	2.85063
8	12	0.765338
8	46	1.33917
8	47	0.787312
8	70	0.79199
8	104	0.767268
8	117	0.798784
8	119	0.799576
8	126	0.802355
8	154	4.01763
8	162	0.808181
8	164	0.767501
8	166	3.2078
9	6	0.876998
9	50	0.716927
9	68	0.765052
9	74	0.739694
9	89	0.684838
9	95	0.682232
9	120	4.10187
9	142	3.02974
9	151	0.65927
9	158	0.637945
9	163	0.719362
9	164	0.671902
10	107	0.719798
10	111	3.64717
10	117	0.684173
10	119	0.684965
10	126	0.687744
10	158	0.618933
10	161	0.643422
10	163	0.700349
10	175	0.635013
10	176	0.563246
10	179	0.608205
10	180	0.584657
11	42	0.850365
11	70	0.837622
11	79	0.854196
11	84	0.854981
11	88	0.844704
11	97	1.5664
11	104	0.812901
11	126	0.847988
11	131	0.796987
11	159	3.74061
11	164	0.813133
11	177	3.19514
12	8	0.765338
12	47	0.705906
12	67	0.696038
12	72	0.678103
12	104	0.685862
12	117	0.717378
12	119	0.71817
12	126	0.72095
12	162	0.726775
12	164	0.686095
12	166	3.42767
12	177	3.88717
13	75	1.54008
13	124	0.781729
13	148	0.765681
13	155	0.742261
13	169	0.725578
13	172	0.715197
13	173	0.702126
13	176	0.67731
13	177	0.735254
13	178	0.731004
13	179	0.72227
13	180	0.698721
14	111	0.734869
14	121	0.746179
14	124	0.741209
14	127	0.728191
14	129	0.722552
14	133	0.704432
14	137	0.728046
14	141	0.734
14	164	0.687984
14	172	3.86018
14	175	0.670108
14	179	3.61237
15	1	0.790122
15	23	0.847462
15	31	0.77175
15	39	0.831387
15	59	0.814902
15	109	1.25366
15	138	0.77456
15	156	2.33873
15	161	0.772346
15	163	0.829274
15	170	4.96644
15	175	0.763938
16	19	2.33912
16	52	0.821104
16	53	0.811485
16	71	0.781967
16	73	0.785112
16	82	0.822276
16	83	0.824164
16	98	0.804953
16	140	2.58333
16	145	3.346
16	151	0.774226
16	162	0.827538
17	19	0.746263
17	95	3.86999
17	160	0.701778
17	166	0.673921
17	167	0.670104
17	170	0.64232
17	173	0.617846
17	174	0.645457
17	176	0.59303
17	177	0.650973
17	179	0.637989
17	180	0.614441
18	40	0.814189
18	51	0.796448
18	54	0.791965
18	60	0.779628
18	78	0.7537
18	81	0.80316
18	86	0.79377
18	87	0.796844
18	151	2.32521
18	155	4.13434
18	161	0.756978
18	167	2.68604
18	171	0.719042
19	16	2.33912
19	17	0.746263
19	83	1.65232
19	167	0.739279
19	168	0.715984
19	169	0.710472
19	172	0.700091
19	174	0.714631
19	176	0.662204
19	177	0.720148
19	178	0.715898
19	179	0.707163
19	180	0.683615
20	36	2.29537
20	53	0.778487
20	63	0.821751
20	69	0.811753
20	71	0.74897
20	73	0.752114
20	76	0.810311
20	82	0.789279
20	83	0.791166
20	98	0.771956
20	157	2.56661
20	162	0.794541
20	174	4.11986
21	31	4.7812
21	92	0.72838
21	130	0.674091
21	154	0.655255
21	156	0.682411
21	169	0.63921
21	172	0.628829
21	173	0.615758
21	174	0.643369
21	177	0.648885
21	178	0.644636
21	179	0.635901
21	180	0.612353
22	54	1.68303
22	127	1.34763
22	147	0.767973
22	149	0.735305
22	156	0.75066
22	172	0.697078
22	173	0.684007
22	174	0.711618
22	176	0.659191
22	177	0.717135
22	178	0.712885
22	179	0.70415
22	180	0.680602
23	1	0.762215
23	4	0.764306
23	15	0.847462
23	31	0.743843
23	39	0.80348
23	59	0.786995
23	132	0.798995
23	140	2.15272
23	146	2.81386
23	161	0.744439
23	163	0.801367
23	166	3.62801
23	175	0.736031
24	5	0.75535
24	43	2.64903
24	106	0.76329
24	118	0.798465
24	121	0.815429
24	127	0.797441
24	133	0.773682
24	134	2.83896
24	137	0.797297
24	141	0.80325
24	146	0.763735
24	158	0.723278
24	160	3.11742
25	113	0.780066
25	122	0.801408
25	129	1.4125
25	137	1.30761
25	138	0.727222
25	165	0.742488
25	169	0.6931
25	173	0.669648
25	174	0.697259
25	176	0.644831
25	178	0.698525
25	179	0.689791
25	180	0.666242
26	7	0.746007
26	27	0.61432
26	38	0.606579
26	44	0.606048
26	48	0.718691
26	55	0.775019
26	64	0.754974
26	66	0.753968
26	99	3.37572
26	102	0.652204
26	131	0.78818
26	132	0.696299
26	173	5.04661
27	7	0.746164
27	26	0.61432
27	38	0.606736
27	44	0.606205
27	48	0.718848
27	55	0.775176
27	64	0.755131
27	66	0.754125
27	120	0.631576
27	131	0.788337
27	132	0.696456
27	147	3.49204
27	156	4.17207
28	100	0.79031
28	101	0.792373
28	103	0.786662
28	105	2.44114
28	106	0.775434
28	112	0.772477
28	121	0.827573
28	133	0.785826
28	136	3.17043
28	141	0.815394
28	163	2.74259
28	171	0.721974
28	175	0.751502
29	34	0.791189
29	41	0.751417
29	51	0.719193
29	60	0.702373
29	78	0.676445
29	81	0.725906
29	86	0.716515
29	87	0.719589
29	123	4.04587
29	138	0.681938
29	161	0.679723
29	171	0.641787
29	177	4.19549
30	50	0.69764
30	57	0.665638
30	65	0.671034
30	68	0.745766
30	74	0.720407
30	75	0.647447
30	95	0.662945
30	123	2.17142
30	158	0.618658
30	163	0.700075
30	164	1.68711
30	170	2.35089
30	180	5.45746
31	1	0.686503
31	4	0.688594
31	15	0.77175
31	21	4.7812
31	23	0.743843
31	39	0.727768
31	59	0.711283
31	113	1.23633
31	132	0.723283
31	138	0.670941
31	161	0.668727
31	163	0.725654
31	175	0.660318
32	35	2.3677
32	51	0.887556
32	54	0.883073
32	78	0.844808
32	81	0.894269
32	86	0.884879
32	87	0.887953
32	90	1.93264
32	138	0.850301
32	157	3.16324
32	161	0.848087
32	165	2.7093
32	171	0.81015
33	102	1.82008
33	132	0.935827
33	149	0.734441
33	160	0.767074
33	165	0.755983
33	170	0.707616
33	172	0.696213
33	173	0.683142
33	174	0.710753
33	176	0.658326
33	177	0.71627
33	179	0.703285
33	180	0.679737
34	29	0.791189
34	40	0.837999
34	60	0.803438
34	78	0.77751
34	81	0.826971
34	86	0.81758
34	87	0.820654
34	135	2.05354
34	151	3.46706
34	160	2.86521
34	161	0.780789
34	171	0.742852
35	32	2.3677
35	116	0.713227
35	157	0.725606
35	159	0.711278
35	164	2.00048
35	165	0.74268
35	169	0.693292
35	170	0.694314
35	173	0.66984
35	174	0.697451
35	177	0.702967
35	178	0.698717
35	179	0.689983
35	180	0.666435
36	20	2.29537
36	59	2.03988
36	139	0.738361
36	147	0.755778
36	150	0.734492
36	167	0.72407
36	172	0.684882
36	173	0.671812
36	174	0.699423
36	176	0.646996
36	177	0.704939
36	178	0.700689
36	179	0.691955
36	180	0.668407
37	38	0.659969
37	48	0.772081
37	59	1.40902
37	64	0.808364
37	66	0.807358
37	78	0.691855
37	86	0.731925
37	124	1.72061
37	161	0.695133
37	170	0.664247
37	171	0.657196
37	178	0.66865
37	179	0.659916
37	180	0.636368
38	7	0.738424
38	26	0.606579
38	27	0.606736
38	37	0.659969
38	44	0.598464
38	48	0.711108
38	55	0.767435
38	64	0.74739
38	66	0.746385
38	110	2.88076
38	120	0.623836
38	131	0.780597
38	132	0.688715
38	153	5.02586
39	1	0.74614
39	4	0.748231
39	15	0.831387
39	23	0.80348
39	31	0.727768
39	59	0.77092
39	132	0.78292
39	138	0.730578
39	151	2.80813
39	154	3.87126
39	156	2.67468
39	161	0.728364
39	163	0.785292
39	175	0.719956
40	18	0.814189
40	34	0.837999
40	41	0.798227
40	54	0.76152
40	60	0.749183
40	78	0.723255
40	81	0.772716
40	86	0.763325
40	87	0.766399
40	105	2.39719
40	146	3.67667
40	161	0.726534
40	163	2.69864
40	171	0.688597
41	29	0.751417
41	40	0.798227
41	51	0.780486
41	54	0.776003
41	60	0.763666
41	78	0.737738
41	81	0.787199
41	86	0.777808
41	87	0.780882
41	108	1.99808
41	120	3.35434
41	161	0.741017
41	166	3.79142
41	171	0.70308
42	2	0.155783
42	3	0.722015
42	11	0.850365
42	45	5.6
42	72	0.717498
42	79	0.766552
42	104	0.725257
42	117	0.756773
42	119	0.757565
42	126	0.760344
42	132	0.770578
42	149	2.46823
42	162	0.76617
42	164	0.725489
43	24	2.64903
43	141	1.80285
43	152	0.739924
43	165	0.743774
43	167	0.723192
43	169	0.694386
43	172	0.684004
43	174	0.698545
43	175	0.717885
43	176	0.646117
43	177	0.704061
43	178	0.699811
43	179	0.691077
43	180	0.667529
44	7	0.737892
44	26	0.606048
44	27	0.606205
44	38	0.598464
44	48	0.710576
44	55	0.766904
44	64	0.746859
44	66	0.745853
44	102	0.644088
44	120	0.623304
44	131	0.780065
44	132	0.688184
44	151	3.96344
44	157	4.10325
45	42	5.6
45	87	0.689245
45	91	0.701711
45	99	0.651458
45	115	0.635773
45	133	0.675294
45	137	0.698909
45	161	0.649379
45	171	0.611442
45	175	0.640971
45	177	0.627146
45	178	0.622897
45	179	0.614162
45	180	0.590614
46	8	1.33917
46	117	0.874308
46	126	0.870683
46	154	0.783932
46	167	0.796694
46	168	0.773399
46	170	0.768909
46	173	0.744435
46	174	0.772046
46	176	0.719619
46	177	0.777563
46	178	0.773313
46	179	0.764578
46	180	0.74103
47	3	0.704594
47	8	0.787312
47	12	0.705906
47	67	0.718012
47	70	0.732558
47	72	0.700077
47	88	0.73964
47	104	0.707836
47	126	0.742923
47	131	0.764165
47	145	2.6504
47	150	3.40532
47	162	0.748749
47	164	0.708069
47	177	3.82252
48	7	0.850535
48	26	0.718691
48	27	0.718848
48	37	0.772081
48	38	0.711108
48	44	0.710576
48	55	0.879547
48	64	0.859502
48	66	0.858496
48	102	0.756732
48	125	1.75393
48	131	0.739592
48	132	0.800827
48	152	2.08909
48	173	6.37183
49	112	1.63999
49	150	0.783914
49	159	0.762671
49	162	0.122121
49	164	0.515242
49	166	0.777309
49	167	0.773492
49	170	0.745708
49	172	0.734304
49	173	0.721233
49	174	0.748845
49	177	0.754361
49	178	0.750111
49	179	0.741377
49	180	0.717828
50	9	0.716927
50	30	0.69764
50	65	0.751702
50	68	0.826433
50	75	0.728114
50	77	0.820699
50	89	0.746219
50	92	2.37605
50	95	0.743613
50	142	2.05711
50	151	0.720651
50	158	0.699326
50	163	0.780743
50	164	0.733282
50	171	5.1133
51	18	0.796448
51	29	0.719193
51	32	0.887556
51	41	0.780486
51	54	0.743779
51	60	0.731442
51	78	0.705514
51	81	0.754975
51	86	0.745585
51	87	0.748658
51	108	2.27263
51	122	1.57488
51	161	0.708793
51	171	0.670856
51	174	5.50573
52	16	0.821104
52	63	0.790394
52	71	0.717613
52	73	0.720758
52	76	0.778955
52	82	0.757922
52	83	0.75981
52	98	0.740599
52	120	2.54379
52	123	0.741907
52	146	0.729005
52	149	3.67563
52	151	0.709872
52	162	0.763184
52	175	3.48157
53	16	0.811485
53	20	0.778487
53	63	0.780775
53	69	0.770777
53	71	0.707994
53	76	0.769336
53	82	0.748303
53	83	0.750191
53	85	1.8051
53	98	0.730981
53	123	0.732288
53	142	2.42131
53	151	0.700253
53	162	0.753565
53	170	6.17148
54	18	0.791965
54	22	1.68303
54	32	0.883073
54	40	0.76152
54	41	0.776003
54	51	0.743779
54	60	0.726959
54	78	0.701031
54	81	0.750492
54	86	0.741102
54	87	0.744175
54	135	1.94942
54	161	0.70431
54	168	4.6401
54	171	0.666373
55	7	0.906863
55	26	0.775019
55	27	0.775176
55	38	0.767435
55	44	0.766904
55	48	0.879547
55	64	0.91583
55	66	0.914824
55	97	1.68006
55	102	0.81306
55	120	0.792275
55	131	0.79592
55	132	0.857155
55	147	1.78252
55	150	2.89161
55	172	5.04197
56	6	1.67697
56	86	1.12696
56	106	1.0797
56	157	0.771081
56	159	0.756753
56	165	0.788156
56	169	0.738767
56	170	0.739789
56	172	0.728386
56	173	0.715315
56	174	0.742926
56	176	0.690499
56	177	0.748443
56	178	0.744193
56	179	0.735458
56	180	0.71191
57	30	0.665638
57	61	0.68058
57	65	0.7197
57	74	0.769073
57	75	0.696112
57	77	0.788697
57	89	0.714217
57	95	0.711611
57	131	0.83825
57	139	2.95608
57	151	0.688649
57	155	3.78295
57	158	0.667324
57	163	0.748741
57	164	0.701281
57	171	3.77411
58	80	0.759752
58	100	0.729675
58	101	0.731738
58	106	0.714799
58	118	0.749974
58	121	0.766938
58	124	0.761969
58	127	0.74895
58	129	0.743311
58	130	3.99941
58	133	0.725191
58	137	0.748806
58	140	1.69482
58	141	0.754759
58	159	4.17508
58	175	0.690867
59	1	0.729655
59	4	0.731746
59	15	0.814902
59	23	0.786995
59	31	0.711283
59	36	2.03988
59	37	1.40902
59	39	0.77092
59	96	0.762387
59	132	0.766435
59	138	0.714093
59	161	0.711879
59	163	0.768807
59	174	3.86437
59	175	0.703471
60	18	0.779628
60	29	0.702373
60	34	0.803438
60	40	0.749183
60	41	0.763666
60	51	0.731442
60	54	0.726959
60	78	0.688694
60	81	0.738155
60	86	0.728764
60	87	0.731838
60	138	0.694187
60	148	3.68411
60	156	3.48186
60	161	0.691973
60	165	3.30119
60	171	0.654036
61	6	0.872654
61	57	0.68058
61	62	6.8
61	65	0.685977
61	68	0.760708
61	74	0.73535
61	75	0.662389
61	77	0.754974
61	89	0.680494
61	95	0.677888
61	123	2.30231
61	131	0.804527
61	151	0.654926
61	158	0.633601
61	161	2.40672
61	163	0.715018
61	164	0.667557
62	61	6.8
62	138	0.661554
62	144	0.64313
62	155	0.644114
62	156	0.670632
62	159	0.645418
62	165	0.67682
62	167	0.656238
62	168	0.632943
62	170	0.628454
62	172	0.61705
62	173	0.60398
62	174	0.631591
62	177	0.637107
62	178	0.632857
62	179	0.624123
62	180	0.600575
63	20	0.821751
63	52	0.790394
63	53	0.780775
63	69	0.814041
63	71	0.751258
63	76	0.812599
63	82	0.791567
63	83	0.793454
63	98	0.774244
63	102	0.757141
63	128	0.792807
63	151	0.743516
63	155	3.8346
63	156	1.89202
63	158	4.02481
63	162	0.796829
63	167	2.3863
64	7	0.886818
64	26	0.754974
64	27	0.755131
64	37	0.808364
64	38	0.74739
64	44	0.746859
64	48	0.859502
64	55	0.91583
64	66	0.894779
64	99	5.42428
64	102	0.793015
64	120	0.77223
64	125	2.28546
64	131	0.775875
64	132	0.83711
64	158	4.46923
64	163	2.02045
65	30	0.671034
65	50	0.751702
65	57	0.7197
65	61	0.685977
65	68	0.799828
65	74	0.774469
65	75	0.701508
65	77	0.794093
65	89	0.719613
65	95	0.717007
65	110	1.65304
65	151	0.694045
65	158	0.67272
65	160	3.65001
65	163	0.754137
65	164	0.706677
65	175	5.00585
66	7	0.885813
66	26	0.753968
66	27	0.754125
66	37	0.807358
66	38	0.746385
66	44	0.745853
66	48	0.858496
66	55	0.914824
66	64	0.894779
66	102	0.792009
66	120	0.771225
66	128	1.48439
66	131	0.774869
66	132	0.836104
66	139	3.25442
66	177	2.98497
66	179	4.47034
67	12	0.696038
67	47	0.718012
67	70	0.72269
67	72	0.690209
67	79	0.739263
67	84	0.740049
67	88	0.729772
67	104	0.697968
67	117	0.729484
67	119	0.730276
67	126	0.733055
67	132	0.743289
67	155	3.92985
67	161	2.78831
67	162	0.738881
67	164	0.698201
67	179	4.31889
68	9	0.765052
68	30	0.745766
68	50	0.826433
68	61	0.760708
68	65	0.799828
68	74	0.849201
68	75	0.77624
68	77	0.868825
68	89	0.794345
68	95	0.791739
68	131	0.765262
68	153	1.76449
68	154	3.28134
68	158	0.747452
68	163	0.828869
68	164	0.781408
68	168	3.49536
68	178	3.5175
69	20	0.811753
69	53	0.770777
69	63	0.814041
69	71	0.74126
69	73	0.744404
69	76	0.802601
69	82	0.781569
69	83	0.783457
69	98	0.764246
69	102	0.747144
69	125	1.28002
69	128	0.782809
69	146	0.752652
69	151	0.733519
69	158	2.6403
69	162	0.786831
69	169	2.42373
69	180	6.24179
70	8	0.79199
70	11	0.837622
70	47	0.732558
70	67	0.72269
70	79	0.753809
70	84	0.754595
70	88	0.744318
70	93	1.81853
70	104	0.712514
70	117	0.74403
70	119	0.744822
70	126	0.747601
70	131	0.768843
70	132	0.757835
70	143	2.07912
70	162	0.753427
70	169	4.67207
70	177	3.6021
71	16	0.781967
71	20	0.74897
71	52	0.717613
71	53	0.707994
71	63	0.751258
71	69	0.74126
71	73	0.681621
71	76	0.739818
71	82	0.718786
71	83	0.720673
71	98	0.701463
71	110	2.73218
71	122	3.0932
71	128	0.720026
71	143	4.52082
71	146	0.689868
71	151	0.670735
71	162	0.724048
72	3	0.676792
72	12	0.678103
72	42	0.717498
72	47	0.700077
72	67	0.690209
72	79	0.721329
72	84	0.722114
72	88	0.711838
72	104	0.680034
72	117	0.71155
72	119	0.712342
72	126	0.715121
72	131	0.736362
72	152	2.85168
72	155	4.31826
72	162	0.720947
72	164	0.680266
72	174	4.2022
73	2	2.13721
73	16	0.785112
73	20	0.752114
73	52	0.720758
73	69	0.744404
73	71	0.681621
73	76	0.742963
73	82	0.72193
73	83	0.723818
73	98	0.704607
73	102	0.687505
73	107	1.98981
73	123	0.705915
73	128	0.72317
73	144	5.46426
73	146	0.693013
73	151	0.67388
73	162	0.727192
74	9	0.739694
74	30	0.720407
74	57	0.769073
74	61	0.73535
74	65	0.774469
74	68	0.849201
74	75	0.750881
74	77	0.843466
74	89	0.768986
74	95	0.76638
74	109	1.71998
74	143	2.12832
74	151	0.743418
74	158	0.722093
74	163	0.80351
74	164	0.75605
74	168	4.21566
74	175	3.6925
75	6	0.888186
75	13	1.54008
75	30	0.647447
75	50	0.728114
75	57	0.696112
75	61	0.662389
75	65	0.701508
75	68	0.77624
75	74	0.750881
75	77	0.770505
75	89	0.696026
75	95	0.693419
75	151	0.670457
75	158	0.649132
75	163	0.730549
75	164	0.683089
75	167	3.60208
75	178	4.54054
76	20	0.810311
76	52	0.778955
76	53	0.769336
76	63	0.812599
76	69	0.802601
76	71	0.739818
76	73	0.742963
76	82	0.780127
76	83	0.782015
76	97	2.95097
76	98	0.762804
76	102	0.745702
76	107	2.35512
76	135	2.45339
76	146	0.75121
76	151	0.732077
76	162	0.785389
76	167	4.22774
77	50	0.820699
77	57	0.788697
77	61	0.754974
77	65	0.794093
77	68	0.868825
77	74	0.843466
77	75	0.770505
77	89	0.78861
77	95	0.786004
77	131	0.759528
77	146	2.07367
77	148	2.70332
77	151	0.763042
77	158	0.741717
77	163	0.823134
77	164	0.775674
77	167	2.99536
77	174	4.32759
78	18	0.7537
78	29	0.676445
78	32	0.844808
78	34	0.77751
78	37	0.691855
78	40	0.723255
78	41	0.737738
78	51	0.705514
78	54	0.701031
78	60	0.688694
78	81	0.712227
78	86	0.702837
78	87	0.70591
78	125	3.15366
78	128	3.63976
78	138	0.668259
78	157	4.56735
78	161	0.666045
78	171	0.628108
79	3	0.725846
79	11	0.854196
79	42	0.766552
79	67	0.739263
79	70	0.753809
79	72	0.721329
79	84	0.771168
79	88	0.760891
79	94	1.11856
79	117	0.760603
79	119	0.761395
79	120	0.709529
79	126	0.764175
79	132	0.774409
79	134	2.54079
79	162	0.77
79	164	0.72932
79	166	3.6744
79	168	4.69825
80	58	0.759752
80	103	0.75655
80	111	0.786151
80	112	0.742366
80	114	0.788354
80	118	0.780497
80	124	0.792492
80	128	0.775925
80	129	0.773834
80	133	0.755714
80	137	0.779329
80	141	0.785283
80	147	1.96342
80	154	3.84003
80	158	0.70531
80	160	2.17505
80	169	4.55967
80	171	0.691863
80	175	0.721391
81	18	0.80316
81	29	0.725906
81	32	0.894269
81	34	0.826971
81	40	0.772716
81	41	0.787199
81	51	0.754975
81	54	0.750492
81	60	0.738155
81	78	0.712227
81	86	0.752297
81	87	0.755371
81	92	2.53971
81	138	0.717719
81	146	2.91582
81	150	3.77228
81	161	0.715505
81	165	3.16255
81	171	0.677569
82	16	0.822276
82	20	0.789279
82	52	0.757922
82	53	0.748303
82	63	0.791567
82	69	0.781569
82	71	0.718786
82	73	0.72193
82	76	0.780127
82	83	0.760982
82	98	0.741772
82	102	0.72467
82	128	0.760335
82	135	1.50729
82	146	0.730177
82	152	3.26334
82	162	0.764357
82	165	2.60668
82	170	5.41506
83	16	0.824164
83	19	1.65232
83	20	0.791166
83	52	0.75981
83	53	0.750191
83	63	0.793454
83	69	0.783457
83	71	0.720673
83	73	0.723818
83	76	0.782015
83	82	0.760982
83	97	2.20258
83	98	0.74366
83	123	0.744967
83	146	0.732065
83	151	0.712932
83	160	2.51667
83	162	0.766244
83	171	4.91881
84	11	0.854981
84	67	0.740049
84	70	0.754595
84	72	0.722114
84	79	0.771168
84	88	0.761677
84	96	0.771146
84	102	0.731099
84	104	0.729873
84	117	0.761389
84	119	0.762181
84	120	0.710314
84	126	0.76496
84	162	0.770786
84	164	0.730106
84	166	1.502
84	170	3.74296
84	173	5.87398
84	175	2.00269
85	53	1.8051
85	104	1.32323
85	112	0.997569
85	117	0.32879
85	130	0.777166
85	148	0.782387
85	150	0.781513
85	165	0.791673
85	166	0.774908
85	167	0.771091
85	168	0.747796
85	169	0.742284
85	172	0.731903
85	173	0.718832
85	174	0.746443
85	176	0.694016
85	177	0.75196
85	178	0.74771
85	179	0.738975
85	180	0.715427
86	18	0.79377
86	29	0.716515
86	32	0.884879
86	34	0.81758
86	37	0.731925
86	40	0.763325
86	41	0.777808
86	51	0.745585
86	54	0.741102
86	56	1.12696
86	60	0.728764
86	78	0.702837
86	81	0.752297
86	87	0.745981
86	90	1.96786
86	138	0.708329
86	150	3.35426
86	161	0.706115
86	171	0.668178
86	172	5.50462
87	18	0.796844
87	29	0.719589
87	32	0.887953
87	34	0.820654
87	40	0.766399
87	41	0.780882
87	45	0.689245
87	51	0.748658
87	54	0.744175
87	60	0.731838
87	78	0.70591
87	81	0.755371
87	86	0.745981
87	105	2.19336
87	122	1.7959
87	138	0.711403
87	151	4.03369
87	161	0.709189
87	167	4.39452
87	171	0.671252
88	3	0.716355
88	11	0.844704
88	47	0.73964
88	67	0.729772
88	70	0.744318
88	72	0.711838
88	79	0.760891
88	84	0.761677
88	104	0.719596
88	117	0.751112
88	119	0.751904
88	120	0.700038
88	126	0.754684
88	128	1.74145
88	132	0.764918
88	161	3.19681
88	162	0.760509
88	164	0.719829
88	172	4.9752
88	175	3.28322
89	6	0.906291
89	9	0.684838
89	50	0.746219
89	57	0.714217
89	61	0.680494
89	65	0.719613
89	68	0.794345
89	74	0.768986
89	75	0.696026
89	77	0.78861
89	90	2.42012
89	95	0.711524
89	128	2.72314
89	131	0.75729
89	147	2.69743
89	151	0.688562
89	158	0.667237
89	163	0.748654
89	164	0.701194
89	171	5.3112
90	32	1.93264
90	86	1.96786
90	89	2.42012
90	91	0.151907
90	139	0.786542
90	153	0.796639
90	154	0.75949
90	155	0.760127
90	156	0.786646
90	166	0.776069
90	168	0.748957
90	169	0.743445
90	172	0.733063
90	173	0.719993
90	174	0.747604
90	176	0.695177
90	177	0.75312
90	178	0.74887
90	179	0.740136
90	180	0.716588
91	45	0.701711
91	90	0.151907
91	100	0.752055
91	103	0.748406
91	106	0.737179
91	111	0.778007
91	112	0.734222
91	121	0.789317
91	123	0.750526
91	124	0.784348
91	127	0.77133
91	129	0.76569
91	133	0.74757
91	141	0.777138
91	161	1.91029
91	162	0.771803
91	171	0.683719
91	175	0.713247
91	179	3.44087
91	180	6.84353
92	21	0.72838
92	50	2.37605
92	81	2.53971
92	141	1.93612
92	145	0.766746
92	152	0.740215
92	155	0.711359
92	160	0.755157
92	166	0.7273
92	167	0.723483
92	168	0.700188
92	169	0.694677
92	172	0.684295
92	173	0.671225
92	174	0.698836
92	176	0.646408
92	177	0.704352
92	178	0.700102
92	179	0.691368
92	180	0.667819
93	3	3.8008
93	70	1.81853
93	116	0.716848
93	118	0.991144
93	149	0.724759
93	153	0.750107
93	154	0.712958
93	155	0.713595
93	159	0.714899
93	160	0.757393
93	166	0.729537
93	168	0.702425
93	172	0.686532
93	173	0.673461
93	174	0.701072
93	176	0.648645
93	177	0.706588
93	178	0.702339
93	179	0.693604
93	180	0.670056
94	6	1.30612
94	79	1.11856
94	114	1.69827
94	133	1.73964
94	147	0.801503
94	150	0.780218
94	154	0.757035
94	156	0.78419
94	159	0.758975
94	166	0.773613
94	167	0.769796
94	168	0.746501
94	169	0.740989
94	170	0.742011
94	173	0.717537
94	174	0.745148
94	176	0.692721
94	178	0.746415
94	179	0.73768
94	180	0.714132
95	6	0.903685
95	9	0.682232
95	17	3.86999
95	30	0.662945
95	50	0.743613
95	57	0.711611
95	61	0.677888
95	65	0.717007
95	68	0.791739
95	74	0.76638
95	75	0.693419
95	77	0.786004
95	89	0.711524
95	109	2.34899
95	131	0.754684
95	136	2.45647
95	146	3.00666
95	151	0.685956
95	158	0.664631
95	163	0.746048
95	164	0.698588
96	59	0.762387
96	84	0.771146
96	104	0.729065
96	117	0.760581
96	119	0.761373
96	126	0.764153
96	127	0.769505
96	129	0.763866
96	130	3.80582
96	133	0.745746
96	137	0.769361
96	141	0.775314
96	142	1.46731
96	161	0.719831
96	163	0.776758
96	164	0.729298
96	167	3.08405
96	168	4.00038
96	175	0.711422
97	11	1.5664
97	55	1.68006
97	76	2.95097
97	83	2.20258
97	109	0.827783
97	136	0.798641
97	149	0.751951
97	150	0.763334
97	160	0.784585
97	165	0.773493
97	166	0.756728
97	168	0.729616
97	169	0.724105
97	170	0.725127
97	172	0.713723
97	173	0.700653
97	176	0.675837
97	177	0.73378
97	178	0.72953
97	179	0.720796
97	180	0.697248
98	16	0.804953
98	20	0.771956
98	52	0.740599
98	53	0.730981
98	63	0.774244
98	69	0.764246
98	71	0.701463
98	73	0.704607
98	76	0.762804
98	82	0.741772
98	83	0.74366
98	102	0.707347
98	123	0.725757
98	128	0.743012
98	143	3.32048
98	146	0.712855
98	151	0.693722
98	162	0.747034
98	169	5.91343
98	171	5.93095
98	176	17.2744
99	26	3.37572
99	45	0.651458
99	64	5.42428
99	130	0.674375
99	134	0.730808
99	142	0.71277
99	143	0.716089
99	148	0.679596
99	149	0.66734
99	153	0.692688
99	156	0.682694
99	166	0.672117
99	168	0.645005
99	169	0.639494
99	170	0.640516
99	172	0.629112
99	174	0.643653
99	176	0.591225
99	177	0.649169
99	178	0.644919
99	179	0.636185
99	180	0.612637
100	28	0.79031
100	58	0.729675
100	91	0.752055
100	103	0.726474
100	106	0.715246
100	111	0.756075
100	114	0.758277
100	116	4.83281
100	124	0.762415
100	127	0.749397
100	129	0.743757
100	133	0.725638
100	137	0.749252
100	139	2.36508
100	141	0.755206
100	150	1.67844
100	158	0.675233
100	162	0.74987
100	164	0.70919
100	171	0.661786
100	173	6.00811
100	175	0.691314
101	28	0.792373
101	58	0.731738
101	103	0.728537
101	106	0.717309
101	111	0.758138
101	112	0.714352
101	118	0.752484
101	124	0.764478
101	127	0.75146
101	129	0.745821
101	133	0.727701
101	137	0.751316
101	141	0.757269
101	146	0.717754
101	152	2.80146
101	158	0.677296
101	160	1.85707
101	162	0.751933
101	170	4.95318
101	171	0.663849
101	175	0.693377
101	179	4.65709
102	26	0.652204
102	33	1.82008
102	44	0.644088
102	48	0.756732
102	55	0.81306
102	63	0.757141
102	64	0.793015
102	66	0.792009
102	69	0.747144
102	73	0.687505
102	76	0.745702
102	82	0.72467
102	84	0.731099
102	98	0.707347
102	104	0.689018
102	117	0.720534
102	119	0.721326
102	126	0.724106
102	136	2.24739
102	158	5.35777
102	162	0.729931
102	165	3.04431
103	28	0.786662
103	80	0.75655
103	91	0.748406
103	100	0.726474
103	101	0.728537
103	106	0.711598
103	110	1.93402
103	112	0.708641
103	114	0.754629
103	118	0.746772
103	121	0.763737
103	129	0.740109
103	133	0.72199
103	137	0.745604
103	138	4.7916
103	140	3.31085
103	141	0.751558
103	142	3.27693
103	158	0.671585
103	162	0.746222
103	164	0.705542
103	175	0.687666
104	8	0.767268
104	11	0.812901
104	12	0.685862
104	42	0.725257
104	47	0.707836
104	67	0.697968
104	70	0.712514
104	72	0.680034
104	84	0.729873
104	85	1.32323
104	88	0.719596
104	96	0.729065
104	102	0.689018
104	117	0.719309
104	119	0.720101
104	126	0.72288
104	131	0.744121
104	153	3.6529
104	162	0.728706
104	163	2.56772
104	164	0.688025
104	177	4.81941
105	6	1.76832
105	28	2.44114
105	40	2.39719
105	87	2.19336
105	135	0.826135
105	144	0.738248
105	150	0.761779
105	156	0.765751
105	157	0.754864
105	166	0.755174
105	167	0.751357
105	168	0.728062
105	169	0.72255
105	170	0.723572
105	172	0.712169
105	173	0.699098
105	174	0.726709
105	176	0.674282
105	177	0.732225
105	178	0.727976
105	179	0.719241
105	180	0.695693
106	24	0.76329
106	28	0.775434
106	56	1.0797
106	58	0.714799
106	91	0.737179
106	100	0.715246
106	101	0.717309
106	103	0.711598
106	112	0.697413
106	114	0.743401
106	118	0.735544
106	121	0.752509
106	124	0.747539
106	129	0.728881
106	133	0.710762
106	137	0.734376
106	141	0.74033
106	144	4.97405
106	157	3.1512
106	162	0.734994
106	164	0.694314
106	171	0.64691
106	177	3.72419
107	10	0.719798
107	73	1.98981
107	76	2.35512
107	137	1.08186
107	140	0.801386
107	141	1.3613
107	144	0.729489
107	145	0.78586
107	154	0.729836
107	160	0.774271
107	165	0.763179
107	166	0.746414
107	168	0.719303
107	169	0.713791
107	170	0.714813
107	172	0.703409
107	173	0.690339
107	174	0.71795
107	176	0.665523
107	177	0.723466
107	178	0.719216
107	179	0.710482
107	180	0.686934
108	41	1.99808
108	51	2.27263
108	127	1.4875
108	149	0.744826
108	150	0.756208
108	153	0.770173
108	155	0.733662
108	160	0.777459
108	164	1.11616
108	165	0.766368
108	167	0.745786
108	168	0.722491
108	169	0.716979
108	170	0.718001
108	171	0.710951
108	172	0.706598
108	173	0.693527
108	174	0.721138
108	176	0.668711
108	177	0.726655
108	178	0.722405
108	179	0.71367
108	180	0.690122
109	15	1.25366
109	74	1.71998
109	95	2.34899
109	97	0.827783
109	133	2.82366
109	142	0.782461
109	143	0.78578
109	155	0.725867
109	158	0.716603
109	159	0.727171
109	165	0.758573
109	166	0.741808
109	167	0.737991
109	169	0.709185
109	170	0.710207
109	172	0.698803
109	173	0.685733
109	174	0.713344
109	176	0.660916
109	177	0.71886
109	178	0.71461
109	179	0.705876
109	180	0.682328
110	38	2.88076
110	65	1.65304
110	71	2.73218
110	103	1.93402
110	152	0.759312
110	153	0.766968
110	154	0.729819
110	155	0.730456
110	156	0.756975
110	157	0.746088
110	160	0.774254
110	166	0.746398
110	167	0.742581
110	168	0.719286
110	169	0.713774
110	172	0.703392
110	173	0.690322
110	174	0.717933
110	176	0.665506
110	177	0.723449
110	178	0.719199
110	179	0.710465
110	180	0.686917
111	5	0.733258
111	10	3.64717
111	14	0.734869
111	80	0.786151
111	91	0.778007
111	100	0.756075
111	101	0.758138
111	112	0.738242
111	114	0.78423
111	118	0.776373
111	121	0.793338
111	127	0.77535
111	129	0.76971
111	134	1.89037
111	137	0.775205
111	141	0.781159
111	146	0.741644
111	153	2.31697
111	162	0.775823
111	164	0.735143
111	165	2.45655
111	171	0.687739
111	175	0.717267
111	178	4.06997
112	5	0.689473
112	28	0.772477
112	49	1.63999
112	80	0.742366
112	85	0.997569
112	91	0.734222
112	101	0.714352
112	103	0.708641
112	106	0.697413
112	111	0.738242
112	114	0.740444
112	118	0.732588
112	121	0.749552
112	124	0.744582
112	127	0.731564
112	129	0.725925
112	133	0.707805
112	137	0.731419
112	141	0.737373
112	156	3.6475
112	158	0.6574
112	164	0.691357
112	171	0.643953
112	179	5.97912
113	25	0.780066
113	31	1.23633
113	114	2.02145
113	115	0.710775
113	127	1.04818
113	133	2.06282
113	140	0.780068
113	142	0.76575
113	145	0.764542
113	153	0.745667
113	156	0.735674
113	157	0.724787
113	160	0.752953
113	165	0.741862
113	166	0.725097
113	167	0.72128
113	168	0.697985
113	170	0.693495
113	173	0.669021
113	174	0.696632
113	176	0.644205
113	178	0.697899
113	179	0.689164
113	180	0.665616
114	5	0.735461
114	80	0.788354
114	94	1.69827
114	100	0.758277
114	103	0.754629
114	106	0.743401
114	111	0.78423
114	112	0.740444
114	113	2.02145
114	121	0.79554
114	124	0.79057
114	125	2.72693
114	127	0.777552
114	129	0.771913
114	133	0.753793
114	137	0.777408
114	141	0.783361
114	152	4.34335
114	158	0.703388
114	162	0.778025
114	163	2.46192
114	164	0.737345
114	171	0.689941
114	175	0.719469
115	45	0.635773
115	113	0.710775
115	125	0.730414
115	129	3.87746
115	132	3.6531
115	140	0.711404
115	142	0.697085
115	143	0.700404
115	149	0.651655
115	152	0.669347
115	153	0.677003
115	159	0.641795
115	165	0.673197
115	166	0.656432
115	167	0.652615
115	169	0.623809
115	170	0.624831
115	172	0.613427
115	174	0.627968
115	175	0.647308
115	176	0.575541
115	177	0.633484
115	178	0.629234
115	179	0.6205
115	180	0.596952
116	35	0.713227
116	93	0.716848
116	100	4.83281
116	131	3.43174
116	143	0.702038
116	147	0.685957
116	150	0.664671
116	153	0.678636
116	156	0.668643
116	159	0.643428
116	160	0.685923
116	163	0.714278
116	165	0.674831
116	167	0.654249
116	168	0.630954
116	169	0.625442
116	170	0.626465
116	172	0.615061
116	173	0.601991
116	174	0.629602
116	176	0.577174
116	177	0.635118
116	178	0.630868
116	179	0.622134
116	180	0.598585
117	3	0.716067
117	8	0.798784
117	10	0.684173
117	12	0.717378
117	42	0.756773
117	46	0.874308
117	67	0.729484
117	70	0.74403
117	72	0.71155
117	79	0.760603
117	84	0.761389
117	85	0.32879
117	88	0.751112
117	96	0.760581
117	102	0.720534
117	104	0.719309
117	119	0.751616
117	120	0.69975
117	126	0.754396
117	130	4.19477
117	131	0.775637
117	162	0.760221
117	164	0.719541
117	175	3.86617
117	178	4.41146
118	5	0.727604
118	24	0.798465
118	58	0.749974
118	80	0.780497
118	93	0.991144
118	101	0.752484
118	103	0.746772
118	106	0.735544
118	111	0.776373
118	112	0.732588
118	123	0.748892
118	124	0.782714
118	127	0.769695
118	129	0.764056
118	133	0.745936
118	137	0.769551
118	140	1.95368
118	141	0.775504
118	158	0.695532
118	160	1.46006
118	164	0.729488
118	171	0.682084
118	175	0.711613
118	179	4.26008
118	180	7.66274
119	3	0.716859
119	8	0.799576
119	10	0.684965
119	12	0.71817
119	42	0.757565
119	67	0.730276
119	70	0.744822
119	72	0.712342
119	79	0.761395
119	84	0.762181
119	88	0.751904
119	96	0.761373
119	102	0.721326
119	104	0.720101
119	117	0.751616
119	120	0.700542
119	126	0.755188
119	128	2.01125
119	131	0.776429
119	144	4.76169
119	153	2.34532
119	159	4.0573
119	162	0.761014
119	164	0.720333
119	166	3.05233
120	9	4.10187
120	27	0.631576
120	38	0.623836
120	41	3.35434
120	44	0.623304
120	52	2.54379
120	55	0.792275
120	64	0.77223
120	66	0.771225
120	79	0.709529
120	84	0.710314
120	88	0.700038
120	117	0.69975
120	119	0.700542
120	123	0.68787
120	126	0.703321
120	143	0.703686
120	156	0.670292
120	157	0.659405
120	162	0.709147
120	170	0.628113
120	177	0.636767
120	178	0.632517
120	179	0.623782
120	180	0.600234
121	14	0.746179
121	24	0.815429
121	28	0.827573
121	58	0.766938
121	91	0.789317
121	103	0.763737
121	106	0.752509
121	111	0.793338
121	112	0.749552
121	114	0.79554
121	122	1.71464
121	124	0.799678
121	127	0.78666
121	129	0.78102
121	133	0.7629
121	134	2.12217
121	137	0.786515
121	141	0.792469
121	149	3.95053
121	150	3.29809
121	151	3.00248
121	158	0.712496
121	162	0.787133
121	164	0.746452
121	169	4.78525
121	171	0.699049
121	175	0.728577
122	1	2.62138
122	25	0.801408
122	51	1.57488
122	71	3.0932
122	87	1.7959
122	121	1.71464
122	136	0.788351
122	140	0.80141
122	142	0.787092
122	152	0.759354
122	153	0.767009
122	154	0.729861
122	155	0.730498
122	157	0.746129
122	159	0.731802
122	165	0.763204
122	166	0.746439
122	168	0.719327
122	169	0.713816
122	170	0.714838
122	172	0.703434
122	173	0.690364
122	176	0.665547
122	177	0.723491
122	178	0.719241
122	179	0.710507
122	180	0.686958
123	29	4.04587
123	30	2.17142
123	52	0.741907
123	53	0.732288
123	61	2.30231
123	73	0.705915
123	83	0.744967
123	91	0.750526
123	98	0.725757
123	118	0.748892
123	120	0.68787
123	131	0.544948
123	133	0.724109
123	141	0.753677
123	146	0.714162
123	160	0.726766
123	162	0.748341
123	164	0.707661
123	166	0.698909
123	171	0.660257
123	174	0.670445
123	175	0.689785
123	176	0.618017
123	177	0.675961
123	178	0.671711
123	179	0.662977
123	180	0.639428
124	5	0.739599
124	13	0.781729
124	14	0.741209
124	37	1.72061
124	58	0.761969
124	80	0.792492
124	91	0.784348
124	100	0.762415
124	101	0.764478
124	106	0.747539
124	112	0.744582
124	114	0.79057
124	118	0.782714
124	121	0.799678
124	127	0.78169
124	129	0.776051
124	133	0.757931
124	137	0.781546
124	138	2.74167
124	141	0.787499
124	146	0.747984
124	149	3.43095
124	159	3.74118
124	162	0.782164
124	164	0.741483
124	171	0.694079
124	175	0.723607
124	178	3.78219
125	48	1.75393
125	64	2.28546
125	69	1.28002
125	78	3.15366
125	114	2.72693
125	115	0.730414
125	139	0.755209
125	140	0.799707
125	148	0.752215
125	150	0.75134
125	154	0.728157
125	156	0.755313
125	159	0.730098
125	160	0.772592
125	161	0.74402
125	165	0.7615
125	166	0.744735
125	167	0.740918
125	168	0.717623
125	170	0.713134
125	172	0.70173
125	173	0.68866
125	174	0.716271
125	176	0.663844
125	177	0.721787
125	178	0.717537
125	179	0.708803
125	180	0.685255
126	3	0.719638
126	8	0.802355
126	10	0.687744
126	11	0.847988
126	12	0.72095
126	42	0.760344
126	46	0.870683
126	47	0.742923
126	67	0.733055
126	70	0.747601
126	72	0.715121
126	79	0.764175
126	84	0.76496
126	88	0.754684
126	96	0.764153
126	102	0.724106
126	104	0.72288
126	117	0.754396
126	119	0.755188
126	120	0.703321
126	131	0.779209
126	132	0.768201
126	152	3.45108
126	157	3.24836
126	158	5.10789
126	161	3.77613
126	162	0.763793
126	163	1.56966
126	164	0.723112
127	5	0.72658
127	14	0.728191
127	22	1.34763
127	24	0.797441
127	58	0.74895
127	91	0.77133
127	96	0.769505
127	100	0.749397
127	101	0.75146
127	108	1.4875
127	111	0.77535
127	112	0.731564
127	113	1.04818
127	114	0.777552
127	118	0.769695
127	121	0.78666
127	124	0.78169
127	128	0.765123
127	129	0.763033
127	133	0.744913
127	137	0.768527
127	141	0.774481
127	146	0.734966
127	159	4.28582
127	162	0.769145
127	163	1.48866
127	171	0.681061
127	172	5.47352
127	175	0.710589
128	63	0.792807
128	66	1.48439
128	69	0.782809
128	71	0.720026
128	73	0.72317
128	78	3.63976
128	80	0.775925
128	82	0.760335
128	88	1.74145
128	89	2.72314
128	98	0.743012
128	119	2.01125
128	127	0.765123
128	129	0.759484
128	133	0.741364
128	137	0.764979
128	141	0.770932
128	150	0.72277
128	151	0.712285
128	155	0.700223
128	162	0.765597
128	171	0.677512
128	172	0.67316
128	173	0.660089
128	175	0.707041
128	176	0.635273
128	177	0.693216
128	178	0.688967
128	180	0.656684
129	14	0.722552
129	25	1.4125
129	58	0.743311
129	80	0.773834
129	91	0.76569
129	96	0.763866
129	100	0.743757
129	101	0.745821
129	103	0.740109
129	106	0.728881
129	111	0.76971
129	112	0.725925
129	114	0.771913
129	115	3.87746
129	118	0.764056
129	121	0.78102
129	124	0.776051
129	127	0.763033
129	128	0.759484
129	133	0.739273
129	137	0.762888
129	141	0.768841
129	143	1.88836
129	146	0.729327
129	161	3.36613
129	162	0.763506
129	163	1.15965
129	171	0.675422
129	172	5.14451
129	175	0.70495
130	21	0.674091
130	58	3.99941
130	85	0.777166
130	96	3.80582
130	99	0.674375
130	117	4.19477
130	135	0.743973
130	136	0.714924
130	139	0.683486
130	142	0.713665
130	143	0.716984
130	144	0.656087
130	148	0.680491
130	155	0.657071
130	157	0.672702
130	159	0.658374
130	165	0.689777
130	166	0.673012
130	167	0.669195
130	168	0.6459
130	169	0.640388
130	170	0.641411
130	172	0.630007
130	173	0.616937
130	174	0.644548
130	176	0.59212
130	177	0.650064
130	178	0.645814
130	179	0.63708
130	180	0.613531
131	11	0.796987
131	26	0.78818
131	27	0.788337
131	38	0.780597
131	44	0.780065
131	47	0.764165
131	48	0.739592
131	55	0.79592
131	57	0.83825
131	61	0.804527
131	64	0.775875
131	66	0.774869
131	68	0.765262
131	70	0.768843
131	72	0.736362
131	77	0.759528
131	89	0.75729
131	95	0.754684
131	104	0.744121
131	116	3.43174
131	117	0.775637
131	119	0.776429
131	123	0.544948
131	126	0.779209
131	138	1.51994
131	145	1.45454
131	153	1.46014
131	163	0.719572
131	164	0.825227
131	174	1.67483
131	176	13.1256
132	3	0.729872
132	4	0.743746
132	7	0.828143
132	23	0.798995
132	26	0.696299
132	27	0.696456
132	31	0.723283
132	33	0.935827
132	38	0.688715
132	39	0.78292
132	42	0.770578
132	44	0.688184
132	48	0.800827
132	55	0.857155
132	59	0.766435
132	64	0.83711
132	66	0.836104
132	67	0.743289
132	70	0.757835
132	79	0.774409
132	88	0.764918
132	115	3.6531
132	126	0.768201
132	145	2.01487
132	146	1.91332
132	160	1.87233
132	161	0.723879
132	162	0.774027
132	163	0.780806
132	164	0.733346
132	165	2.16005
132	173	7.09946
132	175	0.715471
133	14	0.704432
133	24	0.773682
133	28	0.785826
133	45	0.675294
133	58	0.725191
133	80	0.755714
133	91	0.74757
133	94	1.73964
133	96	0.745746
133	100	0.725638
133	101	0.727701
133	103	0.72199
133	106	0.710762
133	109	2.82366
133	112	0.707805
133	113	2.06282
133	114	0.753793
133	118	0.745936
133	121	0.7629
133	123	0.724109
133	124	0.757931
133	127	0.744913
133	128	0.741364
133	129	0.739273
133	135	2.62866
133	137	0.744768
133	139	5.02443
133	141	0.750722
133	146	0.711207
133	162	0.745386
133	163	2.50329
133	164	0.704705
133	171	0.657302
134	24	2.83896
134	79	2.54079
134	99	0.730808
134	111	1.89037
134	121	2.12217
134	142	0.770098
134	143	0.773416
134	149	0.724668
134	150	0.73605
134	152	0.742359
134	154	0.712867
134	155	0.713504
134	156	0.740022
134	157	0.729135
134	159	0.714807
134	160	0.757301
134	164	1.77589
134	166	0.729445
134	167	0.725628
134	168	0.702333
134	169	0.696821
134	170	0.697843
134	172	0.68644
134	173	0.673369
134	174	0.70098
134	175	0.720321
134	176	0.648553
134	177	0.706497
134	178	0.702247
134	179	0.693512
134	180	0.669964
135	34	2.05354
135	54	1.94942
135	76	2.45339
135	82	1.50729
135	105	0.826135
135	130	0.743973
135	133	2.62866
135	140	0.796687
135	141	1.45957
135	147	0.769606
135	148	0.749195
135	149	0.736938
135	152	0.75463
135	153	0.762286
135	155	0.725774
135	156	0.752292
135	157	0.741405
135	158	0.71651
135	160	0.769572
135	165	0.75848
135	166	0.741715
135	167	0.737898
135	168	0.714603
135	169	0.709092
135	170	0.710114
135	172	0.69871
135	173	0.68564
135	174	0.713251
135	176	0.660823
135	177	0.718767
135	178	0.714517
135	179	0.705783
135	180	0.682235
136	28	3.17043
136	95	2.45647
136	97	0.798641
136	102	2.24739
136	122	0.788351
136	130	0.714924
136	140	0.767638
136	141	1.76204
136	142	0.753319
136	144	0.695741
136	145	0.752112
136	149	0.707889
136	152	0.725581
136	153	0.733237
136	154	0.696088
136	155	0.696725
136	157	0.712356
136	159	0.698029
136	160	0.740523
136	162	1.15204
136	165	0.729431
136	167	0.708849
136	169	0.680043
136	170	0.681065
136	171	0.674014
136	172	0.669661
136	173	0.656591
136	174	0.684202
136	176	0.631774
136	177	0.689718
136	178	0.685468
136	179	0.676734
136	180	0.653186
137	5	0.726436
137	14	0.728046
137	24	0.797297
137	25	1.30761
137	45	0.698909
137	58	0.748806
137	80	0.779329
137	96	0.769361
137	100	0.749252
137	101	0.751316
137	103	0.745604
137	106	0.734376
137	107	1.08186
137	111	0.775205
137	112	0.731419
137	114	0.777408
137	118	0.769551
137	121	0.786515
137	124	0.781546
137	127	0.768527
137	128	0.764979
137	129	0.762888
137	133	0.744768
137	141	0.774336
137	145	2.13433
137	146	0.734821
137	148	2.66244
137	158	0.694364
137	162	0.769001
137	163	1.05476
137	164	0.72832
137	171	0.680916
137	175	0.710445
137	178	3.89294
137	180	8.19448
138	1	0.689313
138	4	0.691404
138	15	0.77456
138	25	0.727222
138	29	0.681938
138	31	0.670941
138	32	0.850301
138	39	0.730578
138	59	0.714093
138	60	0.694187
138	62	0.661554
138	78	0.668259
138	81	0.717719
138	86	0.708329
138	87	0.711403
138	103	4.7916
138	124	2.74167
138	131	1.51994
138	144	0.655327
138	149	0.667475
138	157	0.671943
138	161	0.671537
138	163	0.728465
138	164	2.91497
138	171	0.633601
138	172	0.629248
138	174	0.643788
138	175	0.663129
138	176	0.591361
138	177	0.649305
138	178	0.645055
138	179	0.63632
138	180	0.612772
139	36	0.738361
139	57	2.95608
139	66	3.25442
139	90	0.786542
139	100	2.36508
139	125	0.755209
139	130	0.683486
139	133	5.02443
139	142	0.72188
139	143	0.725199
139	144	0.664302
139	147	0.709118
139	148	0.688707
139	150	0.687833
139	152	0.694142
139	153	0.701798
139	154	0.664649
139	156	0.691805
139	157	0.680918
139	160	0.709084
139	165	0.697993
139	166	0.681228
139	167	0.677411
139	168	0.654116
139	169	0.648604
139	170	0.649626
139	172	0.638223
139	173	0.625152
139	174	0.652763
139	176	0.600336
139	177	0.65828
139	178	0.65403
139	179	0.645295
139	180	0.621747
140	16	2.58333
140	23	2.15272
140	58	1.69482
140	103	3.31085
140	107	0.801386
140	113	0.780068
140	115	0.711404
140	118	1.95368
140	122	0.80141
140	125	0.799707
140	135	0.796687
140	136	0.767638
140	147	0.753616
140	149	0.720948
140	152	0.73864
140	153	0.746296
140	155	0.709784
140	156	0.736303
140	157	0.725416
140	159	0.711088
140	160	0.753582
140	162	1.04109
140	167	0.721909
140	168	0.698614
140	169	0.693102
140	170	0.694124
140	171	0.687073
140	172	0.682721
140	173	0.66965
140	174	0.697261
140	176	0.644834
140	177	0.702777
140	178	0.698528
140	179	0.689793
140	180	0.666245
141	5	0.732389
141	14	0.734
141	24	0.80325
141	28	0.815394
141	43	1.80285
141	58	0.754759
141	80	0.785283
141	91	0.777138
141	92	1.93612
141	96	0.775314
141	100	0.755206
141	101	0.757269
141	103	0.751558
141	106	0.74033
141	107	1.3613
141	111	0.781159
141	112	0.737373
141	114	0.783361
141	118	0.775504
141	121	0.792469
141	123	0.753677
141	124	0.787499
141	127	0.774481
141	128	0.770932
141	129	0.768841
141	133	0.750722
141	135	1.45957
141	136	1.76204
141	137	0.774336
141	143	2.06291
141	146	0.740775
141	158	0.700317
141	162	0.774954
141	164	0.734274
141	168	4.15025
141	171	0.68687
141	175	0.716398
141	178	4.17238
142	4	3.34761
142	9	3.02974
142	50	2.05711
142	53	2.42131
142	96	1.46731
142	99	0.71277
142	103	3.27693
142	109	0.782461
142	113	0.76575
142	115	0.697085
142	122	0.787092
142	130	0.713665
142	134	0.770098
142	136	0.753319
142	139	0.72188
142	147	0.739297
142	148	0.718886
142	150	0.718012
142	152	0.724321
142	153	0.731977
142	154	0.694829
142	155	0.695466
142	157	0.711097
142	159	0.696769
142	160	0.739263
142	165	0.728172
142	166	0.711407
142	167	0.70759
142	168	0.684295
142	169	0.678783
142	170	0.679805
142	172	0.668402
142	173	0.655331
142	174	0.682942
142	176	0.630515
142	177	0.688459
142	178	0.684209
142	179	0.675474
142	180	0.651926
143	70	2.07912
143	71	4.52082
143	74	2.12832
143	98	3.32048
143	99	0.716089
143	109	0.78578
143	115	0.700404
143	116	0.702038
143	120	0.703686
143	129	1.88836
143	130	0.716984
143	134	0.773416
143	139	0.725199
143	141	2.06291
143	145	0.754171
143	148	0.722205
143	149	0.709949
143	150	0.721331
143	152	0.72764
143	153	0.735296
143	154	0.698148
143	155	0.698785
143	157	0.714416
143	159	0.700088
143	160	0.742582
143	165	0.731491
143	166	0.714726
143	167	0.710909
143	168	0.687614
143	169	0.682102
143	170	0.683124
143	171	0.676074
143	172	0.671721
143	173	0.65865
143	174	0.686261
143	176	0.633834
143	177	0.691778
143	178	0.687528
143	179	0.678793
143	180	0.655245
144	2	0.740578
144	62	0.64313
144	73	5.46426
144	105	0.738248
144	106	4.97405
144	107	0.729489
144	119	4.76169
144	130	0.656087
144	136	0.695741
144	138	0.655327
144	139	0.664302
144	145	0.693274
144	147	0.681719
144	148	0.661308
144	150	0.660434
144	151	0.649949
144	152	0.666743
144	153	0.674399
144	154	0.637251
144	155	0.637888
144	156	0.664406
144	157	0.653519
144	158	0.628624
144	159	0.639191
144	165	0.670594
144	166	0.653829
144	167	0.650012
144	168	0.626717
144	169	0.621205
144	170	0.622227
144	172	0.610824
144	173	0.597753
144	174	0.625364
144	176	0.572937
144	177	0.630881
144	178	0.626631
144	179	0.617896
144	180	0.594348
145	1	4.39986
145	16	3.346
145	47	2.6504
145	92	0.766746
145	107	0.78586
145	113	0.764542
145	131	1.45454
145	132	2.01487
145	136	0.752112
145	137	2.13433
145	143	0.754171
145	144	0.693274
145	146	0.725453
145	147	0.73809
145	149	0.705422
145	150	0.716805
145	151	0.70632
145	152	0.723114
145	153	0.73077
145	154	0.693621
145	157	0.70989
145	158	0.684995
145	159	0.695562
145	160	0.738056
145	161	0.709484
145	165	0.726965
145	166	0.7102
145	167	0.706383
145	168	0.683088
145	169	0.677576
145	170	0.678598
145	171	0.671548
145	172	0.667195
145	173	0.654124
145	174	0.681735
145	176	0.629308
145	177	0.687252
145	178	0.683002
145	179	0.674267
145	180	0.650719
146	23	2.81386
146	24	0.763735
146	40	3.67667
146	52	0.729005
146	69	0.752652
146	71	0.689868
146	73	0.693013
146	76	0.75121
146	77	2.07367
146	81	2.91582
146	82	0.730177
146	83	0.732065
146	95	3.00666
146	98	0.712855
146	101	0.717754
146	111	0.741644
146	123	0.714162
146	124	0.747984
146	127	0.734966
146	129	0.729327
146	132	1.91332
146	133	0.711207
146	137	0.734821
146	141	0.740775
146	145	0.725453
146	151	0.682127
146	156	0.696584
146	159	0.67137
146	160	0.713864
146	162	0.735439
146	163	0.742219
146	164	0.694759
146	170	0.654406
146	172	0.643002
146	173	0.629932
146	174	0.657543
146	175	0.676883
146	176	0.605115
146	178	0.658809
146	179	0.650075
146	180	0.626526
147	4	3.79004
147	22	0.767973
147	27	3.49204
147	36	0.755778
147	55	1.78252
147	80	1.96342
147	89	2.69743
147	94	0.801503
147	116	0.685957
147	135	0.769606
147	139	0.709118
147	140	0.753616
147	142	0.739297
147	144	0.681719
147	145	0.73809
147	148	0.706124
147	149	0.693867
147	150	0.70525
147	152	0.711559
147	153	0.719215
147	154	0.682066
147	155	0.682704
147	156	0.709222
147	157	0.698335
147	159	0.684007
147	160	0.726501
147	161	0.697929
147	164	1.84272
147	165	0.71541
147	166	0.698645
147	167	0.694828
147	168	0.671533
147	169	0.666021
147	170	0.667043
147	172	0.65564
147	173	0.642569
147	175	0.689521
147	176	0.617753
147	177	0.675696
147	178	0.671447
147	179	0.662712
147	180	0.639164
148	5	3.79332
148	13	0.765681
148	60	3.68411
148	77	2.70332
148	85	0.782387
148	99	0.679596
148	125	0.752215
148	130	0.680491
148	135	0.749195
148	137	2.66244
148	139	0.688707
148	142	0.718886
148	143	0.722205
148	144	0.661308
148	147	0.706124
148	149	0.673456
148	150	0.684839
148	152	0.691148
148	153	0.698804
148	154	0.661655
148	155	0.662292
148	156	0.688811
148	157	0.677924
148	159	0.663596
148	160	0.70609
148	163	0.734445
148	164	2.72499
148	165	0.694998
148	166	0.678233
148	167	0.674416
148	168	0.651121
148	169	0.64561
148	170	0.646632
148	172	0.635228
148	173	0.622158
148	174	0.649769
148	175	0.669109
148	176	0.597342
148	177	0.655285
148	178	0.651035
148	179	0.642301
148	180	0.618753
149	22	0.735305
149	33	0.734441
149	42	2.46823
149	52	3.67563
149	93	0.724759
149	97	0.751951
149	99	0.66734
149	108	0.744826
149	115	0.651655
149	121	3.95053
149	124	3.43095
149	134	0.724668
149	135	0.736938
149	136	0.707889
149	138	0.667475
149	140	0.720948
149	143	0.709949
149	145	0.705422
149	147	0.693867
149	148	0.673456
149	151	0.662097
149	152	0.678891
149	153	0.686547
149	154	0.649399
149	155	0.650036
149	156	0.676554
149	157	0.665667
149	159	0.651339
149	160	0.693833
149	162	3.21114
149	163	0.722189
149	165	0.682742
149	166	0.665977
149	167	0.66216
149	168	0.638865
149	169	0.633353
149	170	0.634375
149	172	0.622972
149	173	0.609901
149	174	0.637512
149	176	0.585085
149	177	0.643029
149	178	0.638779
149	179	0.630044
149	180	0.606496
150	36	0.734492
150	47	3.40532
150	49	0.783914
150	55	2.89161
150	81	3.77228
150	85	0.781513
150	86	3.35426
150	94	0.780218
150	97	0.763334
150	100	1.67844
150	105	0.761779
150	108	0.756208
150	116	0.664671
150	121	3.29809
150	125	0.75134
150	128	0.72277
150	134	0.73605
150	139	0.687833
150	142	0.718012
150	143	0.721331
150	144	0.660434
150	145	0.716805
150	147	0.70525
150	148	0.684839
150	152	0.690274
150	153	0.69793
150	154	0.660781
150	155	0.661418
150	156	0.687936
150	157	0.677049
150	159	0.662722
150	160	0.705216
150	166	0.677359
150	167	0.673542
150	168	0.650247
150	170	0.645758
150	171	0.638707
150	172	0.634354
150	173	0.621284
150	174	0.648895
150	175	0.668235
150	176	0.596467
150	177	0.654411
150	178	0.650161
150	179	0.641427
150	180	0.617879
151	6	0.880723
151	9	0.65927
151	16	0.774226
151	18	2.32521
151	34	3.46706
151	39	2.80813
151	44	3.96344
151	50	0.720651
151	52	0.709872
151	53	0.700253
151	57	0.688649
151	61	0.654926
151	63	0.743516
151	65	0.694045
151	69	0.733519
151	71	0.670735
151	73	0.67388
151	74	0.743418
151	75	0.670457
151	76	0.732077
151	77	0.763042
151	83	0.712932
151	87	4.03369
151	89	0.688562
151	95	0.685956
151	98	0.693722
151	121	3.00248
151	128	0.712285
151	144	0.649949
151	145	0.70632
151	146	0.682127
151	149	0.662097
151	156	0.677451
151	157	0.666564
151	158	0.641669
151	162	0.716306
151	163	0.723086
151	164	0.675626
151	168	0.639762
151	169	0.634251
151	170	0.635273
151	172	0.623869
151	173	0.610799
151	174	0.63841
151	176	0.585982
151	177	0.643926
151	178	0.639676
151	179	0.630942
151	180	0.607394
152	43	0.739924
152	48	2.08909
152	72	2.85168
152	82	3.26334
152	92	0.740215
152	101	2.80146
152	110	0.759312
152	114	4.34335
152	115	0.669347
152	122	0.759354
152	126	3.45108
152	134	0.742359
152	135	0.75463
152	136	0.725581
152	139	0.694142
152	140	0.73864
152	142	0.724321
152	143	0.72764
152	144	0.666743
152	145	0.723114
152	147	0.711559
152	148	0.691148
152	149	0.678891
152	150	0.690274
152	153	0.704239
152	154	0.66709
152	155	0.667728
152	156	0.694246
152	157	0.683359
152	159	0.669031
152	160	0.711525
152	165	0.700434
152	166	0.683669
152	167	0.679852
152	168	0.656557
152	169	0.651045
152	170	0.652067
152	171	0.645017
152	172	0.640664
152	173	0.627593
152	174	0.655204
152	175	0.674545
152	176	0.602777
152	177	0.66072
152	178	0.656471
152	179	0.647736
152	180	0.624188
153	38	5.02586
153	68	1.76449
153	90	0.796639
153	93	0.750107
153	99	0.692688
153	104	3.6529
153	108	0.770173
153	110	0.766968
153	111	2.31697
153	113	0.745667
153	115	0.677003
153	116	0.678636
153	119	2.34532
153	122	0.767009
153	131	1.46014
153	135	0.762286
153	136	0.733237
153	139	0.701798
153	140	0.746296
153	142	0.731977
153	143	0.735296
153	144	0.674399
153	145	0.73077
153	147	0.719215
153	148	0.698804
153	149	0.686547
153	150	0.69793
153	152	0.704239
153	154	0.674746
153	155	0.675383
153	156	0.701902
153	157	0.691015
153	158	0.66612
153	160	0.719181
153	164	2.20249
153	165	0.70809
153	166	0.691325
153	167	0.687508
153	168	0.664213
153	169	0.658701
153	170	0.659723
153	171	0.652672
153	172	0.64832
153	173	0.635249
153	174	0.66286
153	176	0.610433
153	177	0.668376
153	178	0.664127
153	179	0.655392
153	180	0.631844
154	8	4.01763
154	21	0.655255
154	39	3.87126
154	46	0.783932
154	68	3.28134
154	80	3.84003
154	90	0.75949
154	93	0.712958
154	94	0.757035
154	107	0.729836
154	110	0.729819
154	122	0.729861
154	125	0.728157
154	134	0.712867
154	136	0.696088
154	139	0.664649
154	142	0.694829
154	143	0.698148
154	144	0.637251
154	145	0.693621
154	147	0.682066
154	148	0.661655
154	149	0.649399
154	150	0.660781
154	152	0.66709
154	153	0.674746
154	155	0.638235
154	156	0.664753
154	157	0.653866
154	158	0.628971
154	159	0.639538
154	160	0.682032
154	161	0.65346
154	162	3.32622
154	163	0.710388
154	165	0.670941
154	166	0.654176
154	167	0.650359
154	168	0.627064
154	169	0.621552
154	170	0.622574
154	172	0.611171
154	173	0.5981
154	174	0.625711
154	176	0.573284
154	177	0.631228
154	178	0.626978
154	179	0.618243
154	180	0.594695
155	13	0.742261
155	18	4.13434
155	57	3.78295
155	62	0.644114
155	63	3.8346
155	67	3.92985
155	72	4.31826
155	90	0.760127
155	92	0.711359
155	93	0.713595
155	108	0.733662
155	109	0.725867
155	110	0.730456
155	122	0.730498
155	128	0.700223
155	130	0.657071
155	134	0.713504
155	135	0.725774
155	136	0.696725
155	140	0.709784
155	142	0.695466
155	143	0.698785
155	144	0.637888
155	147	0.682704
155	148	0.662292
155	149	0.650036
155	150	0.661418
155	152	0.667728
155	153	0.675383
155	154	0.638235
155	156	0.66539
155	157	0.654503
155	158	0.629608
155	160	0.68267
155	165	0.671578
155	166	0.654813
155	167	0.650996
155	168	0.627701
155	169	0.62219
155	170	0.623212
155	171	0.616161
155	172	0.611808
155	173	0.598738
155	174	0.626349
155	175	0.645689
155	176	0.573921
155	177	0.631865
155	178	0.627615
155	179	0.618881
155	180	0.595332
156	15	2.33873
156	21	0.682411
156	22	0.75066
156	27	4.17207
156	39	2.67468
156	60	3.48186
156	62	0.670632
156	63	1.89202
156	90	0.786646
156	94	0.78419
156	99	0.682694
156	105	0.765751
156	110	0.756975
156	112	3.6475
156	113	0.735674
156	116	0.668643
156	120	0.670292
156	125	0.755313
156	134	0.740022
156	135	0.752292
156	139	0.691805
156	140	0.736303
156	144	0.664406
156	146	0.696584
156	147	0.709222
156	148	0.688811
156	149	0.676554
156	150	0.687936
156	151	0.677451
156	152	0.694246
156	153	0.701902
156	154	0.664753
156	155	0.66539
156	157	0.681022
156	159	0.666694
156	160	0.709188
156	161	0.680616
156	162	2.12963
156	163	0.737543
156	165	0.698096
156	166	0.681331
156	167	0.677514
156	168	0.654219
156	169	0.648708
156	170	0.64973
156	171	0.642679
156	172	0.638326
156	173	0.625256
156	174	0.652867
156	176	0.60044
156	177	0.658383
156	178	0.654133
156	179	0.645399
156	180	0.621851
157	20	2.56661
157	32	3.16324
157	35	0.725606
157	44	4.10325
157	56	0.771081
157	78	4.56735
157	105	0.754864
157	106	3.1512
157	110	0.746088
157	113	0.724787
157	120	0.659405
157	122	0.746129
157	126	3.24836
157	130	0.672702
157	134	0.729135
157	135	0.741405
157	136	0.712356
157	138	0.671943
157	139	0.680918
157	140	0.725416
157	142	0.711097
157	143	0.714416
157	144	0.653519
157	145	0.70989
157	147	0.698335
157	148	0.677924
157	149	0.665667
157	150	0.677049
157	151	0.666564
157	152	0.683359
157	153	0.691015
157	154	0.653866
157	155	0.654503
157	156	0.681022
157	159	0.655807
157	160	0.698301
157	165	0.687209
157	166	0.670444
157	167	0.666627
157	168	0.643332
157	169	0.637821
157	170	0.638843
157	171	0.631792
157	172	0.627439
157	173	0.614369
157	174	0.64198
157	175	0.66132
157	176	0.589553
157	177	0.647496
157	178	0.643246
157	179	0.634512
157	180	0.610964
158	5	0.652417
158	9	0.637945
158	10	0.618933
158	24	0.723278
158	30	0.618658
158	50	0.699326
158	57	0.667324
158	61	0.633601
158	63	4.02481
158	64	4.46923
158	65	0.67272
158	68	0.747452
158	69	2.6403
158	74	0.722093
158	75	0.649132
158	77	0.741717
158	80	0.70531
158	89	0.667237
158	95	0.664631
158	100	0.675233
158	101	0.677296
158	102	5.35777
158	103	0.671585
158	109	0.716603
158	112	0.6574
158	114	0.703388
158	118	0.695532
158	121	0.712496
158	126	5.10789
158	135	0.71651
158	137	0.694364
158	141	0.700317
158	144	0.628624
158	145	0.684995
158	151	0.641669
158	153	0.66612
158	154	0.628971
158	155	0.629608
158	162	0.694981
158	163	0.701761
158	164	0.654301
158	165	0.662314
158	166	0.645549
158	167	0.641732
158	168	0.618437
158	170	0.613948
158	173	0.589474
158	174	0.617085
158	175	0.636425
158	176	0.564657
158	177	0.622601
158	178	0.618351
158	179	0.609617
158	180	0.586069
159	11	3.74061
159	35	0.711278
159	49	0.762671
159	56	0.756753
159	58	4.17508
159	62	0.645418
159	93	0.714899
159	94	0.758975
159	109	0.727171
159	115	0.641795
159	116	0.643428
159	119	4.0573
159	122	0.731802
159	124	3.74118
159	125	0.730098
159	127	4.28582
159	130	0.658374
159	134	0.714807
159	136	0.698029
159	140	0.711088
159	142	0.696769
159	143	0.700088
159	144	0.639191
159	145	0.695562
159	146	0.67137
159	147	0.684007
159	148	0.663596
159	149	0.651339
159	150	0.662722
159	152	0.669031
159	154	0.639538
159	156	0.666694
159	157	0.655807
159	160	0.683973
159	165	0.672882
159	166	0.656117
159	167	0.6523
159	168	0.629005
159	169	0.623493
159	170	0.624515
159	171	0.617464
159	172	0.613112
159	173	0.600041
159	174	0.627652
159	175	0.646993
159	176	0.575225
159	177	0.633168
159	178	0.628919
159	179	0.620184
159	180	0.596636
160	17	0.701778
160	24	3.11742
160	33	0.767074
160	34	2.86521
160	65	3.65001
160	80	2.17505
160	83	2.51667
160	92	0.755157
160	93	0.757393
160	97	0.784585
160	101	1.85707
160	107	0.774271
160	108	0.777459
160	110	0.774254
160	113	0.752953
160	116	0.685923
160	118	1.46006
160	123	0.726766
160	125	0.772592
160	132	1.87233
160	134	0.757301
160	135	0.769572
160	136	0.740523
160	139	0.709084
160	140	0.753582
160	142	0.739263
160	143	0.742582
160	145	0.738056
160	146	0.713864
160	147	0.726501
160	148	0.70609
160	149	0.693833
160	150	0.705216
160	152	0.711525
160	153	0.719181
160	154	0.682032
160	155	0.68267
160	156	0.709188
160	157	0.698301
160	159	0.683973
160	163	0.754823
160	164	2.05436
160	165	0.715376
160	166	0.698611
160	167	0.694794
160	169	0.665987
160	170	0.667009
160	171	0.659959
160	172	0.655606
160	173	0.642535
160	174	0.670146
160	175	0.689487
160	176	0.617719
160	177	0.675663
160	178	0.671413
160	179	0.662678
160	180	0.63913
161	1	0.687099
161	4	0.68919
161	10	0.643422
161	15	0.772346
161	18	0.756978
161	23	0.744439
161	29	0.679723
161	31	0.668727
161	32	0.848087
161	34	0.780789
161	37	0.695133
161	39	0.728364
161	40	0.726534
161	41	0.741017
161	45	0.649379
161	51	0.708793
161	54	0.70431
161	59	0.711879
161	60	0.691973
161	61	2.40672
161	67	2.78831
161	78	0.666045
161	81	0.715505
161	86	0.706115
161	87	0.709189
161	88	3.19681
161	91	1.91029
161	96	0.719831
161	125	0.74402
161	126	3.77613
161	129	3.36613
161	132	0.723879
161	138	0.671537
161	145	0.709484
161	147	0.697929
161	154	0.65346
161	156	0.680616
161	163	0.726251
161	164	3.32379
161	165	0.686804
161	166	0.670039
161	167	0.666222
161	168	0.642927
161	169	0.637415
161	170	0.638437
161	171	0.631386
161	172	0.627034
161	173	0.613963
161	174	0.641574
161	175	0.660915
161	176	0.589147
161	177	0.64709
161	178	0.642841
161	179	0.634106
161	180	0.610558
162	8	0.808181
162	12	0.726775
162	16	0.827538
162	20	0.794541
162	42	0.76617
162	47	0.748749
162	49	0.122121
162	52	0.763184
162	53	0.753565
162	63	0.796829
162	67	0.738881
162	69	0.786831
162	70	0.753427
162	71	0.724048
162	72	0.720947
162	73	0.727192
162	76	0.785389
162	79	0.77
162	82	0.764357
162	83	0.766244
162	84	0.770786
162	88	0.760509
162	91	0.771803
162	98	0.747034
162	100	0.74987
162	101	0.751933
162	102	0.729931
162	103	0.746222
162	104	0.728706
162	106	0.734994
162	111	0.775823
162	114	0.778025
162	117	0.760221
162	119	0.761014
162	120	0.709147
162	121	0.787133
162	123	0.748341
162	124	0.782164
162	126	0.763793
162	127	0.769145
162	128	0.765597
162	129	0.763506
162	132	0.774027
162	133	0.745386
162	136	1.15204
162	137	0.769001
162	140	1.04109
162	141	0.774954
162	146	0.735439
162	149	3.21114
162	151	0.716306
162	154	3.32622
162	156	2.12963
162	158	0.694981
162	164	0.728938
162	165	1.94896
162	166	2.51638
162	167	2.62391
162	169	4.04585
162	171	0.681534
162	174	3.95615
162	178	3.56238
162	179	4.46125
163	1	0.744026
163	3	3.33267
163	4	0.746117
163	6	0.940815
163	9	0.719362
163	10	0.700349
163	15	0.829274
163	23	0.801367
163	28	2.74259
163	30	0.700075
163	31	0.725654
163	39	0.785292
163	40	2.69864
163	50	0.780743
163	57	0.748741
163	59	0.768807
163	61	0.715018
163	64	2.02045
163	65	0.754137
163	68	0.828869
163	74	0.80351
163	75	0.730549
163	77	0.823134
163	89	0.748654
163	95	0.746048
163	96	0.776758
163	104	2.56772
163	114	2.46192
163	116	0.714278
163	126	1.56966
163	127	1.48866
163	129	1.15965
163	131	0.719572
163	132	0.780806
163	133	2.50329
163	137	1.05476
163	138	0.728465
163	146	0.742219
163	148	0.734445
163	149	0.722189
163	151	0.723086
163	154	0.710388
163	156	0.737543
163	158	0.701761
163	160	0.754823
163	161	0.726251
163	164	0.735718
163	168	0.699854
163	169	0.694343
163	170	0.695365
163	172	0.683961
163	173	0.670891
163	174	0.698502
163	175	0.717842
163	176	0.646074
163	177	0.704018
163	178	0.699768
163	179	0.691034
163	180	0.667485
164	3	0.684783
164	6	0.893354
164	8	0.767501
164	9	0.671902
164	11	0.813133
164	12	0.686095
164	14	0.687984
164	30	1.68711
164	35	2.00048
164	42	0.725489
164	47	0.708069
164	49	0.515242
164	50	0.733282
164	57	0.701281
164	61	0.667557
164	65	0.706677
164	67	0.698201
164	68	0.781408
164	72	0.680266
164	74	0.75605
164	75	0.683089
164	77	0.775674
164	79	0.72932
164	84	0.730106
164	88	0.719829
164	89	0.701194
164	95	0.698588
164	96	0.729298
164	100	0.70919
164	103	0.705542
164	104	0.688025
164	106	0.694314
164	108	1.11616
164	111	0.735143
164	112	0.691357
164	114	0.737345
164	117	0.719541
164	118	0.729488
164	119	0.720333
164	121	0.746452
164	123	0.707661
164	124	0.741483
164	126	0.723112
164	131	0.825227
164	132	0.733346
164	133	0.704705
164	134	1.77589
164	137	0.72832
164	138	2.91497
164	141	0.734274
164	146	0.694759
164	147	1.84272
164	148	2.72499
164	151	0.675626
164	153	2.20249
164	158	0.654301
164	160	2.05436
164	161	3.32379
164	162	0.728938
164	163	0.735718
164	171	0.640854
164	174	4.34927
164	175	0.670382
164	177	3.36901
165	2	0.774269
165	5	3.41041
165	25	0.742488
165	32	2.7093
165	33	0.755983
165	35	0.74268
165	43	0.743774
165	56	0.788156
165	60	3.30119
165	62	0.67682
165	81	3.16255
165	82	2.60668
165	85	0.791673
165	97	0.773493
165	102	3.04431
165	107	0.763179
165	108	0.766368
165	109	0.758573
165	111	2.45655
165	113	0.741862
165	115	0.673197
165	116	0.674831
165	122	0.763204
165	125	0.7615
165	130	0.689777
165	132	2.16005
165	135	0.75848
165	136	0.729431
165	139	0.697993
165	142	0.728172
165	143	0.731491
165	144	0.670594
165	145	0.726965
165	147	0.71541
165	148	0.694998
165	149	0.682742
165	152	0.700434
165	153	0.70809
165	154	0.670941
165	155	0.671578
165	156	0.698096
165	157	0.687209
165	158	0.662314
165	159	0.672882
165	160	0.715376
165	161	0.686804
165	162	1.94896
165	166	0.687519
165	167	0.683702
165	168	0.660407
165	169	0.654896
165	170	0.655918
165	171	0.648867
165	172	0.644514
165	173	0.631444
165	174	0.659055
165	175	0.678395
165	176	0.606627
165	177	0.664571
165	178	0.660321
165	179	0.651587
165	180	0.628038
166	8	3.2078
166	12	3.42767
166	17	0.673921
166	23	3.62801
166	41	3.79142
166	49	0.777309
166	79	3.6744
166	84	1.502
166	85	0.774908
166	90	0.776069
166	92	0.7273
166	93	0.729537
166	94	0.773613
166	97	0.756728
166	99	0.672117
166	105	0.755174
166	107	0.746414
166	109	0.741808
166	110	0.746398
166	113	0.725097
166	115	0.656432
166	119	3.05233
166	122	0.746439
166	123	0.698909
166	125	0.744735
166	130	0.673012
166	134	0.729445
166	135	0.741715
166	139	0.681228
166	142	0.711407
166	143	0.714726
166	144	0.653829
166	145	0.7102
166	147	0.698645
166	148	0.678233
166	149	0.665977
166	150	0.677359
166	152	0.683669
166	153	0.691325
166	154	0.654176
166	155	0.654813
166	156	0.681331
166	157	0.670444
166	158	0.645549
166	159	0.656117
166	160	0.698611
166	161	0.670039
166	162	2.51638
166	165	0.687519
166	167	0.666937
166	168	0.643642
166	169	0.638131
166	170	0.639153
166	172	0.627749
166	173	0.614679
166	174	0.64229
166	175	0.66163
166	176	0.589862
166	177	0.647806
166	178	0.643556
166	179	0.634822
166	180	0.611273
167	17	0.670104
167	18	2.68604
167	19	0.739279
167	36	0.72407
167	43	0.723192
167	46	0.796694
167	49	0.773492
167	62	0.656238
167	63	2.3863
167	75	3.60208
167	76	4.22774
167	77	2.99536
167	85	0.771091
167	87	4.39452
167	92	0.723483
167	94	0.769796
167	96	3.08405
167	105	0.751357
167	108	0.745786
167	109	0.737991
167	110	0.742581
167	113	0.72128
167	115	0.652615
167	116	0.654249
167	125	0.740918
167	130	0.669195
167	134	0.725628
167	135	0.737898
167	136	0.708849
167	139	0.677411
167	140	0.721909
167	142	0.70759
167	143	0.710909
167	144	0.650012
167	145	0.706383
167	147	0.694828
167	148	0.674416
167	149	0.66216
167	150	0.673542
167	152	0.679852
167	153	0.687508
167	154	0.650359
167	155	0.650996
167	156	0.677514
167	157	0.666627
167	158	0.641732
167	159	0.6523
167	160	0.694794
167	161	0.666222
167	162	2.62391
167	165	0.683702
167	166	0.666937
167	168	0.639825
167	169	0.634314
167	170	0.635336
167	171	0.628285
167	172	0.623932
167	173	0.610862
167	174	0.638473
167	175	0.657813
167	176	0.586045
167	177	0.643989
167	178	0.639739
167	179	0.631005
167	180	0.607456
168	19	0.715984
168	46	0.773399
168	54	4.6401
168	62	0.632943
168	68	3.49536
168	74	4.21566
168	79	4.69825
168	85	0.747796
168	90	0.748957
168	92	0.700188
168	93	0.702425
168	94	0.746501
168	96	4.00038
168	97	0.729616
168	99	0.645005
168	105	0.728062
168	107	0.719303
168	108	0.722491
168	110	0.719286
168	113	0.697985
168	116	0.630954
168	122	0.719327
168	125	0.717623
168	130	0.6459
168	134	0.702333
168	135	0.714603
168	139	0.654116
168	140	0.698614
168	141	4.15025
168	142	0.684295
168	143	0.687614
168	144	0.626717
168	145	0.683088
168	147	0.671533
168	148	0.651121
168	149	0.638865
168	150	0.650247
168	151	0.639762
168	152	0.656557
168	153	0.664213
168	154	0.627064
168	155	0.627701
168	156	0.654219
168	157	0.643332
168	158	0.618437
168	159	0.629005
168	161	0.642927
168	163	0.699854
168	165	0.660407
168	166	0.643642
168	167	0.639825
168	169	0.611019
168	170	0.612041
168	171	0.60499
168	172	0.600637
168	173	0.587567
168	174	0.615178
168	175	0.634518
168	176	0.56275
168	177	0.620694
168	178	0.616444
168	179	0.60771
168	180	0.584162
169	13	0.725578
169	19	0.710472
169	21	0.63921
169	25	0.6931
169	35	0.693292
169	43	0.694386
169	56	0.738767
169	69	2.42373
169	70	4.67207
169	80	4.55967
169	85	0.742284
169	90	0.743445
169	92	0.694677
169	94	0.740989
169	97	0.724105
169	98	5.91343
169	99	0.639494
169	105	0.72255
169	107	0.713791
169	108	0.716979
169	109	0.709185
169	110	0.713774
169	115	0.623809
169	116	0.625442
169	121	4.78525
169	122	0.713816
169	130	0.640388
169	134	0.696821
169	135	0.709092
169	136	0.680043
169	139	0.648604
169	140	0.693102
169	142	0.678783
169	143	0.682102
169	144	0.621205
169	145	0.677576
169	147	0.666021
169	148	0.64561
169	149	0.633353
169	151	0.634251
169	152	0.651045
169	153	0.658701
169	154	0.621552
169	155	0.62219
169	156	0.648708
169	157	0.637821
169	159	0.623493
169	160	0.665987
169	161	0.637415
169	162	4.04585
169	163	0.694343
169	165	0.654896
169	166	0.638131
169	167	0.634314
169	168	0.611019
169	170	0.606529
169	171	0.599478
169	172	0.595126
169	173	0.582055
169	174	0.609666
169	175	0.629007
169	176	0.557239
169	177	0.615182
169	178	0.610933
169	179	0.602198
169	180	0.57865
170	15	4.96644
170	17	0.64232
170	30	2.35089
170	33	0.707616
170	35	0.694314
170	37	0.664247
170	46	0.768909
170	49	0.745708
170	53	6.17148
170	56	0.739789
170	62	0.628454
170	82	5.41506
170	84	3.74296
170	94	0.742011
170	97	0.725127
170	99	0.640516
170	101	4.95318
170	105	0.723572
170	107	0.714813
170	108	0.718001
170	109	0.710207
170	113	0.693495
170	115	0.624831
170	116	0.626465
170	120	0.628113
170	122	0.714838
170	125	0.713134
170	130	0.641411
170	134	0.697843
170	135	0.710114
170	136	0.681065
170	139	0.649626
170	140	0.694124
170	142	0.679805
170	143	0.683124
170	144	0.622227
170	145	0.678598
170	146	0.654406
170	147	0.667043
170	148	0.646632
170	149	0.634375
170	150	0.645758
170	151	0.635273
170	152	0.652067
170	153	0.659723
170	154	0.622574
170	155	0.623212
170	156	0.64973
170	157	0.638843
170	158	0.613948
170	159	0.624515
170	160	0.667009
170	161	0.638437
170	163	0.695365
170	165	0.655918
170	166	0.639153
170	167	0.635336
170	168	0.612041
170	169	0.606529
170	171	0.600501
170	172	0.596148
170	173	0.583077
170	174	0.610688
170	175	0.630029
170	176	0.558261
170	177	0.616204
170	178	0.611955
170	179	0.60322
170	180	0.579672
171	7	3.35163
171	18	0.719042
171	28	0.721974
171	29	0.641787
171	32	0.81015
171	34	0.742852
171	37	0.657196
171	40	0.688597
171	41	0.70308
171	45	0.611442
171	50	5.1133
171	51	0.670856
171	54	0.666373
171	57	3.77411
171	60	0.654036
171	78	0.628108
171	80	0.691863
171	81	0.677569
171	83	4.91881
171	86	0.668178
171	87	0.671252
171	89	5.3112
171	91	0.683719
171	98	5.93095
171	100	0.661786
171	101	0.663849
171	106	0.64691
171	108	0.710951
171	111	0.687739
171	112	0.643953
171	114	0.689941
171	118	0.682084
171	121	0.699049
171	123	0.660257
171	124	0.694079
171	127	0.681061
171	128	0.677512
171	129	0.675422
171	133	0.657302
171	136	0.674014
171	137	0.680916
171	138	0.633601
171	140	0.687073
171	141	0.68687
171	143	0.676074
171	145	0.671548
171	150	0.638707
171	152	0.645017
171	153	0.652672
171	155	0.616161
171	156	0.642679
171	157	0.631792
171	159	0.617464
171	160	0.659959
171	161	0.631386
171	162	0.681534
171	164	0.640854
171	165	0.648867
171	167	0.628285
171	168	0.60499
171	169	0.599478
171	170	0.600501
171	172	0.589097
171	173	0.576027
171	174	0.603638
171	175	0.622978
171	176	0.55121
171	177	0.609154
171	178	0.604904
171	179	0.59617
171	180	0.572621
172	2	0.714499
172	13	0.715197
172	14	3.86018
172	19	0.700091
172	21	0.628829
172	22	0.697078
172	33	0.696213
172	36	0.684882
172	43	0.684004
172	49	0.734304
172	55	5.04197
172	56	0.728386
172	62	0.61705
172	85	0.731903
172	86	5.50462
172	88	4.9752
172	90	0.733063
172	92	0.684295
172	93	0.686532
172	97	0.713723
172	99	0.629112
172	105	0.712169
172	107	0.703409
172	108	0.706598
172	109	0.698803
172	110	0.703392
172	115	0.613427
172	116	0.615061
172	122	0.703434
172	125	0.70173
172	127	5.47352
172	128	0.67316
172	129	5.14451
172	130	0.630007
172	134	0.68644
172	135	0.69871
172	136	0.669661
172	138	0.629248
172	139	0.638223
172	140	0.682721
172	142	0.668402
172	143	0.671721
172	144	0.610824
172	145	0.667195
172	146	0.643002
172	147	0.65564
172	148	0.635228
172	149	0.622972
172	150	0.634354
172	151	0.623869
172	152	0.640664
172	153	0.64832
172	154	0.611171
172	155	0.611808
172	156	0.638326
172	157	0.627439
172	159	0.613112
172	160	0.655606
172	161	0.627034
172	163	0.683961
172	165	0.644514
172	166	0.627749
172	167	0.623932
172	168	0.600637
172	169	0.595126
172	170	0.596148
172	171	0.589097
172	173	0.571674
172	174	0.599285
172	175	0.618625
172	176	0.546857
172	177	0.604801
172	178	0.600551
172	179	0.591817
172	180	0.568268
173	2	0.701428
173	13	0.702126
173	17	0.617846
173	21	0.615758
173	22	0.684007
173	25	0.669648
173	26	5.04661
173	33	0.683142
173	35	0.66984
173	36	0.671812
173	46	0.744435
173	48	6.37183
173	49	0.721233
173	56	0.715315
173	62	0.60398
173	84	5.87398
173	85	0.718832
173	90	0.719993
173	92	0.671225
173	93	0.673461
173	94	0.717537
173	97	0.700653
173	100	6.00811
173	105	0.699098
173	107	0.690339
173	108	0.693527
173	109	0.685733
173	110	0.690322
173	113	0.669021
173	116	0.601991
173	122	0.690364
173	125	0.68866
173	128	0.660089
173	130	0.616937
173	132	7.09946
173	134	0.673369
173	135	0.68564
173	136	0.656591
173	139	0.625152
173	140	0.66965
173	142	0.655331
173	143	0.65865
173	144	0.597753
173	145	0.654124
173	146	0.629932
173	147	0.642569
173	148	0.622158
173	149	0.609901
173	150	0.621284
173	151	0.610799
173	152	0.627593
173	153	0.635249
173	154	0.5981
173	155	0.598738
173	156	0.625256
173	157	0.614369
173	158	0.589474
173	159	0.600041
173	160	0.642535
173	161	0.613963
173	163	0.670891
173	165	0.631444
173	166	0.614679
173	167	0.610862
173	168	0.587567
173	169	0.582055
173	170	0.583077
173	171	0.576027
173	172	0.571674
173	174	0.586214
173	175	0.605555
173	176	0.533787
173	177	0.59173
173	178	0.587481
173	179	0.578746
173	180	0.555198
174	2	0.729039
174	17	0.645457
174	19	0.714631
174	20	4.11986
174	21	0.643369
174	22	0.711618
174	25	0.697259
174	33	0.710753
174	35	0.697451
174	36	0.699423
174	43	0.698545
174	46	0.772046
174	49	0.748845
174	51	5.50573
174	56	0.742926
174	59	3.86437
174	62	0.631591
174	72	4.2022
174	77	4.32759
174	85	0.746443
174	90	0.747604
174	92	0.698836
174	93	0.701072
174	94	0.745148
174	99	0.643653
174	105	0.726709
174	107	0.71795
174	108	0.721138
174	109	0.713344
174	110	0.717933
174	113	0.696632
174	115	0.627968
174	116	0.629602
174	123	0.670445
174	125	0.716271
174	130	0.644548
174	131	1.67483
174	134	0.70098
174	135	0.713251
174	136	0.684202
174	138	0.643788
174	139	0.652763
174	140	0.697261
174	142	0.682942
174	143	0.686261
174	144	0.625364
174	145	0.681735
174	146	0.657543
174	148	0.649769
174	149	0.637512
174	150	0.648895
174	151	0.63841
174	152	0.655204
174	153	0.66286
174	154	0.625711
174	155	0.626349
174	156	0.652867
174	157	0.64198
174	158	0.617085
174	159	0.627652
174	160	0.670146
174	161	0.641574
174	162	3.95615
174	163	0.698502
174	164	4.34927
174	165	0.659055
174	166	0.64229
174	167	0.638473
174	168	0.615178
174	169	0.609666
174	170	0.610688
174	171	0.603638
174	172	0.599285
174	173	0.586214
174	175	0.633166
174	176	0.561398
174	177	0.619341
174	178	0.615092
174	179	0.606357
174	180	0.582809
175	1	0.678691
175	4	0.680782
175	6	4.36265
175	7	2.30534
175	10	0.635013
175	14	0.670108
175	15	0.763938
175	23	0.736031
175	28	0.751502
175	31	0.660318
175	39	0.719956
175	43	0.717885
175	45	0.640971
175	52	3.48157
175	58	0.690867
175	59	0.703471
175	65	5.00585
175	74	3.6925
175	80	0.721391
175	84	2.00269
175	88	3.28322
175	91	0.713247
175	96	0.711422
175	100	0.691314
175	101	0.693377
175	103	0.687666
175	111	0.717267
175	114	0.719469
175	115	0.647308
175	117	3.86617
175	118	0.711613
175	121	0.728577
175	123	0.689785
175	124	0.723607
175	127	0.710589
175	128	0.707041
175	129	0.70495
175	132	0.715471
175	134	0.720321
175	137	0.710445
175	138	0.663129
175	141	0.716398
175	146	0.676883
175	147	0.689521
175	148	0.669109
175	150	0.668235
175	152	0.674545
175	155	0.645689
175	157	0.66132
175	158	0.636425
175	159	0.646993
175	160	0.689487
175	161	0.660915
175	163	0.717842
175	164	0.670382
175	165	0.678395
175	166	0.66163
175	167	0.657813
175	168	0.634518
175	169	0.629007
175	170	0.630029
175	171	0.622978
175	172	0.618625
175	173	0.605555
175	174	0.633166
175	176	0.580738
175	177	0.638682
175	178	0.634432
175	179	0.625698
175	180	0.60215
176	2	0.676612
176	10	0.563246
176	13	0.67731
176	17	0.59303
176	19	0.662204
176	22	0.659191
176	25	0.644831
176	33	0.658326
176	36	0.646996
176	43	0.646117
176	46	0.719619
176	56	0.690499
176	85	0.694016
176	90	0.695177
176	92	0.646408
176	93	0.648645
176	94	0.692721
176	97	0.675837
176	98	17.2744
176	99	0.591225
176	105	0.674282
176	107	0.665523
176	108	0.668711
176	109	0.660916
176	110	0.665506
176	113	0.644205
176	115	0.575541
176	116	0.577174
176	122	0.665547
176	123	0.618017
176	125	0.663844
176	128	0.635273
176	130	0.59212
176	131	13.1256
176	134	0.648553
176	135	0.660823
176	136	0.631774
176	138	0.591361
176	139	0.600336
176	140	0.644834
176	142	0.630515
176	143	0.633834
176	144	0.572937
176	145	0.629308
176	146	0.605115
176	147	0.617753
176	148	0.597342
176	149	0.585085
176	150	0.596467
176	151	0.585982
176	152	0.602777
176	153	0.610433
176	154	0.573284
176	155	0.573921
176	156	0.60044
176	157	0.589553
176	158	0.564657
176	159	0.575225
176	160	0.617719
176	161	0.589147
176	163	0.646074
176	165	0.606627
176	166	0.589862
176	167	0.586045
176	168	0.56275
176	169	0.557239
176	170	0.558261
176	171	0.55121
176	172	0.546857
176	173	0.533787
176	174	0.561398
176	175	0.580738
176	177	0.566914
176	178	0.562664
176	179	0.55393
176	180	0.530382
177	2	0.734556
177	11	3.19514
177	12	3.88717
177	13	0.735254
177	17	0.650973
177	19	0.720148
177	21	0.648885
177	22	0.717135
177	29	4.19549
177	33	0.71627
177	35	0.702967
177	36	0.704939
177	43	0.704061
177	45	0.627146
177	46	0.777563
177	47	3.82252
177	49	0.754361
177	56	0.748443
177	62	0.637107
177	66	2.98497
177	70	3.6021
177	85	0.75196
177	90	0.75312
177	92	0.704352
177	93	0.706588
177	97	0.73378
177	99	0.649169
177	104	4.81941
177	105	0.732225
177	106	3.72419
177	107	0.723466
177	108	0.726655
177	109	0.71886
177	110	0.723449
177	115	0.633484
177	116	0.635118
177	120	0.636767
177	122	0.723491
177	123	0.675961
177	125	0.721787
177	128	0.693216
177	130	0.650064
177	134	0.706497
177	135	0.718767
177	136	0.689718
177	138	0.649305
177	139	0.65828
177	140	0.702777
177	142	0.688459
177	143	0.691778
177	144	0.630881
177	145	0.687252
177	147	0.675696
177	148	0.655285
177	149	0.643029
177	150	0.654411
177	151	0.643926
177	152	0.66072
177	153	0.668376
177	154	0.631228
177	155	0.631865
177	156	0.658383
177	157	0.647496
177	158	0.622601
177	159	0.633168
177	160	0.675663
177	161	0.64709
177	163	0.704018
177	164	3.36901
177	165	0.664571
177	166	0.647806
177	167	0.643989
177	168	0.620694
177	169	0.615182
177	170	0.616204
177	171	0.609154
177	172	0.604801
177	173	0.59173
177	174	0.619341
177	175	0.638682
177	176	0.566914
177	178	0.620608
177	179	0.611874
177	180	0.588325
178	2	0.730306
178	7	2.85063
178	13	0.731004
178	19	0.715898
178	21	0.644636
178	22	0.712885
178	25	0.698525
178	35	0.698717
178	36	0.700689
178	37	0.66865
178	43	0.699811
178	45	0.622897
178	46	0.773313
178	49	0.750111
178	56	0.744193
178	62	0.632857
178	68	3.5175
178	75	4.54054
178	85	0.74771
178	90	0.74887
178	92	0.700102
178	93	0.702339
178	94	0.746415
178	97	0.72953
178	99	0.644919
178	105	0.727976
178	107	0.719216
178	108	0.722405
178	109	0.71461
178	110	0.719199
178	111	4.06997
178	113	0.697899
178	115	0.629234
178	116	0.630868
178	117	4.41146
178	120	0.632517
178	122	0.719241
178	123	0.671711
178	124	3.78219
178	125	0.717537
178	128	0.688967
178	130	0.645814
178	134	0.702247
178	135	0.714517
178	136	0.685468
178	137	3.89294
178	138	0.645055
178	139	0.65403
178	140	0.698528
178	141	4.17238
178	142	0.684209
178	143	0.687528
178	144	0.626631
178	145	0.683002
178	146	0.658809
178	147	0.671447
178	148	0.651035
178	149	0.638779
178	150	0.650161
178	151	0.639676
178	152	0.656471
178	153	0.664127
178	154	0.626978
178	155	0.627615
178	156	0.654133
178	157	0.643246
178	158	0.618351
178	159	0.628919
178	160	0.671413
178	161	0.642841
178	162	3.56238
178	163	0.699768
178	165	0.660321
178	166	0.643556
178	167	0.639739
178	168	0.616444
178	169	0.610933
178	170	0.611955
178	171	0.604904
178	172	0.600551
178	173	0.587481
178	174	0.615092
178	175	0.634432
178	176	0.562664
178	177	0.620608
178	179	0.607624
178	180	0.584075
179	2	0.721571
179	10	0.608205
179	13	0.72227
179	14	3.61237
179	17	0.637989
179	19	0.707163
179	21	0.635901
179	22	0.70415
179	25	0.689791
179	33	0.703285
179	35	0.689983
179	36	0.691955
179	37	0.659916
179	43	0.691077
179	45	0.614162
179	46	0.764578
179	49	0.741377
179	56	0.735458
179	62	0.624123
179	66	4.47034
179	67	4.31889
179	85	0.738975
179	90	0.740136
179	91	3.44087
179	92	0.691368
179	93	0.693604
179	94	0.73768
179	97	0.720796
179	99	0.636185
179	101	4.65709
179	105	0.719241
179	107	0.710482
179	108	0.71367
179	109	0.705876
179	110	0.710465
179	112	5.97912
179	113	0.689164
179	115	0.6205
179	116	0.622134
179	118	4.26008
179	120	0.623782
179	122	0.710507
179	123	0.662977
179	125	0.708803
179	130	0.63708
179	134	0.693512
179	135	0.705783
179	136	0.676734
179	138	0.63632
179	139	0.645295
179	140	0.689793
179	142	0.675474
179	143	0.678793
179	144	0.617896
179	145	0.674267
179	146	0.650075
179	147	0.662712
179	148	0.642301
179	149	0.630044
179	150	0.641427
179	151	0.630942
179	152	0.647736
179	153	0.655392
179	154	0.618243
179	155	0.618881
179	156	0.645399
179	157	0.634512
179	158	0.609617
179	159	0.620184
179	160	0.662678
179	161	0.634106
179	162	4.46125
179	163	0.691034
179	165	0.651587
179	166	0.634822
179	167	0.631005
179	168	0.60771
179	169	0.602198
179	170	0.60322
179	171	0.59617
179	172	0.591817
179	173	0.578746
179	174	0.606357
179	175	0.625698
179	176	0.55393
179	177	0.611874
179	178	0.607624
179	180	0.575341
180	2	0.698023
180	10	0.584657
180	13	0.698721
180	17	0.614441
180	19	0.683615
180	21	0.612353
180	22	0.680602
180	25	0.666242
180	30	5.45746
180	33	0.679737
180	35	0.666435
180	36	0.668407
180	37	0.636368
180	43	0.667529
180	45	0.590614
180	46	0.74103
180	49	0.717828
180	56	0.71191
180	62	0.600575
180	69	6.24179
180	85	0.715427
180	90	0.716588
180	91	6.84353
180	92	0.667819
180	93	0.670056
180	94	0.714132
180	97	0.697248
180	99	0.612637
180	105	0.695693
180	107	0.686934
180	108	0.690122
180	109	0.682328
180	110	0.686917
180	113	0.665616
180	115	0.596952
180	116	0.598585
180	118	7.66274
180	120	0.600234
180	122	0.686958
180	123	0.639428
180	125	0.685255
180	128	0.656684
180	130	0.613531
180	134	0.669964
180	135	0.682235
180	136	0.653186
180	137	8.19448
180	138	0.612772
180	139	0.621747
180	140	0.666245
180	142	0.651926
180	143	0.655245
180	144	0.594348
180	145	0.650719
180	146	0.626526
180	147	0.639164
180	148	0.618753
180	149	0.606496
180	150	0.617879
180	151	0.607394
180	152	0.624188
180	153	0.631844
180	154	0.594695
180	155	0.595332
180	156	0.621851
180	157	0.610964
180	158	0.586069
180	159	0.596636
180	160	0.63913
180	161	0.610558
180	163	0.667485
180	165	0.628038
180	166	0.611273
180	167	0.607456
180	168	0.584162
180	169	0.57865
180	170	0.579672
180	171	0.572621
180	172	0.568268
180	173	0.555198
180	174	0.582809
180	175	0.60215
180	176	0.530382
180	177	0.588325
180	178	0.584075
180	179	0.575341
