1	84	1.07806
1	101	1.07206
1	106	0.796136
1	124	1.04079
1	146	1.07691
1	151	0.7817
1	152	0.821316
1	165	1.06604
1	168	1.06414
1	177	1.07529
1	178	1.06319
1	180	1.06352
2	15	0.967384
2	17	1.10377
2	19	1.12233
2	39	1.06932
2	42	1.03048
2	75	1.06452
2	139	1.1271
2	140	1.06413
2	141	1.05096
2	167	1.0205
2	169	0.802547
2	172	0.929248
3	42	0.787926
3	46	0.554253
3	55	0.704523
3	63	1.09117
3	111	1.0458
3	123	1.07533
3	131	1.07261
3	140	1.1057
3	157	0.903655
3	163	1.09423
3	176	1.11627
3	180	1.09523
4	25	1.08263
4	75	0.894435
4	112	0.7531
4	129	1.04915
4	136	1.06401
4	148	1.06088
4	152	1.04378
4	159	1.08183
4	160	1.08298
4	162	1.07496
4	163	1.05977
4	164	0.76368
5	7	0.749379
5	32	0.815767
5	83	1.05916
5	97	1.08097
5	107	1.05781
5	115	1.07738
5	130	1.08804
5	159	0.832876
5	165	1.06098
5	168	1.05908
5	178	1.05812
5	180	1.05846
6	44	1.04175
6	98	1.11258
6	110	1.03412
6	120	0.727278
6	129	1.05423
6	141	0.857281
6	152	1.04887
6	160	1.08807
6	162	1.08005
6	163	1.06486
6	170	1.07546
6	175	0.818202
7	5	0.749379
7	59	0.531304
7	61	1.12276
7	138	0.598702
7	142	1.23541
7	167	1.09695
7	170	0.521544
7	171	1.2179
7	174	1.22892
7	175	1.23027
7	176	1.23978
7	179	1.22801
8	97	0.570837
8	108	1.16229
8	143	1.20409
8	148	0.62846
8	154	1.20214
8	165	0.600811
8	171	1.19805
8	173	1.19629
8	174	1.20906
8	176	1.21992
8	178	0.600504
8	179	1.20816
9	81	0.999922
9	97	0.794677
9	107	0.795373
9	117	1.07193
9	142	1.0756
9	145	1.07551
9	153	1.08879
9	166	1.07099
9	170	0.810747
9	174	1.0691
9	176	1.07996
9	179	1.06819
10	82	1.14997
10	101	0.585654
10	133	1.22519
10	134	0.680757
10	136	1.22288
10	143	1.22485
10	146	0.56766
10	152	1.20265
10	170	1.22925
10	172	1.12816
10	173	1.21705
10	180	0.566825
11	121	1.05769
11	126	1.0438
11	132	0.85338
11	135	0.785973
11	140	1.07485
11	143	1.06959
11	156	1.0417
11	166	1.07645
11	174	1.07456
11	175	1.07592
11	176	1.08543
11	180	0.761732
12	36	1.18667
12	60	0.597644
12	63	0.613301
12	120	1.19558
12	145	1.21495
12	164	1.19548
12	165	1.20086
12	171	0.610048
12	176	0.577753
12	177	1.21011
12	178	1.19801
12	180	1.19835
13	31	1.12536
13	34	1.0783
13	45	1.03507
13	55	1.00086
13	68	1.04305
13	70	1.16086
13	82	0.993795
13	85	1.08963
13	157	1.22443
13	167	0.812706
13	170	1.07307
13	172	0.721453
14	38	0.737066
14	72	0.842592
14	88	1.06016
14	89	1.14124
14	113	1.03628
14	133	1.08224
14	152	1.0597
14	160	1.0989
14	162	1.09088
14	163	1.07569
14	167	0.9549
14	174	0.82162
15	2	0.967384
15	17	1.11946
15	19	1.13801
15	23	0.954727
15	39	1.08501
15	42	1.04616
15	139	1.14279
15	140	1.07981
15	141	1.06665
15	155	0.991617
15	167	0.929099
15	172	0.837846
16	54	1.00602
16	63	1.07326
16	77	1.10233
16	108	1.04072
16	126	1.05673
16	137	0.769525
16	161	1.08221
16	165	0.815836
16	171	1.07648
16	173	1.07473
16	174	1.0875
16	178	0.815529
17	2	1.10377
17	15	1.11946
17	19	1.2744
17	39	1.2214
17	42	1.18255
17	139	1.27918
17	140	1.2162
17	141	1.20304
17	145	0.296369
17	155	0.929919
17	167	0.867401
17	172	0.776148
18	90	1.03952
18	127	0.786754
18	137	0.784111
18	141	1.05576
18	151	1.09395
18	153	1.08833
18	154	1.06172
18	171	1.05762
18	173	1.05587
18	176	1.0795
18	178	0.830115
18	179	1.06773
19	2	1.12233
19	15	1.13801
19	17	1.2744
19	23	1.10967
19	42	1.20111
19	75	1.23515
19	139	1.29773
19	141	1.22159
19	145	0.573366
19	155	1.20692
19	172	1.05315
19	175	0.0362452
20	126	0.68494
20	129	1.14204
20	136	1.15691
20	148	1.15377
20	149	1.2024
20	150	1.12441
20	152	1.13668
20	162	1.16786
20	163	1.15267
20	166	0.656062
20	170	1.16327
20	174	0.636715
20	179	0.621568
21	81	1.09484
21	90	1.13489
21	112	1.19062
21	134	0.717695
21	159	0.633099
21	161	1.15873
21	164	0.612695
21	166	1.16591
21	168	0.636121
21	171	1.153
21	174	1.16402
21	176	1.17488
21	179	1.16311
22	32	1.14156
22	63	1.14789
22	105	0.669667
22	126	1.13136
22	139	0.59943
22	153	1.18182
22	154	1.15521
22	161	1.15684
22	168	0.679919
22	170	0.652567
22	171	1.15111
22	176	1.17299
22	179	1.16122
23	15	0.954727
23	19	1.10967
23	42	1.01782
23	60	1.07428
23	72	1.0086
23	100	1.06313
23	107	1.04034
23	133	0.849871
23	149	0.853079
23	162	0.89566
23	171	1.04017
23	179	1.05028
23	180	1.04099
24	74	0.595599
24	76	0.727806
24	96	1.28736
24	100	1.1803
24	107	1.15751
24	111	0.661151
24	120	1.1554
24	138	1.13391
24	144	1.15467
24	152	0.614452
24	155	1.00275
24	177	1.16993
24	180	1.15816
25	4	1.08263
25	65	1.1559
25	88	1.16094
25	123	0.64774
25	131	0.655982
25	148	1.17758
25	149	1.2262
25	155	1.02205
25	159	1.19853
25	160	1.19968
25	163	1.17647
25	168	0.635493
25	177	0.662035
26	30	1.16554
26	50	0.679754
26	63	1.14215
26	103	1.18694
26	105	0.618867
26	148	1.14631
26	152	1.12922
26	160	1.16842
26	162	1.1604
26	163	1.14521
26	170	1.15582
26	175	0.688361
26	178	0.615366
27	76	1.08783
27	98	0.637778
27	137	0.611687
27	151	1.19263
27	154	1.1604
27	156	1.13446
27	163	0.705374
27	166	1.16921
27	170	0.644093
27	171	1.15631
27	173	1.15455
27	176	1.17818
27	179	1.16642
28	55	1.18457
28	62	1.17793
28	74	1.01079
28	110	0.93607
28	157	0.776229
28	160	0.990015
28	162	0.981996
28	167	0.846015
28	171	0.966972
28	177	0.979564
28	178	0.967463
28	179	0.977082
28	180	0.9678
29	69	0.810502
29	73	1.11309
29	99	1.19788
29	119	1.06737
29	132	1.1342
29	156	0.620246
29	164	1.17279
29	168	1.17627
29	173	0.589347
29	177	1.18742
29	178	1.17532
29	179	0.578533
29	180	1.17566
30	26	1.16554
30	32	0.587403
30	37	0.670207
30	90	0.690763
30	111	1.12551
30	113	1.13453
30	129	1.16332
30	133	1.1805
30	147	0.651409
30	160	1.19715
30	162	1.18913
30	163	1.17395
30	169	1.07037
31	13	1.12536
31	45	1.18911
31	55	1.15491
31	68	1.19709
31	70	1.31491
31	82	1.14784
31	85	1.24367
31	119	0.608817
31	157	1.13161
31	169	0.501931
31	170	1.22712
31	172	0.628631
32	5	0.815767
32	22	1.14156
32	30	0.587403
32	77	1.17025
32	137	0.555525
32	142	1.16191
32	161	1.15013
32	166	1.1573
32	173	1.14265
32	174	1.15541
32	176	1.16628
32	177	0.641825
32	179	1.15451
33	34	1.17732
33	45	1.13409
33	55	1.09988
33	68	1.14206
33	70	1.25988
33	82	1.09281
33	85	1.18864
33	119	0.902335
33	145	0.442371
33	150	1.13322
33	169	0.795449
33	170	1.17209
33	172	0.92215
34	13	1.0783
34	33	1.17732
34	55	1.10785
34	68	1.15003
34	70	1.26785
34	82	1.10078
34	85	1.19661
34	145	0.414921
34	150	1.14119
34	167	0.985953
34	169	0.767999
34	170	1.18006
34	172	0.8947
35	62	1.01794
35	71	1.01794
35	82	0.991789
35	85	1.08762
35	107	0.84918
35	142	0.882823
35	145	1.07806
35	149	1.11019
35	157	0.869884
35	159	1.08252
35	164	0.86848
35	170	1.07107
35	175	1.073
36	12	1.18667
36	38	1.15392
36	83	1.14463
36	111	0.69438
36	114	0.617379
36	130	1.1735
36	140	0.628113
36	168	1.14454
36	170	1.15354
36	177	1.15569
36	178	1.14359
36	179	0.659097
36	180	1.14393
37	30	0.670207
37	90	1.14407
37	95	1.0972
37	99	0.656322
37	130	0.580282
37	136	0.693721
37	154	1.16627
37	156	1.14033
37	171	1.16218
37	173	1.16042
37	174	1.17319
37	176	1.18405
37	179	1.17229
38	14	0.737066
38	36	1.15392
38	51	1.12218
38	79	0.541376
38	118	0.623272
38	123	1.1457
38	124	1.14286
38	126	0.697788
38	158	1.15923
38	165	1.16811
38	175	1.17714
38	178	1.16526
38	180	1.1656
39	2	1.06932
39	15	1.08501
39	17	1.2214
39	98	0.632297
39	104	1.1858
39	110	0.704699
39	133	0.596339
39	138	1.14702
39	159	0.662942
39	173	1.16869
39	178	1.17094
39	179	1.18055
39	180	1.17127
40	46	1.34388
40	49	1.4004
40	57	1.44388
40	62	1.33375
40	66	1.35554
40	71	1.33375
40	157	1.12229
40	166	0.0470634
40	167	0.71057
40	169	0.492616
40	172	0.619317
40	175	1.3888
41	94	0.767937
41	117	0.672028
41	123	1.11065
41	131	1.10792
41	132	1.08909
41	138	1.10629
41	158	1.12417
41	161	0.672328
41	164	1.12767
41	168	1.13116
41	176	0.686468
41	177	1.14231
41	178	1.1302
41	180	1.13054
42	2	1.03048
42	3	0.787926
42	15	1.04616
42	17	1.18255
42	19	1.20111
42	23	1.01782
42	72	1.10004
42	75	1.1433
42	119	0.974073
42	139	1.20588
42	140	1.14291
42	141	1.12974
42	145	0.514109
42	169	0.867187
43	61	1.03394
43	69	1.02759
43	117	1.14293
43	122	0.715392
43	131	0.728893
43	151	1.16541
43	154	1.13318
43	161	1.13481
43	166	1.14199
43	170	0.681052
43	171	1.12909
43	174	1.1401
43	176	1.15096
43	180	0.676045
44	6	1.04175
44	65	1.10994
44	75	0.757572
44	79	1.13697
44	114	1.16217
44	133	1.13706
44	148	1.13161
44	149	1.18024
44	152	1.11452
44	156	0.72616
44	162	1.1457
44	172	1.04003
44	175	0.709484
44	180	0.617885
45	13	1.03507
45	31	1.18911
45	33	1.13409
45	55	1.06461
45	68	1.1068
45	70	1.22461
45	82	1.05755
45	85	1.15338
45	150	1.09796
45	155	0.7864
45	157	1.13561
45	167	0.723883
45	170	1.13682
45	172	0.63263
46	3	0.554253
46	40	1.34388
46	49	1.14536
46	57	1.18883
46	62	1.0787
46	66	1.1005
46	71	1.0787
46	137	1.13461
46	139	1.19567
46	155	0.913985
46	167	0.851467
46	169	0.633513
46	175	1.13376
47	54	0.726117
47	99	1.15145
47	115	1.14814
47	124	1.10649
47	138	1.10497
47	146	1.14261
47	150	0.712745
47	153	0.637365
47	156	0.722601
47	167	1.00744
47	168	1.12984
47	170	1.13884
47	177	1.14099
47	180	1.12923
48	72	1.12022
48	92	0.624463
48	93	0.724526
48	107	1.15196
48	108	0.730038
48	120	1.14985
48	138	1.12836
48	155	0.997201
48	158	1.14625
48	168	1.15323
48	169	1.04805
48	171	0.719978
48	178	1.15228
48	180	1.15261
49	40	1.4004
49	46	1.14536
49	57	1.24536
49	61	0.0310698
49	62	1.13523
49	66	1.15702
49	71	1.13523
49	137	1.19113
49	145	1.22111
49	158	0.0165829
49	169	1.57418
49	175	1.19028
50	26	0.679754
50	101	1.12452
50	104	0.719055
50	123	1.09609
50	127	1.15485
50	135	1.10854
50	144	1.11249
50	154	0.716168
50	159	0.683027
50	168	1.1166
50	175	1.12752
50	177	1.12775
50	178	1.11565
50	180	1.11598
51	38	1.12218
51	97	1.1347
51	106	0.687069
51	130	1.14177
51	135	1.10474
51	137	1.12458
51	140	0.692681
51	154	0.719579
51	161	0.699569
51	164	1.10932
51	165	1.11471
51	177	1.12395
51	178	1.11185
51	180	1.11219
52	79	0.693522
52	80	0.75104
52	96	1.21129
52	100	1.10422
52	122	1.07335
52	123	1.0622
52	128	1.12245
52	146	1.09547
52	160	0.752002
52	168	1.08271
52	172	0.990614
52	174	0.801709
52	177	1.09385
52	178	1.08175
52	180	1.08209
53	72	1.06115
53	76	1.02424
53	81	1.03455
53	106	1.10399
53	109	0.807043
53	112	1.13033
53	139	0.694832
53	142	1.11022
53	153	1.12342
53	164	0.751895
53	170	0.747969
53	173	1.09096
53	174	1.10373
53	176	1.11459
53	179	1.10282
54	16	1.00602
54	47	0.726117
54	92	1.14647
54	104	1.09884
54	110	0.753582
54	118	1.09758
54	122	0.721836
54	142	1.101
54	143	1.08953
54	158	0.798998
54	166	1.09639
54	171	1.08348
54	173	1.08173
54	176	1.10536
54	179	1.09359
55	3	0.704523
55	13	1.00086
55	28	1.18457
55	31	1.15491
55	33	1.09988
55	34	1.10785
55	45	1.06461
55	68	1.07259
55	70	1.19041
55	82	1.02334
55	85	1.11917
55	145	0.430705
55	150	1.06375
55	170	1.10262
55	172	0.910484
56	73	1.16699
56	82	0.0127951
56	127	1.26842
56	130	1.25913
56	147	1.19326
56	155	1.07415
56	156	0.771611
56	166	0.764391
56	167	1.10777
56	168	1.23018
56	176	0.719943
56	177	1.24132
56	178	1.22922
56	179	0.729898
56	180	1.22956
57	40	1.44388
57	46	1.18883
57	49	1.24536
57	62	1.1787
57	66	1.2005
57	71	1.1787
57	119	0.751137
57	137	1.23461
57	139	1.29567
57	145	0.291173
57	155	0.924723
57	169	0.644251
57	172	0.770952
57	175	1.23376
58	64	0.645404
58	100	1.18305
58	113	0.672415
58	135	1.15347
58	136	0.589983
58	144	1.15743
58	146	1.1743
58	158	1.15455
58	163	0.628278
58	164	1.15805
58	165	1.16344
58	166	0.663048
58	168	1.16154
58	177	1.17268
58	178	1.16058
58	180	1.16092
59	7	0.531304
59	83	1.16437
59	87	1.14314
59	93	0.678916
59	127	1.20254
59	139	1.23712
59	150	0.683884
59	164	1.1608
59	165	1.16619
59	168	1.16429
59	169	1.05911
59	173	0.662841
59	176	0.642072
59	177	1.17544
59	178	1.16333
59	180	1.16367
60	12	0.597644
60	23	1.07428
60	80	1.19396
60	87	0.649165
60	99	0.63779
60	107	0.636829
60	117	1.2019
60	156	1.16621
60	157	0.997313
60	161	1.19379
60	166	1.20096
60	168	0.679554
60	171	1.18806
60	173	1.1863
60	174	1.19907
60	179	1.19817
61	7	1.12276
61	43	1.03394
61	49	0.0310698
61	102	1.08319
61	121	1.05294
61	130	1.00041
61	141	1.05694
61	153	1.08951
61	156	1.03696
61	166	1.07171
61	171	1.0588
61	173	1.05705
61	174	1.06982
61	176	1.08068
61	179	1.06891
61	180	1.08585
62	28	1.17793
62	35	1.01794
62	40	1.33375
62	46	1.0787
62	49	1.13523
62	57	1.1787
62	63	1.10803
62	66	1.09036
62	71	1.06857
62	74	1.15508
62	137	1.12447
62	139	1.18554
62	167	0.995097
62	169	0.777143
62	172	0.903844
62	174	0.0177685
62	175	1.12363
63	3	1.09117
63	12	0.613301
63	16	1.07326
63	22	1.14789
63	26	1.14215
63	62	1.10803
63	66	1.12983
63	71	1.10803
63	109	0.726933
63	131	0.715701
63	146	0.663688
63	148	1.15166
63	163	1.15056
63	165	0.681765
63	174	1.16174
63	175	1.16309
63	176	1.1726
64	58	0.645404
64	93	1.09929
64	95	1.0699
64	110	0.725204
64	118	1.14897
64	125	1.11639
64	151	1.1712
64	153	1.16558
64	156	1.11303
64	162	0.662633
64	171	1.13488
64	173	1.13312
64	174	1.14589
64	176	1.15675
64	177	0.713011
64	179	1.14499
64	180	0.654111
65	25	1.1559
65	44	1.10994
65	103	1.17477
65	107	0.624973
65	111	1.08461
65	113	1.09363
65	136	1.13729
65	148	1.13415
65	152	1.11706
65	153	0.65838
65	159	1.15511
65	160	1.15625
65	162	1.14824
65	163	1.13305
65	165	0.654251
65	166	0.736397
65	175	0.72694
66	40	1.35554
66	46	1.1005
66	49	1.15702
66	57	1.2005
66	62	1.09036
66	63	1.12983
66	71	1.09036
66	74	1.17687
66	129	0.00286317
66	137	1.14627
66	139	1.20733
66	157	1.33315
66	167	0.92143
66	169	0.703476
66	172	0.830177
66	175	1.14542
67	100	1.15296
67	118	0.673846
67	122	1.12209
67	124	1.10809
67	134	1.13944
67	137	1.14321
67	140	0.654007
67	144	1.12734
67	146	1.14421
67	158	1.12446
67	165	1.13334
67	168	1.13144
67	173	0.695804
67	174	0.700137
67	176	0.675036
67	177	1.14259
67	180	1.13083
68	13	1.04305
68	31	1.19709
68	33	1.14206
68	34	1.15003
68	45	1.1068
68	55	1.07259
68	70	1.23259
68	74	1.17818
68	82	1.06552
68	85	1.16135
68	145	0.642546
68	150	1.10593
68	167	1.21358
68	169	0.995624
68	170	1.1448
68	172	1.12232
68	175	0.00765241
69	29	0.810502
69	43	1.02759
69	79	0.842752
69	90	1.03434
69	118	1.06655
69	126	1.0327
69	143	1.0585
69	151	1.08877
69	154	1.05655
69	164	0.878162
69	167	0.931494
69	171	1.05245
69	173	1.0507
69	174	1.06347
69	176	1.07433
69	179	1.06256
69	180	0.86923
70	13	1.16086
70	31	1.31491
70	33	1.25988
70	34	1.26785
70	45	1.22461
70	55	1.19041
70	68	1.23259
70	82	1.18334
70	85	1.27917
70	150	1.22375
70	155	0.845061
70	157	1.19427
70	167	0.782544
70	169	0.56459
70	170	1.26262
70	172	0.691291
70	177	0.0350918
71	35	1.01794
71	40	1.33375
71	46	1.0787
71	49	1.13523
71	57	1.1787
71	62	1.06857
71	63	1.10803
71	66	1.09036
71	74	1.15508
71	115	0.0248455
71	119	1.22779
71	134	0.0100896
71	137	1.12447
71	139	1.18554
71	155	1.40138
71	167	1.33886
71	175	1.12363
72	14	0.842592
72	23	1.0086
72	42	1.10004
72	48	1.12022
72	53	1.06115
72	89	0.601602
72	139	1.19666
72	140	1.13369
72	143	1.12843
72	148	0.719939
72	152	0.728527
72	159	0.702715
72	166	1.13529
72	167	1.00142
72	168	1.12383
72	177	1.13497
72	179	1.13249
72	180	1.12321
73	29	1.11309
73	56	1.16699
73	94	0.790299
73	96	1.22224
73	115	1.11195
73	123	1.07314
73	128	1.1334
73	132	1.05159
73	136	0.680215
73	142	0.675498
73	147	1.05673
73	158	1.08667
73	168	1.09365
73	174	0.733932
73	177	1.1048
73	178	1.0927
73	179	0.718786
73	180	1.09304
74	24	0.595599
74	28	1.01079
74	62	1.15508
74	66	1.17687
74	68	1.17818
74	71	1.15508
74	82	1.12893
74	85	1.22476
74	95	1.13279
74	101	0.625821
74	107	0.596625
74	134	0.720924
74	146	0.607827
74	148	0.653552
74	161	1.2035
74	170	1.20821
74	173	1.19602
74	175	1.21014
74	176	1.21965
75	2	1.06452
75	4	0.894435
75	19	1.23515
75	42	1.1433
75	44	0.757572
75	82	0.0073152
75	89	0.638609
75	128	1.20683
75	140	1.17695
75	158	1.16011
75	159	0.739722
75	160	0.742388
75	161	1.17137
75	165	1.16899
75	173	1.16389
75	174	1.17666
75	176	1.18752
75	177	1.17824
75	180	1.16647
76	24	0.727806
76	27	1.08783
76	53	1.02424
76	94	1.05678
76	106	1.09675
76	131	0.792047
76	142	1.10299
76	143	1.09152
76	153	1.11618
76	154	1.08957
76	156	1.06363
76	166	1.09838
76	170	0.744206
76	171	1.08547
76	173	1.08372
76	176	1.10735
76	177	0.798099
76	179	1.09558
76	180	0.739199
77	16	1.10233
77	32	1.17025
77	95	1.11482
77	104	1.19516
77	112	1.21741
77	114	0.658302
77	127	0.6087
77	137	0.606056
77	141	1.17794
77	146	0.634291
77	164	0.642389
77	166	1.1927
77	171	1.1798
77	172	1.08915
77	173	1.17804
77	174	1.19081
77	176	1.20167
77	178	0.652061
77	179	1.18991
78	83	0.673463
78	90	1.16569
78	96	0.540464
78	108	1.14804
78	121	1.17793
78	125	1.16531
78	126	1.16404
78	127	0.608379
78	131	0.685983
78	151	1.22012
78	155	1.02921
78	156	1.16195
78	161	1.18952
78	162	0.641658
78	171	1.1838
78	174	1.19481
78	176	1.20567
78	178	0.65174
78	179	1.1939
79	38	0.541376
79	44	1.13697
79	52	0.693522
79	69	0.842752
79	89	1.22563
79	98	1.2078
79	110	1.12934
79	129	1.14945
79	136	1.16432
79	144	0.593928
79	149	1.20981
79	150	1.13182
79	152	1.14409
79	159	1.18214
79	160	1.18329
79	162	1.17527
79	163	1.16008
79	164	0.553152
79	168	0.576578
80	52	0.75104
80	60	1.19396
80	114	0.626584
80	121	1.15399
80	125	1.14137
80	130	0.516292
80	132	0.693386
80	139	0.553607
80	142	1.17736
80	153	1.19056
80	154	1.16394
80	161	1.16558
80	166	1.17275
80	171	1.15985
80	173	1.1581
80	174	1.17086
80	176	1.18173
80	177	0.660638
80	179	1.16996
81	9	0.999922
81	21	1.09484
81	53	1.03455
81	83	0.75327
81	109	0.777023
81	125	1.0773
81	134	0.826875
81	151	1.13211
81	153	1.12649
81	161	1.10151
81	166	1.10869
81	169	0.992047
81	173	1.09403
81	174	1.1068
81	175	1.10815
81	176	1.11766
81	178	0.731547
81	179	1.10589
81	180	0.712943
82	10	1.14997
82	13	0.993795
82	31	1.14784
82	33	1.09281
82	34	1.10078
82	35	0.991789
82	45	1.05755
82	55	1.02334
82	56	0.0127951
82	68	1.06552
82	70	1.18334
82	74	1.12893
82	75	0.0073152
82	85	1.1121
82	141	0.0132278
82	145	1.89745
82	150	1.05668
82	169	2.25053
82	170	1.09555
83	5	1.05916
83	36	1.14463
83	59	1.16437
83	78	0.673463
83	81	0.75327
83	100	1.17844
83	103	0.62839
83	123	1.13641
83	124	1.13357
83	132	1.11485
83	138	1.13205
83	144	1.15281
83	151	0.626557
83	154	0.673503
83	158	1.14994
83	160	0.643028
83	164	1.15343
83	177	1.16807
83	178	1.15597
83	180	1.1563
84	1	1.07806
84	89	0.560738
84	100	1.19227
84	103	0.64988
84	107	1.16949
84	108	0.731478
84	127	1.209
84	137	1.18253
84	147	1.13384
84	155	1.01473
84	157	0.978568
84	160	0.664517
84	164	1.16727
84	165	1.17266
84	170	1.17975
84	176	0.689123
84	177	1.1819
84	178	1.1698
84	179	0.699078
84	180	1.17014
85	13	1.08963
85	31	1.24367
85	33	1.18864
85	34	1.19661
85	35	1.08762
85	45	1.15338
85	55	1.11917
85	68	1.16135
85	70	1.27917
85	74	1.22476
85	82	1.1121
85	119	0.735843
85	145	0.275879
85	150	1.15251
85	157	1.25864
85	167	0.846911
85	169	0.628957
85	170	1.19138
85	172	0.755658
86	88	1.14384
86	103	1.2011
86	110	1.12863
86	111	1.11094
86	113	1.11995
86	120	0.634431
86	133	1.16592
86	136	1.16361
86	146	0.634591
86	152	1.14338
86	159	1.18143
86	160	1.18258
86	162	1.17456
86	163	1.15937
86	169	1.0558
86	172	1.06889
86	174	0.715465
86	176	0.690364
86	177	0.692656
86	180	0.633756
87	59	1.14314
87	60	0.649165
87	91	1.10231
87	95	0.715117
87	105	1.12808
87	124	1.11234
87	125	0.691504
87	127	1.17394
87	130	1.16465
87	139	1.20853
87	141	1.13239
87	163	0.638954
87	165	1.13759
87	168	1.13569
87	170	1.14469
87	173	0.650043
87	174	0.654376
87	177	1.14684
87	178	1.13474
87	180	1.13508
88	14	1.06016
88	25	1.16094
88	86	1.14384
88	93	0.687667
88	98	1.18581
88	102	1.16137
88	103	1.17981
88	105	0.616322
88	118	0.649634
88	136	1.14233
88	141	0.724894
88	149	1.18782
88	152	1.1221
88	158	0.710725
88	159	1.16015
88	160	1.16129
88	163	1.13809
88	165	0.613127
88	170	1.14869
88	172	1.0476
89	14	1.14124
89	72	0.601602
89	75	0.638609
89	79	1.22563
89	84	0.560738
89	110	1.18843
89	113	1.17975
89	114	1.25083
89	129	1.20854
89	137	1.23255
89	141	0.629599
89	148	1.22027
89	160	1.24238
89	162	1.23436
89	163	1.21917
89	166	0.599977
89	167	1.09838
89	170	1.22977
89	172	1.12869
89	174	0.58063
89	175	0.59052
90	18	1.03952
90	21	1.13489
90	30	0.690763
90	37	1.14407
90	69	1.03434
90	78	1.16569
90	96	0.593614
90	115	0.788229
90	124	0.728684
90	126	1.11609
90	153	1.16655
90	154	1.13993
90	156	1.11399
90	162	0.694808
90	166	1.14874
90	169	1.0321
90	171	1.13584
90	173	1.13409
90	175	1.14821
90	178	0.70489
90	179	1.14595
91	87	1.10231
91	109	1.09995
91	115	1.14175
91	116	1.13102
91	121	0.717305
91	122	1.1141
91	124	1.1001
91	125	0.73951
91	128	1.1632
91	144	1.11934
91	147	1.08653
91	154	0.68315
91	158	1.11647
91	159	0.650009
91	164	1.11996
91	165	1.12535
91	171	0.709576
91	173	0.698049
91	177	1.1346
91	178	1.1225
91	180	1.12283
92	48	0.624463
92	54	1.14647
92	97	0.553023
92	109	0.628166
92	118	1.23103
92	122	0.603433
92	126	1.19718
92	138	0.646251
92	151	1.25325
92	153	1.24764
92	157	1.02619
92	166	1.22984
92	169	1.1132
92	171	1.21693
92	173	1.21518
92	174	1.22795
92	175	1.2293
92	176	1.23881
92	178	0.58269
92	179	1.22704
92	180	0.564086
93	48	0.724526
93	59	0.678916
93	64	1.09929
93	88	0.687667
93	112	1.15597
93	117	1.1322
93	126	1.09861
93	143	1.1244
93	146	0.664985
93	151	1.15468
93	153	1.14907
93	158	0.780658
93	161	1.12409
93	166	1.13126
93	167	0.9974
93	171	1.11836
93	173	1.1166
93	174	1.12937
93	176	1.14023
93	179	1.12847
93	180	0.66415
94	41	0.767937
94	73	0.790299
94	76	1.05678
94	106	1.13652
94	108	1.08949
94	124	0.751172
94	125	1.10677
94	126	1.1055
94	130	0.623327
94	143	1.13129
94	150	1.09682
94	155	0.970665
94	156	1.1034
94	161	1.13098
94	167	1.00429
94	168	0.741132
94	171	1.12525
94	173	1.1235
94	174	1.13626
94	176	1.14713
94	178	0.727378
94	179	1.13536
95	37	1.0972
95	64	1.0699
95	74	1.13279
95	77	1.11482
95	87	0.715117
95	105	0.735254
95	106	1.10025
95	121	1.08311
95	142	1.10648
95	144	0.762856
95	153	1.11968
95	154	1.09307
95	159	0.742484
95	161	1.0947
95	166	1.10188
95	171	1.08897
95	173	1.08722
95	174	1.09999
95	176	1.11085
95	178	0.731752
95	179	1.09908
95	180	0.713148
96	24	1.28736
96	52	1.21129
96	73	1.22224
96	78	0.540464
96	90	0.593614
96	112	0.476379
96	120	1.28204
96	121	0.574659
96	134	1.29342
96	144	1.28131
96	146	1.29819
96	147	1.2485
96	155	1.12939
96	159	0.507362
96	165	1.28732
96	166	0.579083
96	171	0.566929
96	172	1.19333
96	174	0.559736
96	175	1.29634
96	178	1.28447
96	180	1.2848
97	5	1.08097
97	8	0.570837
97	9	0.794677
97	51	1.1347
97	92	0.553023
97	99	1.20034
97	106	0.589603
97	115	1.19703
97	122	1.16937
97	128	1.21848
97	131	1.15549
97	146	1.1915
97	158	1.17175
97	163	0.625922
97	164	1.17524
97	165	1.18063
97	168	1.17873
97	171	0.648537
97	176	0.616242
97	177	1.18988
97	178	1.17778
97	180	1.17811
98	6	1.11258
98	27	0.637778
98	39	0.632297
98	79	1.2078
98	88	1.18581
98	119	1.09404
98	128	0.574265
98	129	1.19071
98	133	1.20789
98	136	1.20558
98	141	0.700068
98	149	1.25107
98	150	1.17308
98	152	1.18535
98	157	1.01076
98	159	1.2234
98	160	1.22455
98	162	1.21653
98	172	1.11086
98	175	0.660989
98	177	0.628289
98	180	0.569389
99	29	1.19788
99	37	0.656322
99	47	1.15145
99	60	0.63779
99	97	1.20034
99	101	1.18637
99	105	1.17083
99	121	0.657924
99	134	1.18645
99	138	1.15358
99	140	0.596871
99	144	1.17434
99	146	1.19121
99	148	0.607852
99	154	0.623769
99	164	1.17496
99	165	1.18035
99	168	1.17845
99	172	1.08636
99	176	0.617899
99	177	1.1896
99	180	1.17783
100	23	1.06313
100	24	1.1803
100	52	1.10422
100	58	1.18305
100	67	1.15296
100	83	1.17844
100	84	1.19227
100	111	0.697032
100	113	0.705609
100	116	1.18592
100	135	1.17029
100	138	1.15348
100	140	0.630765
100	147	1.14143
100	148	0.641746
100	151	0.610718
100	157	0.986164
100	160	0.627188
100	164	1.17486
100	168	1.17835
100	171	0.684089
100	178	1.1774
100	180	1.17774
101	1	1.07206
101	10	0.585654
101	50	1.12452
101	74	0.625821
101	99	1.18637
101	105	1.15714
101	107	1.16349
101	108	0.68849
101	109	1.14126
101	118	0.644945
101	124	1.1414
101	127	1.20301
101	131	1.14152
101	143	0.698943
101	150	0.687947
101	164	1.16127
101	165	1.16666
101	168	1.16476
101	172	1.07267
101	173	0.666903
101	177	1.17591
101	178	1.16381
101	180	1.16414
102	61	1.08319
102	88	1.16137
102	110	1.14616
102	111	1.12846
102	113	1.13748
102	114	1.20856
102	128	0.572912
102	129	1.16627
102	130	0.48259
102	133	1.18345
102	135	0.592277
102	140	1.18837
102	148	1.178
102	152	1.16091
102	155	1.02248
102	159	1.19896
102	160	1.20011
102	163	1.1769
102	167	1.05611
102	172	1.08642
102	175	0.659636
102	176	0.624644
102	178	0.586641
103	26	1.18694
103	65	1.17477
103	83	0.62839
103	84	0.64988
103	86	1.2011
103	88	1.17981
103	111	1.14691
103	119	1.08805
103	129	1.18472
103	147	0.664296
103	148	1.19645
103	155	1.04093
103	157	1.00477
103	159	1.2174
103	162	1.21053
103	163	1.19534
103	167	1.07455
103	169	1.09177
103	170	1.20595
103	171	0.676966
103	175	0.679663
103	177	0.646963
103	179	0.654626
104	39	1.1858
104	50	0.719055
104	54	1.09884
104	77	1.19516
104	112	1.20692
104	120	0.636738
104	125	1.15082
104	128	0.640938
104	135	0.660303
104	141	1.16744
104	150	1.14088
104	154	1.1734
104	157	0.978561
104	161	1.17503
104	165	0.654974
104	166	1.18221
104	167	1.04835
104	171	1.1693
104	173	1.16755
104	174	1.18032
104	178	0.654667
104	179	1.17941
104	180	0.636063
105	22	0.669667
105	26	0.618867
105	87	1.12808
105	88	0.616322
105	95	0.735254
105	99	1.17083
105	101	1.15714
105	122	1.13986
105	123	1.12871
105	127	1.18747
105	144	1.14511
105	145	1.1652
105	146	1.16199
105	147	1.1123
105	151	0.608336
105	156	0.70108
105	164	1.14573
105	165	1.15112
105	168	1.14922
105	176	0.649412
105	177	1.16037
105	178	1.14827
105	180	1.1486
106	1	0.796136
106	51	0.687069
106	53	1.10399
106	76	1.09675
106	94	1.13652
106	95	1.10025
106	97	0.589603
106	118	1.17932
106	122	0.640013
106	125	1.14674
106	126	1.14547
106	140	1.17653
106	151	1.20154
106	161	1.17095
106	164	0.609598
106	165	0.619577
106	171	1.16522
106	172	1.07458
106	173	1.16347
106	174	1.17624
106	176	1.1871
106	177	0.659566
106	179	1.17533
107	5	1.05781
107	9	0.795373
107	23	1.04034
107	24	1.15751
107	35	0.84918
107	48	1.15196
107	60	0.636829
107	65	0.624973
107	74	0.596625
107	84	1.16949
107	101	1.16349
107	134	1.16356
107	141	1.15226
107	147	1.11865
107	150	0.65875
107	164	1.15208
107	165	1.15747
107	167	1.03316
107	168	1.15557
107	169	1.05038
107	173	0.637707
107	177	1.16671
107	178	1.15461
107	180	1.15495
108	8	1.16229
108	16	1.04072
108	48	0.730038
108	78	1.14804
108	84	0.731478
108	94	1.08949
108	101	0.68849
108	117	1.13203
108	118	1.13228
108	125	1.09971
108	142	1.1357
108	147	0.745894
108	161	1.12392
108	166	1.13109
108	168	0.702019
108	169	1.01445
108	170	0.674667
108	171	1.11819
108	172	1.02754
108	173	1.11643
108	174	1.1292
108	175	1.13056
108	176	1.14006
108	177	0.728561
108	179	1.1283
109	53	0.807043
109	63	0.726933
109	81	0.777023
109	91	1.09995
109	92	0.628166
109	101	1.14126
109	115	1.15164
109	131	1.1101
109	134	1.14134
109	145	1.14932
109	146	1.1461
109	147	1.09642
109	148	0.681338
109	155	0.977309
109	158	1.12636
109	161	0.677245
109	164	1.12985
109	165	1.13524
109	167	1.01094
109	168	1.13334
109	172	1.04125
109	177	1.14449
109	178	1.13238
109	179	0.701341
109	180	1.13272
110	6	1.03412
110	28	0.93607
110	39	0.704699
110	54	0.753582
110	64	0.725204
110	79	1.12934
110	86	1.12863
110	89	1.18843
110	102	1.14616
110	113	1.08346
110	114	1.15454
110	129	1.11226
110	133	1.12943
110	135	0.666032
110	148	1.12398
110	149	1.17261
110	152	1.10689
110	159	1.14494
110	160	1.14609
110	162	1.13807
110	163	1.12288
110	167	1.00209
110	173	0.719167
110	175	0.73339
110	176	0.698399
111	3	1.0458
111	24	0.661151
111	30	1.12551
111	36	0.69438
111	65	1.08461
111	86	1.11094
111	100	0.697032
111	102	1.12846
111	103	1.14691
111	113	1.06577
111	116	0.666342
111	132	0.764193
111	136	1.10942
111	137	1.11856
111	140	1.11665
111	148	1.10628
111	149	1.15491
111	152	1.08919
111	159	1.12724
111	160	1.12839
111	162	1.12037
111	163	1.10518
111	170	1.11579
111	174	0.754254
111	175	0.764144
112	4	0.7531
112	21	1.19062
112	53	1.13033
112	77	1.21741
112	93	1.15597
112	96	0.476379
112	104	1.20692
112	134	0.682982
112	143	1.1976
112	147	0.645284
112	153	1.22227
112	156	1.16971
112	157	1.00082
112	158	0.685559
112	165	0.587962
112	166	1.20446
112	168	0.601408
112	171	1.19156
112	172	1.10091
112	173	1.18981
112	174	1.20257
112	175	1.20393
112	176	1.21344
112	179	1.20167
112	180	0.56905
113	14	1.03628
113	30	1.13453
113	58	0.672415
113	65	1.09363
113	86	1.11995
113	89	1.17975
113	100	0.705609
113	102	1.13748
113	110	1.08346
113	111	1.06577
113	114	1.14586
113	116	0.674919
113	124	0.72352
113	129	1.10358
113	133	1.12075
113	136	1.11844
113	148	1.1153
113	149	1.16393
113	153	0.704161
113	159	1.13626
113	160	1.13741
113	163	1.1142
113	167	0.993409
113	175	0.772721
113	179	0.747684
114	36	0.617379
114	44	1.16217
114	77	0.658302
114	80	0.626584
114	89	1.25083
114	102	1.20856
114	110	1.15454
114	113	1.14586
114	133	1.19183
114	140	1.19674
114	146	0.596379
114	148	1.18638
114	149	1.235
114	155	1.03086
114	156	0.703819
114	157	0.994698
114	159	1.20734
114	160	1.20848
114	162	1.20046
114	163	1.18528
114	165	0.614455
114	166	0.6966
114	167	1.06448
114	169	1.0817
114	172	1.09479
114	175	0.687143
115	5	1.07738
115	47	1.14814
115	71	0.0248455
115	73	1.11195
115	90	0.788229
115	91	1.14175
115	97	1.19703
115	109	1.15164
115	124	1.15178
115	127	1.21338
115	130	1.20409
115	132	1.13307
115	134	1.18313
115	138	1.15026
115	153	0.695681
115	154	0.735119
115	161	0.715109
115	163	0.738929
115	164	1.17165
115	165	1.17704
115	167	1.05273
115	171	0.761545
115	177	1.18628
115	178	1.17418
115	179	0.739204
115	180	1.17452
116	91	1.13102
116	100	1.18592
116	111	0.666342
116	113	0.674919
116	122	1.15505
116	124	1.14105
116	126	0.69443
116	131	1.14117
116	134	1.1724
116	142	0.587771
116	144	1.1603
116	146	1.17717
116	147	1.12748
116	156	0.672771
116	158	1.15742
116	159	0.593832
116	164	1.16091
116	165	1.1663
116	166	0.665552
116	170	1.1734
116	172	1.07231
116	173	0.641872
116	175	1.17533
116	177	1.17555
116	178	1.16345
116	180	1.16379
117	9	1.07193
117	41	0.672028
117	43	1.14293
117	60	1.2019
117	93	1.1322
117	108	1.13203
117	118	1.18189
117	121	1.16193
117	142	1.1853
117	143	1.17384
117	154	1.17188
117	156	1.14595
117	158	0.729374
117	164	0.621797
117	166	1.1807
117	167	1.04683
117	168	0.645223
117	170	0.617872
117	171	1.16779
117	173	1.16604
117	174	1.17881
117	175	1.18016
117	177	0.671765
117	178	0.631469
117	179	1.1779
117	180	0.612865
118	38	0.623272
118	54	1.09758
118	64	1.14897
118	67	0.673846
118	69	1.06655
118	88	0.649634
118	92	1.23103
118	101	0.644945
118	106	1.17932
118	108	1.13228
118	117	1.18189
118	121	1.16218
118	151	1.20436
118	155	1.01346
118	156	1.1462
118	161	1.17377
118	164	0.635049
118	166	1.18095
118	168	0.658475
118	170	0.631123
118	171	1.16804
118	173	1.16629
118	174	1.17906
118	176	1.18992
118	177	0.685017
118	179	1.17815
119	29	1.06737
119	31	0.608817
119	33	0.902335
119	42	0.974073
119	57	0.751137
119	71	1.22779
119	85	0.735843
119	98	1.09404
119	103	1.08805
119	120	1.04455
119	125	1.028
119	142	1.064
119	148	1.04742
119	154	1.05058
119	155	0.891902
119	159	1.06838
119	162	1.06151
119	165	1.04983
119	169	0.942749
119	170	1.05693
119	172	0.955839
119	174	1.0575
119	176	1.06836
119	177	1.05908
119	179	1.0566
119	180	1.04731
120	6	0.727278
120	12	1.19558
120	24	1.1554
120	48	1.14985
120	86	0.634431
120	96	1.28204
120	104	0.636738
120	119	1.04455
120	123	1.13295
120	125	0.69021
120	127	1.1917
120	131	1.13022
120	134	1.16145
120	135	1.14539
120	141	1.15015
120	147	1.11653
120	156	0.679649
120	158	1.14647
120	159	0.600709
120	162	0.579896
120	168	1.15346
120	170	1.16245
120	173	0.64875
120	175	1.16438
120	177	1.1646
120	180	1.15284
121	11	1.05769
121	61	1.05294
121	78	1.17793
121	80	1.15399
121	91	0.717305
121	95	1.08311
121	96	0.574659
121	99	0.657924
121	117	1.16193
121	118	1.16218
121	125	1.1296
121	138	0.749496
121	151	1.18441
121	154	1.15218
121	161	1.15381
121	162	0.675853
121	165	0.686242
121	166	1.16099
121	167	1.02713
121	170	0.672337
121	171	1.14808
121	173	1.14633
121	174	1.1591
121	175	1.16045
121	176	1.16996
121	179	1.15819
121	180	0.66733
122	43	0.715392
122	52	1.07335
122	54	0.721836
122	67	1.12209
122	91	1.1141
122	92	0.603433
122	97	1.16937
122	105	1.13986
122	106	0.640013
122	116	1.15505
122	123	1.12697
122	132	1.10541
122	135	1.13942
122	139	1.22031
122	144	1.14337
122	146	1.16025
122	152	0.665193
122	165	1.14938
122	167	1.02508
122	168	1.14748
122	170	1.15648
122	171	0.698948
122	173	0.687422
122	176	0.666653
122	177	1.15863
122	178	1.14653
122	180	1.14686
123	3	1.07533
123	25	0.64774
123	38	1.1457
123	41	1.11065
123	50	1.09609
123	52	1.0622
123	73	1.07314
123	83	1.13641
123	105	1.12871
123	120	1.13295
123	122	1.12697
123	125	0.734141
123	126	0.745238
123	130	1.16529
123	135	1.12826
123	137	1.1481
123	164	1.13284
123	165	1.13823
123	166	0.71636
123	168	1.13633
123	171	0.704207
123	172	1.04424
123	174	0.697013
123	176	0.671912
123	177	1.14747
123	178	1.13537
123	179	0.681867
123	180	1.13571
124	1	1.04079
124	38	1.14286
124	47	1.10649
124	67	1.10809
124	83	1.13357
124	87	1.11234
124	90	0.728684
124	91	1.1001
124	94	0.751172
124	101	1.1414
124	113	0.72352
124	115	1.15178
124	116	1.14105
124	127	1.17173
124	131	1.11025
124	134	1.14148
124	144	1.12938
124	147	1.09656
124	152	0.668244
124	154	0.675574
124	164	1.12999
124	165	1.13538
124	171	0.701999
124	172	1.04139
124	176	0.669704
124	178	1.13253
124	179	0.679659
124	180	1.13286
125	64	1.11639
125	78	1.16531
125	80	1.14137
125	81	1.0773
125	87	0.691504
125	91	0.73951
125	94	1.10677
125	104	1.15082
125	106	1.14674
125	108	1.09971
125	119	1.028
125	120	0.69021
125	121	1.1296
125	123	0.734141
125	133	0.652269
125	137	0.662135
125	142	1.15298
125	143	1.14151
125	166	1.14837
125	168	0.721893
125	169	1.03173
125	171	1.13547
125	172	1.04482
125	173	1.13371
125	174	1.14648
125	176	1.15734
125	178	0.708139
125	179	1.14557
126	11	1.0438
126	16	1.05673
126	20	0.68494
126	22	1.13136
126	38	0.697788
126	69	1.0327
126	78	1.16404
126	90	1.11609
126	92	1.19718
126	93	1.09861
126	94	1.1055
126	106	1.14547
126	116	0.69443
126	123	0.745238
126	130	0.615186
126	136	0.728624
126	143	1.14024
126	151	1.17052
126	156	1.11235
126	160	0.732635
126	161	1.13992
126	166	1.1471
126	169	1.03046
126	171	1.1342
126	173	1.13244
126	174	1.14521
126	176	1.15607
126	180	0.700633
127	18	0.786754
127	50	1.15485
127	56	1.26842
127	59	1.20254
127	77	0.6087
127	78	0.608379
127	84	1.209
127	87	1.17394
127	101	1.20301
127	105	1.18747
127	115	1.21338
127	120	1.1917
127	124	1.17173
127	130	1.22404
127	132	1.15302
127	138	1.17021
127	149	0.511883
127	150	0.644362
127	157	1.0029
127	158	1.1881
127	160	0.577944
127	163	0.612229
127	168	1.19509
127	169	1.0899
127	171	0.634844
127	177	1.20623
127	179	0.612504
127	180	1.19447
128	52	1.12245
128	73	1.1334
128	75	1.20683
128	91	1.1632
128	97	1.21848
128	98	0.574265
128	102	0.572912
128	104	0.640938
128	131	1.17335
128	132	1.15451
128	134	1.20458
128	135	1.18852
128	143	0.684989
128	146	1.20935
128	147	1.15966
128	151	0.591105
128	158	1.1896
128	161	0.61804
128	163	0.641861
128	165	1.19848
128	167	1.07418
128	168	1.19658
128	175	1.20751
128	176	0.632181
128	177	1.20773
128	178	1.19563
128	179	0.642136
128	180	1.19597
129	4	1.04915
129	6	1.05423
129	20	1.14204
129	30	1.16332
129	66	0.00286317
129	79	1.14945
129	89	1.20854
129	98	1.19071
129	102	1.16627
129	103	1.18472
129	110	1.11226
129	113	1.10358
129	130	0.668713
129	138	0.836325
129	141	0.884838
129	147	0.830393
129	148	1.14409
129	149	1.19272
129	151	0.769692
129	152	1.127
129	155	0.988573
129	160	1.1662
129	163	1.14299
129	166	0.855216
129	167	1.0222
129	169	1.03942
129	172	1.05251
129	180	0.75416
130	5	1.08804
130	36	1.1735
130	37	0.580282
130	51	1.14177
130	56	1.25913
130	61	1.00041
130	80	0.516292
130	87	1.16465
130	94	0.623327
130	102	0.48259
130	115	1.20409
130	123	1.16529
130	126	0.615186
130	127	1.22404
130	129	0.668713
130	132	1.14373
130	135	1.17773
130	143	0.594667
130	146	1.19856
130	147	1.14888
130	158	1.17881
130	160	0.517254
130	164	1.18231
130	168	1.1858
130	175	1.19672
130	177	1.19694
130	178	1.18484
130	180	1.18518
131	3	1.07261
131	25	0.655982
131	41	1.10792
131	43	0.728893
131	63	0.715701
131	76	0.792047
131	78	0.685983
131	97	1.15549
131	101	1.14152
131	109	1.1101
131	116	1.14117
131	120	1.13022
131	124	1.11025
131	128	1.17335
131	134	1.1416
131	135	1.12554
131	140	0.659124
131	158	1.12662
131	160	0.655548
131	165	1.1355
131	167	1.0112
131	168	1.1336
131	169	1.02842
131	174	0.705255
131	175	1.14452
131	177	1.14475
131	178	1.13265
131	180	1.13298
132	11	0.85338
132	29	1.1342
132	41	1.08909
132	73	1.05159
132	80	0.693386
132	83	1.11485
132	111	0.764193
132	115	1.13307
132	122	1.10541
132	127	1.15302
132	128	1.15451
132	130	1.14373
132	140	0.697925
132	144	1.11066
132	147	1.07785
132	149	0.628288
132	151	0.677878
132	158	1.10778
132	164	1.11128
132	165	1.11667
132	167	0.992365
132	168	1.11477
132	169	1.00959
132	173	0.739723
132	174	0.744056
132	175	1.12569
132	177	1.12591
132	178	1.11381
132	180	1.11415
133	10	1.22519
133	14	1.08224
133	23	0.849871
133	30	1.1805
133	39	0.596339
133	44	1.13706
133	86	1.16592
133	98	1.20789
133	102	1.18345
133	110	1.12943
133	113	1.12075
133	114	1.19183
133	125	0.652269
133	141	0.66411
133	148	1.16127
133	149	1.2099
133	150	1.13191
133	152	1.14418
133	158	0.64994
133	159	1.18223
133	160	1.18337
133	162	1.17536
133	163	1.16017
133	169	1.0566
133	170	1.17077
133	171	0.622334
133	175	0.625031
133	176	0.590039
133	178	0.552036
134	10	0.680757
134	21	0.717695
134	67	1.13944
134	71	0.0100896
134	74	0.720924
134	81	0.826875
134	96	1.29342
134	99	1.18645
134	107	1.16356
134	109	1.14134
134	112	0.682982
134	115	1.18313
134	116	1.1724
134	120	1.16145
134	124	1.14148
134	128	1.20458
134	131	1.1416
134	136	0.712622
134	138	1.13996
134	140	0.720209
134	141	1.16153
134	157	0.972647
134	161	0.727097
134	164	1.16135
134	165	1.16674
134	168	1.16484
134	177	1.17598
134	178	1.16388
134	180	1.16422
135	11	0.785973
135	50	1.10854
135	51	1.10474
135	58	1.15347
135	100	1.17029
135	102	0.592277
135	104	0.660303
135	110	0.666032
135	120	1.14539
135	122	1.13942
135	123	1.12826
135	128	1.18852
135	130	1.17773
135	131	1.12554
135	138	1.1239
135	139	1.22161
135	143	0.704355
135	146	1.16154
135	147	1.11185
135	149	0.56088
135	150	0.693359
135	158	1.14179
135	164	1.14529
135	165	1.15068
135	168	1.14877
135	171	0.683842
135	172	1.05668
135	176	0.651546
135	178	1.14782
135	180	1.14816
136	4	1.06401
136	10	1.22288
136	20	1.15691
136	37	0.693721
136	58	0.589983
136	65	1.13729
136	73	0.680215
136	79	1.16432
136	86	1.16361
136	88	1.14233
136	98	1.20558
136	111	1.10942
136	113	1.11844
136	126	0.728624
136	134	0.712622
136	147	0.674923
136	148	1.15896
136	149	1.20759
136	150	1.1296
136	158	0.715199
136	159	1.17992
136	160	1.18106
136	162	1.17305
136	163	1.15786
136	164	0.607622
136	167	1.03706
136	169	1.05429
136	170	1.16846
136	172	1.06737
136	180	0.59869
137	16	0.769525
137	18	0.784111
137	27	0.611687
137	32	0.555525
137	46	1.13461
137	49	1.19113
137	51	1.12458
137	57	1.23461
137	62	1.12447
137	66	1.14627
137	67	1.14321
137	71	1.12447
137	77	0.606056
137	84	1.18253
137	89	1.23255
137	111	1.11856
137	123	1.1481
137	125	0.662135
137	143	0.652714
137	147	1.13169
137	151	0.55883
137	152	1.15101
137	153	0.566338
137	159	1.18906
137	160	1.1902
137	162	1.18219
137	163	1.167
137	168	1.16861
137	171	0.632201
137	175	1.17953
137	178	1.16765
137	180	1.16799
138	7	0.598702
138	24	1.13391
138	39	1.14702
138	41	1.10629
138	47	1.10497
138	48	1.12836
138	83	1.13205
138	92	0.646251
138	99	1.15358
138	100	1.15348
138	115	1.15026
138	121	0.749496
138	127	1.17021
138	129	0.836325
138	134	1.13996
138	135	1.1239
138	142	0.676138
138	147	1.09505
138	150	0.751283
138	153	0.675903
138	155	0.975936
138	164	1.12848
138	167	1.00956
138	168	1.13197
138	169	1.02678
138	172	1.03987
138	173	0.73024
138	174	0.734573
138	175	1.14289
138	177	1.14311
138	178	1.13101
138	180	1.13135
139	2	1.1271
139	15	1.14279
139	17	1.27918
139	19	1.29773
139	22	0.59943
139	42	1.20588
139	46	1.19567
139	53	0.694832
139	57	1.29567
139	59	1.23712
139	62	1.18554
139	66	1.20733
139	71	1.18554
139	72	1.19666
139	80	0.553607
139	87	1.20853
139	122	1.22031
139	135	1.22161
139	141	1.22637
139	146	1.24244
139	151	0.538099
139	153	0.545606
139	159	0.551903
139	160	0.554569
139	161	0.565034
139	164	1.22618
139	173	0.599943
139	174	0.604276
139	175	1.24059
139	178	1.22872
139	179	0.589129
139	180	1.22905
140	2	1.06413
140	3	1.1057
140	11	1.07485
140	15	1.07981
140	17	1.2162
140	36	0.628113
140	42	1.14291
140	51	0.692681
140	67	0.654007
140	72	1.13369
140	75	1.17695
140	99	0.596871
140	100	0.630765
140	102	1.18837
140	106	1.17653
140	111	1.11665
140	114	1.19674
140	131	0.659124
140	132	0.697925
140	134	0.720209
140	141	1.16339
140	144	0.655985
140	145	1.18268
140	154	1.16934
140	157	0.974508
140	159	1.18715
140	162	1.18027
140	163	1.16509
140	166	1.17816
140	173	1.1635
140	174	1.17627
140	176	1.18713
140	177	0.665177
141	2	1.05096
141	6	0.857281
141	15	1.06665
141	17	1.20304
141	18	1.05576
141	19	1.22159
141	42	1.12974
141	61	1.05694
141	77	1.17794
141	82	0.0132278
141	87	1.13239
141	88	0.724894
141	89	0.629599
141	98	0.700068
141	104	1.16744
141	107	1.15226
141	120	1.15015
141	129	0.884838
141	133	0.66411
141	134	1.16153
141	139	1.22637
141	140	1.16339
141	144	1.14943
141	148	0.747937
141	149	0.667318
141	162	0.709899
141	166	1.16499
141	174	1.1631
141	176	1.17396
141	177	1.16468
141	178	1.15258
141	179	1.1622
141	180	1.15291
142	7	1.23541
142	9	1.0756
142	32	1.16191
142	35	0.882823
142	53	1.11022
142	54	1.101
142	73	0.675498
142	76	1.10299
142	80	1.17736
142	95	1.10648
142	108	1.1357
142	116	0.587771
142	117	1.1853
142	119	1.064
142	125	1.15298
142	138	0.676138
142	143	1.1775
142	150	1.14303
142	154	1.17555
142	156	1.14961
142	158	0.710482
142	161	1.17719
142	163	0.66026
142	164	0.602906
142	165	0.612885
142	166	1.18436
142	169	1.06772
142	170	0.59898
142	171	1.17146
142	173	1.16971
142	176	1.19334
142	179	1.18157
142	180	0.593973
143	8	1.20409
143	10	1.22485
143	11	1.06959
143	54	1.08953
143	69	1.0585
143	72	1.12843
143	76	1.09152
143	93	1.1244
143	94	1.13129
143	101	0.698943
143	112	1.1976
143	117	1.17384
143	125	1.14151
143	126	1.14024
143	128	0.684989
143	130	0.594667
143	135	0.704355
143	137	0.652714
143	142	1.1775
143	156	1.13815
143	157	0.969249
143	162	0.688636
143	165	0.699025
143	166	1.1729
143	168	0.712472
143	169	1.05626
143	170	0.68512
143	171	1.15999
143	172	1.06934
143	173	1.15824
143	174	1.17101
143	176	1.18187
143	179	1.1701
143	180	0.680114
144	24	1.15467
144	50	1.11249
144	58	1.15743
144	67	1.12734
144	79	0.593928
144	83	1.15281
144	91	1.11934
144	95	0.762856
144	96	1.28131
144	99	1.17434
144	105	1.14511
144	116	1.1603
144	122	1.14337
144	124	1.12938
144	132	1.11066
144	140	0.655985
144	141	1.14943
144	148	0.666966
144	155	0.996701
144	156	0.728681
144	157	0.960542
144	158	1.14575
144	160	0.652408
144	161	0.662873
144	164	1.14924
144	168	1.15273
144	169	1.04755
144	170	1.16173
144	171	0.709308
144	176	0.677013
144	177	1.16388
144	178	1.15178
144	179	0.686968
144	180	1.15211
145	9	1.07551
145	12	1.21495
145	17	0.296369
145	19	0.573366
145	33	0.442371
145	34	0.414921
145	35	1.07806
145	42	0.514109
145	49	1.22111
145	55	0.430705
145	57	0.291173
145	68	0.642546
145	82	1.89745
145	85	0.275879
145	105	1.1652
145	109	1.14932
145	140	1.18268
145	149	1.22094
145	152	1.15522
145	153	1.20208
145	156	1.14953
145	159	1.19327
145	160	1.19442
145	162	1.1864
145	163	1.17121
145	165	1.17472
145	168	1.17282
145	171	1.17138
145	172	1.08073
145	173	1.16962
145	174	1.18239
145	177	1.18397
145	178	1.17187
145	179	1.18149
145	180	1.1722
146	1	1.07691
146	10	0.56766
146	47	1.14261
146	52	1.09547
146	58	1.1743
146	63	0.663688
146	67	1.14421
146	74	0.607827
146	77	0.634291
146	86	0.634591
146	93	0.664985
146	96	1.29819
146	97	1.1915
146	99	1.19121
146	105	1.16199
146	109	1.1461
146	114	0.596379
146	116	1.17717
146	122	1.16025
146	128	1.20935
146	130	1.19856
146	135	1.16154
146	139	1.24244
146	147	1.13268
146	150	0.669953
146	154	0.634011
146	158	1.16262
146	165	1.1715
146	166	0.67259
146	169	1.06442
146	170	1.1786
146	174	0.653242
146	177	1.18075
146	178	1.16865
146	180	1.16899
147	30	0.651409
147	56	1.19326
147	73	1.05673
147	84	1.13384
147	91	1.08653
147	96	1.2485
147	100	1.14143
147	103	0.664296
147	105	1.1123
147	107	1.11865
147	108	0.745894
147	109	1.09642
147	112	0.645284
147	116	1.12748
147	120	1.11653
147	124	1.09656
147	128	1.15966
147	129	0.830393
147	130	1.14888
147	132	1.07785
147	135	1.11185
147	136	0.674923
147	137	1.13169
147	138	1.09505
147	146	1.13268
147	153	0.669971
147	162	0.655454
147	164	1.11643
147	166	0.747988
147	167	0.997515
147	175	1.13084
147	177	1.13106
147	178	1.11896
147	179	0.713494
147	180	1.1193
148	4	1.06088
148	8	0.62846
148	20	1.15377
148	25	1.17758
148	26	1.14631
148	44	1.13161
148	63	1.15166
148	65	1.13415
148	72	0.719939
148	74	0.653552
148	89	1.22027
148	99	0.607852
148	100	0.641746
148	102	1.178
148	103	1.19645
148	109	0.681338
148	110	1.12398
148	111	1.10628
148	113	1.1153
148	114	1.18638
148	119	1.04742
148	129	1.14409
148	133	1.16127
148	136	1.15896
148	141	0.747937
148	144	0.666966
148	149	1.20445
148	152	1.13873
148	160	1.17793
148	161	0.659725
148	162	1.16991
148	167	1.03393
148	169	1.05115
148	170	1.16532
148	172	1.06424
148	175	0.708858
148	179	0.683821
149	20	1.2024
149	23	0.853079
149	25	1.2262
149	35	1.11019
149	44	1.18024
149	79	1.20981
149	88	1.18782
149	98	1.25107
149	110	1.17261
149	111	1.15491
149	113	1.16393
149	114	1.235
149	127	0.511883
149	129	1.19272
149	132	0.628288
149	133	1.2099
149	135	0.56088
149	136	1.20759
149	141	0.667318
149	145	1.22094
149	148	1.20445
149	152	1.18735
149	154	0.599117
149	157	1.01277
149	159	1.22541
149	160	1.22655
149	162	1.21853
149	163	1.20335
149	164	0.545572
149	167	1.08255
149	169	1.09977
149	170	1.21395
149	173	0.614016
149	175	0.628239
149	176	0.593247
149	177	0.59554
149	179	0.603202
150	20	1.12441
150	33	1.13322
150	34	1.14119
150	45	1.09796
150	47	0.712745
150	55	1.06375
150	59	0.683884
150	68	1.10593
150	70	1.22375
150	79	1.13182
150	82	1.05668
150	85	1.15251
150	94	1.09682
150	98	1.17308
150	101	0.687947
150	104	1.14088
150	107	0.65875
150	127	0.644362
150	133	1.13191
150	135	0.693359
150	136	1.1296
150	138	0.751283
150	142	1.14303
150	146	0.669953
150	156	1.10368
150	159	1.14742
150	161	1.13125
150	162	1.14055
150	163	1.12536
150	166	1.13843
150	168	0.701476
150	170	1.13596
150	172	1.03487
150	173	1.12377
150	174	1.13654
150	177	0.728018
150	179	1.13563
150	180	0.669118
151	1	0.7817
151	18	1.09395
151	27	1.19263
151	43	1.16541
151	64	1.1712
151	69	1.08877
151	78	1.22012
151	81	1.13211
151	83	0.626557
151	92	1.25325
151	93	1.15468
151	100	0.610718
151	105	0.608336
151	106	1.20154
151	118	1.20436
151	121	1.18441
151	126	1.17052
151	128	0.591105
151	129	0.769692
151	132	0.677878
151	137	0.55883
151	139	0.538099
151	152	0.641378
151	153	1.22098
151	154	1.19436
151	155	1.03568
151	156	1.16842
151	161	1.196
151	166	1.20317
151	167	1.06931
151	169	1.08653
151	170	0.591236
151	171	1.19027
151	173	1.18852
151	174	1.20128
151	176	1.21215
151	178	0.604834
151	179	1.20038
152	1	0.821316
152	4	1.04378
152	6	1.04887
152	10	1.20265
152	14	1.0597
152	20	1.13668
152	24	0.614452
152	26	1.12922
152	44	1.11452
152	65	1.11706
152	72	0.728527
152	79	1.14409
152	86	1.14338
152	88	1.1221
152	98	1.18535
152	102	1.16091
152	110	1.10689
152	111	1.08919
152	122	0.665193
152	124	0.668244
152	129	1.127
152	133	1.14418
152	137	1.15101
152	145	1.15522
152	148	1.13873
152	149	1.18735
152	151	0.641378
152	159	1.15968
152	160	1.16083
152	162	1.15281
152	163	1.13763
152	166	0.726902
152	168	0.658204
152	169	1.03405
152	171	0.714749
152	172	1.04714
152	175	0.717445
152	178	0.64445
153	9	1.08879
153	18	1.08833
153	22	1.18182
153	47	0.637365
153	53	1.12342
153	61	1.08951
153	64	1.16558
153	65	0.65838
153	76	1.11618
153	80	1.19056
153	81	1.12649
153	90	1.16655
153	92	1.24764
153	93	1.14907
153	95	1.11968
153	112	1.22227
153	113	0.704161
153	115	0.695681
153	137	0.566338
153	138	0.675903
153	139	0.545606
153	145	1.20208
153	147	0.669971
153	151	1.22098
153	154	1.18875
153	156	1.16281
153	161	1.19038
153	162	0.60226
153	166	1.19756
153	170	0.598744
153	171	1.18466
153	173	1.1829
153	174	1.19567
153	175	1.19702
153	176	1.20653
153	177	0.652638
153	179	1.19476
153	180	0.593738
154	8	1.20214
154	18	1.06172
154	22	1.15521
154	27	1.1604
154	37	1.16627
154	43	1.13318
154	50	0.716168
154	51	0.719579
154	69	1.05655
154	76	1.08957
154	80	1.16394
154	83	0.673503
154	90	1.13993
154	91	0.68315
154	95	1.09307
154	99	0.623769
154	104	1.1734
154	115	0.735119
154	117	1.17188
154	119	1.05058
154	121	1.15218
154	124	0.675574
154	140	1.16934
154	142	1.17555
154	146	0.634011
154	149	0.599117
154	151	1.19436
154	153	1.18875
154	161	1.16377
154	162	0.641698
154	166	1.17094
154	168	0.665534
154	169	1.0543
154	171	1.15804
154	172	1.06739
154	174	1.16905
154	175	1.17041
154	176	1.17992
154	179	1.16815
154	180	0.633176
155	15	0.991617
155	17	0.929919
155	19	1.20692
155	24	1.00275
155	25	1.02205
155	45	0.7864
155	46	0.913985
155	48	0.997201
155	56	1.07415
155	57	0.924723
155	70	0.845061
155	71	1.40138
155	78	1.02921
155	84	1.01473
155	94	0.970665
155	96	1.12939
155	102	1.02248
155	103	1.04093
155	109	0.977309
155	114	1.03086
155	118	1.01346
155	119	0.891902
155	129	0.988573
155	138	0.975936
155	144	0.996701
155	151	1.03568
155	159	1.02126
155	160	1.02241
155	161	1.00509
155	162	1.01439
155	163	0.999198
155	167	0.878405
155	169	0.895626
155	170	1.0098
155	171	0.999363
155	172	0.908715
155	174	1.01038
155	175	1.01173
155	179	1.00947
155	180	1.00019
156	11	1.0417
156	27	1.13446
156	29	0.620246
156	37	1.14033
156	44	0.72616
156	47	0.722601
156	56	0.771611
156	60	1.16621
156	61	1.03696
156	64	1.11303
156	76	1.06363
156	78	1.16195
156	90	1.11399
156	94	1.1034
156	105	0.70108
156	112	1.16971
156	114	0.703819
156	116	0.672771
156	117	1.14595
156	118	1.1462
156	120	0.679649
156	126	1.11235
156	142	1.14961
156	143	1.13815
156	144	0.728681
156	145	1.14953
156	150	1.10368
156	151	1.16842
156	153	1.16281
156	161	1.13783
156	165	0.697885
156	166	1.14501
156	167	1.01114
156	169	1.02836
156	172	1.04145
156	173	1.13035
156	174	1.14312
156	175	1.14447
156	176	1.15398
156	178	0.697578
156	179	1.14221
156	180	0.678974
157	3	0.903655
157	13	1.22443
157	28	0.776229
157	31	1.13161
157	35	0.869884
157	40	1.12229
157	45	1.13561
157	60	0.997313
157	66	1.33315
157	70	1.19427
157	84	0.978568
157	85	1.25864
157	92	1.02619
157	98	1.01076
157	100	0.986164
157	103	1.00477
157	104	0.978561
157	112	1.00082
157	114	0.994698
157	127	1.0029
157	134	0.972647
157	140	0.974508
157	143	0.969249
157	144	0.960542
157	149	1.01277
157	158	0.957666
157	159	0.985099
157	160	0.986246
157	162	0.978228
157	163	0.963039
157	164	0.961161
157	166	0.976108
157	167	0.842246
157	168	0.96465
157	169	0.859467
157	170	0.973644
157	172	0.872557
157	173	0.961451
157	176	0.985081
157	177	0.975796
157	179	0.973313
157	180	0.964032
158	38	1.15923
158	41	1.12417
158	48	1.14625
158	49	0.0165829
158	54	0.798998
158	58	1.15455
158	67	1.12446
158	73	1.08667
158	75	1.16011
158	83	1.14994
158	88	0.710725
158	91	1.11647
158	93	0.780658
158	97	1.17175
158	109	1.12636
158	112	0.685559
158	116	1.15742
158	117	0.729374
158	120	1.14647
158	127	1.1881
158	128	1.1896
158	130	1.17881
158	131	1.12662
158	132	1.10778
158	133	0.64994
158	135	1.14179
158	136	0.715199
158	142	0.710482
158	144	1.14575
158	146	1.16262
158	157	0.957666
158	161	0.729674
158	163	0.753494
158	164	1.14637
158	168	1.14985
158	169	1.04467
158	170	1.15885
158	172	1.05776
158	173	0.764583
158	175	1.16078
158	177	1.161
158	178	1.1489
158	179	0.75377
158	180	1.14924
159	4	1.08183
159	5	0.832876
159	21	0.633099
159	25	1.19853
159	35	1.08252
159	39	0.662942
159	50	0.683027
159	65	1.15511
159	72	0.702715
159	75	0.739722
159	79	1.18214
159	86	1.18143
159	88	1.16015
159	91	0.650009
159	95	0.742484
159	96	0.507362
159	98	1.2234
159	102	1.19896
159	103	1.2174
159	110	1.14494
159	111	1.12724
159	113	1.13626
159	114	1.20734
159	116	0.593832
159	119	1.06838
159	120	0.600709
159	133	1.18223
159	136	1.17992
159	137	1.18906
159	139	0.551903
159	140	1.18715
159	145	1.19327
159	149	1.22541
159	150	1.14742
159	152	1.15968
159	155	1.02126
159	157	0.985099
159	160	1.19888
159	162	1.19087
159	163	1.17568
159	164	0.608966
159	167	1.05488
159	169	1.0721
159	170	1.18628
159	172	1.08519
159	175	0.691633
160	4	1.08298
160	6	1.08807
160	14	1.0989
160	25	1.19968
160	26	1.16842
160	28	0.990015
160	30	1.19715
160	52	0.752002
160	65	1.15625
160	75	0.742388
160	79	1.18329
160	83	0.643028
160	84	0.664517
160	86	1.18258
160	88	1.16129
160	89	1.24238
160	98	1.22455
160	100	0.627188
160	102	1.20011
160	110	1.14609
160	111	1.12839
160	113	1.13741
160	114	1.20848
160	126	0.732635
160	127	0.577944
160	129	1.1662
160	130	0.517254
160	131	0.655548
160	133	1.18337
160	136	1.18106
160	137	1.1902
160	139	0.554569
160	144	0.652408
160	145	1.19442
160	148	1.17793
160	149	1.22655
160	152	1.16083
160	155	1.02241
160	157	0.986246
160	159	1.19888
160	161	0.645167
160	162	1.19201
160	163	1.17682
160	169	1.07325
160	170	1.18743
160	172	1.08634
160	173	0.680077
160	175	0.6943
160	177	0.6616
161	16	1.08221
161	21	1.15873
161	22	1.15684
161	32	1.15013
161	41	0.672328
161	43	1.13481
161	51	0.699569
161	60	1.19379
161	74	1.2035
161	75	1.17137
161	78	1.18952
161	80	1.16558
161	81	1.10151
161	93	1.12409
161	94	1.13098
161	95	1.0947
161	104	1.17503
161	106	1.17095
161	108	1.12392
161	109	0.677245
161	115	0.715109
161	118	1.17377
161	121	1.15381
161	126	1.13992
161	128	0.61804
161	134	0.727097
161	139	0.565034
161	142	1.17719
161	144	0.662873
161	148	0.659725
161	150	1.13125
161	151	1.196
161	153	1.19038
161	154	1.16377
161	155	1.00509
161	156	1.13783
161	158	0.729674
161	160	0.645167
161	163	0.679452
161	167	1.03872
161	168	0.645523
161	169	1.05594
161	171	1.15968
161	172	1.06903
161	173	1.15792
161	174	1.17069
161	176	1.18155
161	177	0.672065
161	178	0.631769
161	179	1.16979
162	4	1.07496
162	6	1.08005
162	14	1.09088
162	20	1.16786
162	23	0.89566
162	26	1.1604
162	28	0.981996
162	30	1.18913
162	44	1.1457
162	64	0.662633
162	65	1.14824
162	78	0.641658
162	79	1.17527
162	86	1.17456
162	89	1.23436
162	90	0.694808
162	98	1.21653
162	103	1.21053
162	110	1.13807
162	111	1.12037
162	114	1.20046
162	119	1.06151
162	120	0.579896
162	121	0.675853
162	133	1.17536
162	136	1.17305
162	137	1.18219
162	140	1.18027
162	141	0.709899
162	143	0.688636
162	145	1.1864
162	147	0.655454
162	148	1.16991
162	149	1.21853
162	150	1.14055
162	152	1.15281
162	153	0.60226
162	154	0.641698
162	155	1.01439
162	157	0.978228
162	159	1.19087
162	160	1.19201
162	163	1.16881
162	167	1.04801
162	170	1.17941
162	172	1.07832
162	175	0.67082
162	177	0.638121
162	178	0.597825
162	179	0.645783
163	3	1.09423
163	4	1.05977
163	6	1.06486
163	14	1.07569
163	20	1.15267
163	25	1.17647
163	26	1.14521
163	27	0.705374
163	30	1.17395
163	58	0.628278
163	63	1.15056
163	65	1.13305
163	79	1.16008
163	86	1.15937
163	87	0.638954
163	88	1.13809
163	89	1.21917
163	97	0.625922
163	102	1.1769
163	103	1.19534
163	110	1.12288
163	111	1.10518
163	113	1.1142
163	114	1.18528
163	115	0.738929
163	127	0.612229
163	128	0.641861
163	129	1.14299
163	133	1.16017
163	136	1.15786
163	137	1.167
163	140	1.16509
163	142	0.66026
163	145	1.17121
163	149	1.20335
163	150	1.12536
163	152	1.13763
163	155	0.999198
163	157	0.963039
163	158	0.753494
163	159	1.17568
163	160	1.17682
163	161	0.679452
163	162	1.16881
163	167	1.03282
163	168	0.669343
163	169	1.05005
163	174	0.718695
163	175	0.728585
163	177	0.695885
163	179	0.703548
164	4	0.76368
164	12	1.19548
164	21	0.612695
164	29	1.17279
164	35	0.86848
164	41	1.12767
164	51	1.10932
164	53	0.751895
164	58	1.15805
164	59	1.1608
164	69	0.878162
164	77	0.642389
164	79	0.553152
164	83	1.15343
164	84	1.16727
164	91	1.11996
164	97	1.17524
164	99	1.17496
164	100	1.17486
164	101	1.16127
164	105	1.14573
164	106	0.609598
164	107	1.15208
164	109	1.12985
164	115	1.17165
164	116	1.16091
164	117	0.621797
164	118	0.635049
164	123	1.13284
164	124	1.12999
164	130	1.18231
164	132	1.11128
164	134	1.16135
164	135	1.14529
164	136	0.607622
164	138	1.12848
164	139	1.22618
164	142	0.602906
164	144	1.14924
164	147	1.11643
164	149	0.545572
164	157	0.961161
164	158	1.14637
164	159	0.608966
164	168	1.15335
164	169	1.04817
164	170	1.16234
164	174	0.66134
164	175	1.16427
164	176	0.636238
164	177	1.1645
164	178	1.1524
164	180	1.15273
165	1	1.06604
165	5	1.06098
165	8	0.600811
165	12	1.20086
165	16	0.815836
165	38	1.16811
165	51	1.11471
165	58	1.16344
165	59	1.16619
165	63	0.681765
165	65	0.654251
165	67	1.13334
165	75	1.16899
165	84	1.17266
165	87	1.13759
165	88	0.613127
165	91	1.12535
165	96	1.28732
165	97	1.18063
165	99	1.18035
165	101	1.16666
165	104	0.654974
165	105	1.15112
165	106	0.619577
165	107	1.15747
165	109	1.13524
165	112	0.587962
165	114	0.614455
165	115	1.17704
165	116	1.1663
165	119	1.04983
165	121	0.686242
165	122	1.14938
165	123	1.13823
165	124	1.13538
165	128	1.19848
165	131	1.1355
165	132	1.11667
165	134	1.16674
165	135	1.15068
165	142	0.612885
165	143	0.699025
165	145	1.17472
165	146	1.1715
165	156	0.697885
165	166	0.690666
165	168	1.15874
165	169	1.05356
165	170	1.16773
165	172	1.06665
165	173	0.666986
165	176	0.646217
165	177	1.16989
165	178	1.15778
165	179	0.656172
165	180	1.15812
166	9	1.07099
166	11	1.07645
166	20	0.656062
166	21	1.16591
166	27	1.16921
166	32	1.1573
166	40	0.0470634
166	43	1.14199
166	54	1.09639
166	56	0.764391
166	58	0.663048
166	60	1.20096
166	61	1.07171
166	65	0.736397
166	72	1.13529
166	76	1.09838
166	77	1.1927
166	80	1.17275
166	81	1.10869
166	89	0.599977
166	90	1.14874
166	92	1.22984
166	93	1.13126
166	95	1.10188
166	96	0.579083
166	104	1.18221
166	108	1.13109
166	112	1.20446
166	114	0.6966
166	116	0.665552
166	117	1.1807
166	118	1.18095
166	121	1.16099
166	123	0.71636
166	125	1.14837
166	126	1.1471
166	129	0.855216
166	140	1.17816
166	141	1.16499
166	142	1.18436
166	143	1.1729
166	146	0.67259
166	147	0.747988
166	150	1.13843
166	151	1.20317
166	152	0.726902
166	153	1.19756
166	154	1.17094
166	156	1.14501
166	157	0.976108
166	165	0.690666
166	167	1.04589
166	168	0.704113
166	169	1.06311
166	170	0.676761
166	171	1.16685
166	172	1.0762
166	173	1.1651
166	175	1.17922
166	176	1.18873
166	177	0.730655
166	179	1.17696
166	180	0.671755
167	2	1.0205
167	7	1.09695
167	13	0.812706
167	14	0.9549
167	15	0.929099
167	17	0.867401
167	28	0.846015
167	34	0.985953
167	40	0.71057
167	45	0.723883
167	46	0.851467
167	47	1.00744
167	56	1.10777
167	62	0.995097
167	66	0.92143
167	68	1.21358
167	69	0.931494
167	70	0.782544
167	71	1.33886
167	72	1.00142
167	85	0.846911
167	89	1.09838
167	93	0.9974
167	94	1.00429
167	102	1.05611
167	103	1.07455
167	104	1.04835
167	107	1.03316
167	109	1.01094
167	110	1.00209
167	113	0.993409
167	114	1.06448
167	115	1.05273
167	117	1.04683
167	121	1.02713
167	122	1.02508
167	128	1.07418
167	129	1.0222
167	131	1.0112
167	132	0.992365
167	136	1.03706
167	138	1.00956
167	147	0.997515
167	148	1.03393
167	149	1.08255
167	151	1.06931
167	155	0.878405
167	156	1.01114
167	157	0.842246
167	159	1.05488
167	161	1.03872
167	162	1.04801
167	163	1.03282
167	166	1.04589
167	168	1.03444
167	169	0.929253
167	170	1.04343
167	171	1.03299
167	172	0.942342
167	174	1.044
167	175	1.04536
167	176	1.05487
167	178	1.03348
167	179	1.0431
167	180	1.03382
168	1	1.06414
168	5	1.05908
168	21	0.636121
168	22	0.679919
168	25	0.635493
168	29	1.17627
168	36	1.14454
168	41	1.13116
168	47	1.12984
168	48	1.15323
168	50	1.1166
168	52	1.08271
168	56	1.23018
168	58	1.16154
168	59	1.16429
168	60	0.679554
168	67	1.13144
168	72	1.12383
168	73	1.09365
168	79	0.576578
168	87	1.13569
168	94	0.741132
168	97	1.17873
168	99	1.17845
168	100	1.17835
168	101	1.16476
168	105	1.14922
168	107	1.15557
168	108	0.702019
168	109	1.13334
168	112	0.601408
168	117	0.645223
168	118	0.658475
168	120	1.15346
168	122	1.14748
168	123	1.13633
168	125	0.721893
168	127	1.19509
168	128	1.19658
168	130	1.1858
168	131	1.1336
168	132	1.11477
168	134	1.16484
168	135	1.14877
168	137	1.16861
168	138	1.13197
168	143	0.712472
168	144	1.15273
168	145	1.17282
168	150	0.701476
168	152	0.658204
168	154	0.665534
168	157	0.96465
168	158	1.14985
168	161	0.645523
168	163	0.669343
168	164	1.15335
168	165	1.15874
168	166	0.704113
168	167	1.03444
168	169	1.05166
168	173	0.680433
168	174	0.684765
168	175	1.16776
168	177	1.16798
168	178	1.15588
168	180	1.15622
169	2	0.802547
169	30	1.07037
169	31	0.501931
169	33	0.795449
169	34	0.767999
169	40	0.492616
169	42	0.867187
169	46	0.633513
169	48	1.04805
169	49	1.57418
169	57	0.644251
169	59	1.05911
169	62	0.777143
169	66	0.703476
169	68	0.995624
169	70	0.56459
169	81	0.992047
169	82	2.25053
169	85	0.628957
169	86	1.0558
169	90	1.0321
169	92	1.1132
169	103	1.09177
169	107	1.05038
169	108	1.01445
169	114	1.0817
169	119	0.942749
169	125	1.03173
169	126	1.03046
169	127	1.0899
169	129	1.03942
169	131	1.02842
169	132	1.00959
169	133	1.0566
169	136	1.05429
169	138	1.02678
169	142	1.06772
169	143	1.05626
169	144	1.04755
169	146	1.06442
169	148	1.05115
169	149	1.09977
169	151	1.08653
169	152	1.03405
169	154	1.0543
169	155	0.895626
169	156	1.02836
169	157	0.859467
169	158	1.04467
169	159	1.0721
169	160	1.07325
169	161	1.05594
169	163	1.05005
169	164	1.04817
169	165	1.05356
169	166	1.06311
169	167	0.929253
169	168	1.05166
169	172	0.959563
169	173	1.04846
169	174	1.06122
169	177	1.0628
169	178	1.0507
169	179	1.06032
169	180	1.05104
170	6	1.07546
170	7	0.521544
170	9	0.810747
170	10	1.22925
170	13	1.07307
170	20	1.16327
170	22	0.652567
170	26	1.15582
170	27	0.644093
170	31	1.22712
170	33	1.17209
170	34	1.18006
170	35	1.07107
170	36	1.15354
170	43	0.681052
170	45	1.13682
170	47	1.13884
170	53	0.747969
170	55	1.10262
170	68	1.1448
170	70	1.26262
170	74	1.20821
170	76	0.744206
170	82	1.09555
170	84	1.17975
170	85	1.19138
170	87	1.14469
170	88	1.14869
170	89	1.22977
170	103	1.20595
170	108	0.674667
170	111	1.11579
170	116	1.1734
170	117	0.617872
170	118	0.631123
170	119	1.05693
170	120	1.16245
170	121	0.672337
170	122	1.15648
170	133	1.17077
170	136	1.16846
170	142	0.59898
170	143	0.68512
170	144	1.16173
170	146	1.1786
170	148	1.16532
170	149	1.21395
170	150	1.13596
170	151	0.591236
170	153	0.598744
170	155	1.0098
170	157	0.973644
170	158	1.15885
170	159	1.18628
170	160	1.18743
170	162	1.17941
170	164	1.16234
170	165	1.16773
170	166	0.676761
170	167	1.04343
170	171	0.664607
170	172	1.07374
170	173	0.653081
170	174	0.657414
170	176	0.632312
170	177	1.17698
170	178	1.16488
170	179	0.642267
170	180	1.16522
171	7	1.2179
171	8	1.19805
171	12	0.610048
171	16	1.07648
171	18	1.05762
171	21	1.153
171	22	1.15111
171	23	1.04017
171	27	1.15631
171	28	0.966972
171	37	1.16218
171	43	1.12909
171	48	0.719978
171	54	1.08348
171	60	1.18806
171	61	1.0588
171	64	1.13488
171	69	1.05245
171	76	1.08547
171	77	1.1798
171	78	1.1838
171	80	1.15985
171	90	1.13584
171	91	0.709576
171	92	1.21693
171	93	1.11836
171	94	1.12525
171	95	1.08897
171	96	0.566929
171	97	0.648537
171	100	0.684089
171	103	0.676966
171	104	1.1693
171	106	1.16522
171	108	1.11819
171	112	1.19156
171	115	0.761545
171	117	1.16779
171	118	1.16804
171	121	1.14808
171	122	0.698948
171	123	0.704207
171	124	0.701999
171	125	1.13547
171	126	1.1342
171	127	0.634844
171	133	0.622334
171	135	0.683842
171	137	0.632201
171	142	1.17146
171	143	1.15999
171	144	0.709308
171	145	1.17138
171	151	1.19027
171	152	0.714749
171	153	1.18466
171	154	1.15804
171	155	0.999363
171	161	1.15968
171	166	1.16685
171	167	1.03299
171	170	0.664607
171	172	1.0633
171	173	1.15219
171	174	1.16496
171	175	1.16632
171	176	1.17582
171	177	0.718501
171	178	0.678205
171	179	1.16406
171	180	0.659601
172	2	0.929248
172	10	1.12816
172	13	0.721453
172	15	0.837846
172	17	0.776148
172	19	1.05315
172	31	0.628631
172	33	0.92215
172	34	0.8947
172	40	0.619317
172	44	1.04003
172	45	0.63263
172	52	0.990614
172	55	0.910484
172	57	0.770952
172	62	0.903844
172	66	0.830177
172	68	1.12232
172	70	0.691291
172	77	1.08915
172	85	0.755658
172	86	1.06889
172	88	1.0476
172	89	1.12869
172	96	1.19333
172	98	1.11086
172	99	1.08636
172	101	1.07267
172	102	1.08642
172	106	1.07458
172	108	1.02754
172	109	1.04125
172	112	1.10091
172	114	1.09479
172	116	1.07231
172	119	0.955839
172	123	1.04424
172	124	1.04139
172	125	1.04482
172	129	1.05251
172	135	1.05668
172	136	1.06737
172	138	1.03987
172	143	1.06934
172	145	1.08073
172	148	1.06424
172	150	1.03487
172	152	1.04714
172	154	1.06739
172	155	0.908715
172	156	1.04145
172	157	0.872557
172	158	1.05776
172	159	1.08519
172	160	1.08634
172	161	1.06903
172	162	1.07832
172	165	1.06665
172	166	1.0762
172	167	0.942342
172	169	0.959563
172	170	1.07374
172	171	1.0633
172	173	1.06155
172	174	1.07431
172	176	1.08518
172	177	1.07589
172	178	1.06379
172	179	1.07341
172	180	1.06413
173	8	1.19629
173	10	1.21705
173	16	1.07473
173	18	1.05587
173	27	1.15455
173	29	0.589347
173	32	1.14265
173	37	1.16042
173	39	1.16869
173	53	1.09096
173	54	1.08173
173	59	0.662841
173	60	1.1863
173	61	1.05705
173	64	1.13312
173	67	0.695804
173	69	1.0507
173	74	1.19602
173	75	1.16389
173	76	1.08372
173	77	1.17804
173	80	1.1581
173	81	1.09403
173	87	0.650043
173	90	1.13409
173	91	0.698049
173	92	1.21518
173	93	1.1166
173	94	1.1235
173	95	1.08722
173	101	0.666903
173	104	1.16755
173	106	1.16347
173	107	0.637707
173	108	1.11643
173	110	0.719167
173	112	1.18981
173	116	0.641872
173	117	1.16604
173	118	1.16629
173	120	0.64875
173	121	1.14633
173	122	0.687422
173	125	1.13371
173	126	1.13244
173	132	0.739723
173	138	0.73024
173	139	0.599943
173	140	1.1635
173	142	1.16971
173	143	1.15824
173	145	1.16962
173	149	0.614016
173	150	1.12377
173	151	1.18852
173	153	1.1829
173	156	1.13035
173	157	0.961451
173	158	0.764583
173	160	0.680077
173	161	1.15792
173	165	0.666986
173	166	1.1651
173	168	0.680433
173	169	1.04846
173	170	0.653081
173	171	1.15219
173	172	1.06155
173	174	1.16321
173	175	1.16456
173	176	1.17407
173	177	0.706975
173	178	0.666679
173	179	1.1623
174	7	1.22892
174	8	1.20906
174	9	1.0691
174	11	1.07456
174	14	0.82162
174	16	1.0875
174	20	0.636715
174	21	1.16402
174	32	1.15541
174	37	1.17319
174	43	1.1401
174	52	0.801709
174	53	1.10373
174	60	1.19907
174	61	1.06982
174	62	0.0177685
174	63	1.16174
174	64	1.14589
174	67	0.700137
174	69	1.06347
174	73	0.733932
174	75	1.17666
174	77	1.19081
174	78	1.19481
174	80	1.17086
174	81	1.1068
174	86	0.715465
174	87	0.654376
174	89	0.58063
174	92	1.22795
174	93	1.12937
174	94	1.13626
174	95	1.09999
174	96	0.559736
174	104	1.18032
174	106	1.17624
174	108	1.1292
174	111	0.754254
174	112	1.20257
174	117	1.17881
174	118	1.17906
174	119	1.0575
174	121	1.1591
174	123	0.697013
174	125	1.14648
174	126	1.14521
174	131	0.705255
174	132	0.744056
174	138	0.734573
174	139	0.604276
174	140	1.17627
174	141	1.1631
174	143	1.17101
174	145	1.18239
174	146	0.653242
174	150	1.13654
174	151	1.20128
174	153	1.19567
174	154	1.16905
174	155	1.01038
174	156	1.14312
174	161	1.17069
174	163	0.718695
174	164	0.66134
174	167	1.044
174	168	0.684765
174	169	1.06122
174	170	0.657414
174	171	1.16496
174	172	1.07431
174	173	1.16321
174	175	1.17733
174	176	1.18684
174	177	0.711307
174	179	1.17507
174	180	0.652407
175	6	0.818202
175	7	1.23027
175	11	1.07592
175	19	0.0362452
175	26	0.688361
175	35	1.073
175	38	1.17714
175	40	1.3888
175	44	0.709484
175	46	1.13376
175	49	1.19028
175	50	1.12752
175	57	1.23376
175	62	1.12363
175	63	1.16309
175	65	0.72694
175	66	1.14542
175	68	0.00765241
175	71	1.12363
175	74	1.21014
175	81	1.10815
175	89	0.59052
175	90	1.14821
175	92	1.2293
175	96	1.29634
175	98	0.660989
175	102	0.659636
175	103	0.679663
175	108	1.13056
175	110	0.73339
175	111	0.764144
175	112	1.20393
175	113	0.772721
175	114	0.687143
175	116	1.17533
175	117	1.18016
175	120	1.16438
175	121	1.16045
175	128	1.20751
175	130	1.19672
175	131	1.14452
175	132	1.12569
175	133	0.625031
175	137	1.17953
175	138	1.14289
175	139	1.24059
175	147	1.13084
175	148	0.708858
175	149	0.628239
175	152	0.717445
175	153	1.19702
175	154	1.17041
175	155	1.01173
175	156	1.14447
175	158	1.16078
175	159	0.691633
175	160	0.6943
175	162	0.67082
175	163	0.728585
175	164	1.16427
175	166	1.17922
175	167	1.04536
175	168	1.16776
175	171	1.16632
175	173	1.16456
175	174	1.17733
175	177	1.17891
175	178	1.16681
175	179	1.17643
175	180	1.16714
176	3	1.11627
176	7	1.23978
176	8	1.21992
176	9	1.07996
176	11	1.08543
176	12	0.577753
176	18	1.0795
176	21	1.17488
176	22	1.17299
176	27	1.17818
176	32	1.16628
176	37	1.18405
176	41	0.686468
176	43	1.15096
176	53	1.11459
176	54	1.10536
176	56	0.719943
176	59	0.642072
176	61	1.08068
176	63	1.1726
176	64	1.15675
176	67	0.675036
176	69	1.07433
176	74	1.21965
176	75	1.18752
176	76	1.10735
176	77	1.20167
176	78	1.20567
176	80	1.18173
176	81	1.11766
176	84	0.689123
176	86	0.690364
176	92	1.23881
176	93	1.14023
176	94	1.14713
176	95	1.11085
176	97	0.616242
176	99	0.617899
176	102	0.624644
176	105	0.649412
176	106	1.1871
176	108	1.14006
176	110	0.698399
176	112	1.21344
176	118	1.18992
176	119	1.06836
176	121	1.16996
176	122	0.666653
176	123	0.671912
176	124	0.669704
176	125	1.15734
176	126	1.15607
176	128	0.632181
176	133	0.590039
176	135	0.651546
176	140	1.18713
176	141	1.17396
176	142	1.19334
176	143	1.18187
176	144	0.677013
176	149	0.593247
176	151	1.21215
176	153	1.20653
176	154	1.17992
176	156	1.15398
176	157	0.985081
176	161	1.18155
176	164	0.636238
176	165	0.646217
176	166	1.18873
176	167	1.05487
176	170	0.632312
176	171	1.17582
176	172	1.08518
176	173	1.17407
176	174	1.18684
176	178	0.64591
176	179	1.18593
177	1	1.07529
177	12	1.21011
177	24	1.16993
177	25	0.662035
177	28	0.979564
177	29	1.18742
177	32	0.641825
177	36	1.15569
177	41	1.14231
177	47	1.14099
177	50	1.12775
177	51	1.12395
177	52	1.09385
177	56	1.24132
177	58	1.17268
177	59	1.17544
177	64	0.713011
177	67	1.14259
177	70	0.0350918
177	72	1.13497
177	73	1.1048
177	75	1.17824
177	76	0.798099
177	80	0.660638
177	83	1.16807
177	84	1.1819
177	86	0.692656
177	87	1.14684
177	91	1.1346
177	97	1.18988
177	98	0.628289
177	99	1.1896
177	101	1.17591
177	103	0.646963
177	105	1.16037
177	106	0.659566
177	107	1.16671
177	108	0.728561
177	109	1.14449
177	115	1.18628
177	116	1.17555
177	117	0.671765
177	118	0.685017
177	119	1.05908
177	120	1.1646
177	122	1.15863
177	123	1.14747
177	127	1.20623
177	128	1.20773
177	130	1.19694
177	131	1.14475
177	132	1.12591
177	134	1.17598
177	138	1.14311
177	140	0.665177
177	141	1.16468
177	144	1.16388
177	145	1.18397
177	146	1.18075
177	147	1.13106
177	149	0.59554
177	150	0.728018
177	153	0.652638
177	157	0.975796
177	158	1.161
177	160	0.6616
177	161	0.672065
177	162	0.638121
177	163	0.695885
177	164	1.1645
177	165	1.16989
177	166	0.730655
177	168	1.16798
177	169	1.0628
177	170	1.17698
177	171	0.718501
177	172	1.07589
177	173	0.706975
177	174	0.711307
177	175	1.17891
177	178	1.16703
177	180	1.16737
178	1	1.06319
178	5	1.05812
178	8	0.600504
178	12	1.19801
178	16	0.815529
178	18	0.830115
178	26	0.615366
178	28	0.967463
178	29	1.17532
178	36	1.14359
178	38	1.16526
178	39	1.17094
178	41	1.1302
178	48	1.15228
178	50	1.11565
178	51	1.11185
178	52	1.08175
178	56	1.22922
178	58	1.16058
178	59	1.16333
178	73	1.0927
178	77	0.652061
178	78	0.65174
178	81	0.731547
178	83	1.15597
178	84	1.1698
178	87	1.13474
178	90	0.70489
178	91	1.1225
178	92	0.58269
178	94	0.727378
178	95	0.731752
178	96	1.28447
178	97	1.17778
178	100	1.1774
178	101	1.16381
178	102	0.586641
178	104	0.654667
178	105	1.14827
178	107	1.15461
178	109	1.13238
178	115	1.17418
178	116	1.16345
178	117	0.631469
178	122	1.14653
178	123	1.13537
178	124	1.13253
178	125	0.708139
178	128	1.19563
178	130	1.18484
178	131	1.13265
178	132	1.11381
178	133	0.552036
178	134	1.16388
178	135	1.14782
178	137	1.16765
178	138	1.13101
178	139	1.22872
178	141	1.15258
178	144	1.15178
178	145	1.17187
178	146	1.16865
178	147	1.11896
178	151	0.604834
178	152	0.64445
178	156	0.697578
178	158	1.1489
178	161	0.631769
178	162	0.597825
178	164	1.1524
178	165	1.15778
178	167	1.03348
178	168	1.15588
178	169	1.0507
178	170	1.16488
178	171	0.678205
178	172	1.06379
178	173	0.666679
178	175	1.16681
178	176	0.64591
178	177	1.16703
178	179	0.655865
178	180	1.15527
179	7	1.22801
179	8	1.20816
179	9	1.06819
179	18	1.06773
179	20	0.621568
179	21	1.16311
179	22	1.16122
179	23	1.05028
179	27	1.16642
179	28	0.977082
179	29	0.578533
179	32	1.15451
179	36	0.659097
179	37	1.17229
179	39	1.18055
179	53	1.10282
179	54	1.09359
179	56	0.729898
179	60	1.19817
179	61	1.06891
179	64	1.14499
179	69	1.06256
179	72	1.13249
179	73	0.718786
179	76	1.09558
179	77	1.18991
179	78	1.1939
179	80	1.16996
179	81	1.10589
179	84	0.699078
179	90	1.14595
179	92	1.22704
179	93	1.12847
179	94	1.13536
179	95	1.09908
179	103	0.654626
179	104	1.17941
179	106	1.17533
179	108	1.1283
179	109	0.701341
179	112	1.20167
179	113	0.747684
179	115	0.739204
179	117	1.1779
179	118	1.17815
179	119	1.0566
179	121	1.15819
179	123	0.681867
179	124	0.679659
179	125	1.14557
179	127	0.612504
179	128	0.642136
179	139	0.589129
179	141	1.1622
179	142	1.18157
179	143	1.1701
179	144	0.686968
179	145	1.18149
179	147	0.713494
179	148	0.683821
179	149	0.603202
179	150	1.13563
179	151	1.20038
179	153	1.19476
179	154	1.16815
179	155	1.00947
179	156	1.14221
179	157	0.973313
179	158	0.75377
179	161	1.16979
179	162	0.645783
179	163	0.703548
179	165	0.656172
179	166	1.17696
179	167	1.0431
179	169	1.06032
179	170	0.642267
179	171	1.16406
179	172	1.07341
179	173	1.1623
179	174	1.17507
179	175	1.17643
179	176	1.18593
179	178	0.655865
180	1	1.06352
180	3	1.09523
180	5	1.05846
180	10	0.566825
180	11	0.761732
180	12	1.19835
180	23	1.04099
180	24	1.15816
180	28	0.9678
180	29	1.17566
180	36	1.14393
180	38	1.1656
180	39	1.17127
180	41	1.13054
180	43	0.676045
180	44	0.617885
180	47	1.12923
180	48	1.15261
180	50	1.11598
180	51	1.11219
180	52	1.08209
180	56	1.22956
180	58	1.16092
180	59	1.16367
180	61	1.08585
180	64	0.654111
180	67	1.13083
180	69	0.86923
180	72	1.12321
180	73	1.09304
180	75	1.16647
180	76	0.739199
180	81	0.712943
180	83	1.1563
180	84	1.17014
180	86	0.633756
180	87	1.13508
180	91	1.12283
180	92	0.564086
180	93	0.66415
180	95	0.713148
180	96	1.2848
180	97	1.17811
180	98	0.569389
180	99	1.17783
180	100	1.17774
180	101	1.16414
180	104	0.636063
180	105	1.1486
180	107	1.15495
180	109	1.13272
180	112	0.56905
180	115	1.17452
180	116	1.16379
180	117	0.612865
180	119	1.04731
180	120	1.15284
180	121	0.66733
180	122	1.14686
180	123	1.13571
180	124	1.13286
180	126	0.700633
180	127	1.19447
180	128	1.19597
180	129	0.75416
180	130	1.18518
180	131	1.13298
180	132	1.11415
180	134	1.16422
180	135	1.14816
180	136	0.59869
180	137	1.16799
180	138	1.13135
180	139	1.22905
180	141	1.15291
180	142	0.593973
180	143	0.680114
180	144	1.15211
180	145	1.1722
180	146	1.16899
180	147	1.1193
180	150	0.669118
180	153	0.593738
180	154	0.633176
180	155	1.00019
180	156	0.678974
180	157	0.964032
180	158	1.14924
180	164	1.15273
180	165	1.15812
180	166	0.671755
180	167	1.03382
180	168	1.15622
180	169	1.05104
180	170	1.16522
180	171	0.659601
180	172	1.06413
180	174	0.652407
180	175	1.16714
180	177	1.16737
180	178	1.15527
