1	60	1.00246
1	83	1.02743
1	86	0.941653
1	92	0.225927
1	98	0.950671
1	100	1.05259
1	158	0.919699
1	174	0.916214
1	177	0.919947
1	178	0.928802
1	179	0.938912
1	180	0.948391
2	52	0.95913
2	55	0.951271
2	84	1.03684
2	88	0.952199
2	95	1.00505
2	102	0.931056
2	106	0.923442
2	108	0.975611
2	114	1.00779
2	126	1.67206
2	129	1.74373
2	152	0.865354
3	76	0.967676
3	89	0.943586
3	92	0.943468
3	94	0.991188
3	101	0.926737
3	111	0.9525
3	122	0.978334
3	133	0.984372
3	137	0.966225
3	138	0.964936
3	156	1.39805
3	171	2.14746
4	5	0.972581
4	15	1.07141
4	24	0.932452
4	28	0.94614
4	44	0.992732
4	47	0.99223
4	130	0.970783
4	142	0.914355
4	144	1.53514
4	145	0.967326
4	158	0.87577
4	167	1.84688
5	4	0.972581
5	15	1.09258
5	24	0.953627
5	28	0.967315
5	44	1.01391
5	47	1.0134
5	140	1.80414
5	142	0.93553
5	145	0.988501
5	155	1.55049
5	158	0.896945
6	41	0.987864
6	61	0.959047
6	63	1.02226
6	77	0.98228
6	80	0.968641
6	96	1.00122
6	98	0.886043
6	100	0.987966
6	132	0.948718
6	163	1.26698
6	166	2.24578
6	174	0.851585
7	31	0.991912
7	49	0.977742
7	53	0.957799
7	60	0.950649
7	70	1.00789
7	72	0.934781
7	73	0.991939
7	83	0.975619
7	131	1.18539
7	145	0.959446
7	158	0.86789
7	164	2.26134
8	23	1.12145
8	32	1.09696
8	37	1.0913
8	38	1.09123
8	45	1.06913
8	57	1.05846
8	124	1.01035
8	150	0.852335
8	153	1.18659
8	160	1.08081
8	169	0.994586
8	171	1.96713
9	63	0.507693
9	90	0.795598
9	166	0.958465
9	167	1.01379
9	170	0.96921
9	172	0.944189
9	175	0.963821
9	176	0.915918
9	177	0.947003
9	178	0.955857
9	179	0.965968
9	180	0.975447
10	34	0.979468
10	101	0.932279
10	111	0.958042
10	115	0.955622
10	117	0.994605
10	122	0.983876
10	133	0.989914
10	137	0.971767
10	138	0.970478
10	152	0.864702
10	168	2.1048
10	170	1.50581
11	114	0.683498
11	133	0.780451
11	170	0.972443
11	171	0.972822
11	172	0.947423
11	173	0.978083
11	175	0.967054
11	176	0.919151
11	177	0.950236
11	178	0.959091
11	179	0.969201
11	180	0.97868
12	23	1.00675
12	29	1.01844
12	37	0.976597
12	38	0.976526
12	45	0.954429
12	57	0.943764
12	124	0.895646
12	144	0.987178
12	148	2.09146
12	151	1.42254
12	160	0.966115
12	169	0.879887
13	58	1.06734
13	75	1.0044
13	103	0.950429
13	107	0.937697
13	109	0.991341
13	112	0.972073
13	118	0.962107
13	120	0.961138
13	125	1.66396
13	147	1.64019
13	169	0.89129
13	174	0.873697
14	61	0.978576
14	63	1.04179
14	77	1.00181
14	80	0.98817
14	85	0.983615
14	96	1.02075
14	98	0.905572
14	100	1.00749
14	130	1.09385
14	174	0.871114
14	177	2.22733
15	4	1.07141
15	5	1.09258
15	24	1.05245
15	28	1.06614
15	44	1.11273
15	47	1.11223
15	126	0.553591
15	142	1.03436
15	145	1.08733
15	158	0.995774
15	170	1.66421
15	178	1.84311
16	41	0.974531
16	54	0.934949
16	61	0.945713
16	63	1.00892
16	77	0.968946
16	80	0.955307
16	85	0.950753
16	96	0.987883
16	98	0.872709
16	100	0.974632
16	149	1.18716
16	174	0.838252
16	179	2.48523
17	19	0.970323
17	20	1.08138
17	33	0.967333
17	56	1.80519
17	84	1.12019
17	88	1.03554
17	95	1.08839
17	102	1.0144
17	106	1.00679
17	108	1.05896
17	114	1.09114
17	150	1.00626
17	153	1.34052
18	54	0.939623
18	61	0.950388
18	62	0.930247
18	63	1.0136
18	77	0.973621
18	80	0.959982
18	85	0.955427
18	96	0.992558
18	98	0.877384
18	100	0.979307
18	135	1.57863
18	161	1.98096
18	174	0.842926
19	17	0.970323
19	20	0.967362
19	51	0.907334
19	84	1.00617
19	88	0.921523
19	95	0.974374
19	102	0.90038
19	106	0.892766
19	108	0.944935
19	114	0.977117
19	143	0.964492
19	161	1.43681
19	173	2.1965
20	17	1.08138
20	19	0.967362
20	51	1.01839
20	56	1.39481
20	69	1.39884
20	84	1.11723
20	88	1.03258
20	102	1.01144
20	106	1.00382
20	108	1.05599
20	114	1.08818
20	160	1.03961
20	173	1.35422
21	63	0.744631
21	76	0.763626
21	131	1.05156
21	166	0.930817
21	167	0.986142
21	170	0.941562
21	171	0.94194
21	175	0.936173
21	176	0.88827
21	177	0.919355
21	178	0.928209
21	179	0.93832
21	180	0.947799
22	66	1.00762
22	76	1.06565
22	86	0.981011
22	89	1.04156
22	104	1.04674
22	105	1.01222
22	115	1.04805
22	123	1.0679
22	133	1.08235
22	137	1.0642
22	138	1.06291
22	165	1.53652
22	169	1.76762
23	8	1.12145
23	12	1.00675
23	29	1.09377
23	32	1.05759
23	37	1.05192
23	38	1.05185
23	45	1.02976
23	57	1.01909
23	110	1.4583
23	127	1.3194
23	131	1.21411
23	160	1.04144
23	169	0.955214
24	4	0.932452
24	5	0.953627
24	15	1.05245
24	27	0.940081
24	28	0.927186
24	44	0.973778
24	47	0.973276
24	130	0.951829
24	142	0.895401
24	145	0.948372
24	158	0.856817
24	167	1.34844
24	171	2.30959
25	68	0.0916693
25	78	0.356619
25	84	0.647476
25	157	1.06677
25	162	1.04225
25	170	1.05063
25	172	1.02561
25	173	1.05627
25	176	0.997337
25	177	1.02842
25	178	1.03728
25	179	1.04739
25	180	1.05687
26	31	0.96565
26	40	1.07395
26	49	0.95148
26	53	0.931537
26	60	0.924387
26	70	0.981625
26	72	0.908519
26	73	0.965678
26	83	0.949357
26	142	1.597
26	145	0.933184
26	158	0.841628
26	177	2.09995
27	24	0.940081
27	44	1.00036
27	47	0.99986
27	72	0.950292
27	73	1.00745
27	83	0.991129
27	112	0.978291
27	118	0.968324
27	152	2.49108
27	156	1.11677
27	158	0.8834
27	174	0.879915
28	4	0.94614
28	5	0.967315
28	15	1.06614
28	24	0.927186
28	44	0.987466
28	47	0.986964
28	130	0.965517
28	134	1.48561
28	142	0.909089
28	145	0.96206
28	158	0.870504
28	167	1.88593
29	12	1.01844
29	23	1.09377
29	37	1.06361
29	38	1.06354
29	45	1.04145
29	57	1.03078
29	124	0.982662
29	128	0.557374
29	144	1.07419
29	160	1.05313
29	163	1.01681
29	169	0.966903
29	176	3.54761
30	33	0.879577
30	52	0.954719
30	55	0.94686
30	95	1.00064
30	102	0.926645
30	106	0.919031
30	108	0.9712
30	114	1.00338
30	129	1.60148
30	143	0.990757
30	152	0.860943
30	160	0.954819
30	173	2.05139
31	7	0.991912
31	26	0.96565
31	40	1.15648
31	53	1.01407
31	60	1.00692
31	70	1.06415
31	72	0.991049
31	73	1.04821
31	83	1.03189
31	113	1.16377
31	125	0.87042
31	145	1.01571
31	158	0.924158
31	180	2.32522
32	8	1.09696
32	23	1.05759
32	37	1.02743
32	38	1.02736
32	45	1.00526
32	57	0.994599
32	71	1.05553
32	124	0.946481
32	140	1.24609
32	144	1.03801
32	148	1.38793
32	160	1.01695
32	169	0.930722
32	175	1.90087
33	17	0.967333
33	30	0.879577
33	52	0.925463
33	55	0.917605
33	84	1.00318
33	88	0.918533
33	95	0.971384
33	99	4.4
33	102	0.89739
33	106	0.889775
33	108	0.941945
33	114	0.974127
33	160	0.925564
33	163	0.692229
34	10	0.979468
34	81	1.02158
34	105	0.982905
34	111	1.02116
34	122	1.04699
34	123	1.03859
34	133	1.05303
34	137	1.03488
34	138	1.0336
34	143	1.05763
34	152	0.927819
34	157	1.25336
34	171	1.60493
34	180	1.65043
35	41	1.07238
35	79	0.985438
35	98	0.710533
35	106	0.937692
35	107	0.93366
35	109	0.987304
35	114	1.02204
35	118	0.95807
35	120	0.957101
35	152	0.879605
35	177	0.873394
35	178	0.882248
35	179	0.892359
35	180	0.901838
36	43	0.788091
36	50	0.865086
36	93	0.919409
36	157	0.788051
36	163	0.863571
36	164	0.776096
36	165	0.791402
36	167	0.816488
36	170	0.771907
36	176	0.718615
36	177	0.7497
36	178	0.758555
36	179	0.768665
36	180	0.778144
37	8	1.0913
37	12	0.976597
37	23	1.05192
37	29	1.06361
37	32	1.02743
37	38	1.0217
37	45	0.999603
37	57	0.988938
37	119	0.956614
37	144	1.03235
37	152	2.10708
37	160	1.01129
37	169	0.92506
37	179	1.5235
38	8	1.09123
38	12	0.976526
38	23	1.05185
38	29	1.06354
38	32	1.02736
38	37	1.0217
38	45	0.999532
38	57	0.988867
38	116	2.09077
38	144	1.03228
38	150	0.745752
38	159	1.70445
38	160	1.01122
38	169	0.924989
39	101	2.19639
39	157	0.87192
39	159	0.875301
39	161	0.911977
39	163	0.94744
39	168	0.834298
39	170	0.855777
39	173	0.861416
39	175	0.850388
39	176	0.802485
39	177	0.83357
39	178	0.842424
39	179	0.852535
39	180	0.862014
40	26	1.07395
40	31	1.15648
40	49	1.14231
40	53	1.12237
40	60	1.11522
40	70	1.17246
40	72	1.09935
40	73	1.15651
40	83	1.14019
40	144	0.619114
40	158	1.03246
40	165	0.650049
40	176	3.37365
40	180	0.636749
41	6	0.987864
41	16	0.974531
41	35	1.07238
41	54	1.02614
41	62	1.01676
41	71	1.07185
41	77	1.06014
41	85	1.04194
41	96	1.07908
41	98	0.963901
41	100	1.06582
41	139	1.68488
41	144	1.09757
41	174	0.929444
42	44	0.973748
42	47	0.973246
42	65	1.15787
42	70	0.996784
42	72	0.923678
42	73	0.980836
42	83	0.964515
42	119	0.944657
42	138	1.04001
42	145	0.948342
42	158	0.856786
42	171	0.87962
42	176	0.825949
42	177	0.857034
42	180	0.885478
43	36	0.788091
43	77	2.47476
43	151	0.9342
43	155	0.922925
43	165	0.880723
43	168	0.83975
43	170	0.861229
43	172	0.836208
43	173	0.866868
43	175	0.85584
43	176	0.807936
43	177	0.839021
43	178	0.847876
43	179	0.857987
43	180	0.867465
44	4	0.992732
44	5	1.01391
44	15	1.11273
44	24	0.973778
44	27	1.00036
44	28	0.987466
44	42	0.973748
44	47	1.03356
44	130	1.01211
44	140	0.891661
44	142	0.955681
44	145	1.00865
44	158	0.917096
44	174	2.10336
44	178	1.77108
45	8	1.06913
45	12	0.954429
45	23	1.02976
45	29	1.04145
45	32	1.00526
45	37	0.999603
45	38	0.999532
45	57	0.96677
45	71	1.0277
45	110	0.998319
45	139	1.35359
45	144	1.01018
45	160	0.989121
45	169	0.902892
45	175	2.22602
46	52	0.919883
46	83	0.0291399
46	100	0.748744
46	157	1.01644
46	161	1.0565
46	166	0.989553
46	167	1.04488
46	170	1.0003
46	172	0.975277
46	173	1.00594
46	176	0.947005
46	177	0.97809
46	178	0.986945
46	179	0.997055
46	180	1.00653
47	4	0.99223
47	5	1.0134
47	15	1.11223
47	24	0.973276
47	27	0.99986
47	28	0.986964
47	42	0.973246
47	44	1.03356
47	130	1.01161
47	132	0.565276
47	142	0.955179
47	145	1.00815
47	158	0.916595
47	169	1.82929
47	174	2.28316
48	121	0.967576
48	124	0.859296
48	157	0.868028
48	160	2.46185
48	161	0.908085
48	162	0.843504
48	168	0.830406
48	171	0.852263
48	172	0.826864
48	173	0.857524
48	175	0.846495
48	176	0.798592
48	177	0.829677
48	179	0.848642
48	180	0.858121
49	7	0.977742
49	26	0.95148
49	40	1.14231
49	53	0.999897
49	60	0.992747
49	70	1.04998
49	72	0.976879
49	73	1.03404
49	83	1.01772
49	124	0.939854
49	145	1.00154
49	158	0.909987
49	162	1.77838
49	170	1.25819
49	174	1.76937
50	36	0.865086
50	65	1.23722
50	88	0.982413
50	165	0.957719
50	166	0.92748
50	168	0.916746
50	170	0.938224
50	171	0.938603
50	172	0.913204
50	173	0.943864
50	176	0.884932
50	177	0.916017
50	178	0.924872
50	179	0.934982
50	180	0.944461
51	19	0.907334
51	20	1.01839
51	52	0.979485
51	55	0.971627
51	74	0.949924
51	84	1.0572
51	88	0.972555
51	95	1.02541
51	102	0.951412
51	106	0.943797
51	108	0.995967
51	114	1.02815
51	127	1.05248
51	132	0.972898
51	160	0.979586
51	172	2.57307
52	2	0.95913
52	30	0.954719
52	33	0.925463
52	46	0.919883
52	51	0.979485
52	55	0.992746
52	84	1.07832
52	88	0.993674
52	102	0.972531
52	106	0.964917
52	108	1.01709
52	114	1.04927
52	125	1.46835
52	152	0.906829
52	160	1.00071
52	161	1.76151
53	7	0.957799
53	26	0.931537
53	31	1.01407
53	40	1.12237
53	49	0.999897
53	60	0.972804
53	70	1.03004
53	72	0.956936
53	73	1.01409
53	83	0.997774
53	93	1.32358
53	124	0.919911
53	136	1.50921
53	145	0.981601
53	154	1.9171
53	158	0.890045
54	16	0.934949
54	18	0.939623
54	41	1.02614
54	62	0.977183
54	63	1.06053
54	77	1.02056
54	80	1.00692
54	85	1.00236
54	96	1.03949
54	98	0.924319
54	100	1.02624
54	113	0.955777
54	130	1.49969
54	153	1.46271
54	157	1.89167
54	174	0.889862
55	2	0.951271
55	30	0.94686
55	33	0.917605
55	51	0.971627
55	52	0.992746
55	88	0.985816
55	95	1.03867
55	102	0.964673
55	106	0.957058
55	108	1.00923
55	114	1.04141
55	136	0.706446
55	143	1.02878
55	160	0.992847
55	164	1.86993
55	175	2.26587
56	17	1.80519
56	20	1.39481
56	99	0.878535
56	151	0.986942
56	156	0.974322
56	164	0.918159
56	165	0.933465
56	166	0.903226
56	168	0.892492
56	170	0.91397
56	171	0.914349
56	176	0.860678
56	177	0.891763
56	178	0.900618
56	179	0.910728
56	180	0.920207
57	8	1.05846
57	12	0.943764
57	23	1.01909
57	29	1.03078
57	32	0.994599
57	37	0.988938
57	38	0.988867
57	45	0.96677
57	71	1.01704
57	113	1.27405
57	124	0.907987
57	135	0.871533
57	144	0.999519
57	160	0.978456
57	169	0.892227
57	170	2.62259
58	13	1.06734
58	67	1.05609
58	87	1.1501
58	103	1.06354
58	107	1.05081
58	109	1.10446
58	112	1.08519
58	118	1.07522
58	120	1.07425
58	130	1.08531
58	148	0.804012
58	162	1.88288
58	169	1.0044
58	174	0.986812
58	175	1.31695
58	178	1.54159
59	77	0.0654372
59	105	1.06772
59	119	1.04722
59	133	0.633185
59	159	1.00133
59	163	1.07347
59	166	0.971065
59	168	0.960331
59	171	0.982188
59	172	0.956789
59	173	0.987449
59	176	0.928517
59	177	0.959602
59	178	0.968457
59	179	0.978567
59	180	0.988046
60	1	1.00246
60	7	0.950649
60	26	0.924387
60	31	1.00692
60	40	1.11522
60	49	0.992747
60	53	0.972804
60	70	1.02289
60	72	0.949786
60	73	1.00694
60	83	0.990624
60	145	0.974451
60	155	1.14888
60	156	1.12105
60	158	0.882895
60	168	2.70203
61	6	0.959047
61	14	0.978576
61	16	0.945713
61	18	0.950388
61	62	0.987947
61	77	1.03132
61	85	1.01313
61	96	1.05026
61	98	0.935084
61	100	1.03701
61	132	0.997759
61	141	1.004
61	156	1.14275
61	165	1.95096
61	166	1.8463
61	174	0.900627
62	18	0.930247
62	41	1.01676
62	54	0.977183
62	61	0.987947
62	63	1.05116
62	77	1.01118
62	80	0.997541
62	85	0.992987
62	96	1.03012
62	98	0.914943
62	100	1.01687
62	116	0.969636
62	132	0.977618
62	139	0.748539
62	174	0.880486
62	176	3.52181
63	6	1.02226
63	9	0.507693
63	14	1.04179
63	16	1.00892
63	18	1.0136
63	21	0.744631
63	54	1.06053
63	62	1.05116
63	80	1.08089
63	85	1.07634
63	96	1.11347
63	98	0.998293
63	100	1.10022
63	140	1.40372
63	141	1.06721
63	174	0.963836
63	180	1.91714
64	84	1.54969
64	112	0.888275
64	113	0.932974
64	147	0.977176
64	150	1.0042
64	156	0.95335
64	166	0.882254
64	167	0.937578
64	171	0.893377
64	172	0.867978
64	173	0.898638
64	175	0.88761
64	176	0.839706
64	177	0.870791
64	178	0.879646
64	179	0.889756
64	180	0.899235
65	42	1.15787
65	50	1.23722
65	66	0.930204
65	76	0.988237
65	89	0.964147
65	90	0.957217
65	110	1.45189
65	111	0.97306
65	115	0.970641
65	117	1.00962
65	122	0.998895
65	123	0.990491
65	133	1.00493
65	137	0.986786
65	138	0.985497
65	152	0.879721
65	160	0.973597
66	22	1.00762
66	65	0.930204
66	76	0.972053
66	89	0.947963
66	90	0.941033
66	92	0.947844
66	101	0.931114
66	105	0.918622
66	115	0.954457
66	117	0.99344
66	122	0.982711
66	123	0.974307
66	133	0.988749
66	137	0.970602
66	138	0.969313
66	151	1.21209
66	166	2.16125
66	173	1.85065
67	58	1.05609
67	68	1.01623
67	78	0.990215
67	79	0.978223
67	87	1.02574
67	91	0.962487
67	103	0.939177
67	104	1.85121
67	107	0.926445
67	109	0.980089
67	112	0.960821
67	118	0.950855
67	120	0.949886
67	121	0.93235
67	141	0.965817
67	169	0.880038
67	174	0.862446
67	175	2.46904
68	25	0.0916693
68	67	1.01623
68	78	1.07472
68	91	1.04699
68	103	1.02368
68	107	1.01095
68	109	1.06459
68	112	1.04532
68	118	1.03536
68	120	1.03439
68	130	1.04545
68	141	1.05032
68	145	1.04199
68	154	0.868268
68	169	0.96454
68	170	2.06553
68	174	0.946948
68	178	2.24444
69	20	1.39884
69	125	0.990113
69	129	0.93584
69	143	1.67702
69	146	0.900182
69	159	0.910718
69	163	0.982857
69	164	0.895382
69	170	0.891193
69	171	0.891572
69	172	0.866173
69	173	0.896833
69	175	0.885805
69	176	0.837901
69	177	0.868986
69	178	0.877841
69	179	0.887951
69	180	0.89743
70	7	1.00789
70	26	0.981625
70	31	1.06415
70	40	1.17246
70	42	0.996784
70	49	1.04998
70	53	1.03004
70	60	1.02289
70	72	1.00702
70	73	1.06418
70	83	1.04786
70	124	0.969999
70	144	0.501704
70	145	1.03169
70	155	1.05302
70	158	0.940133
70	169	2.06449
70	172	2.11544
71	32	1.05553
71	41	1.07185
71	45	1.0277
71	57	1.01704
71	77	1.06626
71	79	1.05134
71	80	1.05262
71	112	1.03394
71	118	1.02398
71	120	1.02301
71	130	1.03406
71	153	0.921981
71	160	1.03939
71	163	0.677855
71	168	2.53409
71	169	0.953159
71	174	0.935566
71	179	1.74384
72	7	0.934781
72	26	0.908519
72	27	0.950292
72	31	0.991049
72	40	1.09935
72	42	0.923678
72	49	0.976879
72	53	0.956936
72	60	0.949786
72	70	1.00702
72	73	0.991076
72	83	0.974756
72	124	0.896893
72	128	1.7492
72	145	0.958583
72	147	1.50804
72	158	0.867027
72	161	1.82497
73	7	0.991939
73	26	0.965678
73	27	1.00745
73	31	1.04821
73	40	1.15651
73	42	0.980836
73	49	1.03404
73	53	1.01409
73	60	1.00694
73	70	1.06418
73	72	0.991076
73	83	1.03191
73	124	0.954052
73	129	1.80898
73	135	1.09688
73	145	1.01574
73	147	1.18228
73	154	1.65066
73	158	0.924185
74	51	0.949924
74	111	1.13418
74	126	1.00433
74	143	0.706552
74	161	1.00513
74	164	0.953117
74	166	0.938184
74	167	0.993508
74	168	0.92745
74	170	0.948928
74	171	0.949307
74	172	0.923908
74	173	0.954568
74	175	0.943539
74	176	0.895636
74	177	0.926721
74	178	0.935576
74	179	0.945686
74	180	0.955165
75	13	1.0044
75	78	1.05164
75	87	1.08716
75	91	1.02391
75	103	1.0006
75	107	0.98787
75	109	1.04151
75	112	1.02225
75	118	1.01228
75	120	1.01131
75	141	1.02724
75	143	1.06363
75	145	1.01891
75	151	1.06504
75	161	0.943918
75	164	1.85097
75	165	2.11886
75	169	0.941463
75	174	0.92387
76	3	0.967676
76	21	0.763626
76	22	1.06565
76	65	0.988237
76	66	0.972053
76	81	1.01533
76	89	1.006
76	90	0.999066
76	94	1.0536
76	101	0.989146
76	117	1.05147
76	123	1.03234
76	137	1.02863
76	138	1.02735
76	141	1.015
76	160	1.01545
76	163	0.865977
76	173	1.53418
76	177	2.28056
77	6	0.98228
77	14	1.00181
77	16	0.968946
77	18	0.973621
77	41	1.06014
77	43	2.47476
77	54	1.02056
77	59	0.0654372
77	61	1.03132
77	62	1.01118
77	71	1.06626
77	85	1.03636
77	96	1.07349
77	98	0.958316
77	100	1.06024
77	141	1.02723
77	154	0.754805
77	159	1.56339
77	174	0.923859
78	25	0.356619
78	67	0.990215
78	68	1.07472
78	75	1.05164
78	79	1.03671
78	87	1.08422
78	91	1.02098
78	103	0.997666
78	107	0.984934
78	109	1.03858
78	112	1.01931
78	118	1.00934
78	120	1.00837
78	142	0.963004
78	145	1.01598
78	149	0.84115
78	165	2.1567
78	174	0.920934
78	180	2.1434
79	35	0.985438
79	67	0.978223
79	71	1.05134
79	78	1.03671
79	87	1.07223
79	91	1.00898
79	103	0.985674
79	107	0.972942
79	109	1.02659
79	112	1.00732
79	118	0.997351
79	120	0.996383
79	121	1.37483
79	126	1.84664
79	143	1.0487
79	145	1.00398
79	147	1.2916
79	149	1.46792
79	169	0.926534
79	174	0.908942
80	6	0.968641
80	14	0.98817
80	16	0.955307
80	18	0.959982
80	54	1.00692
80	62	0.997541
80	63	1.08089
80	71	1.05262
80	85	1.02272
80	96	1.05985
80	98	0.944678
80	100	1.0466
80	110	1.0915
80	113	0.976136
80	132	1.00735
80	141	1.01359
80	147	0.699277
80	155	1.41077
80	162	2.88512
80	174	0.91022
81	34	1.02158
81	76	1.01533
81	82	1.13372
81	89	0.991244
81	92	0.991126
81	101	0.974395
81	105	0.961903
81	115	0.997738
81	117	1.03672
81	122	1.02599
81	123	1.01759
81	132	1.77017
81	133	1.03203
81	134	1.38283
81	137	1.01388
81	138	1.01259
81	141	1.00024
81	152	0.906818
81	160	1.00069
81	163	1.71963
82	81	1.13372
82	133	0.560648
82	137	0.402367
82	143	0.378281
82	149	1.06627
82	154	1.065
82	156	1.0485
82	159	1.00768
82	162	0.979772
82	164	0.992341
82	165	1.00765
82	167	1.03273
82	168	0.966673
82	171	0.98853
82	172	0.963132
82	175	0.982763
82	176	0.93486
82	178	0.9748
82	179	0.98491
82	180	0.994389
83	1	1.02743
83	7	0.975619
83	26	0.949357
83	27	0.991129
83	31	1.03189
83	40	1.14019
83	42	0.964515
83	46	0.0291399
83	49	1.01772
83	53	0.997774
83	60	0.990624
83	70	1.04786
83	72	0.974756
83	73	1.03191
83	124	0.937731
83	135	0.468436
83	145	0.99942
83	158	0.907864
83	172	2.32775
83	174	2.73068
84	2	1.03684
84	17	1.12019
84	19	1.00617
84	20	1.11723
84	25	0.647476
84	33	1.00318
84	51	1.0572
84	52	1.07832
84	64	1.54969
84	88	1.07139
84	95	1.12424
84	102	1.05024
84	106	1.04263
84	108	1.0948
84	114	1.12698
84	127	1.20901
84	135	0.870287
84	144	1.11587
84	152	0.984542
84	160	1.07842
85	14	0.983615
85	16	0.950753
85	18	0.955427
85	41	1.04194
85	54	1.00236
85	61	1.01313
85	62	0.992987
85	63	1.07634
85	77	1.03636
85	80	1.02272
85	96	1.0553
85	98	0.940123
85	100	1.04205
85	113	0.971581
85	136	0.695753
85	141	1.00904
85	155	0.852962
85	163	1.11783
85	174	0.905666
85	176	4.35693
86	1	0.941653
86	22	0.981011
86	89	0.921357
86	90	0.914428
86	94	0.968959
86	101	0.904508
86	105	0.892016
86	111	0.930271
86	115	0.927851
86	117	0.966834
86	122	0.956105
86	123	0.947701
86	133	0.962143
86	137	0.943996
86	138	0.942707
86	143	0.966745
86	144	0.951871
86	150	1.15602
86	160	0.930807
86	174	3.01458
87	58	1.1501
87	67	1.02574
87	75	1.08716
87	78	1.08422
87	79	1.07223
87	91	1.0565
87	103	1.03319
87	107	1.02045
87	109	1.0741
87	112	1.05483
87	118	1.04486
87	120	1.0439
87	130	1.05495
87	136	0.997297
87	141	1.05983
87	144	1.09698
87	146	2.31644
87	147	0.936804
87	151	1.37486
87	169	0.974047
87	174	0.956455
88	2	0.952199
88	17	1.03554
88	19	0.921523
88	20	1.03258
88	33	0.918533
88	50	0.982413
88	51	0.972555
88	52	0.993674
88	55	0.985816
88	84	1.07139
88	95	1.03959
88	97	1.35691
88	102	0.965601
88	106	0.957986
88	108	1.01016
88	114	1.04234
88	132	0.987087
88	152	0.899899
88	160	0.993775
88	163	1.21327
88	180	2.28343
89	3	0.943586
89	22	1.04156
89	65	0.964147
89	66	0.947963
89	76	1.006
89	81	0.991244
89	86	0.921357
89	92	0.981787
89	94	1.02951
89	101	0.965056
89	105	0.952565
89	117	1.02738
89	121	0.780028
89	122	1.01665
89	133	1.02269
89	137	1.00454
89	138	1.00326
89	151	1.13486
89	160	0.991356
89	164	1.92078
89	178	2.54136
90	9	0.795598
90	65	0.957217
90	66	0.941033
90	76	0.999066
90	86	0.914428
90	92	0.974857
90	94	1.02258
90	101	0.958127
90	111	0.98389
90	115	0.98147
90	117	1.02045
90	122	1.00972
90	123	1.00132
90	133	1.01576
90	137	0.997615
90	138	0.996326
90	143	1.02036
90	144	1.00549
90	156	1.41014
90	167	1.1984
90	169	2.44945
91	67	0.962487
91	68	1.04699
91	75	1.02391
91	78	1.02098
91	79	1.00898
91	87	1.0565
91	103	0.969938
91	107	0.957206
91	109	1.01085
91	112	0.991582
91	118	0.981616
91	120	0.980647
91	130	0.991704
91	131	1.30309
91	134	1.22666
91	142	0.935276
91	143	1.03296
91	148	2.26203
91	161	1.47198
91	169	0.910799
91	174	0.893206
92	1	0.225927
92	3	0.943468
92	66	0.947844
92	81	0.991126
92	89	0.981787
92	90	0.974857
92	94	1.02939
92	101	0.964938
92	105	0.952446
92	111	0.990701
92	113	0.953332
92	117	1.02726
92	122	1.01654
92	123	1.00813
92	133	1.02257
92	137	1.00443
92	138	1.00314
92	160	0.991237
92	169	1.84498
92	174	2.29885
92	180	1.60058
93	36	0.919409
93	53	1.32358
93	117	0.271455
93	123	0.165155
93	138	0.816667
93	146	1.00154
93	159	1.01207
93	163	1.08421
93	164	0.996735
93	165	1.01204
93	166	0.981802
93	168	0.971068
93	171	0.992925
93	172	0.967526
93	173	0.998186
93	175	0.987158
93	176	0.939255
93	177	0.97034
93	178	0.979194
93	179	0.989305
93	180	0.998783
94	3	0.991188
94	76	1.0536
94	86	0.968959
94	89	1.02951
94	90	1.02258
94	92	1.02939
94	101	1.01266
94	105	1.00017
94	111	1.03842
94	117	1.07498
94	122	1.06426
94	123	1.05585
94	131	0.762496
94	133	1.07029
94	134	0.686065
94	137	1.05215
94	138	1.05086
94	141	1.03851
94	160	1.03896
94	166	2.00167
94	167	1.08638
94	172	2.38837
95	2	1.00505
95	17	1.08839
95	19	0.974374
95	30	1.00064
95	33	0.971384
95	51	1.02541
95	55	1.03867
95	84	1.12424
95	88	1.03959
95	102	1.01845
95	106	1.01084
95	108	1.06301
95	114	1.09519
95	124	1.702
95	128	1.03667
95	132	1.03994
95	134	0.86712
95	143	1.08256
95	146	2.17515
95	150	1.11379
95	152	0.952749
95	160	1.04663
96	6	1.00122
96	14	1.02075
96	16	0.987883
96	18	0.992558
96	41	1.07908
96	54	1.03949
96	61	1.05026
96	62	1.03012
96	63	1.11347
96	77	1.07349
96	80	1.05985
96	85	1.0553
96	98	0.977254
96	100	1.07918
96	116	2.13959
96	125	0.500064
96	132	1.03993
96	141	1.04617
96	156	1.15996
96	157	1.55779
96	166	1.86351
96	174	0.942797
97	88	1.35691
97	103	1.25201
97	121	1.02447
97	142	0.924912
97	146	0.917771
97	154	0.985627
97	156	0.969134
97	160	0.753678
97	162	0.900402
97	163	1.00045
97	164	0.912971
97	166	0.898038
97	167	0.953363
97	168	0.887304
97	170	0.908782
97	172	0.883762
97	173	0.914422
97	175	0.903394
97	177	0.886575
97	178	0.89543
97	179	0.90554
97	180	0.915019
98	1	0.950671
98	6	0.886043
98	14	0.905572
98	16	0.872709
98	18	0.877384
98	35	0.710533
98	41	0.963901
98	54	0.924319
98	61	0.935084
98	62	0.914943
98	63	0.998293
98	77	0.958316
98	80	0.944678
98	85	0.940123
98	96	0.977254
98	100	0.964002
98	113	0.893537
98	132	0.924755
98	141	0.930993
98	174	0.827622
98	177	2.39853
98	178	2.42009
99	33	4.4
99	56	0.878535
99	125	0.908529
99	127	0.902796
99	134	0.927202
99	135	0.962546
99	144	0.908553
99	148	0.844579
99	159	0.829134
99	162	0.801229
99	164	0.813798
99	165	0.829104
99	168	0.788131
99	170	0.809609
99	171	0.809988
99	173	0.815249
99	175	0.804221
99	176	0.756317
99	177	0.787402
99	178	0.796257
99	179	0.806367
99	180	0.815846
100	1	1.05259
100	6	0.987966
100	14	1.00749
100	16	0.974632
100	18	0.979307
100	41	1.06582
100	46	0.748744
100	54	1.02624
100	61	1.03701
100	62	1.01687
100	63	1.10022
100	77	1.06024
100	80	1.0466
100	85	1.04205
100	96	1.07918
100	98	0.964002
100	113	0.99546
100	125	1.29721
100	128	1.5146
100	141	1.03292
100	144	1.43362
100	150	1.59172
100	174	0.929545
101	3	0.926737
101	10	0.932279
101	39	2.19639
101	66	0.931114
101	76	0.989146
101	81	0.974395
101	86	0.904508
101	89	0.965056
101	90	0.958127
101	92	0.964938
101	94	1.01266
101	105	0.935716
101	111	0.97397
101	115	0.97155
101	117	1.01053
101	123	0.9914
101	133	1.00584
101	137	0.987696
101	138	0.986406
101	142	1.24124
101	159	1.19817
101	160	0.974507
101	169	1.64416
102	2	0.931056
102	17	1.0144
102	19	0.90038
102	20	1.01144
102	30	0.926645
102	33	0.89739
102	51	0.951412
102	52	0.972531
102	55	0.964673
102	84	1.05024
102	88	0.965601
102	95	1.01845
102	106	0.936843
102	108	0.989013
102	114	1.02119
102	119	1.85333
102	132	0.965944
102	143	1.00857
102	149	1.12214
102	152	0.878755
102	156	1.62948
102	159	2.22279
102	160	0.972632
103	13	0.950429
103	58	1.06354
103	67	0.939177
103	68	1.02368
103	75	1.0006
103	78	0.997666
103	79	0.985674
103	87	1.03319
103	91	0.969938
103	97	1.25201
103	104	1.70205
103	107	0.933896
103	109	0.98754
103	112	0.968272
103	118	0.958306
103	120	0.957337
103	136	0.760458
103	141	0.973268
103	142	0.911966
103	145	0.964938
103	169	0.887489
103	172	2.47387
103	174	0.869896
104	22	1.04674
104	67	1.85121
104	103	1.70205
104	142	0.926186
104	155	0.971753
104	156	0.970409
104	161	0.966257
104	162	0.901677
104	163	1.00172
104	164	0.914246
104	166	0.899312
104	167	0.954637
104	168	0.888578
104	170	0.910057
104	171	0.910435
104	172	0.885036
104	173	0.915696
104	175	0.904668
104	176	0.856765
104	177	0.88785
104	178	0.896704
104	179	0.906815
104	180	0.916294
105	22	1.01222
105	34	0.982905
105	59	1.06772
105	66	0.918622
105	81	0.961903
105	86	0.892016
105	89	0.952565
105	92	0.952446
105	94	1.00017
105	101	0.935716
105	111	0.961478
105	115	0.959059
105	117	0.998042
105	122	0.987313
105	123	0.978909
105	126	1.72771
105	127	1.426
105	133	0.993351
105	137	0.975204
105	138	0.973915
105	141	0.961566
105	144	0.983078
105	155	1.88417
106	2	0.923442
106	17	1.00679
106	19	0.892766
106	20	1.00382
106	30	0.919031
106	33	0.889775
106	35	0.937692
106	51	0.943797
106	52	0.964917
106	55	0.957058
106	84	1.04263
106	88	0.957986
106	95	1.01084
106	102	0.936843
106	108	0.981398
106	113	1.34255
106	114	1.01358
106	132	0.958329
106	143	1.00095
106	149	1.20175
106	152	0.871141
106	154	1.49381
106	160	0.965017
106	177	2.84842
107	13	0.937697
107	35	0.93366
107	58	1.05081
107	67	0.926445
107	68	1.01095
107	75	0.98787
107	78	0.984934
107	79	0.972942
107	87	1.02045
107	91	0.957206
107	103	0.933896
107	109	0.974808
107	112	0.95554
107	118	0.945574
107	120	0.944605
107	130	0.955662
107	140	1.6544
107	143	0.996922
107	145	0.952205
107	158	2.51692
107	161	1.00618
107	169	0.874757
107	173	1.76587
107	174	0.857164
108	2	0.975611
108	17	1.05896
108	19	0.944935
108	20	1.05599
108	30	0.9712
108	33	0.941945
108	51	0.995967
108	52	1.01709
108	55	1.00923
108	84	1.0948
108	88	1.01016
108	95	1.06301
108	102	0.989013
108	106	0.981398
108	114	1.06575
108	130	0.891056
108	132	1.0105
108	143	1.05312
108	146	1.58118
108	152	0.923311
108	160	1.01719
108	165	1.69341
108	171	1.63461
108	175	1.82146
109	13	0.991341
109	35	0.987304
109	58	1.10446
109	67	0.980089
109	68	1.06459
109	75	1.04151
109	78	1.03858
109	79	1.02659
109	87	1.0741
109	91	1.01085
109	103	0.98754
109	107	0.974808
109	112	1.00918
109	118	0.999218
109	119	0.69914
109	120	0.998249
109	143	1.05057
109	145	1.00585
109	152	1.8496
109	162	1.97748
109	168	2.05627
109	169	0.928401
109	174	0.910808
109	180	1.2702
110	23	1.4583
110	45	0.998319
110	65	1.45189
110	80	1.0915
110	127	1.02734
110	134	1.05174
110	146	0.94314
110	151	1.00712
110	153	1.00809
110	154	1.011
110	157	0.950295
110	159	0.953676
110	162	0.925772
110	164	0.93834
110	165	0.953646
110	166	0.923407
110	168	0.912673
110	170	0.934152
110	173	0.939791
110	175	0.928763
110	176	0.880859
110	177	0.911944
110	178	0.920799
110	179	0.93091
110	180	0.940388
111	3	0.9525
111	10	0.958042
111	34	1.02116
111	65	0.97306
111	74	1.13418
111	86	0.930271
111	90	0.98389
111	92	0.990701
111	94	1.03842
111	101	0.97397
111	105	0.961478
111	115	0.997313
111	117	1.0363
111	119	1.89092
111	122	1.02557
111	123	1.01716
111	132	1.44236
111	133	1.03161
111	137	1.01346
111	138	1.01217
111	143	1.03621
111	144	1.02133
111	149	1.15973
111	160	1.00027
111	167	1.45533
112	13	0.972073
112	27	0.978291
112	58	1.08519
112	64	0.888275
112	67	0.960821
112	68	1.04532
112	71	1.03394
112	75	1.02225
112	78	1.01931
112	79	1.00732
112	87	1.05483
112	91	0.991582
112	103	0.968272
112	107	0.95554
112	109	1.00918
112	118	0.97995
112	120	0.978981
112	132	0.753223
112	141	0.994912
112	142	0.93361
112	145	0.986581
112	152	2.35224
112	166	1.68148
112	169	0.909133
112	174	0.89154
112	179	1.76866
113	31	1.16377
113	54	0.955777
113	57	1.27405
113	64	0.932974
113	80	0.976136
113	85	0.971581
113	92	0.953332
113	98	0.893537
113	100	0.99546
113	106	1.34255
113	115	0.959945
113	123	0.979794
113	132	0.956213
113	133	0.994236
113	137	0.97609
113	138	0.974801
113	143	0.998838
113	145	0.85529
113	154	0.961865
113	156	0.945372
113	161	0.941221
113	165	0.904515
113	174	0.85908
113	178	0.871668
113	179	0.881778
113	180	0.891257
114	2	1.00779
114	11	0.683498
114	17	1.09114
114	19	0.977117
114	20	1.08818
114	30	1.00338
114	33	0.974127
114	35	1.02204
114	51	1.02815
114	52	1.04927
114	55	1.04141
114	84	1.12698
114	88	1.04234
114	95	1.09519
114	102	1.02119
114	106	1.01358
114	108	1.06575
114	124	1.54768
114	132	1.04268
114	135	0.555794
114	143	1.08531
114	152	0.955492
114	153	1.29373
114	158	2.46886
114	160	1.04937
114	167	1.11312
115	10	0.955622
115	22	1.04805
115	65	0.970641
115	66	0.954457
115	81	0.997738
115	86	0.927851
115	90	0.98147
115	101	0.97155
115	105	0.959059
115	111	0.997313
115	113	0.959945
115	121	1.32707
115	122	1.02315
115	123	1.01474
115	124	2.15032
115	133	1.02919
115	135	1.15844
115	137	1.01104
115	138	1.00975
115	141	0.9974
115	143	1.03379
115	144	1.01891
115	149	1.42016
115	152	0.903973
115	160	0.99785
115	163	1.65225
116	38	2.09077
116	62	0.969636
116	96	2.13959
116	149	0.96135
116	150	0.994435
116	152	0.867232
116	153	0.957169
116	154	0.960073
116	155	0.944925
116	159	0.902753
116	161	0.939429
116	162	0.874848
116	163	0.974891
116	165	0.902723
116	166	0.872484
116	167	0.927808
116	168	0.86175
116	171	0.883606
116	172	0.858208
116	173	0.888868
116	175	0.877839
116	176	0.829936
116	177	0.861021
116	178	0.869876
116	179	0.879986
116	180	0.889465
117	10	0.994605
117	65	1.00962
117	66	0.99344
117	76	1.05147
117	81	1.03672
117	86	0.966834
117	89	1.02738
117	90	1.02045
117	92	1.02726
117	93	0.271455
117	94	1.07498
117	101	1.01053
117	105	0.998042
117	111	1.0363
117	122	1.06213
117	123	1.05373
117	130	1.08611
117	133	1.06817
117	137	1.05002
117	138	1.04873
117	141	1.03638
117	144	1.0579
117	152	0.942956
117	155	1.10809
117	170	2.06225
117	179	1.87099
117	180	1.87516
118	13	0.962107
118	27	0.968324
118	35	0.95807
118	58	1.07522
118	67	0.950855
118	68	1.03536
118	71	1.02398
118	75	1.01228
118	78	1.00934
118	79	0.997351
118	87	1.04486
118	91	0.981616
118	103	0.958306
118	107	0.945574
118	109	0.999218
118	112	0.97995
118	120	0.969015
118	129	0.845812
118	141	0.984945
118	142	0.923644
118	143	1.02133
118	158	2.04677
118	159	1.49608
118	169	0.899167
118	174	0.881574
118	177	2.0421
118	180	1.69768
119	37	0.956614
119	42	0.944657
119	59	1.04722
119	102	1.85333
119	109	0.69914
119	111	1.89092
119	126	0.965861
119	128	0.997025
119	136	1.04877
119	147	0.994639
119	150	1.02167
119	159	0.929985
119	161	0.966661
119	164	0.91465
119	165	0.929955
119	167	0.955041
119	168	0.888982
119	170	0.910461
119	171	0.910839
119	172	0.88544
119	173	0.9161
119	175	0.905072
119	176	0.857169
119	177	0.888254
119	178	0.897108
119	179	0.907219
119	180	0.916698
120	13	0.961138
120	35	0.957101
120	58	1.07425
120	67	0.949886
120	68	1.03439
120	71	1.02301
120	75	1.01131
120	78	1.00837
120	79	0.996383
120	87	1.0439
120	91	0.980647
120	103	0.957337
120	107	0.944605
120	109	0.998249
120	112	0.978981
120	118	0.969015
120	130	0.979103
120	131	1.10676
120	141	0.983977
120	142	0.922675
120	143	1.02036
120	151	1.39678
120	157	2.04022
120	163	1.36713
120	164	2.18271
120	169	0.898198
120	174	0.880605
121	48	0.967576
121	67	0.93235
121	79	1.37483
121	89	0.780028
121	97	1.02447
121	115	1.32707
121	145	0.621395
121	146	0.969726
121	148	0.995707
121	155	1.02243
121	156	1.02109
121	157	0.976881
121	159	0.980262
121	161	1.01694
121	162	0.952357
121	163	1.0524
121	165	0.980232
121	168	0.939259
121	170	0.960737
121	171	0.961116
121	172	0.935717
121	173	0.966377
121	175	0.955349
121	176	0.907445
121	177	0.93853
121	178	0.947385
121	179	0.957495
121	180	0.966974
122	3	0.978334
122	10	0.983876
122	34	1.04699
122	65	0.998895
122	66	0.982711
122	81	1.02599
122	86	0.956105
122	89	1.01665
122	90	1.00972
122	92	1.01654
122	94	1.06426
122	105	0.987313
122	111	1.02557
122	115	1.02315
122	117	1.06213
122	123	1.043
122	131	0.82815
122	133	1.05744
122	134	0.751718
122	137	1.03929
122	138	1.038
122	143	1.06204
122	152	0.932228
122	154	1.1485
122	155	1.39161
122	160	1.0261
122	177	2.50311
122	179	2.15451
123	22	1.0679
123	34	1.03859
123	65	0.990491
123	66	0.974307
123	76	1.03234
123	81	1.01759
123	86	0.947701
123	90	1.00132
123	92	1.00813
123	93	0.165155
123	94	1.05585
123	101	0.9914
123	105	0.978909
123	111	1.01716
123	113	0.979794
123	115	1.01474
123	117	1.05373
123	122	1.043
123	133	1.04904
123	137	1.03089
123	138	1.0296
123	144	1.03876
123	154	0.758678
123	160	1.0177
123	162	2.47614
123	164	1.51427
123	171	1.72336
123	179	1.76469
124	8	1.01035
124	12	0.895646
124	29	0.982662
124	32	0.946481
124	48	0.859296
124	49	0.939854
124	53	0.919911
124	57	0.907987
124	70	0.969999
124	72	0.896893
124	73	0.954052
124	83	0.937731
124	95	1.702
124	114	1.54768
124	115	2.15032
124	147	0.936635
124	158	0.830002
124	160	0.930337
124	161	0.908657
124	162	0.844077
124	165	0.871952
124	169	0.844109
124	172	0.827437
124	177	0.83025
124	178	0.839105
124	179	0.849215
124	180	0.858694
125	13	1.66396
125	31	0.87042
125	52	1.46835
125	69	0.990113
125	96	0.500064
125	99	0.908529
125	100	1.29721
125	126	0.999365
125	131	1.05397
125	139	1.01
125	146	0.952954
125	149	1.02209
125	154	1.02081
125	155	1.00566
125	157	0.960109
125	161	1.00017
125	163	1.03563
125	164	0.948154
125	166	0.933221
125	167	0.988545
125	168	0.922487
125	171	0.944344
125	172	0.918945
125	173	0.949605
125	176	0.890673
125	177	0.921758
125	178	0.930613
125	179	0.940723
125	180	0.950202
126	2	1.67206
126	15	0.553591
126	74	1.00433
126	79	1.84664
126	105	1.72771
126	119	0.965861
126	125	0.999365
126	128	0.98701
126	147	0.984623
126	148	0.935414
126	149	0.978567
126	155	0.962142
126	157	0.916589
126	161	0.956646
126	162	0.892065
126	163	0.992108
126	164	0.904634
126	167	0.945025
126	168	0.878967
126	170	0.900445
126	171	0.900823
126	172	0.875425
126	173	0.906085
126	175	0.895056
126	176	0.847153
126	177	0.878238
126	178	0.887093
126	179	0.897203
126	180	0.906682
127	23	1.3194
127	51	1.05248
127	84	1.20901
127	99	0.902796
127	105	1.426
127	110	1.02734
127	131	1.04823
127	140	0.993916
127	151	1.0112
127	154	1.01508
127	155	0.999928
127	157	0.954375
127	159	0.957756
127	160	0.454958
127	161	0.994432
127	163	1.0299
127	165	0.957726
127	166	0.927487
127	167	0.982812
127	168	0.916753
127	170	0.938232
127	171	0.93861
127	172	0.913211
127	173	0.943871
127	175	0.932843
127	176	0.88494
127	177	0.916025
127	178	0.924879
127	179	0.93499
127	180	0.944468
128	29	0.557374
128	72	1.7492
128	95	1.03667
128	100	1.5146
128	119	0.997025
128	126	0.98701
128	136	1.06992
128	140	0.987294
128	141	0.588746
128	148	0.966579
128	149	1.00973
128	151	1.00458
128	153	1.00555
128	155	0.993307
128	161	0.98781
128	163	1.02327
128	165	0.951105
128	166	0.920865
128	167	0.97619
128	168	0.910131
128	170	0.93161
128	171	0.931988
128	172	0.906589
128	173	0.93725
128	175	0.926221
128	176	0.878318
128	177	0.909403
128	178	0.918257
128	179	0.928368
128	180	0.937847
129	2	1.74373
129	30	1.60148
129	69	0.93584
129	73	1.80898
129	118	0.845812
129	135	1.04263
129	136	1.028
129	140	0.945376
129	148	0.924661
129	150	1.0009
129	151	0.962663
129	153	0.963633
129	154	0.966536
129	156	0.950043
129	159	0.909216
129	163	0.981355
129	164	0.89388
129	165	0.909186
129	166	0.878947
129	167	0.934272
129	168	0.868213
129	170	0.889692
129	172	0.864671
129	173	0.895331
129	175	0.884303
129	176	0.8364
129	177	0.867484
129	178	0.876339
129	179	0.88645
129	180	0.895928
130	4	0.970783
130	14	1.09385
130	24	0.951829
130	28	0.965517
130	44	1.01211
130	47	1.01161
130	54	1.49969
130	58	1.08531
130	68	1.04545
130	71	1.03406
130	87	1.05495
130	91	0.991704
130	107	0.955662
130	108	0.891056
130	117	1.08611
130	120	0.979103
130	142	0.933732
130	145	0.986703
130	158	0.895148
130	159	0.937127
130	160	0.891149
130	161	0.973803
130	170	0.917603
130	172	0.892582
130	174	0.891662
130	176	0.86431
130	177	0.895395
130	178	0.90425
130	179	0.914361
130	180	0.923839
131	7	1.18539
131	21	1.05156
131	23	1.21411
131	91	1.30309
131	94	0.762496
131	120	1.10676
131	122	0.82815
131	125	1.05397
131	127	1.04823
131	134	1.07264
131	150	1.06625
131	151	1.02802
131	155	1.01674
131	156	1.0154
131	157	0.97119
131	159	0.974571
131	162	0.946666
131	163	1.04671
131	164	0.959235
131	165	0.974541
131	166	0.944302
131	167	0.999626
131	168	0.933568
131	170	0.955046
131	171	0.955425
131	172	0.930026
131	175	0.949658
131	176	0.901754
131	177	0.932839
131	178	0.941694
131	179	0.951804
131	180	0.961283
132	6	0.948718
132	47	0.565276
132	51	0.972898
132	61	0.997759
132	62	0.977618
132	80	1.00735
132	81	1.77017
132	88	0.987087
132	95	1.03994
132	96	1.03993
132	98	0.924755
132	102	0.965944
132	106	0.958329
132	108	1.0105
132	111	1.44236
132	112	0.753223
132	113	0.956213
132	114	1.04268
132	133	1.1971
132	152	0.900242
132	160	0.994118
132	162	0.907858
132	171	0.916616
132	172	0.891217
132	173	0.921877
132	174	0.890297
132	175	0.910849
132	177	0.89403
132	178	0.902885
132	179	0.912996
132	180	0.922474
133	3	0.984372
133	10	0.989914
133	11	0.780451
133	22	1.08235
133	34	1.05303
133	59	0.633185
133	65	1.00493
133	66	0.988749
133	81	1.03203
133	82	0.560648
133	86	0.962143
133	89	1.02269
133	90	1.01576
133	92	1.02257
133	94	1.07029
133	101	1.00584
133	105	0.993351
133	111	1.03161
133	113	0.994236
133	115	1.02919
133	117	1.06817
133	122	1.05744
133	123	1.04904
133	132	1.1971
133	137	1.04533
133	138	1.04404
133	139	1.48564
133	141	1.03169
133	143	1.06808
133	152	0.938265
133	156	1.42181
133	159	2.01512
134	28	1.48561
134	81	1.38283
134	91	1.22666
134	94	0.686065
134	95	0.86712
134	99	0.927202
134	110	1.05174
134	122	0.751718
134	131	1.07264
134	140	1.01832
134	149	1.04076
134	153	1.03658
134	155	1.02433
134	156	1.02299
134	157	0.978782
134	159	0.982163
134	162	0.954258
134	163	1.0543
134	164	0.966827
134	165	0.982133
134	166	0.951894
134	167	1.00722
134	170	0.962638
134	171	0.963017
134	172	0.937618
134	173	0.968278
134	175	0.95725
134	176	0.909346
134	177	0.940431
134	178	0.949286
134	179	0.959396
134	180	0.968875
135	18	1.57863
135	57	0.871533
135	73	1.09688
135	83	0.468436
135	84	0.870287
135	99	0.962546
135	114	0.555794
135	115	1.15844
135	129	1.04263
135	140	1.05367
135	147	1.08216
135	148	1.03295
135	149	1.0761
135	151	1.07095
135	155	1.05968
135	156	1.05833
135	157	1.01413
135	161	1.05418
135	162	0.989602
135	164	1.00217
135	165	1.01748
135	166	0.987237
135	167	1.04256
135	168	0.976503
135	170	0.997982
135	172	0.972961
135	173	1.00362
135	175	0.992593
135	176	0.94469
135	177	0.975775
135	178	0.984629
135	179	0.99474
135	180	1.00422
136	53	1.50921
136	55	0.706446
136	85	0.695753
136	87	0.997297
136	103	0.760458
136	119	1.04877
136	128	1.06992
136	129	1.028
136	137	0.640362
136	139	1.04939
136	141	0.408085
136	147	1.06753
136	149	1.06148
136	151	1.05633
136	155	1.04505
136	157	0.999498
136	161	1.03956
136	162	0.974975
136	163	1.07502
136	164	0.987543
136	165	1.00285
136	166	0.97261
136	167	1.02793
136	168	0.961876
136	170	0.983355
136	171	0.983733
136	172	0.958334
136	173	0.988994
136	175	0.977966
136	176	0.930063
136	177	0.961148
136	178	0.970002
136	179	0.980113
136	180	0.989591
137	3	0.966225
137	10	0.971767
137	22	1.0642
137	34	1.03488
137	65	0.986786
137	66	0.970602
137	76	1.02863
137	81	1.01388
137	82	0.402367
137	86	0.943996
137	89	1.00454
137	90	0.997615
137	92	1.00443
137	94	1.05215
137	101	0.987696
137	105	0.975204
137	111	1.01346
137	113	0.97609
137	115	1.01104
137	117	1.05002
137	122	1.03929
137	123	1.03089
137	133	1.04533
137	136	0.640362
137	138	1.02589
137	139	1.32736
137	141	1.01355
137	142	1.89991
137	144	1.03506
137	152	0.920119
137	160	1.014
137	167	1.05179
137	171	2.01293
137	175	2.19979
138	3	0.964936
138	10	0.970478
138	22	1.06291
138	34	1.0336
138	42	1.04001
138	65	0.985497
138	66	0.969313
138	76	1.02735
138	81	1.01259
138	86	0.942707
138	89	1.00326
138	90	0.996326
138	92	1.00314
138	93	0.816667
138	94	1.05086
138	101	0.986406
138	105	0.973915
138	111	1.01217
138	113	0.974801
138	115	1.00975
138	117	1.04873
138	122	1.038
138	123	1.0296
138	133	1.04404
138	137	1.02589
138	142	2.26185
138	143	1.04864
138	144	1.03377
138	147	0.941807
138	150	1.26008
138	152	0.91883
138	153	1.59434
138	160	1.01271
138	167	1.41373
139	41	1.68488
139	45	1.35359
139	62	0.748539
139	125	1.01
139	133	1.48564
139	136	1.04939
139	137	1.32736
139	147	0.995258
139	148	0.94605
139	150	1.02229
139	151	0.984052
139	153	0.985021
139	154	0.987925
139	155	0.972777
139	156	0.971432
139	159	0.930605
139	161	0.967281
139	162	0.9027
139	163	1.00274
139	164	0.915269
139	166	0.900336
139	167	0.95566
139	168	0.889602
139	170	0.91108
139	171	0.911459
139	172	0.88606
139	173	0.91672
139	175	0.905691
139	176	0.857788
139	177	0.888873
139	178	0.897728
139	179	0.907838
139	180	0.917317
140	5	1.80414
140	32	1.24609
140	44	0.891661
140	63	1.40372
140	107	1.6544
140	127	0.993916
140	128	0.987294
140	129	0.945376
140	134	1.01832
140	135	1.05367
140	146	0.909719
140	147	0.984908
140	153	0.974671
140	154	0.977575
140	155	0.962427
140	156	0.961082
140	157	0.916873
140	158	0.878275
140	159	0.920254
140	161	0.95693
140	162	0.89235
140	163	0.992393
140	164	0.904919
140	165	0.920225
140	166	0.889985
140	167	0.94531
140	171	0.901108
140	172	0.875709
140	173	0.906369
140	175	0.895341
140	176	0.847438
140	177	0.878523
140	178	0.887377
140	179	0.897488
140	180	0.906967
141	61	1.004
141	63	1.06721
141	67	0.965817
141	68	1.05032
141	75	1.02724
141	76	1.015
141	77	1.02723
141	80	1.01359
141	81	1.00024
141	85	1.00904
141	87	1.05983
141	94	1.03851
141	96	1.04617
141	98	0.930993
141	100	1.03292
141	103	0.973268
141	105	0.961566
141	112	0.994912
141	115	0.9974
141	117	1.03638
141	118	0.984945
141	120	0.983977
141	128	0.588746
141	133	1.03169
141	136	0.408085
141	137	1.01355
141	144	1.02142
141	146	1.72723
141	148	1.45457
141	153	1.00013
141	160	1.00036
141	172	2.1215
141	174	0.896536
141	178	2.19215
142	4	0.914355
142	5	0.93553
142	15	1.03436
142	24	0.895401
142	26	1.597
142	28	0.909089
142	44	0.955681
142	47	0.955179
142	78	0.963004
142	91	0.935276
142	97	0.924912
142	101	1.24124
142	103	0.911966
142	104	0.926186
142	112	0.93361
142	118	0.923644
142	120	0.922675
142	130	0.933732
142	137	1.89991
142	138	2.26185
142	143	0.974992
142	145	0.930276
142	156	0.921527
142	158	0.83872
142	165	0.880669
142	168	0.839696
142	169	0.852827
142	170	0.861175
142	174	0.835235
142	175	0.855786
142	176	0.807883
142	177	0.838968
142	178	0.847822
142	179	0.857933
142	180	0.867412
143	19	0.964492
143	30	0.990757
143	34	1.05763
143	55	1.02878
143	69	1.67702
143	74	0.706552
143	75	1.06363
143	79	1.0487
143	82	0.378281
143	86	0.966745
143	90	1.02036
143	91	1.03296
143	95	1.08256
143	102	1.00857
143	106	1.00095
143	107	0.996922
143	108	1.05312
143	109	1.05057
143	111	1.03621
143	113	0.998838
143	114	1.08531
143	115	1.03379
143	118	1.02133
143	120	1.02036
143	122	1.06204
143	133	1.06808
143	138	1.04864
143	142	0.974992
143	150	0.874056
143	151	0.993835
143	152	0.942867
143	157	1.63728
143	160	1.03674
143	169	0.950515
143	170	2.22143
143	173	1.6324
143	174	0.932923
144	4	1.53514
144	12	0.987178
144	29	1.07419
144	32	1.03801
144	37	1.03235
144	38	1.03228
144	40	0.619114
144	41	1.09757
144	45	1.01018
144	57	0.999519
144	70	0.501704
144	84	1.11587
144	86	0.951871
144	87	1.09698
144	90	1.00549
144	99	0.908553
144	100	1.43362
144	105	0.983078
144	111	1.02133
144	115	1.01891
144	117	1.0579
144	123	1.03876
144	137	1.03506
144	138	1.03377
144	141	1.02142
144	160	1.02187
144	161	1.00019
144	162	0.935609
144	166	0.933244
144	169	0.935641
144	173	0.949628
144	175	0.9386
144	176	0.890697
144	177	0.921782
144	178	0.930636
144	179	0.940747
144	180	0.950226
145	4	0.967326
145	5	0.988501
145	7	0.959446
145	15	1.08733
145	24	0.948372
145	26	0.933184
145	28	0.96206
145	31	1.01571
145	42	0.948342
145	44	1.00865
145	47	1.00815
145	49	1.00154
145	53	0.981601
145	60	0.974451
145	68	1.04199
145	70	1.03169
145	72	0.958583
145	73	1.01574
145	75	1.01891
145	78	1.01598
145	79	1.00398
145	83	0.99942
145	103	0.964938
145	107	0.952205
145	109	1.00585
145	112	0.986581
145	113	0.85529
145	121	0.621395
145	130	0.986703
145	142	0.930276
145	157	1.61967
145	158	0.891691
145	161	0.855098
145	168	2.80281
145	169	0.905798
145	173	1.61478
145	174	0.888206
145	179	2.01256
146	69	0.900182
146	87	2.31644
146	93	1.00154
146	95	2.17515
146	97	0.917771
146	108	1.58118
146	110	0.94314
146	121	0.969726
146	125	0.952954
146	140	0.909719
146	141	1.72723
146	148	0.889003
146	149	0.932156
146	150	0.965241
146	151	0.927006
146	153	0.927975
146	154	0.930879
146	155	0.915731
146	156	0.914386
146	157	0.870178
146	159	0.873559
146	161	0.910234
146	162	0.845654
146	163	0.945697
146	164	0.858223
146	165	0.873529
146	166	0.843289
146	167	0.898614
146	168	0.832555
146	170	0.854034
146	171	0.854412
146	172	0.829013
146	173	0.859674
146	175	0.848645
146	176	0.800742
146	177	0.831827
146	178	0.840682
146	179	0.850792
146	180	0.860271
147	13	1.64019
147	64	0.977176
147	72	1.50804
147	73	1.18228
147	79	1.2916
147	80	0.699277
147	87	0.936804
147	119	0.994639
147	124	0.936635
147	126	0.984623
147	135	1.08216
147	136	1.06753
147	138	0.941807
147	139	0.995258
147	140	0.984908
147	148	0.964193
147	149	1.00735
147	150	1.04043
147	153	1.00316
147	154	1.00607
147	155	0.99092
147	156	0.989575
147	157	0.945367
147	159	0.948748
147	161	0.985424
147	162	0.920843
147	163	1.02089
147	164	0.933412
147	165	0.948718
147	166	0.918479
147	167	0.973803
147	168	0.907745
147	171	0.929602
147	172	0.904203
147	173	0.934863
147	175	0.923834
147	176	0.875931
147	177	0.907016
147	178	0.915871
147	179	0.925981
147	180	0.93546
148	12	2.09146
148	32	1.38793
148	58	0.804012
148	91	2.26203
148	99	0.844579
148	121	0.995707
148	126	0.935414
148	128	0.966579
148	129	0.924661
148	135	1.03295
148	139	0.94605
148	141	1.45457
148	146	0.889003
148	147	0.964193
148	149	0.958137
148	150	0.991221
148	151	0.952986
148	153	0.953956
148	154	0.956859
148	155	0.941711
148	156	0.940366
148	157	0.896158
148	161	0.936215
148	163	0.971678
148	164	0.884203
148	165	0.899509
148	166	0.86927
148	167	0.924595
148	168	0.858536
148	170	0.880015
148	171	0.880393
148	172	0.854994
148	173	0.885654
148	174	0.854074
148	175	0.874626
148	176	0.826723
148	177	0.857808
148	178	0.866662
148	179	0.876773
148	180	0.886251
149	16	1.18716
149	78	0.84115
149	79	1.46792
149	82	1.06627
149	102	1.12214
149	106	1.20175
149	111	1.15973
149	115	1.42016
149	116	0.96135
149	125	1.02209
149	126	0.978567
149	128	1.00973
149	134	1.04076
149	135	1.0761
149	136	1.06148
149	146	0.932156
149	147	1.00735
149	148	0.958137
149	150	1.03437
149	153	0.997108
149	154	1.00001
149	155	0.984864
149	156	0.983519
149	157	0.939311
149	159	0.942692
149	162	0.914787
149	164	0.927356
149	165	0.942662
149	166	0.912423
149	167	0.967748
149	168	0.901689
149	170	0.923167
149	171	0.923546
149	172	0.898147
149	173	0.928807
149	174	0.897227
149	175	0.917779
149	176	0.869875
149	177	0.90096
149	178	0.909815
149	179	0.919925
149	180	0.929404
150	8	0.852335
150	17	1.00626
150	38	0.745752
150	64	1.0042
150	86	1.15602
150	95	1.11379
150	100	1.59172
150	116	0.994435
150	119	1.02167
150	129	1.0009
150	131	1.06625
150	138	1.26008
150	139	1.02229
150	143	0.874056
150	146	0.965241
150	147	1.04043
150	148	0.991221
150	149	1.03437
150	151	1.02922
150	152	0.940256
150	153	1.03019
150	154	1.0331
150	156	1.0166
150	157	0.972395
150	161	1.01245
150	162	0.947872
150	163	1.04792
150	164	0.960441
150	165	0.975747
150	166	0.945507
150	167	1.00083
150	168	0.934773
150	170	0.956252
150	171	0.95663
150	172	0.931231
150	173	0.961891
150	174	0.930312
150	175	0.950863
150	176	0.90296
150	177	0.934045
150	178	0.942899
150	179	0.95301
150	180	0.962489
151	12	1.42254
151	43	0.9342
151	56	0.986942
151	66	1.21209
151	75	1.06504
151	87	1.37486
151	89	1.13486
151	110	1.00712
151	120	1.39678
151	127	1.0112
151	128	1.00458
151	129	0.962663
151	131	1.02802
151	135	1.07095
151	136	1.05633
151	139	0.984052
151	143	0.993835
151	146	0.927006
151	148	0.952986
151	150	1.02922
151	153	0.991958
151	154	0.994862
151	156	0.978369
151	157	0.93416
151	159	0.937542
151	161	0.974217
151	162	0.909637
151	163	1.00968
151	164	0.922206
151	165	0.937512
151	166	0.907272
151	167	0.962597
151	168	0.896538
151	170	0.918017
151	171	0.918395
151	172	0.892996
151	173	0.923657
151	175	0.912628
151	176	0.864725
151	177	0.89581
151	178	0.904664
151	179	0.914775
151	180	0.924254
152	2	0.865354
152	10	0.864702
152	27	2.49108
152	30	0.860943
152	34	0.927819
152	35	0.879605
152	37	2.10708
152	52	0.906829
152	65	0.879721
152	81	0.906818
152	84	0.984542
152	88	0.899899
152	95	0.952749
152	102	0.878755
152	106	0.871141
152	108	0.923311
152	109	1.8496
152	112	2.35224
152	114	0.955492
152	115	0.903973
152	116	0.867232
152	117	0.942956
152	122	0.932228
152	132	0.900242
152	133	0.938265
152	137	0.920119
152	138	0.91883
152	143	0.942867
152	150	0.940256
152	156	0.889401
152	160	0.90693
152	162	0.820669
152	164	0.833238
152	170	0.829049
152	171	0.829428
152	172	0.804029
152	173	0.834689
152	174	0.803109
152	175	0.82366
152	176	0.775757
152	177	0.806842
152	178	0.815697
152	179	0.825807
152	180	0.835286
153	8	1.18659
153	17	1.34052
153	54	1.46271
153	71	0.921981
153	110	1.00809
153	114	1.29373
153	116	0.957169
153	128	1.00555
153	129	0.963633
153	134	1.03658
153	138	1.59434
153	139	0.985021
153	140	0.974671
153	141	1.00013
153	146	0.927975
153	147	1.00316
153	148	0.953956
153	149	0.997108
153	150	1.03019
153	151	0.991958
153	154	0.995831
153	155	0.980683
153	156	0.979338
153	157	0.93513
153	158	0.896531
153	159	0.938511
153	161	0.975187
153	162	0.910606
153	163	1.01065
153	164	0.923175
153	165	0.938481
153	167	0.963566
153	168	0.897508
153	169	0.910638
153	170	0.918986
153	171	0.919365
153	172	0.893966
153	173	0.924626
153	175	0.913597
153	176	0.865694
153	177	0.896779
153	178	0.905634
153	179	0.915744
153	180	0.925223
154	53	1.9171
154	68	0.868268
154	73	1.65066
154	77	0.754805
154	82	1.065
154	97	0.985627
154	106	1.49381
154	110	1.011
154	113	0.961865
154	116	0.960073
154	122	1.1485
154	123	0.758678
154	125	1.02081
154	127	1.01508
154	129	0.966536
154	139	0.987925
154	140	0.977575
154	146	0.930879
154	147	1.00607
154	148	0.956859
154	149	1.00001
154	150	1.0331
154	151	0.994862
154	153	0.995831
154	155	0.983587
154	156	0.982242
154	157	0.938034
154	158	0.899435
154	159	0.941415
154	160	0.670021
154	161	0.97809
154	163	1.01355
154	164	0.926079
154	165	0.941385
154	166	0.911145
154	167	0.96647
154	168	0.900411
154	169	0.913542
154	170	0.92189
154	171	0.922268
154	172	0.896869
154	173	0.92753
154	174	0.89595
154	175	0.916501
154	176	0.868598
154	177	0.899683
154	178	0.908538
154	179	0.918648
154	180	0.928127
155	5	1.55049
155	43	0.922925
155	60	1.14888
155	70	1.05302
155	80	1.41077
155	85	0.852962
155	104	0.971753
155	105	1.88417
155	116	0.944925
155	117	1.10809
155	121	1.02243
155	122	1.39161
155	125	1.00566
155	126	0.962142
155	127	0.999928
155	128	0.993307
155	131	1.01674
155	134	1.02433
155	135	1.05968
155	136	1.04505
155	139	0.972777
155	140	0.962427
155	146	0.915731
155	147	0.99092
155	148	0.941711
155	149	0.984864
155	153	0.980683
155	154	0.983587
155	156	0.967094
155	157	0.922885
155	158	0.884287
155	159	0.926267
155	161	0.962942
155	162	0.898362
155	163	0.998405
155	164	0.910931
155	165	0.926237
155	166	0.895997
155	167	0.951322
155	168	0.885263
155	169	0.898394
155	170	0.906742
155	171	0.90712
155	172	0.881721
155	173	0.912382
155	174	0.880802
155	175	0.901353
155	176	0.85345
155	177	0.884535
155	178	0.893389
155	179	0.9035
155	180	0.912979
156	3	1.39805
156	27	1.11677
156	56	0.974322
156	60	1.12105
156	61	1.14275
156	64	0.95335
156	82	1.0485
156	90	1.41014
156	96	1.15996
156	97	0.969134
156	102	1.62948
156	104	0.970409
156	113	0.945372
156	121	1.02109
156	129	0.950043
156	131	1.0154
156	133	1.42181
156	134	1.02299
156	135	1.05833
156	139	0.971432
156	140	0.961082
156	142	0.921527
156	146	0.914386
156	147	0.989575
156	148	0.940366
156	149	0.983519
156	150	1.0166
156	151	0.978369
156	152	0.889401
156	153	0.979338
156	154	0.982242
156	155	0.967094
156	157	0.921541
156	159	0.924922
156	161	0.961597
156	162	0.897017
156	163	0.99706
156	164	0.909586
156	165	0.924892
156	166	0.894652
156	168	0.883918
156	169	0.897049
156	170	0.905397
156	171	0.905775
156	173	0.911037
156	174	0.879457
156	175	0.900008
156	176	0.852105
156	177	0.88319
156	178	0.892045
156	179	0.902155
156	180	0.911634
157	25	1.06677
157	34	1.25336
157	36	0.788051
157	39	0.87192
157	46	1.01644
157	48	0.868028
157	54	1.89167
157	96	1.55779
157	110	0.950295
157	120	2.04022
157	121	0.976881
157	125	0.960109
157	126	0.916589
157	127	0.954375
157	131	0.97119
157	134	0.978782
157	135	1.01413
157	136	0.999498
157	140	0.916873
157	143	1.63728
157	145	1.61967
157	146	0.870178
157	147	0.945367
157	148	0.896158
157	149	0.939311
157	150	0.972395
157	151	0.93416
157	153	0.93513
157	154	0.938034
157	155	0.922885
157	156	0.921541
157	159	0.880713
157	161	0.917389
157	162	0.852809
157	163	0.952852
157	164	0.865378
157	165	0.880683
157	166	0.850444
157	167	0.905769
157	169	0.852841
157	170	0.861189
157	171	0.861567
157	172	0.836168
157	173	0.866828
157	175	0.8558
157	176	0.807897
157	177	0.838982
157	178	0.847836
157	179	0.857947
157	180	0.867426
158	1	0.919699
158	4	0.87577
158	5	0.896945
158	7	0.86789
158	15	0.995774
158	24	0.856817
158	26	0.841628
158	27	0.8834
158	28	0.870504
158	31	0.924158
158	40	1.03246
158	42	0.856786
158	44	0.917096
158	47	0.916595
158	49	0.909987
158	53	0.890045
158	60	0.882895
158	70	0.940133
158	72	0.867027
158	73	0.924185
158	83	0.907864
158	107	2.51692
158	114	2.46886
158	118	2.04677
158	124	0.830002
158	130	0.895148
158	140	0.878275
158	142	0.83872
158	145	0.891691
158	153	0.896531
158	154	0.899435
158	155	0.884287
158	160	2.0293
158	161	0.878791
158	162	0.81421
158	163	0.914254
158	165	0.842085
158	167	0.86717
158	168	0.801112
158	170	0.82259
158	171	0.822969
158	172	0.79757
158	175	0.817202
158	176	0.769298
158	177	0.800383
158	178	0.809238
158	179	0.819348
158	180	0.828827
159	38	1.70445
159	39	0.875301
159	59	1.00133
159	69	0.910718
159	77	1.56339
159	82	1.00768
159	93	1.01207
159	99	0.829134
159	101	1.19817
159	102	2.22279
159	110	0.953676
159	116	0.902753
159	118	1.49608
159	119	0.929985
159	121	0.980262
159	127	0.957756
159	129	0.909216
159	130	0.937127
159	131	0.974571
159	133	2.01512
159	134	0.982163
159	139	0.930605
159	140	0.920254
159	146	0.873559
159	147	0.948748
159	149	0.942692
159	151	0.937542
159	153	0.938511
159	154	0.941415
159	155	0.926267
159	156	0.924922
159	157	0.880713
159	161	0.92077
159	162	0.85619
159	163	0.956233
159	164	0.868759
159	165	0.884065
159	166	0.853825
159	167	0.90915
159	168	0.843091
159	169	0.856222
159	170	0.86457
159	171	0.864948
159	172	0.839549
159	174	0.83863
159	175	0.859181
159	176	0.811278
159	177	0.842363
159	178	0.851217
159	179	0.861328
159	180	0.870807
160	8	1.08081
160	12	0.966115
160	20	1.03961
160	23	1.04144
160	29	1.05313
160	30	0.954819
160	32	1.01695
160	33	0.925564
160	37	1.01129
160	38	1.01122
160	45	0.989121
160	48	2.46185
160	51	0.979586
160	52	1.00071
160	55	0.992847
160	57	0.978456
160	65	0.973597
160	71	1.03939
160	76	1.01545
160	81	1.00069
160	84	1.07842
160	86	0.930807
160	88	0.993775
160	89	0.991356
160	92	0.991237
160	94	1.03896
160	95	1.04663
160	97	0.753678
160	101	0.974507
160	102	0.972632
160	106	0.965017
160	108	1.01719
160	111	1.00027
160	114	1.04937
160	115	0.99785
160	122	1.0261
160	123	1.0177
160	124	0.930337
160	127	0.454958
160	130	0.891149
160	132	0.994118
160	137	1.014
160	138	1.01271
160	141	1.00036
160	143	1.03674
160	144	1.02187
160	152	0.90693
160	154	0.670021
160	158	2.0293
160	161	0.518564
160	163	0.610044
160	165	1.6935
160	169	0.914578
160	178	2.04619
160	179	1.67603
161	18	1.98096
161	19	1.43681
161	39	0.911977
161	46	1.0565
161	48	0.908085
161	52	1.76151
161	72	1.82497
161	74	1.00513
161	75	0.943918
161	91	1.47198
161	104	0.966257
161	107	1.00618
161	113	0.941221
161	116	0.939429
161	119	0.966661
161	121	1.01694
161	124	0.908657
161	125	1.00017
161	126	0.956646
161	127	0.994432
161	128	0.98781
161	130	0.973803
161	135	1.05418
161	136	1.03956
161	139	0.967281
161	140	0.95693
161	144	1.00019
161	145	0.855098
161	146	0.910234
161	147	0.985424
161	148	0.936215
161	150	1.01245
161	151	0.974217
161	153	0.975187
161	154	0.97809
161	155	0.962942
161	156	0.961597
161	157	0.917389
161	158	0.878791
161	159	0.92077
161	160	0.518564
161	162	0.892866
161	163	0.992909
161	164	0.905434
161	165	0.92074
161	166	0.890501
161	167	0.945826
161	168	0.879767
161	169	0.892898
161	170	0.901246
161	171	0.901624
161	172	0.876225
161	173	0.906885
161	175	0.895857
161	176	0.847954
161	177	0.879039
161	178	0.887893
161	179	0.898004
161	180	0.907482
162	25	1.04225
162	48	0.843504
162	49	1.77838
162	58	1.88288
162	80	2.88512
162	82	0.979772
162	97	0.900402
162	99	0.801229
162	104	0.901677
162	109	1.97748
162	110	0.925772
162	116	0.874848
162	121	0.952357
162	123	2.47614
162	124	0.844077
162	126	0.892065
162	131	0.946666
162	132	0.907858
162	134	0.954258
162	135	0.989602
162	136	0.974975
162	139	0.9027
162	140	0.89235
162	144	0.935609
162	146	0.845654
162	147	0.920843
162	149	0.914787
162	150	0.947872
162	151	0.909637
162	152	0.820669
162	153	0.910606
162	155	0.898362
162	156	0.897017
162	157	0.852809
162	158	0.81421
162	159	0.85619
162	161	0.892866
162	163	0.928329
162	164	0.840854
162	165	0.85616
162	166	0.825921
162	167	0.881245
162	168	0.815187
162	169	0.828317
162	170	0.836665
162	171	0.837044
162	172	0.811645
162	173	0.842305
162	174	0.810725
162	175	0.831277
162	176	0.783373
162	177	0.814458
162	178	0.823313
162	179	0.833423
162	180	0.842902
163	6	1.26698
163	29	1.01681
163	33	0.692229
163	36	0.863571
163	39	0.94744
163	59	1.07347
163	69	0.982857
163	71	0.677855
163	76	0.865977
163	81	1.71963
163	85	1.11783
163	88	1.21327
163	93	1.08421
163	97	1.00045
163	104	1.00172
163	115	1.65225
163	116	0.974891
163	120	1.36713
163	121	1.0524
163	125	1.03563
163	126	0.992108
163	127	1.0299
163	128	1.02327
163	129	0.981355
163	131	1.04671
163	134	1.0543
163	136	1.07502
163	139	1.00274
163	140	0.992393
163	146	0.945697
163	147	1.02089
163	148	0.971678
163	150	1.04792
163	151	1.00968
163	153	1.01065
163	154	1.01355
163	155	0.998405
163	156	0.99706
163	157	0.952852
163	158	0.914254
163	159	0.956233
163	160	0.610044
163	161	0.992909
163	162	0.928329
163	164	0.940897
163	165	0.956203
163	166	0.925964
163	167	0.981289
163	168	0.91523
163	169	0.928361
163	170	0.936709
163	171	0.937087
163	172	0.911688
163	173	0.942348
163	174	0.910768
163	175	0.93132
163	176	0.883417
163	177	0.914502
163	178	0.923356
163	179	0.933467
163	180	0.942945
164	7	2.26134
164	36	0.776096
164	55	1.86993
164	56	0.918159
164	69	0.895382
164	74	0.953117
164	75	1.85097
164	82	0.992341
164	89	1.92078
164	93	0.996735
164	97	0.912971
164	99	0.813798
164	104	0.914246
164	110	0.93834
164	119	0.91465
164	120	2.18271
164	123	1.51427
164	125	0.948154
164	126	0.904634
164	129	0.89388
164	131	0.959235
164	134	0.966827
164	135	1.00217
164	136	0.987543
164	139	0.915269
164	140	0.904919
164	146	0.858223
164	147	0.933412
164	148	0.884203
164	149	0.927356
164	150	0.960441
164	151	0.922206
164	152	0.833238
164	153	0.923175
164	154	0.926079
164	155	0.910931
164	156	0.909586
164	157	0.865378
164	159	0.868759
164	161	0.905434
164	162	0.840854
164	163	0.940897
164	165	0.868729
164	166	0.838489
164	167	0.893814
164	168	0.827755
164	169	0.840886
164	170	0.849234
164	171	0.849612
164	172	0.824214
164	173	0.854874
164	174	0.823294
164	175	0.843845
164	176	0.795942
164	177	0.827027
164	178	0.835882
164	179	0.845992
164	180	0.855471
165	22	1.53652
165	36	0.791402
165	40	0.650049
165	43	0.880723
165	50	0.957719
165	56	0.933465
165	61	1.95096
165	75	2.11886
165	78	2.1567
165	82	1.00765
165	93	1.01204
165	99	0.829104
165	108	1.69341
165	110	0.953646
165	113	0.904515
165	116	0.902723
165	119	0.929955
165	121	0.980232
165	124	0.871952
165	127	0.957726
165	128	0.951105
165	129	0.909186
165	131	0.974541
165	134	0.982133
165	135	1.01748
165	136	1.00285
165	140	0.920225
165	142	0.880669
165	146	0.873529
165	147	0.948718
165	148	0.899509
165	149	0.942662
165	150	0.975747
165	151	0.937512
165	153	0.938481
165	154	0.941385
165	155	0.926237
165	156	0.924892
165	157	0.880683
165	158	0.842085
165	159	0.884065
165	160	1.6935
165	161	0.92074
165	162	0.85616
165	163	0.956203
165	164	0.868729
165	166	0.853795
165	167	0.90912
165	170	0.86454
165	171	0.864918
165	172	0.839519
165	173	0.87018
165	174	0.8386
165	175	0.859151
165	176	0.811248
165	177	0.842333
165	178	0.851187
165	179	0.861298
165	180	0.870777
166	6	2.24578
166	9	0.958465
166	21	0.930817
166	46	0.989553
166	50	0.92748
166	56	0.903226
166	59	0.971065
166	61	1.8463
166	64	0.882254
166	66	2.16125
166	74	0.938184
166	93	0.981802
166	94	2.00167
166	96	1.86351
166	97	0.898038
166	104	0.899312
166	110	0.923407
166	112	1.68148
166	116	0.872484
166	125	0.933221
166	127	0.927487
166	128	0.920865
166	129	0.878947
166	131	0.944302
166	134	0.951894
166	135	0.987237
166	136	0.97261
166	139	0.900336
166	140	0.889985
166	144	0.933244
166	146	0.843289
166	147	0.918479
166	148	0.86927
166	149	0.912423
166	150	0.945507
166	151	0.907272
166	154	0.911145
166	155	0.895997
166	156	0.894652
166	157	0.850444
166	159	0.853825
166	161	0.890501
166	162	0.825921
166	163	0.925964
166	164	0.838489
166	165	0.853795
166	167	0.878881
166	168	0.812822
166	169	0.825953
166	170	0.834301
166	171	0.834679
166	172	0.80928
166	173	0.83994
166	175	0.828912
166	176	0.781009
166	177	0.812094
166	178	0.820948
166	179	0.831059
166	180	0.840537
167	4	1.84688
167	9	1.01379
167	21	0.986142
167	24	1.34844
167	28	1.88593
167	36	0.816488
167	46	1.04488
167	64	0.937578
167	74	0.993508
167	82	1.03273
167	90	1.1984
167	94	1.08638
167	97	0.953363
167	104	0.954637
167	111	1.45533
167	114	1.11312
167	116	0.927808
167	119	0.955041
167	125	0.988545
167	126	0.945025
167	127	0.982812
167	128	0.97619
167	129	0.934272
167	131	0.999626
167	134	1.00722
167	135	1.04256
167	136	1.02793
167	137	1.05179
167	138	1.41373
167	139	0.95566
167	140	0.94531
167	146	0.898614
167	147	0.973803
167	148	0.924595
167	149	0.967748
167	150	1.00083
167	151	0.962597
167	153	0.963566
167	154	0.96647
167	155	0.951322
167	157	0.905769
167	158	0.86717
167	159	0.90915
167	161	0.945826
167	162	0.881245
167	163	0.981289
167	164	0.893814
167	165	0.90912
167	166	0.878881
167	168	0.868147
167	169	0.881278
167	170	0.889625
167	171	0.890004
167	172	0.864605
167	173	0.895265
167	174	0.863685
167	175	0.884237
167	176	0.836333
167	177	0.867418
167	178	0.876273
167	179	0.886383
167	180	0.895862
168	10	2.1048
168	39	0.834298
168	43	0.83975
168	48	0.830406
168	50	0.916746
168	56	0.892492
168	59	0.960331
168	60	2.70203
168	71	2.53409
168	74	0.92745
168	82	0.966673
168	93	0.971068
168	97	0.887304
168	99	0.788131
168	104	0.888578
168	109	2.05627
168	110	0.912673
168	116	0.86175
168	119	0.888982
168	121	0.939259
168	125	0.922487
168	126	0.878967
168	127	0.916753
168	128	0.910131
168	129	0.868213
168	131	0.933568
168	135	0.976503
168	136	0.961876
168	139	0.889602
168	142	0.839696
168	145	2.80281
168	146	0.832555
168	147	0.907745
168	148	0.858536
168	149	0.901689
168	150	0.934773
168	151	0.896538
168	153	0.897508
168	154	0.900411
168	155	0.885263
168	156	0.883918
168	158	0.801112
168	159	0.843091
168	161	0.879767
168	162	0.815187
168	163	0.91523
168	164	0.827755
168	166	0.812822
168	167	0.868147
168	169	0.815219
168	170	0.823567
168	171	0.823945
168	172	0.798546
168	173	0.829206
168	174	0.797626
168	175	0.818178
168	176	0.770275
168	177	0.80136
168	178	0.810214
168	179	0.820325
168	180	0.829803
169	8	0.994586
169	12	0.879887
169	13	0.89129
169	22	1.76762
169	23	0.955214
169	29	0.966903
169	32	0.930722
169	37	0.92506
169	38	0.924989
169	45	0.902892
169	47	1.82929
169	57	0.892227
169	58	1.0044
169	67	0.880038
169	68	0.96454
169	70	2.06449
169	71	0.953159
169	75	0.941463
169	79	0.926534
169	87	0.974047
169	90	2.44945
169	91	0.910799
169	92	1.84498
169	101	1.64416
169	103	0.887489
169	107	0.874757
169	109	0.928401
169	112	0.909133
169	118	0.899167
169	120	0.898198
169	124	0.844109
169	142	0.852827
169	143	0.950515
169	144	0.935641
169	145	0.905798
169	153	0.910638
169	154	0.913542
169	155	0.898394
169	156	0.897049
169	157	0.852841
169	159	0.856222
169	160	0.914578
169	161	0.892898
169	162	0.828317
169	163	0.928361
169	164	0.840886
169	166	0.825953
169	167	0.881278
169	168	0.815219
169	171	0.837076
169	172	0.811677
169	173	0.842337
169	174	0.810757
169	175	0.831309
169	177	0.81449
169	178	0.823345
169	179	0.833455
169	180	0.842934
170	9	0.96921
170	10	1.50581
170	11	0.972443
170	15	1.66421
170	21	0.941562
170	25	1.05063
170	36	0.771907
170	39	0.855777
170	43	0.861229
170	46	1.0003
170	49	1.25819
170	50	0.938224
170	56	0.91397
170	57	2.62259
170	68	2.06553
170	69	0.891193
170	74	0.948928
170	97	0.908782
170	99	0.809609
170	104	0.910057
170	110	0.934152
170	117	2.06225
170	119	0.910461
170	121	0.960737
170	126	0.900445
170	127	0.938232
170	128	0.93161
170	129	0.889692
170	130	0.917603
170	131	0.955046
170	134	0.962638
170	135	0.997982
170	136	0.983355
170	139	0.91108
170	142	0.861175
170	143	2.22143
170	146	0.854034
170	148	0.880015
170	149	0.923167
170	150	0.956252
170	151	0.918017
170	152	0.829049
170	153	0.918986
170	154	0.92189
170	155	0.906742
170	156	0.905397
170	157	0.861189
170	158	0.82259
170	159	0.86457
170	161	0.901246
170	162	0.836665
170	163	0.936709
170	164	0.849234
170	165	0.86454
170	166	0.834301
170	167	0.889625
170	168	0.823567
170	171	0.845424
170	172	0.820025
170	173	0.850685
170	174	0.819105
170	175	0.839657
170	176	0.791753
170	177	0.822838
170	178	0.831693
170	179	0.841803
170	180	0.851282
171	3	2.14746
171	8	1.96713
171	11	0.972822
171	21	0.94194
171	24	2.30959
171	34	1.60493
171	42	0.87962
171	48	0.852263
171	50	0.938603
171	56	0.914349
171	59	0.982188
171	64	0.893377
171	69	0.891572
171	74	0.949307
171	82	0.98853
171	93	0.992925
171	99	0.809988
171	104	0.910435
171	108	1.63461
171	116	0.883606
171	119	0.910839
171	121	0.961116
171	123	1.72336
171	125	0.944344
171	126	0.900823
171	127	0.93861
171	128	0.931988
171	131	0.955425
171	132	0.916616
171	134	0.963017
171	136	0.983733
171	137	2.01293
171	139	0.911459
171	140	0.901108
171	146	0.854412
171	147	0.929602
171	148	0.880393
171	149	0.923546
171	150	0.95663
171	151	0.918395
171	152	0.829428
171	153	0.919365
171	154	0.922268
171	155	0.90712
171	156	0.905775
171	157	0.861567
171	158	0.822969
171	159	0.864948
171	161	0.901624
171	162	0.837044
171	163	0.937087
171	164	0.849612
171	165	0.864918
171	166	0.834679
171	167	0.890004
171	168	0.823945
171	169	0.837076
171	170	0.845424
171	172	0.820403
171	173	0.851063
171	174	0.819483
171	175	0.840035
171	176	0.792132
171	177	0.823217
171	178	0.832071
171	179	0.842182
171	180	0.85166
172	9	0.944189
172	11	0.947423
172	25	1.02561
172	43	0.836208
172	46	0.975277
172	48	0.826864
172	50	0.913204
172	51	2.57307
172	59	0.956789
172	64	0.867978
172	69	0.866173
172	70	2.11544
172	74	0.923908
172	82	0.963132
172	83	2.32775
172	93	0.967526
172	94	2.38837
172	97	0.883762
172	103	2.47387
172	104	0.885036
172	116	0.858208
172	119	0.88544
172	121	0.935717
172	124	0.827437
172	125	0.918945
172	126	0.875425
172	127	0.913211
172	128	0.906589
172	129	0.864671
172	130	0.892582
172	131	0.930026
172	132	0.891217
172	134	0.937618
172	135	0.972961
172	136	0.958334
172	139	0.88606
172	140	0.875709
172	141	2.1215
172	146	0.829013
172	147	0.904203
172	148	0.854994
172	149	0.898147
172	150	0.931231
172	151	0.892996
172	152	0.804029
172	153	0.893966
172	154	0.896869
172	155	0.881721
172	157	0.836168
172	158	0.79757
172	159	0.839549
172	161	0.876225
172	162	0.811645
172	163	0.911688
172	164	0.824214
172	165	0.839519
172	166	0.80928
172	167	0.864605
172	168	0.798546
172	169	0.811677
172	170	0.820025
172	171	0.820403
172	173	0.825664
172	174	0.794085
172	175	0.814636
172	176	0.766733
172	177	0.797818
172	178	0.806672
172	179	0.816783
172	180	0.826262
173	11	0.978083
173	19	2.1965
173	20	1.35422
173	25	1.05627
173	30	2.05139
173	39	0.861416
173	43	0.866868
173	46	1.00594
173	48	0.857524
173	50	0.943864
173	59	0.987449
173	64	0.898638
173	66	1.85065
173	69	0.896833
173	74	0.954568
173	76	1.53418
173	93	0.998186
173	97	0.914422
173	99	0.815249
173	104	0.915696
173	107	1.76587
173	110	0.939791
173	116	0.888868
173	119	0.9161
173	121	0.966377
173	125	0.949605
173	126	0.906085
173	127	0.943871
173	128	0.93725
173	129	0.895331
173	132	0.921877
173	134	0.968278
173	135	1.00362
173	136	0.988994
173	139	0.91672
173	140	0.906369
173	143	1.6324
173	144	0.949628
173	145	1.61478
173	146	0.859674
173	147	0.934863
173	148	0.885654
173	149	0.928807
173	150	0.961891
173	151	0.923657
173	152	0.834689
173	153	0.924626
173	154	0.92753
173	155	0.912382
173	156	0.911037
173	157	0.866828
173	161	0.906885
173	162	0.842305
173	163	0.942348
173	164	0.854874
173	165	0.87018
173	166	0.83994
173	167	0.895265
173	168	0.829206
173	169	0.842337
173	170	0.850685
173	171	0.851063
173	172	0.825664
173	174	0.824745
173	175	0.845296
173	176	0.797393
173	177	0.828478
173	178	0.837332
173	179	0.847443
173	180	0.856922
174	1	0.916214
174	6	0.851585
174	13	0.873697
174	14	0.871114
174	16	0.838252
174	18	0.842926
174	27	0.879915
174	41	0.929444
174	44	2.10336
174	47	2.28316
174	49	1.76937
174	54	0.889862
174	58	0.986812
174	61	0.900627
174	62	0.880486
174	63	0.963836
174	67	0.862446
174	68	0.946948
174	71	0.935566
174	75	0.92387
174	77	0.923859
174	78	0.920934
174	79	0.908942
174	80	0.91022
174	83	2.73068
174	85	0.905666
174	86	3.01458
174	87	0.956455
174	91	0.893206
174	92	2.29885
174	96	0.942797
174	98	0.827622
174	100	0.929545
174	103	0.869896
174	107	0.857164
174	109	0.910808
174	112	0.89154
174	113	0.85908
174	118	0.881574
174	120	0.880605
174	130	0.891662
174	132	0.890297
174	141	0.896536
174	142	0.835235
174	143	0.932923
174	145	0.888206
174	148	0.854074
174	149	0.897227
174	150	0.930312
174	152	0.803109
174	154	0.89595
174	155	0.880802
174	156	0.879457
174	159	0.83863
174	162	0.810725
174	163	0.910768
174	164	0.823294
174	165	0.8386
174	167	0.863685
174	168	0.797626
174	169	0.810757
174	170	0.819105
174	171	0.819483
174	172	0.794085
174	173	0.824745
174	175	0.813716
174	176	0.765813
174	177	0.796898
174	178	0.805753
174	179	0.815863
174	180	0.825342
175	9	0.963821
175	11	0.967054
175	21	0.936173
175	32	1.90087
175	39	0.850388
175	43	0.85584
175	45	2.22602
175	48	0.846495
175	55	2.26587
175	58	1.31695
175	64	0.88761
175	67	2.46904
175	69	0.885805
175	74	0.943539
175	82	0.982763
175	93	0.987158
175	97	0.903394
175	99	0.804221
175	104	0.904668
175	108	1.82146
175	110	0.928763
175	116	0.877839
175	119	0.905072
175	121	0.955349
175	126	0.895056
175	127	0.932843
175	128	0.926221
175	129	0.884303
175	131	0.949658
175	132	0.910849
175	134	0.95725
175	135	0.992593
175	136	0.977966
175	137	2.19979
175	139	0.905691
175	140	0.895341
175	142	0.855786
175	144	0.9386
175	146	0.848645
175	147	0.923834
175	148	0.874626
175	149	0.917779
175	150	0.950863
175	151	0.912628
175	152	0.82366
175	153	0.913597
175	154	0.916501
175	155	0.901353
175	156	0.900008
175	157	0.8558
175	158	0.817202
175	159	0.859181
175	161	0.895857
175	162	0.831277
175	163	0.93132
175	164	0.843845
175	165	0.859151
175	166	0.828912
175	167	0.884237
175	168	0.818178
175	169	0.831309
175	170	0.839657
175	171	0.840035
175	172	0.814636
175	173	0.845296
175	174	0.813716
175	176	0.786364
175	177	0.817449
175	178	0.826304
175	179	0.836415
175	180	0.845893
176	9	0.915918
176	11	0.919151
176	21	0.88827
176	25	0.997337
176	29	3.54761
176	36	0.718615
176	39	0.802485
176	40	3.37365
176	42	0.825949
176	43	0.807936
176	46	0.947005
176	48	0.798592
176	50	0.884932
176	56	0.860678
176	59	0.928517
176	62	3.52181
176	64	0.839706
176	69	0.837901
176	74	0.895636
176	82	0.93486
176	85	4.35693
176	93	0.939255
176	99	0.756317
176	104	0.856765
176	110	0.880859
176	116	0.829936
176	119	0.857169
176	121	0.907445
176	125	0.890673
176	126	0.847153
176	127	0.88494
176	128	0.878318
176	129	0.8364
176	130	0.86431
176	131	0.901754
176	134	0.909346
176	135	0.94469
176	136	0.930063
176	139	0.857788
176	140	0.847438
176	142	0.807883
176	144	0.890697
176	146	0.800742
176	147	0.875931
176	148	0.826723
176	149	0.869875
176	150	0.90296
176	151	0.864725
176	152	0.775757
176	153	0.865694
176	154	0.868598
176	155	0.85345
176	156	0.852105
176	157	0.807897
176	158	0.769298
176	159	0.811278
176	161	0.847954
176	162	0.783373
176	163	0.883417
176	164	0.795942
176	165	0.811248
176	166	0.781009
176	167	0.836333
176	168	0.770275
176	170	0.791753
176	171	0.792132
176	172	0.766733
176	173	0.797393
176	174	0.765813
176	175	0.786364
176	177	0.769546
176	178	0.778401
176	179	0.788511
176	180	0.79799
177	1	0.919947
177	9	0.947003
177	11	0.950236
177	14	2.22733
177	21	0.919355
177	25	1.02842
177	26	2.09995
177	35	0.873394
177	36	0.7497
177	39	0.83357
177	42	0.857034
177	43	0.839021
177	46	0.97809
177	48	0.829677
177	50	0.916017
177	56	0.891763
177	59	0.959602
177	64	0.870791
177	69	0.868986
177	74	0.926721
177	76	2.28056
177	93	0.97034
177	97	0.886575
177	98	2.39853
177	99	0.787402
177	104	0.88785
177	106	2.84842
177	110	0.911944
177	116	0.861021
177	118	2.0421
177	119	0.888254
177	121	0.93853
177	122	2.50311
177	124	0.83025
177	125	0.921758
177	126	0.878238
177	127	0.916025
177	128	0.909403
177	129	0.867484
177	130	0.895395
177	131	0.932839
177	132	0.89403
177	134	0.940431
177	135	0.975775
177	136	0.961148
177	139	0.888873
177	140	0.878523
177	142	0.838968
177	144	0.921782
177	146	0.831827
177	147	0.907016
177	148	0.857808
177	149	0.90096
177	150	0.934045
177	151	0.89581
177	152	0.806842
177	153	0.896779
177	154	0.899683
177	155	0.884535
177	156	0.88319
177	157	0.838982
177	158	0.800383
177	159	0.842363
177	161	0.879039
177	162	0.814458
177	163	0.914502
177	164	0.827027
177	165	0.842333
177	166	0.812094
177	167	0.867418
177	168	0.80136
177	169	0.81449
177	170	0.822838
177	171	0.823217
177	172	0.797818
177	173	0.828478
177	174	0.796898
177	175	0.817449
177	176	0.769546
177	178	0.809486
177	179	0.819596
177	180	0.829075
178	1	0.928802
178	9	0.955857
178	11	0.959091
178	15	1.84311
178	21	0.928209
178	25	1.03728
178	35	0.882248
178	36	0.758555
178	39	0.842424
178	43	0.847876
178	44	1.77108
178	46	0.986945
178	50	0.924872
178	56	0.900618
178	58	1.54159
178	59	0.968457
178	64	0.879646
178	68	2.24444
178	69	0.877841
178	74	0.935576
178	82	0.9748
178	89	2.54136
178	93	0.979194
178	97	0.89543
178	98	2.42009
178	99	0.796257
178	104	0.896704
178	110	0.920799
178	113	0.871668
178	116	0.869876
178	119	0.897108
178	121	0.947385
178	124	0.839105
178	125	0.930613
178	126	0.887093
178	127	0.924879
178	128	0.918257
178	129	0.876339
178	130	0.90425
178	131	0.941694
178	132	0.902885
178	134	0.949286
178	135	0.984629
178	136	0.970002
178	139	0.897728
178	140	0.887377
178	141	2.19215
178	142	0.847822
178	144	0.930636
178	146	0.840682
178	147	0.915871
178	148	0.866662
178	149	0.909815
178	150	0.942899
178	151	0.904664
178	152	0.815697
178	153	0.905634
178	154	0.908538
178	155	0.893389
178	156	0.892045
178	157	0.847836
178	158	0.809238
178	159	0.851217
178	160	2.04619
178	161	0.887893
178	162	0.823313
178	163	0.923356
178	164	0.835882
178	165	0.851187
178	166	0.820948
178	167	0.876273
178	168	0.810214
178	169	0.823345
178	170	0.831693
178	171	0.832071
178	172	0.806672
178	173	0.837332
178	174	0.805753
178	175	0.826304
178	176	0.778401
178	177	0.809486
178	179	0.828451
178	180	0.83793
179	1	0.938912
179	9	0.965968
179	11	0.969201
179	16	2.48523
179	21	0.93832
179	25	1.04739
179	35	0.892359
179	36	0.768665
179	37	1.5235
179	39	0.852535
179	43	0.857987
179	46	0.997055
179	48	0.848642
179	50	0.934982
179	56	0.910728
179	59	0.978567
179	64	0.889756
179	69	0.887951
179	71	1.74384
179	74	0.945686
179	82	0.98491
179	93	0.989305
179	97	0.90554
179	99	0.806367
179	104	0.906815
179	110	0.93091
179	112	1.76866
179	113	0.881778
179	116	0.879986
179	117	1.87099
179	119	0.907219
179	121	0.957495
179	122	2.15451
179	123	1.76469
179	124	0.849215
179	125	0.940723
179	126	0.897203
179	127	0.93499
179	128	0.928368
179	129	0.88645
179	130	0.914361
179	131	0.951804
179	132	0.912996
179	134	0.959396
179	135	0.99474
179	136	0.980113
179	139	0.907838
179	140	0.897488
179	142	0.857933
179	144	0.940747
179	145	2.01256
179	146	0.850792
179	147	0.925981
179	148	0.876773
179	149	0.919925
179	150	0.95301
179	151	0.914775
179	152	0.825807
179	153	0.915744
179	154	0.918648
179	155	0.9035
179	156	0.902155
179	157	0.857947
179	158	0.819348
179	159	0.861328
179	160	1.67603
179	161	0.898004
179	162	0.833423
179	163	0.933467
179	164	0.845992
179	165	0.861298
179	166	0.831059
179	167	0.886383
179	168	0.820325
179	169	0.833455
179	170	0.841803
179	171	0.842182
179	172	0.816783
179	173	0.847443
179	174	0.815863
179	175	0.836415
179	176	0.788511
179	177	0.819596
179	178	0.828451
179	180	0.84804
180	1	0.948391
180	9	0.975447
180	11	0.97868
180	21	0.947799
180	25	1.05687
180	31	2.32522
180	34	1.65043
180	35	0.901838
180	36	0.778144
180	39	0.862014
180	40	0.636749
180	42	0.885478
180	43	0.867465
180	46	1.00653
180	48	0.858121
180	50	0.944461
180	56	0.920207
180	59	0.988046
180	63	1.91714
180	64	0.899235
180	69	0.89743
180	74	0.955165
180	78	2.1434
180	82	0.994389
180	88	2.28343
180	92	1.60058
180	93	0.998783
180	97	0.915019
180	99	0.815846
180	104	0.916294
180	109	1.2702
180	110	0.940388
180	113	0.891257
180	116	0.889465
180	117	1.87516
180	118	1.69768
180	119	0.916698
180	121	0.966974
180	124	0.858694
180	125	0.950202
180	126	0.906682
180	127	0.944468
180	128	0.937847
180	129	0.895928
180	130	0.923839
180	131	0.961283
180	132	0.922474
180	134	0.968875
180	135	1.00422
180	136	0.989591
180	139	0.917317
180	140	0.906967
180	142	0.867412
180	144	0.950226
180	146	0.860271
180	147	0.93546
180	148	0.886251
180	149	0.929404
180	150	0.962489
180	151	0.924254
180	152	0.835286
180	153	0.925223
180	154	0.928127
180	155	0.912979
180	156	0.911634
180	157	0.867426
180	158	0.828827
180	159	0.870807
180	161	0.907482
180	162	0.842902
180	163	0.942945
180	164	0.855471
180	165	0.870777
180	166	0.840537
180	167	0.895862
180	168	0.829803
180	169	0.842934
180	170	0.851282
180	171	0.85166
180	172	0.826262
180	173	0.856922
180	174	0.825342
180	175	0.845893
180	176	0.79799
180	177	0.829075
180	178	0.83793
180	179	0.84804
