1	21	1.1142
1	38	1.07594
1	66	1.02451
1	73	1.09805
1	76	0.723652
1	79	1.01235
1	80	1.07694
1	84	1.06542
1	135	1.08094
1	137	1.39906
1	147	1.082
1	159	1.91062
2	126	0.913676
2	135	1.83776
2	145	0.858176
2	146	0.876866
2	161	0.889276
2	164	0.858701
2	169	0.937026
2	172	0.890404
2	175	0.841606
2	178	0.837517
2	179	0.823298
2	180	0.861463
3	53	0.250659
3	122	1.02224
3	138	0.87508
3	152	0.96457
3	158	0.965619
3	166	0.964901
3	167	0.996636
3	170	0.930966
3	175	0.935423
3	178	0.931334
3	179	0.917115
3	180	0.95528
4	9	0.929528
4	11	0.92511
4	20	1.01626
4	34	0.991432
4	36	0.986285
4	52	0.961788
4	58	1.04439
4	129	0.999112
4	144	1.22616
4	165	0.884927
4	171	0.899531
4	172	2.34183
5	15	1.04708
5	28	0.905601
5	38	0.970433
5	66	0.918996
5	73	0.992537
5	79	0.906839
5	84	0.959914
5	107	1.99156
5	135	0.975427
5	147	0.976485
5	154	0.979401
5	160	1.62406
6	45	0.996832
6	56	0.981604
6	74	1.02155
6	88	0.98047
6	91	0.975842
6	93	0.9675
6	97	0.967304
6	102	1.01422
6	155	0.853509
6	160	1.67767
6	164	2.03545
6	173	0.87976
7	26	1.12923
7	31	1.09577
7	47	1.07697
7	60	1.05748
7	63	0.843853
7	117	1.87034
7	129	1.11553
7	138	1.08881
7	139	1.0447
7	146	1.01525
7	165	1.00134
7	180	1.86767
8	22	1.02992
8	27	1.00858
8	29	1.13538
8	46	1.092
8	65	1.06127
8	67	1.14521
8	71	1.04392
8	136	1.79333
8	154	0.774383
8	157	1.1017
8	171	1.61089
8	176	1.00452
9	4	0.929528
9	11	0.927295
9	20	1.01845
9	30	0.930375
9	34	0.993617
9	36	0.98847
9	52	0.963973
9	58	1.04657
9	138	0.974579
9	161	2.51499
9	165	0.887112
9	171	0.901716
10	21	1.13159
10	28	1.02849
10	66	1.04189
10	68	0.724716
10	79	1.02973
10	80	1.09432
10	84	1.08281
10	116	1.01223
10	147	1.09938
10	154	1.10229
10	172	1.47988
10	173	2.28897
11	4	0.92511
11	9	0.927295
11	20	1.01403
11	34	0.989199
11	36	0.984052
11	52	0.959555
11	58	1.04216
11	64	0.705873
11	129	0.99688
11	165	0.882695
11	171	0.897299
11	173	2.78629
12	35	1.09041
12	37	1.08964
12	42	1.06618
12	44	1.08823
12	128	0.891003
12	135	1.09397
12	153	1.02644
12	154	1.09794
12	155	0.959308
12	157	1.10371
12	163	1.39844
12	174	1.89577
13	14	1.15034
13	35	1.08523
13	37	1.08446
13	42	1.061
13	44	1.08305
13	126	1.41456
13	139	1.07879
13	148	1.81274
13	153	1.02125
13	154	1.09276
13	155	0.954126
13	157	1.09853
14	13	1.15034
14	35	1.08318
14	37	1.08241
14	42	1.05895
14	44	1.081
14	63	0.780358
14	146	2.00461
14	153	1.0192
14	154	1.09071
14	155	0.952075
14	157	1.09647
14	169	1.13764
15	5	1.04708
15	28	1.02701
15	38	1.09184
15	66	1.0404
15	73	1.11394
15	79	1.02825
15	80	1.09284
15	84	1.08132
15	122	1.3349
15	134	1.01956
15	142	1.62333
15	154	1.10081
16	27	1.01012
16	29	1.13692
16	46	1.09354
16	65	1.06281
16	67	1.14675
16	71	1.04547
16	116	1.00741
16	125	1.72253
16	140	0.926367
16	157	1.10325
16	175	2.10904
16	176	1.00606
17	53	0.99993
17	75	0.954734
17	81	0.942383
17	101	1.01113
17	105	0.9975
17	106	0.93186
17	119	0.962198
17	121	0.998664
17	137	2.0454
17	144	1.43114
17	171	0.918134
17	176	0.907425
18	22	0.927833
18	27	0.906491
18	29	1.0333
18	46	0.989915
18	65	0.959188
18	67	1.04313
18	71	0.94184
18	114	0.919415
18	154	1.47431
18	157	0.999621
18	162	2.01238
18	176	0.902438
19	54	1.03992
19	109	1.06174
19	111	1.04525
19	114	0.99491
19	118	1.03679
19	120	1.07285
19	123	1.06633
19	124	1.0634
19	127	1.06366
19	139	1.21835
19	149	2.37462
19	154	0.734053
19	173	0.956967
20	4	1.01626
20	9	1.01845
20	11	1.01403
20	33	1.25614
20	34	1.08035
20	36	1.07521
20	52	1.05071
20	58	1.13331
20	131	1.688
20	138	1.06131
20	154	1.2638
20	165	0.973848
20	171	0.988452
21	1	1.1142
21	10	1.13159
21	38	1.05345
21	66	1.00202
21	73	1.07556
21	79	0.98986
21	80	1.05445
21	84	1.04294
21	116	0.972357
21	117	0.985339
21	136	1.34742
21	153	1.12005
21	164	2.02537
22	8	1.02992
22	18	0.927833
22	29	1.00655
22	46	0.963172
22	65	0.932445
22	67	1.01638
22	71	0.915097
22	114	0.892672
22	116	0.877045
22	157	0.972878
22	166	2.26827
22	171	1.73764
22	176	0.875695
23	39	0.965168
23	70	0.914233
23	103	0.926826
23	109	0.955547
23	112	0.943555
23	113	0.944795
23	118	0.930601
23	120	0.966654
23	123	0.960134
23	124	0.957209
23	127	0.957465
23	140	1.18749
23	143	2.53007
24	26	1.09987
24	31	1.06642
24	43	1.05383
24	47	1.04762
24	48	1.05209
24	59	1.23509
24	60	1.02813
24	99	1.10346
24	129	1.08618
24	138	1.05946
24	146	0.985895
24	162	1.99099
24	165	0.971992
25	34	1.01758
25	37	0.456795
25	74	0.992182
25	119	0.969745
25	121	1.00621
25	138	0.998543
25	163	0.964529
25	165	0.911077
25	171	0.925681
25	176	0.914971
25	177	0.876805
25	178	0.88563
25	180	0.909577
26	7	1.12923
26	24	1.09987
26	31	1.06482
26	43	1.05223
26	47	1.04602
26	48	1.0505
26	60	1.02653
26	139	1.01375
26	146	0.984298
26	165	0.970395
26	168	0.798957
26	170	1.88302
26	179	2.33699
27	8	1.00858
27	16	1.01012
27	18	0.906491
27	29	0.985212
27	46	0.94183
27	64	0.954498
27	65	0.911103
27	67	0.995041
27	71	0.893755
27	157	0.951536
27	169	1.07728
27	170	3.42562
27	176	0.854353
28	5	0.905601
28	10	1.02849
28	15	1.02701
28	66	0.898924
28	73	0.972465
28	79	0.886767
28	80	0.951357
28	84	0.939842
28	117	0.882246
28	136	2.12867
28	147	0.956413
28	154	0.959329
28	163	1.70575
29	8	1.13538
29	16	1.13692
29	18	1.0333
29	22	1.00655
29	27	0.985212
29	65	1.03791
29	71	1.02056
29	116	0.982508
29	148	0.871088
29	155	3.01113
29	157	1.07834
29	176	0.981159
29	178	1.44233
30	9	0.930375
30	67	0.63564
30	121	0.000149022
30	141	1.07754
30	163	1.08987
30	166	1.04454
30	167	1.07627
30	174	1.03309
30	175	1.01506
30	177	1.00214
30	178	1.01097
30	179	0.99675
30	180	1.03492
31	7	1.09577
31	24	1.06642
31	26	1.06482
31	43	1.01877
31	47	1.01256
31	48	1.01704
31	60	0.993071
31	115	2.33987
31	129	1.05112
31	138	1.0244
31	146	0.950839
31	150	1.14504
31	159	1.12332
31	165	0.936936
32	38	0.317242
32	108	0.393064
32	123	0.634328
32	158	1.02112
32	167	1.05214
32	168	1.02232
32	169	1.08635
32	172	1.03973
32	174	1.00896
32	175	0.990928
32	177	0.978013
32	178	0.986839
32	179	0.97262
32	180	1.01079
33	20	1.25614
33	43	0.978633
33	134	1.07052
33	162	0.955957
33	167	0.961085
33	171	0.935833
33	172	0.94867
33	173	0.904156
33	174	0.917905
33	175	0.899872
33	177	0.886957
33	178	0.895782
33	179	0.881564
33	180	0.919729
34	4	0.991432
34	9	0.993617
34	11	0.989199
34	20	1.08035
34	25	1.01758
34	36	1.05037
34	52	1.02588
34	58	1.10848
34	138	1.03648
34	154	1.18959
34	165	0.949016
34	167	1.89014
34	169	1.36114
34	171	0.96362
35	12	1.09041
35	13	1.08523
35	14	1.08318
35	37	1.0173
35	42	0.993841
35	44	1.0159
35	106	1.38163
35	135	1.02163
35	153	0.954099
35	154	1.0256
35	155	0.88697
35	157	1.03137
35	164	2.11813
35	171	1.25775
36	4	0.986285
36	9	0.98847
36	11	0.984052
36	20	1.07521
36	34	1.05037
36	52	1.02073
36	58	1.10333
36	129	1.05805
36	132	1.51016
36	138	1.03134
36	165	0.943869
36	171	0.958473
36	172	1.22379
36	173	2.03288
37	12	1.08964
37	13	1.08446
37	14	1.08241
37	25	0.456795
37	35	1.0173
37	42	0.993066
37	44	1.01512
37	133	0.663737
37	135	1.02085
37	153	0.953324
37	154	1.02483
37	155	0.886195
37	157	1.0306
37	177	2.88595
38	1	1.07594
38	5	0.970433
38	15	1.09184
38	21	1.05345
38	32	0.317242
38	66	0.963755
38	73	1.0373
38	79	0.951598
38	80	1.01619
38	84	1.00467
38	106	1.99481
38	135	1.02019
38	154	1.02416
38	167	1.73496
39	23	0.965168
39	83	1.03306
39	86	1.01597
39	109	1.02753
39	111	1.01105
39	112	1.01554
39	113	1.01678
39	122	1.19048
39	123	1.03212
39	124	1.02919
39	127	1.02945
39	141	1.74892
39	157	1.04091
39	167	1.65264
40	70	0.90998
40	83	0.956825
40	86	0.939733
40	103	0.922573
40	109	0.951293
40	112	0.939301
40	113	0.940542
40	120	0.962401
40	123	0.95588
40	124	0.952956
40	127	0.953212
40	133	1.30201
40	149	2.76134
40	173	0.846521
41	94	0.270373
41	111	1.17443
41	122	0.993148
41	128	1.05372
41	152	0.935479
41	160	0.932366
41	164	0.923427
41	170	0.901875
41	175	0.906332
41	176	0.931583
41	177	0.893417
41	178	0.902243
41	179	0.888024
41	180	0.926189
42	12	1.06618
42	13	1.061
42	14	1.05895
42	35	0.993841
42	37	0.993066
42	44	0.991663
42	59	1.02439
42	104	1.10747
42	135	0.997394
42	148	1.68225
42	153	0.929865
42	154	1.00137
42	155	0.862736
42	157	1.00714
42	173	2.15104
43	24	1.05383
43	26	1.05223
43	31	1.01877
43	33	0.978633
43	47	0.999975
43	48	1.00445
43	60	0.980486
43	64	1.02839
43	129	1.03854
43	131	1.41049
43	138	1.01182
43	139	0.967705
43	146	0.938253
43	165	0.92435
43	171	1.8228
44	12	1.08823
44	13	1.08305
44	14	1.081
44	35	1.0159
44	37	1.01512
44	42	0.991663
44	135	1.01945
44	143	1.62033
44	153	0.95192
44	154	1.02342
44	155	0.884792
44	157	1.02919
44	166	1.70103
44	176	1.55703
45	6	0.996832
45	49	1.02619
45	51	1.03053
45	74	1.06722
45	88	1.02615
45	91	1.02152
45	93	1.01318
45	97	1.01298
45	102	1.0599
45	132	1.54352
45	145	2.16269
45	146	0.956414
45	155	0.899188
45	172	1.25714
45	173	0.925439
46	8	1.092
46	16	1.09354
46	18	0.989915
46	22	0.963172
46	27	0.94183
46	65	0.994527
46	67	1.07846
46	68	0.943775
46	71	0.977178
46	96	1.40446
46	106	0.962212
46	116	0.939126
46	157	1.03496
46	169	1.94266
46	176	0.937777
47	7	1.07697
47	24	1.04762
47	26	1.04602
47	31	1.01256
47	43	0.999975
47	48	0.998237
47	60	0.974272
47	114	1.27647
47	129	1.03232
47	138	1.0056
47	139	0.961492
47	146	0.932039
47	165	0.918137
47	169	0.601065
47	179	3.28925
48	24	1.05209
48	26	1.0505
48	31	1.01704
48	43	1.00445
48	47	0.998237
48	60	0.978747
48	64	1.02665
48	129	1.0368
48	138	1.01008
48	139	0.965967
48	142	1.20265
48	146	0.936515
48	160	2.01494
48	161	1.50237
48	165	0.922612
49	45	1.02619
49	50	0.943046
49	62	1.09607
49	64	1.05676
49	74	1.05091
49	88	1.00983
49	91	1.00521
49	93	0.996863
49	97	0.996667
49	102	1.04358
49	104	2.0936
49	138	1.01366
49	140	1.39399
49	153	0.950001
49	173	0.909123
50	49	0.943046
50	56	0.944134
50	62	1.02924
50	74	0.984076
50	76	1.34956
50	88	0.943
50	91	0.938373
50	93	0.930031
50	97	0.929834
50	102	0.976748
50	117	0.877588
50	153	0.883168
50	155	0.816039
50	173	0.84229
50	174	2.74176
51	45	1.03053
51	62	1.10041
51	74	1.05525
51	88	1.01417
51	91	1.00954
51	93	1.0012
51	97	1.00101
51	102	1.04792
51	138	1.018
51	146	0.944437
51	154	1.05174
51	155	0.887211
51	171	1.32372
51	173	0.913462
51	178	3.12766
52	4	0.961788
52	9	0.963973
52	11	0.959555
52	20	1.05071
52	34	1.02588
52	36	1.02073
52	58	1.07883
52	59	1.0377
52	96	0.64666
52	129	1.03356
52	138	1.00684
52	160	2.35241
52	165	0.919372
52	167	1.71385
52	171	0.933976
53	3	0.250659
53	17	0.99993
53	61	1.014
53	90	1.01345
53	92	1.06145
53	95	0.995744
53	100	1.00309
53	101	1.04651
53	106	0.967241
53	119	0.99758
53	121	1.03405
53	152	1.27926
53	171	0.953516
53	176	0.942806
53	177	2.67513
54	19	1.03992
54	86	0.984534
54	103	0.967375
54	109	0.996095
54	111	0.979609
54	112	0.984103
54	113	0.985344
54	118	0.971149
54	120	1.0072
54	123	1.00068
54	124	0.997758
54	127	0.998014
54	141	1.7278
54	150	1.84081
54	162	1.46904
54	173	0.891323
55	60	0.2595
55	86	0.611268
55	88	0.761221
55	126	1.02762
55	145	0.97212
55	148	1.00094
55	160	0.981585
55	161	1.00322
55	166	0.985029
55	167	1.01676
55	168	0.986939
55	172	1.00435
55	177	0.942636
55	178	0.951461
55	179	0.937243
55	180	0.975408
56	6	0.981604
56	50	0.944134
56	62	1.09716
56	74	1.052
56	78	0.685445
56	88	1.01092
56	91	1.00629
56	93	0.997952
56	97	0.997755
56	102	1.04467
56	146	0.941186
56	153	0.951089
56	155	0.88396
56	173	0.910211
56	176	1.3731
56	179	3.71511
57	61	0.592291
57	74	0.570253
57	120	0.252472
57	144	1.09987
57	148	0.997618
57	159	0.996642
57	161	0.999902
57	164	0.969328
57	169	1.04765
57	170	0.947775
57	174	0.970265
57	175	0.952233
57	177	0.939318
57	178	0.948143
57	179	0.933924
57	180	0.97209
58	4	1.04439
58	9	1.04657
58	11	1.04216
58	20	1.13331
58	34	1.10848
58	36	1.10333
58	52	1.07883
58	69	1.01231
58	85	3.6
58	129	1.11616
58	138	1.08944
58	156	1.15459
58	165	1.00197
58	167	0.923455
58	171	1.01658
58	176	0.821854
59	24	1.23509
59	42	1.02439
59	52	1.0377
59	69	0.971176
59	72	0.440753
59	102	0.194694
59	154	1.05615
59	155	0.917515
59	157	1.06191
59	165	0.960838
59	171	0.975442
59	172	0.988279
59	174	0.957514
59	178	0.935391
59	179	0.921173
59	180	0.959338
60	7	1.05748
60	24	1.02813
60	26	1.02653
60	31	0.993071
60	43	0.980486
60	47	0.974272
60	48	0.978747
60	55	0.2595
60	64	1.00269
60	129	1.01283
60	138	0.986113
60	139	0.942002
60	146	0.91255
60	153	1.78338
60	160	2.33091
60	165	0.898647
61	53	1.014
61	57	0.592291
61	72	0.968311
61	77	1.01592
61	81	0.956453
61	90	0.992136
61	94	1.03507
61	95	0.974432
61	100	0.98178
61	105	1.01157
61	108	1.00405
61	119	0.976268
61	121	1.01273
61	153	1.64304
61	176	0.921494
61	180	2.15264
62	49	1.09607
62	50	1.02924
62	51	1.10041
62	56	1.09716
62	88	1.09602
62	91	1.09139
62	93	1.08305
62	97	1.08286
62	102	1.12977
62	106	1.42356
62	114	2.01553
62	153	1.03619
62	155	0.969061
62	167	1.16371
62	172	1.34112
62	173	0.995312
63	7	0.843853
63	14	0.780358
63	79	1.05905
63	156	1.00538
63	158	0.984627
63	159	0.99884
63	163	1.02924
63	166	0.983909
63	168	0.985818
63	169	1.04985
63	174	0.972464
63	175	0.954431
63	177	0.941516
63	178	0.950341
63	179	0.936122
63	180	0.974288
64	11	0.705873
64	27	0.954498
64	43	1.02839
64	48	1.02665
64	49	1.05676
64	60	1.00269
64	65	1.0072
64	71	0.989847
64	123	0.958129
64	126	0.997264
64	149	0.945825
64	162	0.981279
64	165	0.946551
64	169	1.02061
64	176	0.950445
64	180	0.945051
65	8	1.06127
65	16	1.06281
65	18	0.959188
65	22	0.932445
65	27	0.911103
65	29	1.03791
65	46	0.994527
65	64	1.0072
65	67	1.04774
65	71	0.946452
65	106	0.931486
65	142	1.67841
65	154	1.1516
65	157	1.00423
65	158	1.96954
65	176	0.90705
66	1	1.02451
66	5	0.918996
66	10	1.04189
66	15	1.0404
66	21	1.00202
66	28	0.898924
66	38	0.963755
66	73	0.985859
66	79	0.900161
66	80	0.964751
66	84	0.953237
66	135	0.968749
66	144	1.07465
66	147	0.969808
66	154	0.972723
66	175	1.73178
66	179	3.2061
67	8	1.14521
67	16	1.14675
67	18	1.04313
67	22	1.01638
67	27	0.995041
67	30	0.63564
67	46	1.07846
67	65	1.04774
67	71	1.03039
67	106	1.01542
67	114	1.00796
67	116	0.992337
67	140	1.33757
67	151	1.43275
67	157	1.08817
67	169	1.56527
67	176	0.990988
68	10	0.724716
68	46	0.943775
68	86	0.516241
68	108	0.282907
68	131	1.11373
68	132	1.0836
68	148	1.0595
68	152	1.04326
68	158	1.04431
68	159	1.05852
68	162	1.0702
68	166	1.04359
68	174	1.03215
68	175	1.01411
68	177	1.0012
68	179	0.995806
68	180	1.03397
69	58	1.01231
69	59	0.971176
69	71	1.44417
69	73	1.16475
69	85	0.822125
69	98	0.919175
69	110	0.948304
69	118	0.915603
69	123	0.945136
69	124	0.942212
69	127	0.942468
69	161	0.879162
69	165	0.85285
69	171	0.867454
69	172	0.880291
69	178	0.827403
69	179	0.813185
69	180	0.85135
70	23	0.914233
70	40	0.90998
70	83	0.982129
70	86	0.965036
70	98	0.955223
70	103	0.947877
70	109	0.976597
70	111	0.960111
70	112	0.964605
70	118	0.951651
70	120	0.987705
70	123	0.981184
70	124	0.97826
70	127	0.978516
70	147	0.98129
70	153	1.31015
70	155	3.92168
70	168	1.73955
71	8	1.04392
71	16	1.04547
71	18	0.94184
71	22	0.915097
71	27	0.893755
71	29	1.02056
71	46	0.977178
71	64	0.989847
71	65	0.946452
71	67	1.03039
71	69	1.44417
71	106	0.914137
71	114	0.906678
71	116	0.891051
71	144	1.07693
71	157	0.986884
71	158	2.13258
71	176	0.889702
72	59	0.440753
72	61	0.968311
72	75	0.944426
72	81	0.932076
72	90	0.967759
72	92	1.01576
72	94	1.01069
72	100	0.957403
72	101	1.00083
72	105	0.987192
72	108	0.979672
72	119	0.951891
72	121	0.988357
72	139	0.936578
72	163	1.2546
72	171	0.907827
72	176	0.897117
72	178	3.29903
73	1	1.09805
73	5	0.992537
73	15	1.11394
73	21	1.07556
73	28	0.972465
73	38	1.0373
73	66	0.985859
73	69	1.16475
73	79	0.973702
73	80	1.03829
73	84	1.02678
73	116	0.956199
73	134	0.958269
73	135	1.04229
73	147	1.04335
73	154	1.04626
73	161	1.86176
73	169	1.20677
74	6	1.02155
74	25	0.992182
74	45	1.06722
74	49	1.05091
74	50	0.984076
74	51	1.05525
74	56	1.052
74	57	0.570253
74	88	1.05086
74	91	1.04624
74	93	1.03789
74	97	1.0377
74	102	1.08461
74	130	1.38957
74	146	0.981128
74	153	0.99103
74	156	1.75393
74	173	0.950153
75	17	0.954734
75	72	0.944426
75	81	0.932568
75	92	1.01625
75	94	1.01119
75	95	0.950548
75	100	0.957895
75	101	1.00132
75	105	0.987685
75	108	0.980164
75	117	1.62381
75	119	0.952383
75	121	0.988849
75	139	0.93707
75	152	1.516
75	171	0.908319
75	175	2.41079
75	176	0.89761
76	1	0.723652
76	50	1.34956
76	89	0.921785
76	93	0.963631
76	115	0.950755
76	132	1.00598
76	149	0.957123
76	159	0.980902
76	162	0.992578
76	166	0.96597
76	167	0.997705
76	168	0.96788
76	172	0.98529
76	175	0.936492
76	177	0.923577
76	178	0.932403
76	179	0.918184
76	180	0.956349
77	61	1.01592
77	81	0.979681
77	90	1.01536
77	92	1.06336
77	94	1.0583
77	95	0.99766
77	100	1.00501
77	101	1.04843
77	105	1.0348
77	108	1.02728
77	119	0.999496
77	121	1.03596
77	129	1.05501
77	132	1.55674
77	146	1.43094
77	161	1.21895
77	171	0.955432
77	173	2.07946
77	176	0.944722
78	56	0.685445
78	85	0.960942
78	88	0.858323
78	90	0.0639885
78	96	1.10378
78	109	0.621891
78	134	1.14096
78	150	1.03601
78	152	0.999456
78	156	1.02126
78	167	1.03152
78	169	1.06573
78	170	0.965853
78	172	1.01911
78	174	0.988343
78	175	0.97031
78	177	0.957395
78	179	0.952002
78	180	0.990167
79	1	1.01235
79	5	0.906839
79	10	1.02973
79	15	1.02825
79	21	0.98986
79	28	0.886767
79	38	0.951598
79	63	1.05905
79	66	0.900161
79	73	0.973702
79	80	0.952594
79	84	0.94108
79	116	0.870501
79	117	0.883483
79	135	0.956592
79	139	1.72908
79	147	0.95765
79	154	0.960566
79	159	2.1329
80	1	1.07694
80	10	1.09432
80	15	1.09284
80	21	1.05445
80	28	0.951357
80	38	1.01619
80	66	0.964751
80	73	1.03829
80	79	0.952594
80	84	1.00567
80	116	0.935091
80	117	0.948073
80	135	1.02118
80	143	1.66074
80	147	1.02224
80	154	1.02516
80	163	0.97033
80	166	1.74145
80	173	2.06136
81	17	0.942383
81	61	0.956453
81	72	0.932076
81	75	0.932568
81	77	0.979681
81	82	4
81	90	0.955901
81	92	1.0039
81	94	0.998836
81	95	0.938197
81	100	0.945545
81	108	0.967814
81	119	0.940033
81	121	0.976499
81	147	0.973758
81	155	2.46719
81	166	0.828019
81	171	0.895969
81	176	0.885259
82	81	4
82	106	0.848224
82	122	0.885352
82	125	0.846018
82	134	0.969184
82	145	0.815106
82	149	0.819168
82	154	0.915202
82	158	0.828733
82	159	0.842947
82	161	0.846207
82	166	0.828015
82	167	0.85975
82	169	0.893957
82	174	0.81657
82	175	0.798537
82	177	0.785622
82	178	0.794447
82	179	0.780229
82	180	0.818394
83	39	1.03306
83	40	0.956825
83	70	0.982129
83	87	1.4148
83	98	1.00207
83	103	0.994722
83	111	1.00696
83	112	1.01145
83	113	1.01269
83	116	0.940986
83	118	0.998497
83	120	1.03455
83	123	1.02803
83	124	1.0251
83	126	1.20035
83	127	1.02536
83	147	1.02814
83	168	2.40739
83	173	0.918671
83	174	1.47363
84	1	1.06542
84	5	0.959914
84	10	1.08281
84	15	1.08132
84	21	1.04294
84	28	0.939842
84	38	1.00467
84	66	0.953237
84	73	1.02678
84	79	0.94108
84	80	1.00567
84	116	0.923577
84	117	0.936559
84	135	1.00967
84	147	1.01073
84	149	1.52428
84	154	1.01364
84	156	0.808213
84	168	1.91082
84	178	2.52416
85	58	3.6
85	69	0.822125
85	78	0.960942
85	99	0.986168
85	132	0.859914
85	136	0.854033
85	137	0.881813
85	143	0.838357
85	144	0.938064
85	150	0.856132
85	162	0.846516
85	168	0.821818
85	174	0.808463
85	175	0.79043
85	177	0.777515
85	178	0.786341
85	179	0.772122
85	180	0.810287
86	39	1.01597
86	40	0.939733
86	54	0.984534
86	55	0.611268
86	68	0.516241
86	70	0.965036
86	98	0.984976
86	103	0.97763
86	109	1.00635
86	111	0.989864
86	112	0.994358
86	113	0.995599
86	118	0.981404
86	120	1.01746
86	123	1.01094
86	124	1.00801
86	127	1.00827
86	156	2.26807
86	157	1.01973
86	163	1.93959
86	173	0.901578
87	83	1.4148
87	108	2.14476
87	137	0.921445
87	139	0.894775
87	140	0.974776
87	141	0.892543
87	143	0.87799
87	150	0.895764
87	151	0.968982
87	159	0.874473
87	161	0.877733
87	162	0.886148
87	163	0.904873
87	166	0.859541
87	168	0.861451
87	169	0.925483
87	172	0.878861
87	178	0.825973
87	179	0.811755
87	180	0.84992
88	6	0.98047
88	45	1.02615
88	49	1.00983
88	50	0.943
88	51	1.01417
88	55	0.761221
88	56	1.01092
88	62	1.09602
88	74	1.05086
88	78	0.858323
88	91	1.00516
88	93	0.996818
88	97	0.996621
88	102	1.04353
88	117	0.944375
88	139	1.97782
88	146	0.940052
88	153	0.949955
88	155	0.882826
88	169	1.66508
88	173	0.909077
89	76	0.921785
89	107	0.820756
89	129	3.31563
89	133	0.922955
89	137	0.876473
89	140	0.929804
89	144	0.932725
89	150	0.850792
89	151	0.92401
89	156	0.83604
89	158	0.815287
89	169	0.880511
89	170	0.780634
89	173	0.789375
89	174	0.803124
89	175	0.785091
89	177	0.772176
89	178	0.781001
89	179	0.766783
89	180	0.804948
90	53	1.01345
90	61	0.992136
90	72	0.967759
90	77	1.01536
90	78	0.0639885
90	81	0.955901
90	92	1.03958
90	94	1.03452
90	95	0.973881
90	100	0.981228
90	101	1.02465
90	105	1.01102
90	108	1.0035
90	119	0.975716
90	121	1.01218
90	139	0.960403
90	149	2.33976
90	159	1.58731
90	165	2.08371
90	171	0.931652
90	176	0.920943
91	6	0.975842
91	45	1.02152
91	49	1.00521
91	50	0.938373
91	51	1.00954
91	56	1.00629
91	62	1.09139
91	74	1.04624
91	88	1.00516
91	93	0.99219
91	97	0.991993
91	102	1.03891
91	117	0.939747
91	130	1.47183
91	137	1.28824
91	138	1.00899
91	153	0.945327
91	155	0.878199
91	171	1.7482
91	173	0.904449
91	176	2.13482
92	53	1.06145
92	72	1.01576
92	75	1.01625
92	77	1.06336
92	81	1.0039
92	90	1.03958
92	94	1.08252
92	95	1.02188
92	99	0.644629
92	100	1.02923
92	101	1.07265
92	105	1.05902
92	108	1.0515
92	119	1.02372
92	121	1.06018
92	147	1.05744
92	150	1.4949
92	161	1.4116
92	165	1.96958
92	171	0.979653
92	176	0.968943
92	180	1.88624
93	6	0.9675
93	45	1.01318
93	49	0.996863
93	50	0.930031
93	51	1.0012
93	56	0.997952
93	62	1.08305
93	74	1.03789
93	76	0.963631
93	88	0.996818
93	91	0.99219
93	97	0.983651
93	102	1.03057
93	117	0.931405
93	138	1.00065
93	140	1.20634
93	146	0.927083
93	153	0.936985
93	155	0.869857
93	163	1.85851
93	171	2.099
93	173	0.896107
94	41	0.270373
94	61	1.03507
94	72	1.01069
94	75	1.01119
94	77	1.0583
94	81	0.998836
94	90	1.03452
94	92	1.08252
94	95	1.01682
94	100	1.02416
94	101	1.06759
94	105	1.05395
94	108	1.04643
94	119	1.01865
94	121	1.05512
94	125	1.61768
94	129	1.07417
94	146	0.951894
94	147	1.05238
94	165	1.29788
94	170	3.02454
94	176	0.963877
95	53	0.995744
95	61	0.974432
95	75	0.950548
95	77	0.99766
95	81	0.938197
95	90	0.973881
95	92	1.02188
95	94	1.01682
95	100	0.963524
95	101	1.00695
95	105	0.993314
95	108	0.985793
95	119	0.958012
95	121	0.994478
95	129	1.01353
95	130	1.61303
95	133	1.23412
95	145	2.83639
95	147	0.991737
95	154	1.05289
95	171	0.913948
95	176	0.903239
96	46	1.40446
96	52	0.64666
96	78	1.10378
96	109	0.890451
96	115	0.947531
96	121	0.391584
96	136	0.996871
96	150	0.99897
96	151	1.07219
96	153	0.97843
96	156	0.984217
96	160	0.959303
96	164	0.950363
96	168	0.964656
96	169	1.02869
96	170	0.928811
96	172	0.982066
96	174	0.951301
96	175	0.933268
96	178	0.929179
96	179	0.91496
96	180	0.953125
97	6	0.967304
97	45	1.01298
97	49	0.996667
97	50	0.929834
97	51	1.00101
97	56	0.997755
97	62	1.08286
97	74	1.0377
97	88	0.996621
97	91	0.991993
97	93	0.983651
97	102	1.03037
97	114	1.70801
97	117	0.931208
97	134	0.763202
97	138	1.00045
97	146	0.926886
97	153	0.936789
97	155	0.86966
97	170	3.26682
97	173	0.895911
97	180	1.45683
98	69	0.919175
98	70	0.955223
98	83	1.00207
98	86	0.984976
98	103	0.967816
98	109	0.996536
98	111	0.98005
98	112	0.984545
98	113	0.985785
98	114	0.929707
98	118	0.971591
98	120	1.00764
98	123	1.00112
98	124	0.998199
98	127	0.998455
98	141	0.910218
98	147	1.00123
98	157	1.00991
98	165	1.49791
98	168	2.1405
98	173	0.891765
98	178	2.75384
99	24	1.10346
99	85	0.986168
99	92	0.644629
99	127	0.61695
99	135	0.355619
99	150	1.06124
99	151	1.13446
99	152	1.02468
99	156	1.04648
99	157	0.427085
99	158	1.02573
99	161	1.04321
99	162	1.05162
99	163	1.07035
99	167	1.05675
99	169	1.09096
99	174	1.01357
99	175	0.995536
99	177	0.982621
99	178	0.991446
99	179	0.977228
99	180	1.01539
100	53	1.00309
100	61	0.98178
100	72	0.957403
100	75	0.957895
100	77	1.00501
100	81	0.945545
100	90	0.981228
100	92	1.02923
100	94	1.02416
100	95	0.963524
100	101	1.01429
100	105	1.00066
100	106	0.935022
100	108	0.993141
100	117	1.90585
100	119	0.96536
100	121	1.00183
100	141	1.39883
100	153	1.39358
100	164	2.29889
100	171	0.921296
100	176	0.910586
101	17	1.01113
101	53	1.04651
101	72	1.00083
101	75	1.00132
101	77	1.04843
101	90	1.02465
101	92	1.07265
101	94	1.06759
101	95	1.00695
101	100	1.01429
101	105	1.04408
101	108	1.03656
101	110	1.14628
101	119	1.00878
101	121	1.04525
101	128	1.23143
101	137	1.51939
101	139	0.99347
101	147	1.04251
101	151	1.18187
101	152	2.33888
101	171	0.964719
101	176	0.954009
102	6	1.01422
102	45	1.0599
102	49	1.04358
102	50	0.976748
102	51	1.04792
102	56	1.04467
102	59	0.194694
102	62	1.12977
102	74	1.08461
102	88	1.04353
102	91	1.03891
102	93	1.03057
102	97	1.03037
102	117	0.978122
102	138	1.04736
102	146	0.9738
102	148	1.63077
102	153	0.983703
102	155	0.916574
102	159	1.30064
102	167	1.11307
102	173	0.942825
102	178	3.05297
103	23	0.926826
103	40	0.922573
103	54	0.967375
103	70	0.947877
103	83	0.994722
103	86	0.97763
103	98	0.967816
103	111	0.972704
103	112	0.977198
103	113	0.978439
103	114	0.922361
103	118	0.964245
103	120	1.0003
103	123	0.993777
103	124	0.990853
103	127	0.991109
103	128	1.24946
103	135	0.992825
103	144	0.923161
103	157	1.00257
103	173	0.884418
103	176	2.384
103	180	2.46205
104	42	1.10747
104	49	2.0936
104	107	0.918012
104	136	0.94595
104	137	0.97373
104	143	0.930274
104	144	1.02998
104	145	0.898917
104	147	0.730864
104	156	0.933296
104	158	0.912543
104	159	0.926757
104	161	0.930017
104	164	0.899442
104	166	0.911825
104	169	0.977767
104	170	0.87789
104	174	0.90038
104	176	0.907598
104	177	0.869432
104	178	0.878258
104	179	0.864039
104	180	0.902204
105	17	0.9975
105	61	1.01157
105	72	0.987192
105	75	0.987685
105	77	1.0348
105	90	1.01102
105	92	1.05902
105	94	1.05395
105	95	0.993314
105	100	1.00066
105	101	1.04408
105	108	1.02293
105	119	0.995149
105	121	1.03162
105	129	1.05067
105	131	1.28797
105	134	0.786824
105	139	0.979836
105	147	1.02887
105	156	1.78827
105	161	1.69032
105	166	2.23091
105	171	0.951085
105	176	0.940376
106	17	0.93186
106	35	1.38163
106	38	1.99481
106	46	0.962212
106	53	0.967241
106	62	1.42356
106	65	0.931486
106	67	1.01542
106	71	0.914137
106	82	0.848224
106	100	0.935022
106	108	0.957291
106	114	0.891712
106	119	0.92951
106	121	0.965975
106	139	0.914197
106	157	0.971918
106	166	0.878963
106	172	0.898283
106	176	0.874736
106	177	0.83657
106	178	0.845395
106	179	0.831176
106	180	0.869342
107	5	1.99156
107	89	0.820756
107	104	0.918012
107	120	2.21826
107	130	0.907874
107	137	0.926845
107	142	0.909949
107	144	0.983097
107	158	0.865659
107	160	0.861497
107	161	0.883133
107	163	0.910273
107	164	0.852558
107	167	0.896676
107	168	0.866851
107	170	0.831006
107	172	0.884261
107	173	0.839747
107	174	0.853496
107	175	0.835463
107	177	0.822548
107	178	0.831373
107	179	0.817155
107	180	0.85532
108	32	0.393064
108	61	1.00405
108	68	0.282907
108	72	0.979672
108	75	0.980164
108	77	1.02728
108	81	0.967814
108	87	2.14476
108	90	1.0035
108	92	1.0515
108	94	1.04643
108	95	0.985793
108	100	0.993141
108	101	1.03656
108	105	1.02293
108	106	0.957291
108	110	1.11368
108	119	0.987629
108	121	1.02409
108	129	1.04315
108	139	0.972316
108	146	2.14877
108	147	1.02135
108	171	0.943565
108	176	0.932855
109	19	1.06174
109	23	0.955547
109	39	1.02753
109	40	0.951293
109	54	0.996095
109	70	0.976597
109	78	0.621891
109	86	1.00635
109	96	0.890451
109	98	0.996536
109	111	1.00142
109	112	1.00592
109	113	1.00716
109	116	0.935455
109	118	0.992965
109	120	1.02902
109	123	1.0225
109	124	1.01957
109	127	1.01983
109	134	1.18014
109	142	1.7839
109	147	1.0226
109	157	1.03129
109	159	2.14521
109	173	0.913139
110	69	0.948304
110	101	1.14628
110	108	1.11368
110	122	1.00342
110	123	1.35494
110	125	0.964091
110	137	1.00799
110	145	0.933179
110	148	0.961995
110	157	0.33703
110	159	0.961019
110	160	0.942644
110	162	0.972695
110	164	0.933705
110	166	0.946087
110	167	0.977822
110	168	0.947997
110	169	1.01203
110	172	0.965407
110	174	0.934642
110	175	0.916609
110	177	0.903694
110	178	0.91252
110	179	0.898301
110	180	0.936467
111	19	1.04525
111	39	1.01105
111	41	1.17443
111	54	0.979609
111	70	0.960111
111	83	1.00696
111	86	0.989864
111	98	0.98005
111	103	0.972704
111	109	1.00142
111	112	0.989433
111	113	0.990673
111	116	0.918968
111	118	0.976479
111	120	1.01253
111	123	1.00601
111	124	1.00309
111	127	1.00334
111	128	0.906004
111	135	1.00506
111	141	1.61424
111	145	2.60092
111	147	1.00612
111	157	1.0148
111	162	1.35549
111	173	0.896653
112	23	0.943555
112	39	1.01554
112	40	0.939301
112	54	0.984103
112	70	0.964605
112	83	1.01145
112	86	0.994358
112	98	0.984545
112	103	0.977198
112	109	1.00592
112	111	0.989433
112	113	0.995167
112	118	0.980973
112	120	1.01703
112	123	1.01051
112	124	1.00758
112	127	1.00784
112	134	0.984052
112	135	1.00955
112	137	0.947918
112	147	1.01061
112	152	1.7674
112	157	1.0193
112	173	0.901147
112	176	1.7945
112	177	3.16328
113	23	0.944795
113	39	1.01678
113	40	0.940542
113	54	0.985344
113	83	1.01269
113	86	0.995599
113	98	0.985785
113	103	0.978439
113	109	1.00716
113	111	0.990673
113	112	0.995167
113	114	0.94033
113	118	0.982214
113	120	1.01827
113	123	1.01175
113	124	1.00882
113	126	1.80955
113	127	1.00908
113	128	1.07806
113	131	1.41368
113	135	1.01079
113	147	1.01185
113	157	1.02054
113	172	1.86743
113	173	0.902387
113	174	2.08283
114	18	0.919415
114	19	0.99491
114	22	0.892672
114	47	1.27647
114	62	2.01553
114	67	1.00796
114	71	0.906678
114	97	1.70801
114	98	0.929707
114	103	0.922361
114	106	0.891712
114	113	0.94033
114	118	0.926136
114	120	0.962189
114	123	0.955669
114	149	0.862657
114	156	0.892974
114	157	0.964459
114	161	0.889695
114	166	0.871504
114	170	0.837568
114	175	0.842026
114	176	0.867277
114	179	0.823717
114	180	0.861883
115	31	2.33987
115	76	0.950755
115	96	0.947531
115	122	0.900876
115	130	0.886471
115	131	0.913675
115	141	0.876541
115	142	0.888547
115	147	2.19206
115	151	0.95298
115	152	0.843207
115	155	0.792094
115	159	0.858471
115	161	0.86173
115	163	0.88887
115	166	0.843539
115	167	0.875274
115	168	0.845449
115	169	0.909481
115	172	0.862859
115	174	0.832094
115	175	0.814061
115	177	0.801146
115	178	0.809971
115	179	0.795753
115	180	0.833918
116	10	1.01223
116	16	1.00741
116	21	0.972357
116	22	0.877045
116	29	0.982508
116	46	0.939126
116	67	0.992337
116	71	0.891051
116	73	0.956199
116	79	0.870501
116	80	0.935091
116	83	0.940986
116	84	0.923577
116	109	0.935455
116	111	0.918968
116	118	0.910509
116	120	0.946562
116	123	0.940042
116	124	0.937117
116	127	0.937373
116	130	1.92556
116	147	0.940148
116	151	1.40445
116	157	0.948832
116	162	1.90349
116	174	2.45876
116	176	0.85165
117	7	1.87034
117	21	0.985339
117	28	0.882246
117	50	0.877588
117	75	1.62381
117	79	0.883483
117	80	0.948073
117	84	0.936559
117	88	0.944375
117	91	0.939747
117	93	0.931405
117	97	0.931208
117	100	1.90585
117	102	0.978122
117	137	0.930762
117	142	0.913866
117	143	0.887307
117	145	0.855949
117	147	0.953129
117	154	0.956045
117	170	0.834923
117	173	0.843664
117	175	0.83938
117	177	0.826465
117	178	0.83529
117	179	0.821072
117	180	0.859237
118	19	1.03679
118	23	0.930601
118	54	0.971149
118	69	0.915603
118	70	0.951651
118	83	0.998497
118	86	0.981404
118	98	0.971591
118	103	0.964245
118	109	0.992965
118	111	0.976479
118	112	0.980973
118	113	0.982214
118	114	0.926136
118	116	0.910509
118	120	1.00407
118	123	0.997552
118	124	0.994628
118	127	0.994884
118	135	0.9966
118	144	0.62547
118	147	0.997658
118	151	0.90221
118	157	1.00634
118	166	2.23032
118	173	0.888193
118	175	2.95401
118	176	2.08631
119	17	0.962198
119	25	0.969745
119	53	0.99758
119	61	0.976268
119	72	0.951891
119	75	0.952383
119	77	0.999496
119	81	0.940033
119	90	0.975716
119	92	1.02372
119	94	1.01865
119	95	0.958012
119	100	0.96536
119	101	1.00878
119	105	0.995149
119	106	0.92951
119	108	0.987629
119	121	0.996314
119	129	1.01536
119	134	0.90795
119	139	0.944535
119	142	1.51171
119	147	0.993573
119	148	2.20315
119	158	1.80284
119	171	0.915784
119	174	2.07825
119	176	0.905074
120	19	1.07285
120	23	0.966654
120	40	0.962401
120	54	1.0072
120	57	0.252472
120	70	0.987705
120	83	1.03455
120	86	1.01746
120	98	1.00764
120	103	1.0003
120	107	2.21826
120	109	1.02902
120	111	1.01253
120	112	1.01703
120	113	1.01827
120	114	0.962189
120	116	0.946562
120	118	1.00407
120	123	1.03361
120	124	1.03068
120	127	1.03094
120	135	1.03265
120	136	1.53059
120	139	0.995948
120	147	1.03371
120	150	1.42148
120	157	1.0424
120	173	0.924246
120	180	1.81282
121	17	0.998664
121	25	1.00621
121	30	0.000149022
121	53	1.03405
121	61	1.01273
121	72	0.988357
121	75	0.988849
121	77	1.03596
121	81	0.976499
121	90	1.01218
121	92	1.06018
121	94	1.05512
121	95	0.994478
121	96	0.391584
121	100	1.00183
121	101	1.04525
121	105	1.03162
121	106	0.965975
121	108	1.02409
121	119	0.996314
121	129	1.05183
121	139	0.981001
121	147	1.03004
121	151	0.797254
121	153	1.5498
121	171	0.952249
121	176	0.94154
121	177	3.35014
121	180	2.0594
122	3	1.02224
122	15	1.3349
122	39	1.19048
122	41	0.993148
122	82	0.885352
122	110	1.00342
122	115	0.900876
122	127	1.20479
122	132	0.956097
122	135	0.94346
122	142	0.961099
122	149	0.907245
122	150	0.952315
122	158	0.91681
122	159	0.931023
122	160	0.912648
122	161	0.934283
122	162	0.942699
122	164	0.903709
122	166	0.916092
122	167	0.947826
122	170	0.882156
122	172	0.935411
122	174	0.904646
122	175	0.886614
122	176	0.911865
122	178	0.882524
122	179	0.868305
122	180	0.906471
123	19	1.06633
123	23	0.960134
123	32	0.634328
123	39	1.03212
123	40	0.95588
123	54	1.00068
123	64	0.958129
123	69	0.945136
123	70	0.981184
123	83	1.02803
123	86	1.01094
123	98	1.00112
123	103	0.993777
123	109	1.0225
123	110	1.35494
123	111	1.00601
123	112	1.01051
123	113	1.01175
123	114	0.955669
123	116	0.940042
123	118	0.997552
123	120	1.03361
123	124	1.02416
123	127	1.02442
123	135	1.02613
123	144	1.11379
123	151	1.39053
123	157	1.03587
123	158	2.16945
123	173	0.917726
124	19	1.0634
124	23	0.957209
124	39	1.02919
124	40	0.952956
124	54	0.997758
124	69	0.942212
124	70	0.97826
124	83	1.0251
124	86	1.00801
124	98	0.998199
124	103	0.990853
124	109	1.01957
124	111	1.00309
124	112	1.00758
124	113	1.00882
124	116	0.937117
124	118	0.994628
124	120	1.03068
124	123	1.02416
124	127	1.02149
124	132	1.78958
124	133	0.806488
124	135	1.02321
124	146	1.66378
124	147	1.02427
124	157	1.03295
124	164	2.32215
124	172	1.50321
124	173	0.914801
124	176	1.84839
125	16	1.72253
125	82	0.846018
125	94	1.61768
125	110	0.964091
125	128	0.994663
125	136	0.910882
125	137	0.938662
125	144	0.994913
125	147	1.79172
125	149	0.867911
125	152	0.876426
125	156	0.898228
125	159	0.891689
125	160	0.873314
125	161	0.894949
125	163	0.922089
125	164	0.864375
125	166	0.876758
125	167	0.908492
125	168	0.878667
125	169	0.9427
125	170	0.842822
125	172	0.896077
125	174	0.865312
125	175	0.84728
125	177	0.834365
125	178	0.84319
125	179	0.828971
125	180	0.867137
126	2	0.913676
126	13	1.41456
126	55	1.02762
126	64	0.997264
126	83	1.20035
126	113	1.80955
126	128	1.01925
126	130	0.944278
126	142	0.946354
126	144	1.0195
126	147	0.907467
126	150	0.937569
126	152	0.901014
126	156	0.922817
126	158	0.902064
126	159	0.916278
126	160	0.897902
126	162	0.927953
126	163	0.946677
126	164	0.888963
126	168	0.903256
126	169	0.967288
126	170	0.867411
126	174	0.889901
126	175	0.871868
126	176	0.897119
126	177	0.858953
126	178	0.867778
126	179	0.85356
126	180	0.891725
127	19	1.06366
127	23	0.957465
127	39	1.02945
127	40	0.953212
127	54	0.998014
127	69	0.942468
127	70	0.978516
127	83	1.02536
127	86	1.00827
127	98	0.998455
127	99	0.61695
127	103	0.991109
127	109	1.01983
127	111	1.00334
127	112	1.00784
127	113	1.00908
127	116	0.937373
127	118	0.994884
127	120	1.03094
127	122	1.20479
127	123	1.02442
127	124	1.02149
127	135	1.02346
127	144	0.728695
127	147	1.02452
127	157	1.03321
127	165	2.35092
127	169	1.13796
127	173	0.915057
127	180	2.26758
128	12	0.891003
128	41	1.05372
128	101	1.23143
128	103	1.24946
128	111	0.906004
128	113	1.07806
128	125	0.994663
128	126	1.01925
128	133	1.08504
128	140	1.09189
128	141	1.00966
128	142	1.02167
128	147	0.175981
128	148	0.992567
128	149	0.967812
128	156	0.99813
128	158	0.977377
128	160	0.973215
128	164	0.964276
128	166	0.976659
128	167	1.00839
128	168	0.978569
128	169	1.0426
128	170	0.942724
128	172	0.995979
128	174	0.965214
128	175	0.947181
128	177	0.934266
128	178	0.943092
128	179	0.928873
128	180	0.967038
129	4	0.999112
129	7	1.11553
129	11	0.99688
129	24	1.08618
129	31	1.05112
129	36	1.05805
129	43	1.03854
129	47	1.03232
129	48	1.0368
129	52	1.03356
129	58	1.11616
129	60	1.01283
129	77	1.05501
129	89	3.31563
129	94	1.07417
129	95	1.01353
129	105	1.05067
129	108	1.04315
129	119	1.01536
129	121	1.05183
129	131	0.599863
129	138	1.04416
129	146	0.9706
129	150	1.0855
129	151	0.702766
129	163	0.771687
129	165	0.956697
129	168	2.20278
129	171	0.971301
129	174	1.26901
129	176	0.960591
130	74	1.38957
130	91	1.47183
130	95	1.61303
130	107	0.907874
130	115	0.886471
130	116	1.92556
130	126	0.944278
130	131	0.971823
130	133	1.01007
130	136	0.935811
130	139	0.936921
130	142	0.946694
130	145	0.888778
130	146	0.907468
130	148	0.917594
130	149	0.89284
130	151	1.01113
130	158	0.902405
130	160	0.898243
130	161	0.919878
130	162	0.928294
130	164	0.889304
130	167	0.933421
130	168	0.903596
130	172	0.921006
130	174	0.890242
130	175	0.872209
130	176	0.89746
130	177	0.859294
130	178	0.868119
130	179	0.8539
130	180	0.892066
131	20	1.688
131	43	1.41049
131	68	1.11373
131	105	1.28797
131	113	1.41368
131	115	0.913675
131	129	0.599863
131	130	0.971823
131	133	1.03728
131	140	1.04413
131	141	0.961892
131	142	0.973898
131	143	0.947339
131	148	0.944798
131	149	0.920043
131	150	0.965114
131	152	0.928559
131	158	0.929608
131	159	0.943822
131	162	0.955497
131	163	0.974222
131	166	0.92889
131	167	0.960625
131	168	0.9308
131	170	0.894955
131	172	0.94821
131	174	0.917445
131	175	0.899412
131	177	0.886497
131	178	0.895323
131	179	0.881104
131	180	0.919269
132	36	1.51016
132	45	1.54352
132	68	1.0836
132	76	1.00598
132	77	1.55674
132	85	0.859914
132	122	0.956097
132	124	1.78958
132	141	0.931762
132	144	1.01692
132	145	0.885851
132	148	0.914667
132	152	0.898428
132	155	0.847315
132	159	0.913692
132	160	0.895316
132	161	0.916951
132	162	0.925367
132	163	0.944091
132	164	0.886377
132	166	0.89876
132	167	0.930495
132	168	0.90067
132	169	0.964702
132	170	0.864825
132	174	0.887315
132	175	0.869282
132	176	0.894533
132	177	0.856367
132	178	0.865192
132	179	0.850974
132	180	0.889139
133	37	0.663737
133	40	1.30201
133	89	0.922955
133	95	1.23412
133	124	0.806488
133	128	1.08504
133	130	1.01007
133	131	1.03728
133	136	1.00126
133	138	0.888877
133	140	1.08237
133	141	1.00014
133	145	0.954231
133	146	0.972922
133	150	1.00336
133	152	0.966808
133	156	0.988611
133	157	0.514824
133	160	0.963696
133	162	0.993747
133	163	1.01247
133	164	0.954757
133	166	0.96714
133	168	0.96905
133	170	0.933205
133	172	0.98646
133	173	0.941946
133	174	0.955695
133	175	0.937662
133	177	0.924747
133	178	0.933572
133	179	0.919354
133	180	0.957519
134	15	1.01956
134	33	1.07052
134	73	0.958269
134	78	1.14096
134	82	0.969184
134	97	0.763202
134	105	0.786824
134	109	1.18014
134	112	0.984052
134	119	0.90795
134	141	1.03292
134	144	1.11808
134	145	0.987014
134	148	1.01583
134	149	0.991076
134	150	1.03615
134	151	1.10936
134	152	0.999591
134	156	1.02139
134	158	1.00064
134	160	0.996479
134	161	1.01811
134	162	1.02653
134	163	1.04525
134	164	0.98754
134	170	0.965987
134	172	1.01924
134	174	0.988478
134	175	0.970445
134	177	0.95753
134	178	0.966355
134	179	0.952136
134	180	0.990302
135	1	1.08094
135	2	1.83776
135	5	0.975427
135	12	1.09397
135	35	1.02163
135	37	1.02085
135	38	1.02019
135	42	0.997394
135	44	1.01945
135	66	0.968749
135	73	1.04229
135	79	0.956592
135	80	1.02118
135	84	1.00967
135	99	0.355619
135	103	0.992825
135	111	1.00506
135	112	1.00955
135	113	1.01079
135	118	0.9966
135	120	1.03265
135	122	0.94346
135	123	1.02613
135	124	1.02321
135	127	1.02346
135	140	0.648928
135	153	0.957652
135	154	1.02915
135	155	0.890523
135	157	1.03492
135	162	1.24314
135	163	1.3011
135	173	0.916774
135	175	2.7959
136	8	1.79333
136	21	1.34742
136	28	2.12867
136	85	0.854033
136	96	0.996871
136	104	0.94595
136	120	1.53059
136	125	0.910882
136	130	0.935811
136	133	1.00126
136	141	0.925881
136	142	0.937887
136	143	0.911328
136	149	0.884032
136	150	0.929102
136	151	1.00232
136	152	0.892547
136	155	0.841434
136	158	0.893597
136	159	0.90781
136	160	0.889435
136	161	0.91107
136	163	0.93821
136	164	0.880496
136	167	0.924614
136	168	0.894789
136	170	0.858943
136	172	0.912199
136	174	0.881434
136	175	0.863401
136	177	0.850486
136	178	0.859311
136	179	0.845092
136	180	0.883258
137	1	1.39906
137	17	2.0454
137	85	0.881813
137	87	0.921445
137	89	0.876473
137	91	1.28824
137	101	1.51939
137	104	0.97373
137	107	0.926845
137	110	1.00799
137	112	0.947918
137	117	0.930762
137	125	0.938662
137	143	0.939108
137	150	0.956882
137	151	1.0301
137	152	0.920327
137	159	0.93559
137	160	0.917215
137	161	0.93885
137	162	0.947266
137	163	0.96599
137	164	0.908276
137	166	0.920659
137	168	0.922568
137	169	0.9866
137	170	0.886723
137	171	0.927141
137	172	0.939978
137	173	0.895465
137	174	0.909213
137	175	0.891181
137	177	0.878266
137	178	0.887091
137	179	0.872872
137	180	0.911038
138	3	0.87508
138	7	1.08881
138	9	0.974579
138	20	1.06131
138	24	1.05946
138	25	0.998543
138	31	1.0244
138	34	1.03648
138	36	1.03134
138	43	1.01182
138	47	1.0056
138	48	1.01008
138	49	1.01366
138	51	1.018
138	52	1.00684
138	58	1.08944
138	60	0.986113
138	91	1.00899
138	93	1.00065
138	97	1.00045
138	102	1.04736
138	129	1.04416
138	133	0.888877
138	139	0.973333
138	146	0.943881
138	153	0.953784
138	154	0.707641
138	158	1.52559
138	165	0.929978
138	167	1.40819
138	171	0.944582
138	172	1.5856
138	173	0.912906
138	175	2.79847
139	7	1.0447
139	13	1.07879
139	19	1.21835
139	26	1.01375
139	43	0.967705
139	47	0.961492
139	48	0.965967
139	60	0.942002
139	72	0.936578
139	75	0.93707
139	79	1.72908
139	87	0.894775
139	88	1.97782
139	90	0.960403
139	101	0.99347
139	105	0.979836
139	106	0.914197
139	108	0.972316
139	119	0.944535
139	120	0.995948
139	121	0.981001
139	130	0.936921
139	138	0.973333
139	146	0.89977
139	164	0.881605
139	165	0.885867
139	166	0.893988
139	168	0.895898
139	171	0.900471
139	172	0.913308
139	174	0.882543
139	176	0.889761
139	177	0.851595
139	178	0.86042
139	180	0.884367
140	16	0.926367
140	23	1.18749
140	49	1.39399
140	67	1.33757
140	87	0.974776
140	89	0.929804
140	93	1.20634
140	128	1.09189
140	131	1.04413
140	133	1.08237
140	135	0.648928
140	141	1.00699
140	143	0.992438
140	147	0.0312497
140	148	0.989896
140	149	0.965142
140	150	1.01021
140	152	0.973657
140	156	0.99546
140	159	0.988921
140	160	0.970545
140	161	0.992181
140	163	1.01932
140	164	0.961606
140	166	0.973989
140	167	1.00572
140	168	0.975899
140	169	1.03993
140	170	0.940054
140	172	0.993309
140	174	0.962544
140	175	0.944511
140	176	0.969762
140	177	0.931596
140	178	0.940421
140	179	0.926203
140	180	0.964368
141	30	1.07754
141	39	1.74892
141	54	1.7278
141	87	0.892543
141	98	0.910218
141	100	1.39883
141	111	1.61424
141	115	0.876541
141	128	1.00966
141	131	0.961892
141	132	0.931762
141	133	1.00014
141	134	1.03292
141	136	0.925881
141	140	1.00699
141	142	0.936764
141	143	0.910205
141	144	1.00991
141	149	0.882909
141	151	1.0012
141	152	0.891424
141	158	0.892474
141	161	0.909948
141	162	0.918363
141	164	0.879373
141	167	0.923491
141	168	0.893666
141	169	0.957698
141	172	0.911076
141	173	0.866562
141	174	0.880311
141	175	0.862278
141	176	0.887529
141	177	0.849363
141	178	0.858188
141	179	0.84397
141	180	0.882135
142	15	1.62333
142	48	1.20265
142	65	1.67841
142	107	0.909949
142	109	1.7839
142	115	0.888547
142	117	0.913866
142	119	1.51171
142	122	0.961099
142	126	0.946354
142	128	1.02167
142	130	0.946694
142	131	0.973898
142	136	0.937887
142	141	0.936764
142	148	0.919669
142	149	0.894915
142	150	0.939985
142	151	1.0132
142	152	0.90343
142	155	0.852318
142	156	0.925233
142	158	0.90448
142	159	0.918694
142	160	0.900318
142	161	0.921954
142	162	0.930369
142	164	0.891379
142	166	0.903762
142	169	0.969704
142	170	0.869827
142	172	0.923082
142	173	0.878568
142	174	0.892317
142	175	0.874284
142	177	0.861369
142	178	0.870194
142	179	0.855976
142	180	0.894141
143	23	2.53007
143	44	1.62033
143	80	1.66074
143	85	0.838357
143	87	0.87799
143	104	0.930274
143	117	0.887307
143	131	0.947339
143	136	0.911328
143	137	0.939108
143	140	0.992438
143	141	0.910205
143	148	0.893111
143	149	0.868356
143	150	0.913427
143	152	0.876872
143	155	0.825759
143	156	0.898674
143	157	1.62002
143	158	0.877922
143	159	0.892135
143	160	0.87376
143	161	0.895395
143	162	0.903811
143	163	0.922535
143	164	0.864821
143	165	0.869082
143	166	0.877203
143	167	0.908938
143	168	0.879113
143	169	0.943145
143	170	0.843268
143	171	0.883686
143	172	0.896523
143	174	0.865758
143	175	0.847725
143	177	0.83481
143	178	0.843636
143	179	0.829417
143	180	0.867583
144	4	1.22616
144	17	1.43114
144	57	1.09987
144	66	1.07465
144	71	1.07693
144	85	0.938064
144	89	0.932725
144	103	0.923161
144	104	1.02998
144	107	0.983097
144	118	0.62547
144	123	1.11379
144	125	0.994913
144	126	1.0195
144	127	0.728695
144	132	1.01692
144	134	1.11808
144	141	1.00991
144	148	0.992817
144	149	0.968063
144	151	1.08635
144	152	0.976578
144	156	0.998381
144	159	0.991842
144	160	0.973466
144	161	0.995101
144	162	1.00352
144	163	1.02224
144	164	0.964527
144	166	0.97691
144	167	1.00864
144	168	0.97882
144	169	1.04285
144	170	0.942975
144	172	0.99623
144	174	0.965465
144	175	0.947432
144	177	0.934517
144	178	0.943342
144	179	0.929124
144	180	0.967289
145	2	0.858176
145	45	2.16269
145	55	0.97212
145	82	0.815106
145	95	2.83639
145	104	0.898917
145	110	0.933179
145	111	2.60092
145	117	0.855949
145	130	0.888778
145	132	0.885851
145	133	0.954231
145	134	0.987014
145	148	0.861753
145	149	0.836999
145	150	0.882069
145	151	0.955287
145	154	0.933033
145	155	0.794401
145	156	0.867316
145	158	0.846564
145	159	0.860777
145	160	0.842402
145	161	0.864037
145	162	0.872453
145	163	0.891177
145	164	0.833463
145	166	0.845846
145	167	0.87758
145	168	0.847755
145	170	0.81191
145	172	0.865165
145	174	0.8344
145	175	0.816368
145	177	0.803453
145	178	0.812278
145	179	0.798059
145	180	0.836225
146	2	0.876866
146	7	1.01525
146	14	2.00461
146	24	0.985895
146	26	0.984298
146	31	0.950839
146	43	0.938253
146	45	0.956414
146	47	0.932039
146	48	0.936515
146	51	0.944437
146	56	0.941186
146	60	0.91255
146	74	0.981128
146	77	1.43094
146	88	0.940052
146	93	0.927083
146	94	0.951894
146	97	0.926886
146	102	0.9738
146	108	2.14877
146	124	1.66378
146	129	0.9706
146	130	0.907468
146	133	0.972922
146	138	0.943881
146	139	0.89977
146	153	0.88022
146	155	0.813092
146	158	0.865254
146	159	0.879468
146	160	0.861092
146	164	0.852153
146	165	0.856415
146	169	0.930478
146	173	0.839342
146	175	0.835058
146	177	0.822143
146	178	0.830968
146	179	0.81675
146	180	0.854915
147	1	1.082
147	5	0.976485
147	10	1.09938
147	28	0.956413
147	66	0.969808
147	70	0.98129
147	73	1.04335
147	79	0.95765
147	80	1.02224
147	81	0.973758
147	83	1.02814
147	84	1.01073
147	92	1.05744
147	94	1.05238
147	95	0.991737
147	98	1.00123
147	101	1.04251
147	104	0.730864
147	105	1.02887
147	108	1.02135
147	109	1.0226
147	111	1.00612
147	112	1.01061
147	113	1.01185
147	115	2.19206
147	116	0.940148
147	117	0.953129
147	118	0.997658
147	119	0.993573
147	120	1.03371
147	121	1.03004
147	124	1.02427
147	125	1.79172
147	126	0.907467
147	127	1.02452
147	128	0.175981
147	140	0.0312497
147	151	0.646722
147	154	1.03021
147	162	0.625466
147	171	0.949508
147	173	0.917832
147	176	0.938799
147	179	3.65254
148	13	1.81274
148	29	0.871088
148	42	1.68225
148	55	1.00094
148	57	0.997618
148	68	1.0595
148	102	1.63077
148	110	0.961995
148	119	2.20315
148	128	0.992567
148	130	0.917594
148	131	0.944798
148	132	0.914667
148	134	1.01583
148	140	0.989896
148	142	0.919669
148	143	0.893111
148	144	0.992817
148	145	0.861753
148	149	0.865815
148	151	0.984103
148	152	0.87433
148	155	0.823217
148	156	0.896132
148	158	0.87538
148	159	0.889593
148	160	0.871218
148	162	0.901269
148	163	0.919993
148	167	0.906396
148	168	0.876571
148	169	0.940604
148	170	0.840726
148	172	0.893981
148	173	0.849468
148	174	0.863216
148	175	0.845184
148	177	0.832269
148	178	0.841094
148	179	0.826875
148	180	0.865041
149	19	2.37462
149	40	2.76134
149	64	0.945825
149	76	0.957123
149	82	0.819168
149	84	1.52428
149	90	2.33976
149	114	0.862657
149	122	0.907245
149	125	0.867911
149	128	0.967812
149	130	0.89284
149	131	0.920043
149	134	0.991076
149	136	0.884032
149	140	0.965142
149	141	0.882909
149	142	0.894915
149	143	0.868356
149	144	0.968063
149	145	0.836999
149	148	0.865815
149	150	0.886131
149	151	0.959349
149	155	0.798463
149	156	0.871378
149	158	0.850625
149	159	0.864839
149	160	0.846464
149	161	0.868099
149	162	0.876515
149	163	0.895239
149	164	0.837524
149	167	0.881642
149	168	0.851817
149	169	0.915849
149	170	0.815972
149	172	0.869227
149	173	0.824714
149	174	0.838462
149	175	0.820429
149	177	0.807514
149	178	0.81634
149	179	0.802121
149	180	0.840286
150	31	1.14504
150	54	1.84081
150	78	1.03601
150	85	0.856132
150	87	0.895764
150	89	0.850792
150	92	1.4949
150	96	0.99897
150	99	1.06124
150	120	1.42148
150	122	0.952315
150	126	0.937569
150	129	1.0855
150	131	0.965114
150	133	1.00336
150	134	1.03615
150	136	0.929102
150	137	0.956882
150	140	1.01021
150	142	0.939985
150	143	0.913427
150	145	0.882069
150	149	0.886131
150	151	1.00442
150	156	0.916448
150	157	1.24343
150	158	0.895696
150	159	0.909909
150	160	0.891534
150	161	0.913169
150	163	0.940309
150	164	0.882595
150	165	0.886856
150	166	0.894978
150	167	0.926712
150	169	0.960919
150	170	0.861042
150	171	0.90146
150	172	0.914297
150	174	0.883532
150	177	0.852585
150	178	0.86141
150	179	0.847191
150	180	0.885357
151	67	1.43275
151	87	0.968982
151	89	0.92401
151	96	1.07219
151	99	1.13446
151	101	1.18187
151	115	0.95298
151	116	1.40445
151	118	0.90221
151	121	0.797254
151	123	1.39053
151	129	0.702766
151	130	1.01113
151	134	1.10936
151	136	1.00232
151	137	1.0301
151	141	1.0012
151	142	1.0132
151	144	1.08635
151	145	0.955287
151	147	0.646722
151	148	0.984103
151	149	0.959349
151	150	1.00442
151	156	0.989666
151	157	0.37262
151	158	0.968914
151	159	0.983127
151	160	0.964752
151	161	0.986387
151	162	0.994803
151	163	1.01353
151	164	0.955813
151	166	0.968196
151	167	0.99993
151	168	0.970105
151	169	1.03414
151	170	0.93426
151	171	0.974678
151	172	0.987515
151	174	0.95675
151	175	0.938718
151	176	0.963969
151	177	0.925803
151	178	0.934628
151	179	0.920409
151	180	0.958575
152	3	0.96457
152	41	0.935479
152	53	1.27926
152	68	1.04326
152	75	1.516
152	78	0.999456
152	99	1.02468
152	101	2.33888
152	112	1.7674
152	115	0.843207
152	125	0.876426
152	126	0.901014
152	131	0.928559
152	132	0.898428
152	133	0.966808
152	134	0.999591
152	136	0.892547
152	137	0.920327
152	140	0.973657
152	141	0.891424
152	142	0.90343
152	143	0.876872
152	144	0.976578
152	148	0.87433
152	153	0.874107
152	154	0.94561
152	156	0.879893
152	157	1.52963
152	158	0.859141
152	159	0.873354
152	162	0.88503
152	163	0.903754
152	164	0.84604
152	166	0.858423
152	167	0.890157
152	169	0.924364
152	170	0.824487
152	172	0.877742
152	173	0.833229
152	174	0.846977
152	175	0.828945
152	177	0.81603
152	178	0.824855
152	179	0.810636
152	180	0.848802
153	12	1.02644
153	13	1.02125
153	14	1.0192
153	21	1.12005
153	35	0.954099
153	37	0.953324
153	42	0.929865
153	44	0.95192
153	49	0.950001
153	50	0.883168
153	56	0.951089
153	60	1.78338
153	61	1.64304
153	62	1.03619
153	70	1.31015
153	74	0.99103
153	88	0.949955
153	91	0.945327
153	93	0.936985
153	96	0.97843
153	97	0.936789
153	100	1.39358
153	102	0.983703
153	121	1.5498
153	135	0.957652
153	138	0.953784
153	146	0.88022
153	152	0.874107
153	154	0.961625
153	155	0.822994
153	156	0.895909
153	157	0.967394
153	159	0.88937
153	163	0.91977
153	164	0.862056
153	166	0.874438
153	169	0.94038
153	172	0.893758
153	173	0.849245
153	175	0.84496
153	177	0.832045
153	178	0.840871
153	179	0.826652
153	180	0.864818
154	5	0.979401
154	8	0.774383
154	10	1.10229
154	12	1.09794
154	13	1.09276
154	14	1.09071
154	15	1.10081
154	18	1.47431
154	19	0.734053
154	20	1.2638
154	28	0.959329
154	34	1.18959
154	35	1.0256
154	37	1.02483
154	38	1.02416
154	42	1.00137
154	44	1.02342
154	51	1.05174
154	59	1.05615
154	65	1.1516
154	66	0.972723
154	73	1.04626
154	79	0.960566
154	80	1.02516
154	82	0.915202
154	84	1.01364
154	95	1.05289
154	117	0.956045
154	135	1.02915
154	138	0.707641
154	145	0.933033
154	147	1.03021
154	152	0.94561
154	153	0.961625
154	155	0.894497
154	157	1.0389
154	159	0.960873
154	162	0.972548
154	164	0.933558
154	168	0.947851
154	170	0.912006
154	172	0.965261
154	175	0.916463
154	177	0.903548
154	178	0.912374
154	179	0.898155
154	180	0.93632
155	6	0.853509
155	12	0.959308
155	13	0.954126
155	14	0.952075
155	29	3.01113
155	35	0.88697
155	37	0.886195
155	42	0.862736
155	44	0.884792
155	45	0.899188
155	50	0.816039
155	51	0.887211
155	56	0.88396
155	59	0.917515
155	62	0.969061
155	70	3.92168
155	81	2.46719
155	88	0.882826
155	91	0.878199
155	93	0.869857
155	97	0.86966
155	102	0.916574
155	115	0.792094
155	132	0.847315
155	135	0.890523
155	136	0.841434
155	142	0.852318
155	143	0.825759
155	145	0.794401
155	146	0.813092
155	148	0.823217
155	149	0.798463
155	153	0.822994
155	154	0.894497
155	157	0.900265
155	163	0.852641
155	167	0.839045
155	169	0.873252
155	171	0.813793
155	173	0.782116
155	174	0.795865
155	175	0.777832
155	176	0.803083
155	177	0.764917
155	178	0.773742
155	179	0.759524
155	180	0.797689
156	58	1.15459
156	63	1.00538
156	74	1.75393
156	78	1.02126
156	84	0.808213
156	86	2.26807
156	89	0.83604
156	96	0.984217
156	99	1.04648
156	104	0.933296
156	105	1.78827
156	114	0.892974
156	125	0.898228
156	126	0.922817
156	128	0.99813
156	133	0.988611
156	134	1.02139
156	140	0.99546
156	142	0.925233
156	143	0.898674
156	144	0.998381
156	145	0.867316
156	148	0.896132
156	149	0.871378
156	150	0.916448
156	151	0.989666
156	152	0.879893
156	153	0.895909
156	157	1.25809
156	158	0.880943
156	160	0.876781
156	161	0.898417
156	162	0.906832
156	163	0.925557
156	164	0.867842
156	165	0.872104
156	166	0.880225
156	167	0.91196
156	168	0.882135
156	169	0.946167
156	170	0.84629
156	173	0.855031
156	174	0.86878
156	175	0.850747
156	177	0.837832
156	178	0.846657
156	179	0.832439
156	180	0.870604
157	8	1.1017
157	12	1.10371
157	13	1.09853
157	14	1.09647
157	16	1.10325
157	18	0.999621
157	22	0.972878
157	27	0.951536
157	29	1.07834
157	35	1.03137
157	37	1.0306
157	39	1.04091
157	42	1.00714
157	44	1.02919
157	46	1.03496
157	59	1.06191
157	65	1.00423
157	67	1.08817
157	71	0.986884
157	86	1.01973
157	98	1.00991
157	99	0.427085
157	103	1.00257
157	106	0.971918
157	109	1.03129
157	110	0.33703
157	111	1.0148
157	112	1.0193
157	113	1.02054
157	114	0.964459
157	116	0.948832
157	118	1.00634
157	120	1.0424
157	123	1.03587
157	124	1.03295
157	127	1.03321
157	133	0.514824
157	135	1.03492
157	143	1.62002
157	150	1.24343
157	151	0.37262
157	152	1.52963
157	153	0.967394
157	154	1.0389
157	155	0.900265
157	156	1.25809
157	169	0.505142
157	173	0.926516
157	176	0.947483
157	177	2.9255
157	180	1.63477
158	3	0.965619
158	32	1.02112
158	63	0.984627
158	65	1.96954
158	68	1.04431
158	71	2.13258
158	82	0.828733
158	89	0.815287
158	99	1.02573
158	104	0.912543
158	107	0.865659
158	119	1.80284
158	122	0.91681
158	123	2.16945
158	126	0.902064
158	128	0.977377
158	130	0.902405
158	131	0.929608
158	134	1.00064
158	136	0.893597
158	138	1.52559
158	141	0.892474
158	142	0.90448
158	143	0.877922
158	145	0.846564
158	146	0.865254
158	148	0.87538
158	149	0.850625
158	150	0.895696
158	151	0.968914
158	152	0.859141
158	156	0.880943
158	159	0.874404
158	160	0.856029
158	161	0.877664
158	162	0.88608
158	166	0.859472
158	167	0.891207
158	168	0.861382
158	170	0.825537
158	172	0.878792
158	174	0.848027
158	175	0.829994
158	176	0.855246
158	177	0.817079
158	178	0.825905
158	179	0.811686
158	180	0.849852
159	1	1.91062
159	31	1.12332
159	57	0.996642
159	63	0.99884
159	68	1.05852
159	76	0.980902
159	79	2.1329
159	82	0.842947
159	87	0.874473
159	90	1.58731
159	102	1.30064
159	104	0.926757
159	109	2.14521
159	110	0.961019
159	115	0.858471
159	122	0.931023
159	125	0.891689
159	126	0.916278
159	131	0.943822
159	132	0.913692
159	136	0.90781
159	137	0.93559
159	140	0.988921
159	142	0.918694
159	143	0.892135
159	144	0.991842
159	145	0.860777
159	146	0.879468
159	148	0.889593
159	149	0.864839
159	150	0.909909
159	151	0.983127
159	152	0.873354
159	153	0.88937
159	154	0.960873
159	158	0.874404
159	160	0.870242
159	161	0.891877
159	163	0.919017
159	164	0.861303
159	167	0.905421
159	168	0.875596
159	169	0.939628
159	170	0.839751
159	174	0.862241
159	175	0.844208
159	176	0.869459
159	177	0.831293
159	178	0.840118
159	179	0.8259
159	180	0.864065
160	5	1.62406
160	6	1.67767
160	41	0.932366
160	48	2.01494
160	52	2.35241
160	55	0.981585
160	60	2.33091
160	96	0.959303
160	107	0.861497
160	110	0.942644
160	122	0.912648
160	125	0.873314
160	126	0.897902
160	128	0.973215
160	130	0.898243
160	132	0.895316
160	133	0.963696
160	134	0.996479
160	136	0.889435
160	137	0.917215
160	140	0.970545
160	142	0.900318
160	143	0.87376
160	144	0.973466
160	145	0.842402
160	146	0.861092
160	148	0.871218
160	149	0.846464
160	150	0.891534
160	151	0.964752
160	156	0.876781
160	158	0.856029
160	159	0.870242
160	161	0.873502
160	162	0.881918
160	163	0.900642
160	166	0.855311
160	167	0.887045
160	168	0.85722
160	170	0.821375
160	171	0.861793
160	172	0.87463
160	173	0.830117
160	174	0.843865
160	175	0.825833
160	176	0.851084
160	177	0.812918
160	178	0.821743
160	179	0.807524
160	180	0.84569
161	2	0.889276
161	9	2.51499
161	48	1.50237
161	55	1.00322
161	57	0.999902
161	69	0.879162
161	73	1.86176
161	77	1.21895
161	82	0.846207
161	87	0.877733
161	92	1.4116
161	99	1.04321
161	104	0.930017
161	105	1.69032
161	107	0.883133
161	114	0.889695
161	115	0.86173
161	122	0.934283
161	125	0.894949
161	130	0.919878
161	132	0.916951
161	134	1.01811
161	136	0.91107
161	137	0.93885
161	140	0.992181
161	141	0.909948
161	142	0.921954
161	143	0.895395
161	144	0.995101
161	145	0.864037
161	149	0.868099
161	150	0.913169
161	151	0.986387
161	156	0.898417
161	158	0.877664
161	159	0.891877
161	160	0.873502
161	162	0.903553
161	163	0.922277
161	167	0.908681
161	168	0.878856
161	169	0.942888
161	170	0.84301
161	172	0.896266
161	173	0.851752
161	174	0.865501
161	175	0.847468
161	177	0.834553
161	178	0.843378
161	179	0.829159
161	180	0.867325
162	18	2.01238
162	24	1.99099
162	33	0.955957
162	54	1.46904
162	64	0.981279
162	68	1.0702
162	76	0.992578
162	85	0.846516
162	87	0.886148
162	99	1.05162
162	110	0.972695
162	111	1.35549
162	116	1.90349
162	122	0.942699
162	126	0.927953
162	130	0.928294
162	131	0.955497
162	132	0.925367
162	133	0.993747
162	134	1.02653
162	135	1.24314
162	137	0.947266
162	141	0.918363
162	142	0.930369
162	143	0.903811
162	144	1.00352
162	145	0.872453
162	147	0.625466
162	148	0.901269
162	149	0.876515
162	151	0.994803
162	152	0.88503
162	154	0.972548
162	156	0.906832
162	158	0.88608
162	160	0.881918
162	161	0.903553
162	163	0.930693
162	164	0.872979
162	165	0.87724
162	166	0.885361
162	167	0.917096
162	168	0.887271
162	169	0.951303
162	170	0.851426
162	171	0.891844
162	172	0.904681
162	174	0.873916
162	175	0.855883
162	177	0.842968
162	178	0.851794
162	179	0.837575
162	180	0.875741
163	12	1.39844
163	25	0.964529
163	28	1.70575
163	30	1.08987
163	63	1.02924
163	72	1.2546
163	80	0.97033
163	86	1.93959
163	87	0.904873
163	93	1.85851
163	99	1.07035
163	107	0.910273
163	115	0.88887
163	125	0.922089
163	126	0.946677
163	129	0.771687
163	131	0.974222
163	132	0.944091
163	133	1.01247
163	134	1.04525
163	135	1.3011
163	136	0.93821
163	137	0.96599
163	140	1.01932
163	143	0.922535
163	144	1.02224
163	145	0.891177
163	148	0.919993
163	149	0.895239
163	150	0.940309
163	151	1.01353
163	152	0.903754
163	153	0.91977
163	155	0.852641
163	156	0.925557
163	159	0.919017
163	160	0.900642
163	161	0.922277
163	162	0.930693
163	164	0.891703
163	165	0.895965
163	166	0.904086
163	167	0.935821
163	168	0.905996
163	169	0.970028
163	170	0.87015
163	171	0.910568
163	172	0.923406
163	173	0.878892
163	174	0.892641
163	175	0.874608
163	176	0.899859
163	177	0.861693
163	178	0.870518
163	179	0.856299
163	180	0.894465
164	2	0.858701
164	6	2.03545
164	21	2.02537
164	35	2.11813
164	41	0.923427
164	57	0.969328
164	96	0.950363
164	100	2.29889
164	104	0.899442
164	107	0.852558
164	110	0.933705
164	122	0.903709
164	124	2.32215
164	125	0.864375
164	126	0.888963
164	128	0.964276
164	130	0.889304
164	132	0.886377
164	133	0.954757
164	134	0.98754
164	136	0.880496
164	137	0.908276
164	139	0.881605
164	140	0.961606
164	141	0.879373
164	142	0.891379
164	143	0.864821
164	144	0.964527
164	145	0.833463
164	146	0.852153
164	149	0.837524
164	150	0.882595
164	151	0.955813
164	152	0.84604
164	153	0.862056
164	154	0.933558
164	156	0.867842
164	159	0.861303
164	162	0.872979
164	163	0.891703
164	165	0.83825
164	168	0.848281
164	169	0.912313
164	170	0.812436
164	171	0.852854
164	172	0.865691
164	173	0.821178
164	174	0.834926
164	175	0.816893
164	176	0.842145
164	177	0.803978
164	178	0.812804
164	179	0.798585
164	180	0.836751
165	4	0.884927
165	7	1.00134
165	9	0.887112
165	11	0.882695
165	20	0.973848
165	24	0.971992
165	25	0.911077
165	26	0.970395
165	31	0.936936
165	34	0.949016
165	36	0.943869
165	43	0.92435
165	47	0.918137
165	48	0.922612
165	52	0.919372
165	58	1.00197
165	59	0.960838
165	60	0.898647
165	64	0.946551
165	69	0.85285
165	90	2.08371
165	92	1.96958
165	94	1.29788
165	98	1.49791
165	127	2.35092
165	129	0.956697
165	138	0.929978
165	139	0.885867
165	143	0.869082
165	146	0.856415
165	150	0.886856
165	156	0.872104
165	162	0.87724
165	163	0.895965
165	164	0.83825
165	166	0.850633
165	169	0.916575
165	170	0.816698
165	171	0.857116
165	172	0.869953
165	174	0.839188
165	175	0.821155
165	177	0.80824
165	178	0.817065
165	179	0.802847
165	180	0.841012
166	3	0.964901
166	22	2.26827
166	30	1.04454
166	44	1.70103
166	55	0.985029
166	63	0.983909
166	68	1.04359
166	76	0.96597
166	80	1.74145
166	81	0.828019
166	82	0.828015
166	87	0.859541
166	104	0.911825
166	105	2.23091
166	106	0.878963
166	110	0.946087
166	114	0.871504
166	115	0.843539
166	118	2.23032
166	122	0.916092
166	125	0.876758
166	128	0.976659
166	131	0.92889
166	132	0.89876
166	133	0.96714
166	137	0.920659
166	139	0.893988
166	140	0.973989
166	142	0.903762
166	143	0.877203
166	144	0.97691
166	145	0.845846
166	150	0.894978
166	151	0.968196
166	152	0.858423
166	153	0.874438
166	156	0.880225
166	158	0.859472
166	160	0.855311
166	162	0.885361
166	163	0.904086
166	165	0.850633
166	167	0.890489
166	168	0.860664
166	169	0.924696
166	170	0.824819
166	172	0.878074
166	173	0.833561
166	174	0.847309
166	175	0.829276
166	176	0.854527
166	177	0.816361
166	178	0.825187
166	179	0.810968
166	180	0.849133
167	3	0.996636
167	30	1.07627
167	32	1.05214
167	33	0.961085
167	34	1.89014
167	38	1.73496
167	39	1.65264
167	52	1.71385
167	55	1.01676
167	58	0.923455
167	62	1.16371
167	76	0.997705
167	78	1.03152
167	82	0.85975
167	99	1.05675
167	102	1.11307
167	107	0.896676
167	110	0.977822
167	115	0.875274
167	122	0.947826
167	125	0.908492
167	128	1.00839
167	130	0.933421
167	131	0.960625
167	132	0.930495
167	136	0.924614
167	138	1.40819
167	140	1.00572
167	141	0.923491
167	143	0.908938
167	144	1.00864
167	145	0.87758
167	148	0.906396
167	149	0.881642
167	150	0.926712
167	151	0.99993
167	152	0.890157
167	155	0.839045
167	156	0.91196
167	158	0.891207
167	159	0.905421
167	160	0.887045
167	161	0.908681
167	162	0.917096
167	163	0.935821
167	166	0.890489
167	168	0.892399
167	169	0.956431
167	170	0.856554
167	172	0.909809
167	173	0.865295
167	174	0.879044
167	175	0.861011
167	176	0.886262
167	177	0.848096
167	178	0.856921
167	179	0.842703
167	180	0.880868
168	26	0.798957
168	32	1.02232
168	55	0.986939
168	63	0.985818
168	70	1.73955
168	76	0.96788
168	83	2.40739
168	84	1.91082
168	85	0.821818
168	87	0.861451
168	96	0.964656
168	98	2.1405
168	107	0.866851
168	110	0.947997
168	115	0.845449
168	125	0.878667
168	126	0.903256
168	128	0.978569
168	129	2.20278
168	130	0.903596
168	131	0.9308
168	132	0.90067
168	133	0.96905
168	136	0.894789
168	137	0.922568
168	139	0.895898
168	140	0.975899
168	141	0.893666
168	143	0.879113
168	144	0.97882
168	145	0.847755
168	148	0.876571
168	149	0.851817
168	151	0.970105
168	154	0.947851
168	156	0.882135
168	158	0.861382
168	159	0.875596
168	160	0.85722
168	161	0.878856
168	162	0.887271
168	163	0.905996
168	164	0.848281
168	166	0.860664
168	167	0.892399
168	169	0.926606
168	170	0.826729
168	171	0.867147
168	172	0.879984
168	174	0.849219
168	175	0.831186
168	176	0.856437
168	177	0.818271
168	178	0.827096
168	179	0.812878
168	180	0.851043
169	2	0.937026
169	14	1.13764
169	27	1.07728
169	32	1.08635
169	34	1.36114
169	46	1.94266
169	47	0.601065
169	57	1.04765
169	63	1.04985
169	64	1.02061
169	67	1.56527
169	73	1.20677
169	78	1.06573
169	82	0.893957
169	87	0.925483
169	88	1.66508
169	89	0.880511
169	96	1.02869
169	99	1.09096
169	104	0.977767
169	110	1.01203
169	115	0.909481
169	125	0.9427
169	126	0.967288
169	127	1.13796
169	128	1.0426
169	132	0.964702
169	137	0.9866
169	140	1.03993
169	141	0.957698
169	142	0.969704
169	143	0.943145
169	144	1.04285
169	146	0.930478
169	148	0.940604
169	149	0.915849
169	150	0.960919
169	151	1.03414
169	152	0.924364
169	153	0.94038
169	155	0.873252
169	156	0.946167
169	157	0.505142
169	159	0.939628
169	161	0.942888
169	162	0.951303
169	163	0.970028
169	164	0.912313
169	165	0.916575
169	166	0.924696
169	167	0.956431
169	168	0.926606
169	170	0.890761
169	173	0.899502
169	174	0.913251
169	175	0.895218
169	176	0.920469
169	177	0.882303
169	178	0.891128
169	179	0.87691
169	180	0.915075
170	3	0.930966
170	26	1.88302
170	27	3.42562
170	41	0.901875
170	57	0.947775
170	78	0.965853
170	89	0.780634
170	94	3.02454
170	96	0.928811
170	97	3.26682
170	104	0.87789
170	107	0.831006
170	114	0.837568
170	117	0.834923
170	122	0.882156
170	125	0.842822
170	126	0.867411
170	128	0.942724
170	131	0.894955
170	132	0.864825
170	133	0.933205
170	134	0.965987
170	136	0.858943
170	137	0.886723
170	140	0.940054
170	142	0.869827
170	143	0.843268
170	144	0.942975
170	145	0.81191
170	148	0.840726
170	149	0.815972
170	150	0.861042
170	151	0.93426
170	152	0.824487
170	154	0.912006
170	156	0.84629
170	158	0.825537
170	159	0.839751
170	160	0.821375
170	161	0.84301
170	162	0.851426
170	163	0.87015
170	164	0.812436
170	165	0.816698
170	166	0.824819
170	167	0.856554
170	168	0.826729
170	169	0.890761
170	171	0.831302
170	172	0.844139
170	173	0.799625
170	174	0.813374
170	175	0.795341
170	176	0.820592
170	177	0.782426
170	178	0.791251
170	179	0.777033
170	180	0.815198
171	4	0.899531
171	8	1.61089
171	9	0.901716
171	11	0.897299
171	17	0.918134
171	20	0.988452
171	22	1.73764
171	25	0.925681
171	33	0.935833
171	34	0.96362
171	35	1.25775
171	36	0.958473
171	43	1.8228
171	51	1.32372
171	52	0.933976
171	53	0.953516
171	58	1.01658
171	59	0.975442
171	69	0.867454
171	72	0.907827
171	75	0.908319
171	77	0.955432
171	81	0.895969
171	90	0.931652
171	91	1.7482
171	92	0.979653
171	93	2.099
171	95	0.913948
171	100	0.921296
171	101	0.964719
171	105	0.951085
171	108	0.943565
171	119	0.915784
171	121	0.952249
171	129	0.971301
171	137	0.927141
171	138	0.944582
171	139	0.900471
171	143	0.883686
171	147	0.949508
171	150	0.90146
171	151	0.974678
171	155	0.813793
171	160	0.861793
171	162	0.891844
171	163	0.910568
171	164	0.852854
171	165	0.857116
171	168	0.867147
171	170	0.831302
171	172	0.884557
171	174	0.853792
171	175	0.835759
171	176	0.86101
171	177	0.822844
171	178	0.831669
171	179	0.817451
171	180	0.855616
172	2	0.890404
172	4	2.34183
172	10	1.47988
172	32	1.03973
172	33	0.94867
172	36	1.22379
172	45	1.25714
172	55	1.00435
172	59	0.988279
172	62	1.34112
172	69	0.880291
172	76	0.98529
172	78	1.01911
172	87	0.878861
172	96	0.982066
172	106	0.898283
172	107	0.884261
172	110	0.965407
172	113	1.86743
172	115	0.862859
172	122	0.935411
172	124	1.50321
172	125	0.896077
172	128	0.995979
172	130	0.921006
172	131	0.94821
172	133	0.98646
172	134	1.01924
172	136	0.912199
172	137	0.939978
172	138	1.5856
172	139	0.913308
172	140	0.993309
172	141	0.911076
172	142	0.923082
172	143	0.896523
172	144	0.99623
172	145	0.865165
172	148	0.893981
172	149	0.869227
172	150	0.914297
172	151	0.987515
172	152	0.877742
172	153	0.893758
172	154	0.965261
172	158	0.878792
172	160	0.87463
172	161	0.896266
172	162	0.904681
172	163	0.923406
172	164	0.865691
172	165	0.869953
172	166	0.878074
172	167	0.909809
172	168	0.879984
172	170	0.844139
172	171	0.884557
172	174	0.866629
172	175	0.848596
172	177	0.835681
172	178	0.844506
172	179	0.830288
172	180	0.868453
173	6	0.87976
173	10	2.28897
173	11	2.78629
173	19	0.956967
173	33	0.904156
173	36	2.03288
173	40	0.846521
173	42	2.15104
173	45	0.925439
173	49	0.909123
173	50	0.84229
173	51	0.913462
173	54	0.891323
173	56	0.910211
173	62	0.995312
173	74	0.950153
173	77	2.07946
173	80	2.06136
173	83	0.918671
173	86	0.901578
173	88	0.909077
173	89	0.789375
173	91	0.904449
173	93	0.896107
173	97	0.895911
173	98	0.891765
173	102	0.942825
173	103	0.884418
173	107	0.839747
173	109	0.913139
173	111	0.896653
173	112	0.901147
173	113	0.902387
173	117	0.843664
173	118	0.888193
173	120	0.924246
173	123	0.917726
173	124	0.914801
173	127	0.915057
173	133	0.941946
173	135	0.916774
173	137	0.895465
173	138	0.912906
173	141	0.866562
173	142	0.878568
173	146	0.839342
173	147	0.917832
173	148	0.849468
173	149	0.824714
173	152	0.833229
173	153	0.849245
173	155	0.782116
173	156	0.855031
173	157	0.926516
173	160	0.830117
173	161	0.851752
173	163	0.878892
173	164	0.821178
173	166	0.833561
173	167	0.865295
173	169	0.899502
173	170	0.799625
173	175	0.804083
173	177	0.791168
173	178	0.799993
173	179	0.785774
173	180	0.82394
174	12	1.89577
174	30	1.03309
174	32	1.00896
174	33	0.917905
174	50	2.74176
174	57	0.970265
174	59	0.957514
174	63	0.972464
174	68	1.03215
174	78	0.988343
174	82	0.81657
174	83	1.47363
174	85	0.808463
174	89	0.803124
174	96	0.951301
174	99	1.01357
174	104	0.90038
174	107	0.853496
174	110	0.934642
174	113	2.08283
174	115	0.832094
174	116	2.45876
174	119	2.07825
174	122	0.904646
174	125	0.865312
174	126	0.889901
174	128	0.965214
174	129	1.26901
174	130	0.890242
174	131	0.917445
174	132	0.887315
174	133	0.955695
174	134	0.988478
174	136	0.881434
174	137	0.909213
174	139	0.882543
174	140	0.962544
174	141	0.880311
174	142	0.892317
174	143	0.865758
174	144	0.965465
174	145	0.8344
174	148	0.863216
174	149	0.838462
174	150	0.883532
174	151	0.95675
174	152	0.846977
174	155	0.795865
174	156	0.86878
174	158	0.848027
174	159	0.862241
174	160	0.843865
174	161	0.865501
174	162	0.873916
174	163	0.892641
174	164	0.834926
174	165	0.839188
174	166	0.847309
174	167	0.879044
174	168	0.849219
174	169	0.913251
174	170	0.813374
174	171	0.853792
174	172	0.866629
174	175	0.817831
174	176	0.843082
174	177	0.804916
174	178	0.813741
174	179	0.799523
174	180	0.837688
175	2	0.841606
175	3	0.935423
175	16	2.10904
175	30	1.01506
175	32	0.990928
175	33	0.899872
175	41	0.906332
175	57	0.952233
175	63	0.954431
175	66	1.73178
175	68	1.01411
175	75	2.41079
175	76	0.936492
175	78	0.97031
175	82	0.798537
175	85	0.79043
175	89	0.785091
175	96	0.933268
175	99	0.995536
175	107	0.835463
175	110	0.916609
175	114	0.842026
175	115	0.814061
175	117	0.83938
175	118	2.95401
175	122	0.886614
175	125	0.84728
175	126	0.871868
175	128	0.947181
175	130	0.872209
175	131	0.899412
175	132	0.869282
175	133	0.937662
175	134	0.970445
175	135	2.7959
175	136	0.863401
175	137	0.891181
175	138	2.79847
175	140	0.944511
175	141	0.862278
175	142	0.874284
175	143	0.847725
175	144	0.947432
175	145	0.816368
175	146	0.835058
175	148	0.845184
175	149	0.820429
175	151	0.938718
175	152	0.828945
175	153	0.84496
175	154	0.916463
175	155	0.777832
175	156	0.850747
175	158	0.829994
175	159	0.844208
175	160	0.825833
175	161	0.847468
175	162	0.855883
175	163	0.874608
175	164	0.816893
175	165	0.821155
175	166	0.829276
175	167	0.861011
175	168	0.831186
175	169	0.895218
175	170	0.795341
175	171	0.835759
175	172	0.848596
175	173	0.804083
175	174	0.817831
175	177	0.786883
175	178	0.795709
175	179	0.78149
175	180	0.819655
176	8	1.00452
176	16	1.00606
176	17	0.907425
176	18	0.902438
176	22	0.875695
176	25	0.914971
176	27	0.854353
176	29	0.981159
176	41	0.931583
176	44	1.55703
176	46	0.937777
176	53	0.942806
176	56	1.3731
176	58	0.821854
176	61	0.921494
176	64	0.950445
176	65	0.90705
176	67	0.990988
176	71	0.889702
176	72	0.897117
176	75	0.89761
176	77	0.944722
176	81	0.885259
176	90	0.920943
176	91	2.13482
176	92	0.968943
176	94	0.963877
176	95	0.903239
176	100	0.910586
176	101	0.954009
176	103	2.384
176	104	0.907598
176	105	0.940376
176	106	0.874736
176	108	0.932855
176	112	1.7945
176	114	0.867277
176	116	0.85165
176	118	2.08631
176	119	0.905074
176	121	0.94154
176	122	0.911865
176	124	1.84839
176	126	0.897119
176	129	0.960591
176	130	0.89746
176	132	0.894533
176	139	0.889761
176	140	0.969762
176	141	0.887529
176	147	0.938799
176	151	0.963969
176	155	0.803083
176	157	0.947483
176	158	0.855246
176	159	0.869459
176	160	0.851084
176	163	0.899859
176	164	0.842145
176	166	0.854527
176	167	0.886262
176	168	0.856437
176	169	0.920469
176	170	0.820592
176	171	0.86101
176	174	0.843082
176	177	0.812134
176	178	0.82096
176	179	0.806741
176	180	0.844907
177	25	0.876805
177	30	1.00214
177	32	0.978013
177	33	0.886957
177	37	2.88595
177	41	0.893417
177	53	2.67513
177	55	0.942636
177	57	0.939318
177	63	0.941516
177	68	1.0012
177	76	0.923577
177	78	0.957395
177	82	0.785622
177	85	0.777515
177	89	0.772176
177	99	0.982621
177	104	0.869432
177	106	0.83657
177	107	0.822548
177	110	0.903694
177	112	3.16328
177	115	0.801146
177	117	0.826465
177	121	3.35014
177	125	0.834365
177	126	0.858953
177	128	0.934266
177	130	0.859294
177	131	0.886497
177	132	0.856367
177	133	0.924747
177	134	0.95753
177	136	0.850486
177	137	0.878266
177	139	0.851595
177	140	0.931596
177	141	0.849363
177	142	0.861369
177	143	0.83481
177	144	0.934517
177	145	0.803453
177	146	0.822143
177	148	0.832269
177	149	0.807514
177	150	0.852585
177	151	0.925803
177	152	0.81603
177	153	0.832045
177	154	0.903548
177	155	0.764917
177	156	0.837832
177	157	2.9255
177	158	0.817079
177	159	0.831293
177	160	0.812918
177	161	0.834553
177	162	0.842968
177	163	0.861693
177	164	0.803978
177	165	0.80824
177	166	0.816361
177	167	0.848096
177	168	0.818271
177	169	0.882303
177	170	0.782426
177	171	0.822844
177	172	0.835681
177	173	0.791168
177	174	0.804916
177	175	0.786883
177	176	0.812134
177	178	0.782794
177	179	0.768575
177	180	0.80674
178	2	0.837517
178	3	0.931334
178	25	0.88563
178	29	1.44233
178	30	1.01097
178	32	0.986839
178	33	0.895782
178	41	0.902243
178	51	3.12766
178	55	0.951461
178	57	0.948143
178	59	0.935391
178	63	0.950341
178	69	0.827403
178	72	3.29903
178	76	0.932403
178	82	0.794447
178	84	2.52416
178	85	0.786341
178	87	0.825973
178	89	0.781001
178	96	0.929179
178	98	2.75384
178	99	0.991446
178	102	3.05297
178	104	0.878258
178	106	0.845395
178	107	0.831373
178	110	0.91252
178	115	0.809971
178	117	0.83529
178	122	0.882524
178	125	0.84319
178	126	0.867778
178	128	0.943092
178	130	0.868119
178	131	0.895323
178	132	0.865192
178	133	0.933572
178	134	0.966355
178	136	0.859311
178	137	0.887091
178	139	0.86042
178	140	0.940421
178	141	0.858188
178	142	0.870194
178	143	0.843636
178	144	0.943342
178	145	0.812278
178	146	0.830968
178	148	0.841094
178	149	0.81634
178	150	0.86141
178	151	0.934628
178	152	0.824855
178	153	0.840871
178	154	0.912374
178	155	0.773742
178	156	0.846657
178	158	0.825905
178	159	0.840118
178	160	0.821743
178	161	0.843378
178	162	0.851794
178	163	0.870518
178	164	0.812804
178	165	0.817065
178	166	0.825187
178	167	0.856921
178	168	0.827096
178	169	0.891128
178	170	0.791251
178	171	0.831669
178	172	0.844506
178	173	0.799993
178	174	0.813741
178	175	0.795709
178	176	0.82096
178	177	0.782794
178	179	0.7774
178	180	0.815566
179	2	0.823298
179	3	0.917115
179	26	2.33699
179	30	0.99675
179	32	0.97262
179	33	0.881564
179	41	0.888024
179	47	3.28925
179	55	0.937243
179	56	3.71511
179	57	0.933924
179	59	0.921173
179	63	0.936122
179	66	3.2061
179	68	0.995806
179	69	0.813185
179	76	0.918184
179	78	0.952002
179	82	0.780229
179	85	0.772122
179	87	0.811755
179	89	0.766783
179	96	0.91496
179	99	0.977228
179	104	0.864039
179	106	0.831176
179	107	0.817155
179	110	0.898301
179	114	0.823717
179	115	0.795753
179	117	0.821072
179	122	0.868305
179	125	0.828971
179	126	0.85356
179	128	0.928873
179	130	0.8539
179	131	0.881104
179	132	0.850974
179	133	0.919354
179	134	0.952136
179	136	0.845092
179	137	0.872872
179	140	0.926203
179	141	0.84397
179	142	0.855976
179	143	0.829417
179	144	0.929124
179	145	0.798059
179	146	0.81675
179	147	3.65254
179	148	0.826875
179	149	0.802121
179	150	0.847191
179	151	0.920409
179	152	0.810636
179	153	0.826652
179	154	0.898155
179	155	0.759524
179	156	0.832439
179	158	0.811686
179	159	0.8259
179	160	0.807524
179	161	0.829159
179	162	0.837575
179	163	0.856299
179	164	0.798585
179	165	0.802847
179	166	0.810968
179	167	0.842703
179	168	0.812878
179	169	0.87691
179	170	0.777033
179	171	0.817451
179	172	0.830288
179	173	0.785774
179	174	0.799523
179	175	0.78149
179	176	0.806741
179	177	0.768575
179	178	0.7774
179	180	0.801347
180	2	0.861463
180	3	0.95528
180	7	1.86767
180	25	0.909577
180	30	1.03492
180	32	1.01079
180	33	0.919729
180	41	0.926189
180	55	0.975408
180	57	0.97209
180	59	0.959338
180	61	2.15264
180	63	0.974288
180	64	0.945051
180	68	1.03397
180	69	0.85135
180	76	0.956349
180	78	0.990167
180	82	0.818394
180	85	0.810287
180	87	0.84992
180	89	0.804948
180	92	1.88624
180	96	0.953125
180	97	1.45683
180	99	1.01539
180	103	2.46205
180	104	0.902204
180	106	0.869342
180	107	0.85532
180	110	0.936467
180	114	0.861883
180	115	0.833918
180	117	0.859237
180	120	1.81282
180	121	2.0594
180	122	0.906471
180	125	0.867137
180	126	0.891725
180	127	2.26758
180	128	0.967038
180	130	0.892066
180	131	0.919269
180	132	0.889139
180	133	0.957519
180	134	0.990302
180	136	0.883258
180	137	0.911038
180	139	0.884367
180	140	0.964368
180	141	0.882135
180	142	0.894141
180	143	0.867583
180	144	0.967289
180	145	0.836225
180	146	0.854915
180	148	0.865041
180	149	0.840286
180	150	0.885357
180	151	0.958575
180	152	0.848802
180	153	0.864818
180	154	0.93632
180	155	0.797689
180	156	0.870604
180	157	1.63477
180	158	0.849852
180	159	0.864065
180	160	0.84569
180	161	0.867325
180	162	0.875741
180	163	0.894465
180	164	0.836751
180	165	0.841012
180	166	0.849133
180	167	0.880868
180	168	0.851043
180	169	0.915075
180	170	0.815198
180	171	0.855616
180	172	0.868453
180	173	0.82394
180	174	0.837688
180	175	0.819655
180	176	0.844907
180	177	0.80674
180	178	0.815566
180	179	0.801347
