1	75	0.681766
1	106	3.66579
1	141	0.674576
1	168	0.675882
1	170	0.654088
1	173	0.619879
1	174	0.665559
1	175	0.657635
1	176	0.650361
1	178	0.648486
1	179	0.627825
1	180	0.643197
2	73	0.706858
2	84	3.73152
2	123	0.71224
2	133	0.711965
2	166	0.632244
2	167	0.640925
2	170	0.636115
2	172	0.634952
2	174	0.647586
2	176	0.632388
2	179	0.609852
2	180	0.625224
3	105	1.35138
3	115	1.33084
3	147	0.774954
3	157	0.781222
3	167	0.713234
3	170	0.708424
3	174	0.719895
3	175	0.711971
3	176	0.704697
3	178	0.702821
3	179	0.682161
3	180	0.697533
4	14	0.87363
4	49	0.814928
4	50	0.815841
4	52	0.815152
4	64	0.786481
4	66	0.786572
4	121	3.7032
4	137	1.80432
4	139	2.58268
4	161	0.742802
4	163	0.719815
4	177	0.850212
5	16	0.703306
5	20	0.687692
5	24	0.686923
5	55	0.728766
5	58	0.710322
5	65	0.75961
5	132	4.3732
5	133	0.739708
5	144	0.749306
5	154	0.747845
5	158	0.715949
5	172	2.82765
6	69	0.69157
6	73	3.03861
6	89	0.708669
6	103	0.724227
6	112	0.714684
6	116	0.708537
6	119	0.738134
6	124	0.713914
6	130	0.739982
6	131	0.709548
6	162	3.81827
6	177	0.753501
7	39	0.754636
7	41	0.753382
7	72	0.812476
7	143	3.55056
7	152	0.697052
7	154	0.755649
7	158	0.723754
7	159	0.744422
7	163	4.07984
7	164	0.641437
7	165	0.683966
7	171	0.646082
8	11	1.63615
8	37	1.11557
8	139	0.727963
8	141	0.739697
8	160	0.729991
8	166	0.715339
8	170	0.719209
8	174	0.73068
8	176	0.715483
8	178	0.713607
8	179	0.692947
8	180	0.708319
9	103	0.728793
9	107	0.723346
9	112	0.71925
9	119	0.742701
9	124	0.718481
9	130	0.744549
9	131	0.714115
9	135	3.3075
9	139	0.670201
9	152	3.49609
9	160	0.672229
9	177	0.758067
10	106	3.26579
10	129	0.685201
10	167	0.667843
10	169	0.673941
10	172	0.66187
10	173	0.628824
10	174	0.674504
10	176	0.659306
10	178	0.657431
10	179	0.63677
10	180	0.652142
11	8	1.63615
11	34	0.775835
11	57	0.72999
11	79	0.753657
11	86	0.738347
11	110	0.730589
11	114	0.712724
11	117	0.752461
11	136	0.734364
11	148	4.32669
11	161	0.660151
11	171	0.645361
12	25	0.762953
12	60	0.77835
12	68	0.753416
12	82	0.722051
12	88	0.716707
12	104	0.723051
12	106	0.722931
12	129	3.44705
12	139	0.672724
12	152	0.689359
12	162	0.68607
12	174	3.64666
13	57	2.19412
13	85	0.592132
13	142	0.788716
13	150	0.716651
13	151	0.735921
13	166	0.710801
13	170	0.714672
13	175	0.718219
13	176	0.710945
13	178	0.70907
13	179	0.688409
13	180	0.703781
14	4	0.87363
14	45	0.813727
14	50	0.81453
14	54	0.81406
14	64	0.78517
14	66	0.785261
14	94	2.1312
14	139	3.17894
14	142	2.61033
14	161	0.741492
14	163	0.718504
14	177	0.848902
15	45	0.739143
15	49	0.739034
15	50	0.739947
15	52	0.739258
15	54	0.739477
15	64	0.710587
15	66	0.710678
15	129	3.58047
15	146	3.56512
15	161	0.666908
15	163	0.643921
15	177	0.774318
16	5	0.703306
16	20	0.695527
16	24	0.694758
16	26	0.690245
16	55	0.7366
16	58	0.718156
16	65	0.767444
16	144	0.75714
16	150	2.33513
16	154	0.75568
16	158	0.723784
16	164	4.92405
17	83	0.782395
17	89	0.786189
17	103	0.801746
17	111	0.790412
17	115	0.819562
17	124	0.791433
17	130	0.817502
17	131	0.787067
17	137	1.3905
17	143	5.1814
17	158	1.95149
17	177	0.83102
18	31	1.78021
18	136	0.598234
18	150	0.726025
18	160	0.734828
18	169	0.734954
18	170	0.724046
18	172	0.722883
18	173	0.689836
18	175	0.727593
18	176	0.720319
18	179	0.697783
18	180	0.713155
19	57	2.32792
19	87	0.758761
19	96	0.830195
19	156	0.693023
19	159	0.838541
19	167	0.700938
19	169	0.707036
19	172	0.694965
19	173	0.661918
19	175	0.699675
19	176	0.692401
19	179	0.669865
19	180	0.685237
20	5	0.687692
20	16	0.695527
20	24	0.679144
20	26	0.674631
20	55	0.720986
20	58	0.702542
20	65	0.75183
20	133	0.731928
20	144	0.741526
20	154	0.740065
20	157	2.74617
20	158	0.70817
20	167	4.66472
21	36	5.6
21	45	0.821054
21	49	0.820944
21	52	0.821168
21	54	0.821387
21	64	0.792497
21	66	0.792588
21	80	1.9655
21	143	2.51899
21	161	0.748818
21	163	0.725831
21	177	0.856228
22	23	5.2
22	31	0.698722
22	35	0.680661
22	42	0.683477
22	43	0.684089
22	46	0.729489
22	51	0.738388
22	56	0.739574
22	63	0.716252
22	76	0.740551
22	159	0.738603
22	160	3.14471
22	165	0.678148
23	22	5.2
23	111	0.672659
23	124	0.67368
23	131	0.669314
23	136	0.68007
23	153	0.640722
23	154	0.700634
23	156	0.613542
23	166	0.612776
23	170	0.616647
23	177	0.713267
23	179	0.590384
23	180	0.605756
24	5	0.686923
24	16	0.694758
24	20	0.679144
24	26	0.673862
24	55	0.720217
24	58	0.701773
24	65	0.751061
24	133	0.73116
24	144	0.740757
24	154	0.739297
24	158	0.707401
24	160	3.66879
24	161	4.24967
25	12	0.762953
25	33	0.819658
25	82	0.789308
25	85	0.788536
25	88	0.783965
25	91	0.779165
25	94	1.63909
25	104	0.790308
25	106	0.790189
25	152	0.756617
25	162	0.753327
25	168	3.21094
25	175	3.58407
26	16	0.690245
26	20	0.674631
26	24	0.673862
26	55	0.715704
26	58	0.69726
26	65	0.746548
26	105	0.718211
26	129	3.26603
26	133	0.726646
26	144	0.736244
26	154	0.734783
26	158	0.702888
26	176	4.29121
27	108	0.688127
27	113	3.2134
27	117	0.754474
27	122	4.13857
27	124	0.729987
27	130	0.756056
27	131	0.725621
27	136	0.736377
27	159	0.745714
27	161	0.662164
27	164	0.642729
27	165	0.685258
27	171	0.647374
28	67	0.746365
28	131	1.01168
28	147	0.847219
28	159	0.282682
28	163	0.746911
28	168	0.802483
28	173	0.746479
28	174	0.792159
28	175	0.784235
28	176	0.776961
28	178	0.775086
28	179	0.754425
28	180	0.769797
29	56	1.52503
29	70	0.685511
29	132	0.680757
29	142	0.765484
29	145	0.804807
29	149	0.753289
29	166	0.687569
29	170	0.69144
29	174	0.702911
29	177	1.39984
29	178	0.685838
29	179	0.665177
29	180	0.680549
30	31	0.692084
30	42	0.676839
30	43	0.677451
30	51	0.731749
30	53	0.729188
30	56	0.732935
30	59	0.718358
30	63	0.709614
30	73	1.97584
30	76	0.733912
30	159	0.731965
30	165	0.671509
30	173	6.75576
31	18	1.78021
31	22	0.698722
31	30	0.692084
31	35	0.67994
31	42	0.682756
31	46	0.728768
31	51	0.737667
31	59	0.724276
31	63	0.715531
31	76	0.73983
31	159	0.737882
31	160	4.90999
31	165	0.677427
32	76	0.859822
32	81	1.41651
32	107	0.847014
32	130	0.868217
32	131	0.837782
32	149	2.32541
32	159	0.857875
32	164	0.75489
32	165	0.797419
32	169	3.82825
32	171	0.759535
33	25	0.819658
33	62	0.756312
33	74	0.792548
33	82	0.778756
33	85	0.777984
33	88	0.773413
33	91	0.768613
33	104	0.779756
33	106	0.779637
33	133	1.88054
33	144	0.806123
33	174	3.15034
33	175	3.45051
34	11	0.775835
34	86	0.804544
34	93	0.782003
34	95	0.831051
34	101	0.811077
34	114	0.778921
34	117	0.818658
34	128	3.19598
34	136	0.800561
34	146	3.01556
34	152	2.35376
34	163	0.703361
34	171	0.711558
35	22	0.680661
35	31	0.67994
35	43	0.665307
35	46	0.710707
35	51	0.719605
35	53	0.717044
35	56	0.720791
35	59	0.706214
35	63	0.69747
35	76	0.721768
35	139	4.64888
35	145	2.82779
35	159	0.719821
35	165	0.659365
36	21	5.6
36	90	0.724566
36	113	0.710856
36	142	0.705159
36	143	0.632072
36	168	0.65291
36	172	0.629953
36	173	0.596906
36	174	0.642586
36	175	0.634663
36	176	0.627389
36	178	0.625513
36	179	0.604852
36	180	0.620225
37	8	1.11557
37	40	0.773778
37	83	0.749679
37	111	0.757696
37	115	0.786846
37	116	0.753341
37	119	0.782938
37	124	0.758717
37	131	0.754352
37	158	2.77676
37	159	0.774444
37	160	0.712466
37	175	3.89138
37	177	0.798304
38	66	4.38241
38	147	0.706796
38	151	0.661515
38	155	0.656573
38	157	0.713064
38	167	0.645076
38	172	0.639103
38	173	0.606056
38	174	0.651736
38	176	0.636539
38	178	0.634663
38	179	0.614003
38	180	0.629375
39	7	0.754636
39	41	0.796937
39	72	0.856031
39	87	2.8534
39	99	2.28769
39	126	3.7733
39	133	0.791068
39	152	0.740607
39	154	0.799204
39	158	0.767309
39	159	0.787977
39	164	0.684992
39	165	0.727521
39	171	0.689637
40	37	0.773778
40	83	0.752332
40	89	0.756126
40	115	0.7895
40	116	0.755994
40	119	0.785591
40	124	0.761371
40	127	2.89532
40	130	0.787439
40	131	0.757005
40	133	3.0069
40	149	3.06173
40	164	0.674113
40	177	0.800958
41	7	0.753382
41	39	0.796937
41	72	0.854778
41	75	3.82377
41	133	0.789814
41	152	0.739353
41	154	0.797951
41	158	0.766055
41	159	0.786724
41	164	0.683739
41	165	0.726268
41	167	2.77115
41	171	0.688384
41	174	2.4847
42	22	0.683477
42	30	0.676839
42	31	0.682756
42	43	0.668123
42	53	0.719861
42	56	0.723608
42	59	0.709031
42	63	0.700286
42	76	0.724585
42	105	0.717292
42	159	0.722637
42	165	0.662182
42	166	3.76863
42	171	4.63718
43	22	0.684089
43	30	0.677451
43	35	0.665307
43	42	0.668123
43	51	0.723034
43	53	0.720473
43	56	0.72422
43	59	0.709643
43	63	0.700898
43	76	0.725197
43	138	3.48276
43	153	4.29021
43	159	0.723249
43	165	0.662794
44	84	0.770638
44	94	2.85061
44	97	0.744877
44	101	0.778025
44	102	0.768429
44	108	0.719259
44	110	0.763733
44	117	0.785606
44	136	0.767509
44	145	2.07725
44	152	3.61865
44	154	0.788073
44	162	0.726186
44	177	0.800706
45	14	0.813727
45	15	0.739143
45	21	0.821054
45	50	0.755938
45	52	0.755249
45	54	0.755468
45	64	0.726578
45	66	0.726669
45	105	0.761104
45	128	3.47152
45	129	3.30645
45	152	2.6293
45	161	0.6829
45	163	0.659912
45	177	0.790309
46	22	0.729489
46	31	0.728768
46	35	0.710707
46	51	0.768434
46	53	0.765873
46	56	0.76962
46	59	0.755043
46	63	0.746298
46	76	0.770597
46	105	0.763304
46	141	2.2042
46	159	0.76865
46	160	2.64182
46	164	5.1817
46	165	0.708194
47	61	1.09361
47	104	1.34538
47	144	0.217293
47	150	0.754354
47	166	0.748504
47	168	0.774169
47	169	0.763283
47	172	0.751212
47	173	0.718166
47	174	0.763846
47	175	0.755922
47	176	0.748648
47	178	0.746772
47	179	0.726112
47	180	0.741484
48	62	0.733149
48	68	0.786959
48	74	0.769385
48	77	0.76975
48	82	0.755593
48	85	0.754822
48	91	0.74545
48	98	2.29928
48	104	0.756593
48	106	0.756474
48	139	0.706267
48	144	0.78296
48	145	2.12468
48	152	0.722902
48	174	4.54284
49	4	0.814928
49	15	0.739034
49	21	0.820944
49	50	0.755829
49	52	0.75514
49	54	0.755359
49	64	0.726469
49	66	0.72656
49	98	1.56068
49	105	0.760995
49	142	2.63857
49	161	0.68279
49	163	0.659803
49	177	0.7902
49	178	5.10314
50	4	0.815841
50	14	0.81453
50	15	0.739947
50	45	0.755938
50	49	0.755829
50	52	0.756053
50	54	0.756272
50	64	0.727382
50	66	0.727473
50	120	1.51306
50	128	3.75205
50	141	4.17806
50	161	0.683703
50	163	0.660716
50	177	0.791113
51	22	0.738388
51	30	0.731749
51	31	0.737667
51	35	0.719605
51	43	0.723034
51	46	0.768434
51	53	0.774772
51	59	0.763941
51	63	0.755197
51	76	0.779495
51	121	2.7399
51	159	0.777548
51	162	2.02925
51	165	0.717092
51	171	5.05605
52	4	0.815152
52	15	0.739258
52	21	0.821168
52	45	0.755249
52	49	0.75514
52	50	0.756053
52	54	0.755582
52	64	0.726692
52	66	0.726783
52	90	1.97923
52	123	2.54285
52	161	0.683014
52	163	0.660026
52	175	4.45338
52	177	0.790424
53	30	0.729188
53	35	0.717044
53	42	0.719861
53	43	0.720473
53	46	0.765873
53	51	0.774772
53	56	0.775958
53	59	0.76138
53	63	0.752636
53	76	0.776934
53	126	1.98082
53	152	1.6416
53	159	0.774987
53	165	0.714531
53	179	5.79567
54	14	0.81406
54	15	0.739477
54	21	0.821387
54	45	0.755468
54	49	0.755359
54	50	0.756272
54	52	0.755582
54	64	0.726911
54	66	0.727003
54	96	1.6928
54	138	3.01702
54	148	4.4912
54	161	0.683233
54	163	0.660245
54	177	0.790643
55	5	0.728766
55	16	0.7366
55	20	0.720986
55	24	0.720217
55	26	0.715704
55	58	0.743616
55	65	0.792904
55	105	0.764567
55	133	0.773002
55	134	2.68102
55	144	0.7826
55	154	0.781139
55	158	0.749243
55	161	3.52192
55	178	3.41086
56	22	0.739574
56	29	1.52503
56	30	0.732935
56	35	0.720791
56	42	0.723608
56	43	0.72422
56	46	0.76962
56	53	0.775958
56	59	0.765128
56	63	0.756383
56	76	0.780682
56	151	2.47477
56	159	0.778734
56	165	0.718279
56	180	4.28181
57	11	0.72999
57	13	2.19412
57	19	2.32792
57	61	0.783655
57	79	0.774009
57	101	0.765232
57	109	0.77834
57	114	0.733076
57	117	0.772813
57	118	0.773676
57	125	2.41265
57	136	0.754716
57	154	0.77528
57	162	0.713393
57	163	0.657515
58	5	0.710322
58	16	0.718156
58	20	0.702542
58	24	0.701773
58	26	0.69726
58	55	0.743616
58	65	0.77446
58	67	0.798374
58	87	2.39854
58	105	0.746123
58	133	0.754558
58	144	0.764156
58	154	0.762695
58	158	0.730799
58	162	3.66878
58	168	3.78303
59	30	0.718358
59	31	0.724276
59	35	0.706214
59	42	0.709031
59	43	0.709643
59	46	0.755043
59	51	0.763941
59	53	0.76138
59	56	0.765128
59	63	0.741806
59	76	0.766104
59	159	0.764157
59	161	3.12288
59	165	0.703701
59	166	3.68396
59	180	3.3948
60	12	0.77835
60	68	0.83607
60	74	0.818497
60	77	0.818861
60	80	2.85624
60	85	0.803933
60	88	0.799362
60	91	0.794562
60	104	0.805705
60	106	0.805586
60	120	1.30635
60	144	0.832072
60	152	0.772014
60	160	3.34424
60	162	0.768724
60	166	4.48619
61	47	1.09361
61	57	0.783655
61	86	0.792013
61	92	0.781842
61	102	0.78895
61	108	0.73978
61	109	0.811654
61	110	0.784254
61	114	0.766389
61	117	0.806127
61	118	0.80699
61	136	0.78803
61	139	3.02596
61	142	2.45736
61	162	0.746707
61	165	3.46355
61	177	0.821227
62	33	0.756312
62	48	0.733149
62	68	0.757327
62	74	0.739753
62	77	0.740118
62	78	0.733344
62	82	0.725961
62	85	0.725189
62	88	0.720618
62	91	0.715818
62	100	3.00866
62	104	0.726961
62	106	0.726842
62	120	2.56057
62	144	0.753328
62	153	4.38228
62	162	0.68998
63	22	0.716252
63	30	0.709614
63	31	0.715531
63	35	0.69747
63	42	0.700286
63	43	0.700898
63	46	0.746298
63	51	0.755197
63	53	0.752636
63	56	0.756383
63	59	0.741806
63	105	0.750067
63	138	2.80153
63	157	2.4287
63	159	0.755413
63	165	0.694957
63	176	4.88637
64	4	0.786481
64	14	0.78517
64	15	0.710587
64	21	0.792497
64	45	0.726578
64	49	0.726469
64	50	0.727382
64	52	0.726692
64	54	0.726911
64	66	0.698113
64	100	2.51489
64	105	0.732547
64	147	3.31599
64	151	4.21519
64	161	0.654343
64	163	0.631355
64	177	0.761753
65	5	0.75961
65	16	0.767444
65	20	0.75183
65	24	0.751061
65	26	0.746548
65	55	0.792904
65	58	0.77446
65	67	0.847662
65	99	1.14572
65	105	0.79541
65	125	1.79616
65	133	0.803846
65	144	0.813444
65	154	0.811983
65	158	0.780087
65	164	5.73457
65	178	3.6645
66	4	0.786572
66	14	0.785261
66	15	0.710678
66	21	0.792588
66	38	4.38241
66	45	0.726669
66	49	0.72656
66	50	0.727473
66	52	0.726783
66	54	0.727003
66	64	0.698113
66	105	0.732639
66	122	2.72146
66	123	1.62486
66	161	0.654434
66	163	0.631447
66	177	0.761844
67	28	0.746365
67	58	0.798374
67	65	0.847662
67	111	0.807922
67	112	0.809713
67	130	0.835012
67	131	0.804578
67	138	2.59342
67	154	0.835897
67	157	2.2206
67	158	0.804002
67	159	0.82467
67	164	0.721685
67	165	0.764214
67	167	4.13916
67	171	0.72633
68	12	0.753416
68	48	0.786959
68	60	0.83607
68	62	0.757327
68	74	0.793563
68	77	0.793927
68	82	0.779771
68	85	0.778999
68	91	0.769628
68	94	2.17909
68	99	1.80074
68	104	0.780771
68	106	0.780652
68	125	2.2456
68	128	0.732906
68	139	0.730444
68	161	5.23386
68	162	0.74379
69	6	0.69157
69	103	0.734279
69	107	0.728832
69	112	0.724736
69	115	0.752095
69	116	0.71859
69	119	0.748187
69	124	0.723966
69	130	0.750035
69	131	0.719601
69	134	3.91574
69	139	0.675687
69	159	0.739693
69	160	0.677715
69	162	3.15947
69	164	0.636708
69	169	3.63453
69	177	0.763553
70	29	0.685511
70	73	0.697058
70	146	0.657471
70	149	0.688164
70	150	0.628295
70	156	0.623211
70	159	6.05492
70	161	0.615525
70	166	0.622444
70	169	0.637223
70	170	0.626315
70	172	0.625152
70	173	0.592106
70	175	0.629862
70	176	0.622588
70	178	0.620713
70	179	0.600052
70	180	0.615424
71	89	0.714419
71	103	0.729976
71	107	0.724529
71	111	0.718642
71	112	0.720433
71	115	0.747792
71	116	0.714287
71	119	0.743884
71	124	0.719664
71	130	0.745732
71	131	0.715298
71	140	4.85439
71	145	2.36514
71	157	3.1512
71	159	0.73539
71	160	0.673412
71	164	0.632405
71	177	0.75925
72	7	0.812476
72	39	0.856031
72	41	0.854778
72	75	3.77623
72	80	2.77826
72	133	0.848908
72	140	2.50825
72	152	0.798448
72	154	0.857045
72	158	0.825149
72	159	0.845818
72	162	2.24996
72	164	0.742833
72	165	0.785362
72	171	0.747478
73	2	0.706858
73	6	3.03861
73	30	1.97584
73	70	0.697058
73	113	0.782728
73	126	0.766693
73	140	0.733961
73	148	0.719898
73	153	0.727063
73	169	0.713895
73	172	0.701824
73	173	0.668778
73	174	0.714458
73	175	0.706534
73	176	0.699261
73	177	1.50786
73	178	0.697385
73	179	0.676724
73	180	0.692096
74	33	0.792548
74	48	0.769385
74	60	0.818497
74	62	0.739753
74	68	0.793563
74	77	0.776354
74	82	0.762197
74	85	0.761426
74	88	0.756854
74	91	0.752054
74	104	0.763197
74	106	0.763078
74	139	0.712871
74	142	1.53761
74	146	2.48832
74	152	0.729506
74	162	0.726217
74	163	5.64803
74	168	2.63033
75	1	0.681766
75	41	3.82377
75	72	3.77623
75	128	0.671138
75	137	0.751648
75	155	0.67623
75	157	0.732721
75	167	0.664733
75	168	0.681717
75	169	0.670831
75	170	0.659922
75	171	0.634342
75	172	0.65876
75	173	0.625713
75	174	0.671393
75	175	0.66347
75	178	0.65432
75	179	0.633659
75	180	0.649032
76	22	0.740551
76	30	0.733912
76	31	0.73983
76	32	0.859822
76	35	0.721768
76	42	0.724585
76	43	0.725197
76	46	0.770597
76	51	0.779495
76	53	0.776934
76	56	0.780682
76	59	0.766104
76	105	0.774366
76	113	1.92639
76	137	1.98987
76	159	0.779711
76	165	0.719255
76	169	3.65316
76	172	4.53612
77	48	0.76975
77	60	0.818861
77	62	0.740118
77	68	0.793927
77	74	0.776354
77	82	0.762562
77	85	0.76179
77	88	0.757219
77	91	0.752419
77	104	0.763562
77	106	0.763443
77	127	2.15262
77	128	0.715697
77	139	0.713235
77	144	0.789929
77	152	0.729871
77	157	1.9019
77	165	3.37452
77	172	4.70482
78	62	0.733344
78	91	0.745645
78	93	0.742572
78	103	0.765053
78	104	0.756788
78	106	0.756669
78	109	0.784755
78	112	0.755511
78	118	0.780091
78	119	0.778961
78	130	0.780809
78	131	0.750375
78	136	0.76113
78	146	2.41536
78	162	0.719807
78	165	2.47084
78	175	2.9305
78	177	0.794328
78	180	4.31222
79	11	0.753657
79	57	0.774009
79	84	0.781513
79	92	0.772195
79	97	0.755751
79	100	1.08077
79	102	0.779304
79	108	0.730133
79	109	0.802007
79	110	0.774607
79	114	0.756742
79	136	0.778383
79	151	2.78107
79	156	4.9755
79	160	0.725742
79	162	0.73706
79	163	0.681182
79	169	3.19408
79	177	0.81158
80	21	1.9655
80	60	2.85624
80	72	2.77826
80	84	0.737896
80	102	0.735687
80	109	0.758391
80	115	0.756506
80	116	0.723
80	117	0.752863
80	130	0.754445
80	131	0.724011
80	154	0.75533
80	157	0.744142
80	161	0.660554
80	164	0.641118
80	174	0.682814
80	176	0.667617
80	179	0.645081
80	180	0.660453
81	32	1.41651
81	104	1.75092
81	113	0.818065
81	115	1.24474
81	125	0.82506
81	126	0.802031
81	132	0.727642
81	155	0.754632
81	166	0.734454
81	167	0.743135
81	168	0.760119
81	170	0.738325
81	173	0.704116
81	174	0.749796
81	175	0.741872
81	176	0.734598
81	177	0.350849
81	178	0.732722
81	179	0.712062
81	180	0.727434
82	12	0.722051
82	25	0.789308
82	33	0.778756
82	48	0.755593
82	62	0.725961
82	68	0.779771
82	74	0.762197
82	77	0.762562
82	85	0.747634
82	88	0.743062
82	91	0.738263
82	104	0.749406
82	106	0.749287
82	140	1.82062
82	144	0.775773
82	152	0.715714
82	160	2.57862
82	162	0.712425
82	167	2.03598
82	173	6.84171
83	17	0.782395
83	37	0.749679
83	40	0.752332
83	89	0.732028
83	103	0.747585
83	107	0.742137
83	111	0.736251
83	112	0.738042
83	115	0.765401
83	116	0.731896
83	119	0.761492
83	124	0.737272
83	130	0.76334
83	131	0.732906
83	140	2.47086
83	147	1.37542
83	159	0.752999
83	163	5.34452
83	170	3.66247
83	177	0.776859
84	2	3.73152
84	44	0.770638
84	79	0.781513
84	80	0.737896
84	92	0.756032
84	95	0.792709
84	97	0.739588
84	101	0.772736
84	108	0.71397
84	110	0.758445
84	114	0.74058
84	122	2.322
84	133	1.56595
84	136	0.76222
84	144	0.784245
84	160	0.709579
84	162	0.720897
84	171	0.673217
84	176	3.66132
84	177	0.795417
85	13	0.592132
85	25	0.788536
85	33	0.777984
85	48	0.754822
85	60	0.803933
85	62	0.725189
85	68	0.778999
85	74	0.761426
85	77	0.76179
85	82	0.747634
85	88	0.742291
85	91	0.737491
85	104	0.748634
85	106	0.748515
85	139	0.698307
85	152	0.714943
85	158	1.5745
85	162	0.711653
85	178	3.68785
85	179	5.66625
86	11	0.738347
86	34	0.804544
86	61	0.792013
86	93	0.744515
86	95	0.793563
86	96	1.76315
86	97	0.740441
86	102	0.763994
86	108	0.714823
86	110	0.759298
86	117	0.78117
86	136	0.763073
86	144	0.785098
86	150	4.24573
86	161	0.68886
86	163	0.665873
86	167	3.75213
86	171	0.67407
86	174	3.46567
86	177	0.79627
87	19	0.758761
87	39	2.8534
87	58	2.39854
87	130	1.58225
87	134	0.714022
87	147	0.761408
87	149	0.756726
87	151	0.716127
87	161	0.684088
87	166	0.691007
87	168	0.716672
87	169	0.705786
87	172	0.693715
87	173	0.660669
87	174	0.706349
87	175	0.698425
87	176	0.691151
87	178	0.689275
87	179	0.668615
87	180	0.683987
88	12	0.716707
88	25	0.783965
88	33	0.773413
88	60	0.799362
88	62	0.720618
88	74	0.756854
88	77	0.757219
88	82	0.743062
88	85	0.742291
88	91	0.732919
88	104	0.744062
88	106	0.743943
88	128	0.696197
88	139	0.693736
88	143	5.54905
88	144	0.770429
88	145	1.69223
88	148	3.34849
88	152	0.710371
88	162	0.707082
88	175	3.43376
89	6	0.708669
89	17	0.786189
89	40	0.756126
89	71	0.714419
89	83	0.732028
89	107	0.745932
89	112	0.741836
89	113	2.18331
89	115	0.769195
89	116	0.73569
89	119	0.765286
89	124	0.741066
89	130	0.767135
89	131	0.7367
89	159	0.756793
89	160	0.694815
89	162	3.43502
89	164	0.653808
89	165	3.46275
89	169	3.91009
89	177	0.780653
90	36	0.724566
90	52	1.97923
90	95	1.38664
90	105	1.21518
90	123	0.801819
90	125	0.812429
90	138	0.772765
90	144	0.572743
90	146	0.75685
90	153	0.74977
90	155	0.742002
90	156	0.72259
90	167	0.730504
90	169	0.736602
90	170	0.725694
90	172	0.724531
90	174	0.737165
90	175	0.729242
90	178	0.720092
90	179	0.699431
90	180	0.714803
91	25	0.779165
91	33	0.768613
91	48	0.74545
91	60	0.794562
91	62	0.715818
91	68	0.769628
91	74	0.752054
91	77	0.752419
91	78	0.745645
91	82	0.738263
91	85	0.737491
91	88	0.732919
91	104	0.739262
91	106	0.739143
91	128	0.691397
91	137	1.59338
91	139	0.688936
91	160	2.51183
91	162	0.702282
91	171	4.52233
91	179	4.96005
92	61	0.781842
92	79	0.772195
92	84	0.756032
92	93	0.734344
92	95	0.783392
92	97	0.73027
92	108	0.704652
92	109	0.776527
92	110	0.749127
92	117	0.770999
92	118	0.771862
92	127	2.15491
92	136	0.752902
92	138	2.27701
92	148	3.7512
92	160	0.700261
92	162	0.711579
92	163	0.655702
92	171	0.663899
92	177	0.786099
92	178	4.8352
93	34	0.782003
93	78	0.742572
93	86	0.744515
93	92	0.734344
93	97	0.7179
93	108	0.692282
93	109	0.764156
93	110	0.736757
93	114	0.718892
93	117	0.758629
93	118	0.759492
93	127	2.20932
93	133	2.32091
93	136	0.740532
93	144	0.762557
93	154	0.761096
93	157	1.95861
93	160	0.687891
93	161	0.666319
93	163	0.643332
93	164	6.95968
93	177	0.773729
94	14	2.1312
94	25	1.63909
94	44	2.85061
94	68	2.17909
94	141	0.748172
94	146	0.75884
94	150	0.729664
94	156	0.72458
94	157	0.800483
94	166	0.723814
94	167	0.732495
94	168	0.749479
94	169	0.738593
94	170	0.727685
94	172	0.726522
94	173	0.693476
94	174	0.739156
94	175	0.731232
94	176	0.723958
94	178	0.722082
94	179	0.701422
94	180	0.716794
95	34	0.831051
95	84	0.792709
95	86	0.793563
95	90	1.38664
95	92	0.783392
95	101	0.800096
95	102	0.7905
95	108	0.74133
95	109	0.813204
95	114	0.767939
95	117	0.807677
95	118	0.80854
95	123	1.95026
95	136	0.78958
95	139	2.96354
95	158	2.74616
95	160	0.736939
95	161	0.715367
95	163	0.692379
95	171	0.700577
95	175	3.86078
95	177	0.822777
96	19	0.830195
96	54	1.6928
96	86	1.76315
96	102	0.839336
96	116	0.849975
96	129	0.78848
96	132	0.755629
96	137	0.858037
96	138	0.813383
96	140	0.797286
96	144	0.163223
96	151	0.787561
96	155	0.78262
96	163	0.732534
96	167	0.771122
96	170	0.766312
96	173	0.732103
96	175	0.769859
96	176	0.762585
96	178	0.76071
96	179	0.740049
96	180	0.755421
97	44	0.744877
97	79	0.755751
97	84	0.739588
97	86	0.740441
97	92	0.73027
97	93	0.7179
97	101	0.746975
97	102	0.737379
97	109	0.760083
97	117	0.754555
97	118	0.755418
97	128	3.18045
97	136	0.736458
97	144	0.758483
97	147	2.19064
97	154	0.757022
97	162	0.695135
97	163	0.639258
97	165	3.05551
97	166	5.18603
97	171	0.647455
97	177	0.769655
98	48	2.29928
98	49	1.56068
98	102	0.761393
98	108	0.712223
98	109	0.784097
98	111	1.33929
98	118	0.779432
98	124	1.81815
98	136	0.760472
98	154	0.781036
98	158	0.749141
98	159	0.769809
98	164	0.666824
98	165	0.709353
98	168	0.718844
98	169	0.707957
98	171	0.671469
98	173	0.66284
98	175	0.700597
98	177	0.793669
98	178	0.691447
98	179	0.670786
98	180	0.686158
99	39	2.28769
99	65	1.14572
99	68	1.80074
99	101	1.30857
99	137	0.849793
99	143	0.759024
99	146	0.789223
99	149	0.819916
99	156	0.754963
99	166	0.754197
99	167	0.762878
99	168	0.779862
99	169	0.768976
99	170	0.758067
99	172	0.756905
99	173	0.723858
99	174	0.769538
99	175	0.761615
99	176	0.754341
99	177	0.451579
99	178	0.752465
99	179	0.731805
99	180	0.747177
100	62	3.00866
100	64	2.51489
100	79	1.08077
100	115	1.54317
100	126	0.774698
100	129	0.73316
100	142	0.785036
100	143	0.711948
100	145	0.824359
100	146	0.742148
100	148	0.727903
100	150	0.712972
100	151	0.732241
100	167	0.715802
100	169	0.7219
100	170	0.710992
100	173	0.676783
100	174	0.722463
100	175	0.714539
100	176	0.707266
100	178	0.70539
100	179	0.684729
100	180	0.700101
101	34	0.811077
101	44	0.778025
101	57	0.765232
101	84	0.772736
101	95	0.800096
101	97	0.746975
101	99	1.30857
101	108	0.721357
101	109	0.793231
101	114	0.747966
101	118	0.788567
101	122	2.81797
101	132	6.04808
101	136	0.769606
101	144	0.791631
101	149	2.11674
101	154	0.790171
101	157	1.69962
101	160	0.716966
101	161	0.695394
101	162	0.728284
101	163	0.672406
101	171	0.680604
101	177	0.802804
102	44	0.768429
102	61	0.78895
102	79	0.779304
102	80	0.735687
102	86	0.763994
102	95	0.7905
102	96	0.839336
102	97	0.737379
102	98	0.761393
102	108	0.711761
102	109	0.783635
102	114	0.738371
102	117	0.778108
102	118	0.778971
102	127	2.04144
102	136	0.760011
102	141	3.81429
102	144	0.782036
102	150	4.20288
102	160	0.70737
102	161	0.685798
102	163	0.66281
102	171	0.671008
102	175	3.723
102	177	0.793208
103	6	0.724227
103	9	0.728793
103	17	0.801746
103	69	0.734279
103	71	0.729976
103	78	0.765053
103	83	0.747585
103	107	0.761489
103	111	0.755602
103	112	0.757393
103	116	0.751247
103	119	0.780843
103	124	0.756623
103	130	0.782692
103	131	0.752257
103	139	0.708344
103	153	2.21374
103	157	2.05394
103	159	0.77235
103	160	0.710372
103	164	0.669365
103	166	4.63661
103	171	5.50516
103	174	2.66556
103	177	0.79621
104	12	0.723051
104	25	0.790308
104	33	0.779756
104	47	1.34538
104	48	0.756593
104	60	0.805705
104	62	0.726961
104	68	0.780771
104	74	0.763197
104	77	0.763562
104	78	0.756788
104	81	1.75092
104	82	0.749406
104	85	0.748634
104	88	0.744062
104	91	0.739262
104	106	0.750286
104	128	0.70254
104	139	0.700079
104	140	3.94589
104	144	0.776772
104	152	0.716714
104	157	2.2427
104	162	0.713425
104	167	4.16125
105	3	1.35138
105	26	0.718211
105	42	0.717292
105	45	0.761104
105	46	0.763304
105	49	0.760995
105	55	0.764567
105	58	0.746123
105	63	0.750067
105	64	0.732547
105	65	0.79541
105	66	0.732639
105	76	0.774366
105	90	1.21518
105	144	0.785106
105	153	2.93732
105	154	0.783646
105	158	0.75175
105	159	0.772418
105	161	0.688869
105	163	0.665881
105	165	0.711963
105	167	3.6756
105	176	4.21472
105	177	0.796279
106	1	3.66579
106	10	3.26579
106	12	0.722931
106	25	0.790189
106	33	0.779637
106	48	0.756474
106	60	0.805586
106	62	0.726842
106	68	0.780652
106	74	0.763078
106	77	0.763443
106	78	0.756669
106	82	0.749287
106	85	0.748515
106	88	0.743943
106	91	0.739143
106	104	0.750286
106	113	1.38803
106	128	0.702421
106	135	1.82744
106	139	0.69996
106	144	0.776653
106	152	0.716595
106	156	4.0529
106	162	0.713306
107	9	0.723346
107	32	0.847014
107	69	0.728832
107	71	0.724529
107	83	0.742137
107	89	0.745932
107	103	0.761489
107	111	0.750155
107	112	0.751946
107	115	0.779305
107	116	0.7458
107	119	0.775396
107	120	1.70366
107	123	2.36685
107	124	0.751176
107	128	0.705358
107	130	0.777244
107	131	0.74681
107	145	1.55903
107	151	3.85204
107	159	0.766902
107	160	0.704925
107	164	0.663918
107	177	0.790763
107	180	5.65909
108	27	0.688127
108	44	0.719259
108	61	0.73978
108	79	0.730133
108	84	0.71397
108	86	0.714823
108	92	0.704652
108	93	0.692282
108	95	0.74133
108	98	0.712223
108	101	0.721357
108	102	0.711761
108	110	0.707065
108	114	0.6892
108	117	0.728937
108	118	0.729801
108	136	0.71084
108	137	2.09496
108	154	0.731404
108	160	0.658199
108	162	0.669517
108	171	0.621837
108	173	7.44282
108	176	3.17621
108	177	0.744037
108	178	3.64955
109	57	0.77834
109	61	0.811654
109	78	0.784755
109	79	0.802007
109	80	0.758391
109	92	0.776527
109	93	0.764156
109	95	0.813204
109	97	0.760083
109	98	0.784097
109	101	0.793231
109	102	0.783635
109	110	0.778939
109	114	0.761074
109	117	0.800812
109	118	0.801675
109	133	1.9732
109	136	0.782714
109	145	1.67914
109	155	3.60753
109	158	2.42856
109	162	0.741392
109	168	3.17005
109	171	0.693712
109	177	0.815912
109	180	4.9249
110	11	0.730589
110	44	0.763733
110	61	0.784254
110	79	0.774607
110	84	0.758445
110	86	0.759298
110	92	0.749127
110	93	0.736757
110	108	0.707065
110	109	0.778939
110	114	0.733675
110	118	0.774275
110	136	0.755315
110	138	1.82826
110	144	0.77734
110	150	3.86759
110	151	2.96239
110	154	0.775879
110	155	3.45206
110	160	0.702674
110	161	0.681102
110	162	0.713992
110	163	0.658114
110	171	0.666312
110	176	3.91311
110	177	0.788512
111	17	0.790412
111	23	0.672659
111	37	0.757696
111	67	0.807922
111	71	0.718642
111	83	0.736251
111	98	1.33929
111	103	0.755602
111	107	0.750155
111	112	0.746059
111	115	0.773418
111	116	0.739913
111	119	0.76951
111	124	0.745289
111	128	0.699472
111	130	0.771358
111	131	0.740924
111	137	2.20742
111	139	0.69701
111	147	2.5585
111	149	2.36787
111	159	0.761016
111	160	0.699038
111	163	6.5276
111	164	0.658031
111	177	0.784876
112	6	0.714684
112	9	0.71925
112	67	0.809713
112	69	0.724736
112	71	0.720433
112	78	0.755511
112	83	0.738042
112	89	0.741836
112	103	0.757393
112	107	0.751946
112	111	0.746059
112	115	0.775209
112	116	0.741704
112	119	0.7713
112	124	0.74708
112	128	0.701263
112	130	0.773149
112	131	0.742714
112	134	3.68117
112	135	2.04675
112	160	0.700829
112	162	2.92489
112	164	0.659822
112	168	3.03914
112	170	4.3748
112	177	0.786667
113	27	3.2134
113	36	0.710856
113	73	0.782728
113	76	1.92639
113	81	0.818065
113	89	2.18331
113	106	1.38803
113	135	0.766384
113	137	0.80371
113	138	0.759056
113	142	0.786029
113	148	0.728896
113	150	0.713964
113	154	0.93354
113	155	0.728293
113	157	0.784784
113	166	0.708114
113	167	0.716795
113	168	0.733779
113	169	0.722893
113	171	0.686405
113	172	0.710822
113	174	0.723456
113	175	0.715532
113	178	0.706383
113	179	0.685722
113	180	0.701094
114	11	0.712724
114	34	0.778921
114	57	0.733076
114	61	0.766389
114	79	0.756742
114	84	0.74058
114	93	0.718892
114	95	0.767939
114	101	0.747966
114	102	0.738371
114	108	0.6892
114	109	0.761074
114	110	0.733675
114	117	0.755547
114	118	0.75641
114	126	2.01198
114	136	0.73745
114	144	0.759475
114	154	0.758014
114	156	4.6188
114	160	0.684809
114	161	0.663237
114	168	2.47657
114	171	0.648447
114	172	3.72034
114	177	0.770647
114	178	3.84843
115	3	1.33084
115	17	0.819562
115	37	0.786846
115	40	0.7895
115	69	0.752095
115	71	0.747792
115	80	0.756506
115	81	1.24474
115	83	0.765401
115	89	0.769195
115	100	1.54317
115	107	0.779305
115	111	0.773418
115	112	0.775209
115	116	0.769063
115	119	0.79866
115	124	0.774439
115	128	0.728622
115	130	0.800508
115	131	0.770073
115	149	2.15363
115	150	4.14867
115	155	3.73314
115	159	0.790166
115	160	0.728188
115	164	0.687181
115	177	0.814026
116	6	0.708537
116	37	0.753341
116	40	0.755994
116	69	0.71859
116	71	0.714287
116	80	0.723
116	83	0.731896
116	89	0.73569
116	96	0.849975
116	103	0.751247
116	107	0.7458
116	111	0.739913
116	112	0.741704
116	115	0.769063
116	119	0.765154
116	121	3.95691
116	124	0.740934
116	130	0.767003
116	131	0.736568
116	139	0.692655
116	153	2.98164
116	159	0.756661
116	160	0.694683
116	164	0.653676
116	168	3.36051
116	176	4.25903
116	177	0.780521
117	11	0.752461
117	27	0.754474
117	34	0.818658
117	44	0.785606
117	57	0.772813
117	61	0.806127
117	80	0.752863
117	86	0.78117
117	92	0.770999
117	93	0.758629
117	95	0.807677
117	97	0.754555
117	102	0.778108
117	108	0.728937
117	109	0.800812
117	114	0.755547
117	118	0.796147
117	136	0.777187
117	149	1.95879
117	158	2.35933
117	160	0.724546
117	162	0.735864
117	163	0.679987
117	165	3.01429
117	168	3.10082
117	171	0.688184
117	172	4.34459
117	174	3.17377
118	57	0.773676
118	61	0.80699
118	78	0.780091
118	92	0.771862
118	93	0.759492
118	95	0.80854
118	97	0.755418
118	98	0.779432
118	101	0.788567
118	102	0.778971
118	108	0.729801
118	109	0.801675
118	110	0.774275
118	114	0.75641
118	117	0.796147
118	136	0.77805
118	141	1.85899
118	144	0.800075
118	148	1.68243
118	156	3.53681
118	157	1.59655
118	160	0.725409
118	161	0.703837
118	162	0.736727
118	163	0.68085
118	166	3.43857
118	171	0.689047
118	173	6.55971
119	6	0.738134
119	9	0.742701
119	37	0.782938
119	40	0.785591
119	69	0.748187
119	71	0.743884
119	78	0.778961
119	83	0.761492
119	89	0.765286
119	103	0.780843
119	107	0.775396
119	111	0.76951
119	112	0.7713
119	115	0.79866
119	116	0.765154
119	124	0.770531
119	126	1.52481
119	130	0.796599
119	131	0.766165
119	132	4.77871
119	139	0.722251
119	155	2.42687
119	160	0.724279
119	164	0.683272
119	169	2.35021
119	170	3.32505
119	177	0.810117
119	180	3.74424
120	50	1.51306
120	60	1.30635
120	62	2.56057
120	107	1.70366
120	122	0.788078
120	124	1.78818
120	132	0.741796
120	137	0.844204
120	141	0.772966
120	148	0.76939
120	150	0.754458
120	151	0.773728
120	153	0.776554
120	156	0.749374
120	157	0.825277
120	166	0.748608
120	167	0.757289
120	168	0.774273
120	169	0.763387
120	172	0.751316
120	173	0.71827
120	174	0.76395
120	175	0.756026
120	176	0.748752
120	177	0.201191
120	178	0.746876
120	179	0.726216
120	180	0.741588
121	4	3.7032
121	51	2.7399
121	116	3.95691
121	135	0.719435
121	138	0.712107
121	140	0.69601
121	143	0.665992
121	147	0.731567
121	148	0.681947
121	149	0.726885
121	151	0.686285
121	153	0.689112
121	155	0.681344
121	166	0.661166
121	167	0.669846
121	168	0.686831
121	169	0.675944
121	170	0.665036
121	172	0.663873
121	173	0.630827
121	174	0.676507
121	175	0.668583
121	176	0.66131
121	178	0.659434
121	179	0.638773
121	180	0.654145
122	27	4.13857
122	66	2.72146
122	84	2.322
122	101	2.81797
122	120	0.788078
122	123	0.743969
122	129	0.690011
122	132	0.657161
122	134	0.686988
122	135	0.722242
122	137	0.759569
122	138	0.714914
122	141	0.688331
122	142	0.741887
122	147	0.734374
122	153	0.691919
122	157	0.740642
122	165	0.680147
122	166	0.663973
122	167	0.672654
122	168	0.689638
122	170	0.667843
122	172	0.666681
122	173	0.633634
122	174	0.679314
122	175	0.671391
122	176	0.664117
122	178	0.662241
122	179	0.641581
122	180	0.656953
123	2	0.71224
123	52	2.54285
123	66	1.62486
123	90	0.801819
123	95	1.95026
123	107	2.36685
123	122	0.743969
123	131	2.50767
123	132	0.697686
123	135	0.762768
123	142	0.782413
123	143	0.709326
123	146	0.739525
123	150	0.710349
123	153	0.732445
123	155	0.724677
123	156	0.705265
123	166	0.704499
123	167	0.713179
123	168	0.730164
123	169	0.719278
123	170	0.708369
123	172	0.707207
123	173	0.67416
123	174	0.71984
123	175	0.711917
123	176	0.704643
123	178	0.702767
123	179	0.682106
123	180	0.697479
124	6	0.713914
124	9	0.718481
124	17	0.791433
124	23	0.67368
124	27	0.729987
124	37	0.758717
124	40	0.761371
124	69	0.723966
124	71	0.719664
124	83	0.737272
124	89	0.741066
124	98	1.81815
124	103	0.756623
124	107	0.751176
124	111	0.745289
124	112	0.74708
124	115	0.774439
124	116	0.740934
124	119	0.770531
124	120	1.78818
124	128	0.700493
124	130	0.772379
124	131	0.741945
124	135	2.99636
124	139	0.698031
124	145	1.64355
124	152	3.18495
124	159	0.762037
124	160	0.700059
124	161	5.47168
124	164	0.659052
124	177	0.785897
125	57	2.41265
125	65	1.79616
125	68	2.2456
125	81	0.82506
125	90	0.812429
125	132	0.708296
125	136	1.32065
125	141	0.739467
125	142	0.793023
125	143	0.719935
125	145	0.832346
125	146	0.750135
125	148	0.73589
125	149	0.780828
125	150	0.720959
125	151	0.740228
125	154	0.794169
125	155	0.735287
125	156	0.715875
125	166	0.715109
125	168	0.740774
125	169	0.729887
125	170	0.718979
125	172	0.717816
125	173	0.68477
125	174	0.73045
125	175	0.722526
125	176	0.715253
125	177	0.896442
125	178	0.713377
125	179	0.692716
125	180	0.708088
126	39	3.7733
126	53	1.98082
126	73	0.766693
126	81	0.802031
126	100	0.774698
126	114	2.01198
126	119	1.52481
126	127	0.775423
126	132	0.685267
126	141	0.716438
126	143	0.696906
126	146	0.727106
126	149	0.757798
126	151	0.717199
126	152	0.721339
126	155	0.712258
126	156	0.692846
126	157	0.768749
126	159	1.96402
126	164	0.665725
126	167	0.70076
126	168	0.717745
126	169	0.706858
126	170	0.69595
126	172	0.694787
126	173	0.661741
126	175	0.699497
126	176	0.692223
126	178	0.690348
126	179	0.669687
126	180	0.685059
127	40	2.89532
127	77	2.15262
127	92	2.15491
127	93	2.20932
127	102	2.04144
127	126	0.775423
127	129	0.733885
127	134	0.730861
127	137	0.803442
127	141	0.732205
127	143	0.712673
127	145	0.825084
127	146	0.742873
127	148	0.728628
127	150	0.713696
127	151	0.732966
127	154	0.991068
127	155	0.728025
127	156	0.708613
127	157	0.784516
127	160	0.722499
127	166	0.707846
127	167	0.716527
127	168	0.733511
127	169	0.722625
127	170	0.711717
127	172	0.710554
127	173	0.677508
127	174	0.723188
127	175	0.715264
127	176	0.70799
127	178	0.706115
127	179	0.685454
127	180	0.700826
128	34	3.19598
128	45	3.47152
128	50	3.75205
128	68	0.732906
128	75	0.671138
128	77	0.715697
128	88	0.696197
128	91	0.691397
128	97	3.18045
128	104	0.70254
128	106	0.702421
128	107	0.705358
128	111	0.699472
128	112	0.701263
128	115	0.728622
128	124	0.700493
128	130	0.726561
128	131	0.696127
128	143	0.644416
128	152	0.668849
128	156	0.640355
128	159	0.716219
128	162	0.66556
128	168	0.665254
128	169	0.654368
128	170	0.64346
128	172	0.642297
128	174	0.654931
128	175	0.647007
128	176	0.639733
128	177	0.74008
128	178	0.637858
128	179	0.617197
128	180	0.632569
129	10	0.685201
129	12	3.44705
129	15	3.58047
129	26	3.26603
129	45	3.30645
129	96	0.78848
129	100	0.73316
129	122	0.690011
129	127	0.733885
129	132	0.643729
129	134	0.673556
129	135	0.708811
129	138	0.701483
129	140	0.685386
129	145	0.767779
129	147	0.720943
129	151	0.675661
129	153	0.678487
129	156	0.651308
129	157	0.727211
129	160	0.665194
129	166	0.650541
129	167	0.659222
129	168	0.676207
129	169	0.66532
129	170	0.654412
129	172	0.653249
129	173	0.620203
129	174	0.665883
129	175	0.657959
129	176	0.650685
129	178	0.64881
129	179	0.628149
129	180	0.643521
130	6	0.739982
130	9	0.744549
130	17	0.817502
130	27	0.756056
130	32	0.868217
130	40	0.787439
130	67	0.835012
130	69	0.750035
130	71	0.745732
130	78	0.780809
130	80	0.754445
130	83	0.76334
130	87	1.58225
130	89	0.767135
130	103	0.782692
130	107	0.777244
130	111	0.771358
130	112	0.773149
130	115	0.800508
130	116	0.767003
130	119	0.796599
130	124	0.772379
130	128	0.726561
130	131	0.768013
130	133	1.76989
130	139	0.7241
130	142	1.87402
130	147	2.01534
130	151	2.91454
130	158	2.22524
130	159	0.788106
130	160	0.726128
130	164	0.685121
130	170	4.30239
130	171	5.87928
130	177	0.811966
131	6	0.709548
131	9	0.714115
131	17	0.787067
131	23	0.669314
131	27	0.725621
131	28	1.01168
131	32	0.837782
131	37	0.754352
131	40	0.757005
131	67	0.804578
131	69	0.719601
131	71	0.715298
131	78	0.750375
131	80	0.724011
131	83	0.732906
131	89	0.7367
131	103	0.752257
131	107	0.74681
131	111	0.740924
131	112	0.742714
131	115	0.770073
131	116	0.736568
131	119	0.766165
131	123	2.50767
131	124	0.741945
131	128	0.696127
131	130	0.768013
131	137	2.74258
131	139	0.693665
131	147	3.09367
131	149	2.90304
131	159	0.757671
131	160	0.695693
131	164	0.654686
131	165	3.95854
131	174	4.11802
131	177	0.781531
132	5	4.3732
132	29	0.680757
132	81	0.727642
132	96	0.755629
132	101	6.04808
132	119	4.77871
132	120	0.741796
132	122	0.657161
132	123	0.697686
132	125	0.708296
132	126	0.685267
132	129	0.643729
132	135	0.67596
132	137	0.713287
132	141	0.642049
132	143	0.622517
132	145	0.734928
132	148	0.638472
132	150	0.623541
132	151	0.64281
132	153	0.645637
132	155	0.637869
132	156	0.618457
132	157	0.69436
132	160	0.632343
132	164	0.591336
132	166	0.617691
132	169	0.632469
132	170	0.621561
132	171	0.595981
132	172	0.620398
132	173	0.587352
132	174	0.633032
132	175	0.625109
132	176	0.617835
132	178	0.615959
132	179	0.595298
132	180	0.61067
133	2	0.711965
133	5	0.739708
133	20	0.731928
133	24	0.73116
133	26	0.726646
133	33	1.88054
133	39	0.791068
133	40	3.0069
133	41	0.789814
133	55	0.773002
133	58	0.754558
133	65	0.803846
133	72	0.848908
133	84	1.56595
133	93	2.32091
133	109	1.9732
133	130	1.76989
133	144	0.793542
133	147	0.774625
133	152	0.733484
133	153	0.73217
133	154	0.792081
133	158	0.760186
133	159	0.780854
133	164	0.677869
133	165	0.720398
133	167	0.712904
133	168	0.729889
133	171	0.682514
133	172	0.706931
133	173	0.673885
133	175	0.711641
133	176	0.704368
133	177	1.20492
133	178	0.702492
133	179	0.681831
133	180	0.697203
134	55	2.68102
134	69	3.91574
134	87	0.714022
134	112	3.68117
134	122	0.686988
134	127	0.730861
134	129	0.673556
134	138	0.698459
134	139	0.660143
134	140	0.682362
134	141	0.671876
134	142	0.725432
134	144	3.31578
134	145	0.764756
134	146	0.682544
134	147	0.717919
134	148	0.6683
134	151	0.672638
134	153	0.675464
134	155	0.667696
134	156	0.648284
134	157	0.724187
134	164	0.621164
134	165	0.663693
134	166	0.647518
134	167	0.656199
134	168	0.673183
134	169	0.662297
134	170	0.651389
134	172	0.650226
134	173	0.61718
134	174	0.66286
134	175	0.654936
134	176	0.647662
134	178	0.645786
134	179	0.625126
134	180	0.640498
135	9	3.3075
135	106	1.82744
135	112	2.04675
135	113	0.766384
135	121	0.719435
135	122	0.722242
135	123	0.762768
135	124	2.99636
135	129	0.708811
135	132	0.67596
135	136	1.83358
135	137	0.778369
135	138	0.733714
135	140	0.717617
135	141	0.707131
135	143	0.687599
135	145	0.80001
135	146	0.717799
135	148	0.703554
135	149	0.748492
135	150	0.688623
135	151	0.707892
135	153	0.710719
135	156	0.683539
135	157	0.759442
135	165	0.698947
135	166	0.682773
135	167	0.691453
135	168	0.708438
135	169	0.697551
135	170	0.686643
135	172	0.68548
135	173	0.652434
135	175	0.69019
135	176	0.682917
135	177	1.40938
135	178	0.681041
135	179	0.66038
135	180	0.675752
136	11	0.734364
136	18	0.598234
136	23	0.68007
136	27	0.736377
136	34	0.800561
136	44	0.767509
136	57	0.754716
136	61	0.78803
136	78	0.76113
136	79	0.778383
136	84	0.76222
136	86	0.763073
136	92	0.752902
136	93	0.740532
136	95	0.78958
136	97	0.736458
136	98	0.760472
136	101	0.769606
136	102	0.760011
136	108	0.71084
136	109	0.782714
136	110	0.755315
136	114	0.73745
136	117	0.777187
136	118	0.77805
136	125	1.32065
136	135	1.83358
136	142	1.73326
136	144	0.781115
136	146	2.68397
136	154	0.779654
136	155	3.26346
136	160	0.706449
136	161	0.684877
136	162	0.717767
136	163	0.66189
136	170	4.16163
136	171	0.670087
136	177	0.792287
136	179	6.17624
137	4	1.80432
137	17	1.3905
137	75	0.751648
137	76	1.98987
137	91	1.59338
137	96	0.858037
137	99	0.849793
137	108	2.09496
137	111	2.20742
137	113	0.80371
137	120	0.844204
137	122	0.759569
137	127	0.803442
137	131	2.74258
137	132	0.713287
137	135	0.778369
137	140	0.754943
137	141	0.744457
137	142	0.798013
137	143	0.724926
137	148	0.74088
137	150	0.725949
137	153	0.748045
137	156	0.720865
137	157	0.796768
137	164	0.693745
137	166	0.720099
137	167	0.72878
137	168	0.745764
137	169	0.734878
137	170	0.72397
137	172	0.722807
137	173	0.689761
137	174	0.735441
137	175	0.727517
137	176	0.720243
137	177	1.09929
137	178	0.718367
137	179	0.697707
137	180	0.713079
138	43	3.48276
138	54	3.01702
138	63	2.80153
138	67	2.59342
138	90	0.772765
138	92	2.27701
138	96	0.813383
138	110	1.82826
138	113	0.759056
138	121	0.712107
138	122	0.714914
138	129	0.701483
138	134	0.698459
138	135	0.733714
138	140	0.710289
138	142	0.753358
138	145	0.792682
138	146	0.710471
138	147	0.745845
138	148	0.696226
138	149	0.741163
138	150	0.681294
138	151	0.700564
138	153	0.70339
138	155	0.695622
138	156	0.67621
138	163	0.645537
138	165	0.691619
138	167	0.684125
138	168	0.701109
138	169	0.690223
138	170	0.679315
138	171	0.653735
138	172	0.678152
138	174	0.690786
138	175	0.682862
138	176	0.675588
138	178	0.673713
138	179	0.653052
138	180	0.668424
139	4	2.58268
139	8	0.727963
139	9	0.670201
139	12	0.672724
139	14	3.17894
139	35	4.64888
139	48	0.706267
139	61	3.02596
139	68	0.730444
139	69	0.675687
139	74	0.712871
139	77	0.713235
139	85	0.698307
139	88	0.693736
139	91	0.688936
139	95	2.96354
139	103	0.708344
139	104	0.700079
139	106	0.69996
139	111	0.69701
139	116	0.692655
139	119	0.722251
139	124	0.698031
139	130	0.7241
139	131	0.693665
139	134	0.660143
139	140	0.671972
139	144	0.726446
139	151	0.662247
139	153	0.665074
139	156	0.637894
139	159	0.713758
139	168	0.662793
139	170	0.640998
139	173	0.606789
139	174	0.652469
139	175	0.644545
139	177	0.737618
139	178	0.635396
139	179	0.614735
139	180	0.630107
140	71	4.85439
140	72	2.50825
140	73	0.733961
140	82	1.82062
140	83	2.47086
140	96	0.797286
140	104	3.94589
140	121	0.69601
140	129	0.685386
140	134	0.682362
140	135	0.717617
140	137	0.754943
140	138	0.710289
140	139	0.671972
140	142	0.737262
140	143	0.664174
140	145	0.776585
140	146	0.694374
140	147	0.729749
140	148	0.680129
140	149	0.725066
140	151	0.684467
140	153	0.687293
140	156	0.660114
140	157	0.736017
140	161	0.652428
140	164	0.632993
140	166	0.659347
140	169	0.674126
140	170	0.663218
140	171	0.637638
140	172	0.662055
140	173	0.629009
140	174	0.674689
140	175	0.666765
140	176	0.659491
140	178	0.657616
140	179	0.636955
140	180	0.652327
141	1	0.674576
141	8	0.739697
141	46	2.2042
141	50	4.17806
141	94	0.748172
141	102	3.81429
141	118	1.85899
141	120	0.772966
141	122	0.688331
141	125	0.739467
141	126	0.716438
141	127	0.732205
141	132	0.642049
141	134	0.671876
141	135	0.707131
141	137	0.744457
141	144	3.13818
141	145	0.766099
141	147	0.719262
141	148	0.669643
141	149	0.71458
141	150	0.654711
141	153	0.676807
141	155	0.669039
141	156	0.649627
141	157	0.72553
141	158	0.704823
141	163	0.618954
141	166	0.648861
141	167	0.657542
141	168	0.674526
141	169	0.66364
141	171	0.627152
141	172	0.651569
141	173	0.618523
141	174	0.664203
141	175	0.656279
141	176	0.649005
141	178	0.64713
141	179	0.626469
141	180	0.641841
142	13	0.788716
142	14	2.61033
142	29	0.765484
142	36	0.705159
142	49	2.63857
142	61	2.45736
142	74	1.53761
142	100	0.785036
142	113	0.786029
142	122	0.741887
142	123	0.782413
142	125	0.793023
142	130	1.87402
142	134	0.725432
142	136	1.73326
142	137	0.798013
142	138	0.753358
142	140	0.737262
142	146	0.737444
142	149	0.768136
142	150	0.708267
142	151	0.727537
142	153	0.730363
142	154	1.20678
142	155	0.722595
142	156	0.703183
142	157	0.779086
142	158	0.758379
142	161	0.695498
142	162	0.728388
142	166	0.702417
142	167	0.711098
142	168	0.728082
142	169	0.717196
142	170	0.706288
142	172	0.705125
142	173	0.672079
142	174	0.717759
142	175	0.709835
142	176	0.702561
142	177	1.30906
142	178	0.700686
142	179	0.680025
142	180	0.695397
143	7	3.55056
143	17	5.1814
143	21	2.51899
143	36	0.632072
143	88	5.54905
143	99	0.759024
143	100	0.711948
143	121	0.665992
143	123	0.709326
143	125	0.719935
143	126	0.696906
143	127	0.712673
143	128	0.644416
143	132	0.622517
143	135	0.687599
143	137	0.724926
143	140	0.664174
143	145	0.746567
143	146	0.664356
143	147	0.699731
143	148	0.650111
143	149	0.695049
143	150	0.63518
143	151	0.65445
143	153	0.657276
143	155	0.649508
143	156	0.630096
143	157	0.705999
143	161	0.62241
143	162	0.6553
143	166	0.62933
143	168	0.654995
143	169	0.644109
143	170	0.6332
143	172	0.632037
143	173	0.598991
143	174	0.644671
143	175	0.636748
143	176	0.629474
143	178	0.627598
143	179	0.606937
143	180	0.62231
144	5	0.749306
144	16	0.75714
144	20	0.741526
144	24	0.740757
144	26	0.736244
144	33	0.806123
144	47	0.217293
144	48	0.78296
144	55	0.7826
144	58	0.764156
144	60	0.832072
144	62	0.753328
144	65	0.813444
144	77	0.789929
144	82	0.775773
144	84	0.784245
144	86	0.785098
144	88	0.770429
144	90	0.572743
144	93	0.762557
144	96	0.163223
144	97	0.758483
144	101	0.791631
144	102	0.782036
144	104	0.776772
144	105	0.785106
144	106	0.776653
144	110	0.77734
144	114	0.759475
144	118	0.800075
144	133	0.793542
144	134	3.31578
144	136	0.781115
144	139	0.726446
144	141	3.13818
144	145	1.20273
144	147	1.72236
144	152	0.743081
144	154	0.801679
144	156	4.81599
144	158	0.769783
144	162	0.739792
144	170	4.00941
144	171	0.692112
144	180	4.4286
145	29	0.804807
145	35	2.82779
145	44	2.07725
145	48	2.12468
145	71	2.36514
145	88	1.69223
145	100	0.824359
145	107	1.55903
145	109	1.67914
145	124	1.64355
145	125	0.832346
145	127	0.825084
145	129	0.767779
145	132	0.734928
145	134	0.764756
145	135	0.80001
145	138	0.792682
145	140	0.776585
145	141	0.766099
145	143	0.746567
145	144	1.20273
145	146	0.776767
145	147	0.812142
145	148	0.762522
145	149	0.80746
145	150	0.747591
145	152	0.771001
145	153	0.769687
145	155	0.761919
145	156	0.742507
145	157	0.81841
145	159	0.0833964
145	163	0.711834
145	166	0.741741
145	167	0.750421
145	168	0.767406
145	169	0.756519
145	170	0.745611
145	172	0.744448
145	173	0.711402
145	174	0.757082
145	175	0.749158
145	176	0.741885
145	178	0.740009
145	179	0.719348
145	180	0.73472
146	15	3.56512
146	34	3.01556
146	70	0.657471
146	74	2.48832
146	78	2.41536
146	90	0.75685
146	94	0.75884
146	99	0.789223
146	100	0.742148
146	123	0.739525
146	125	0.750135
146	126	0.727106
146	127	0.742873
146	134	0.682544
146	135	0.717799
146	136	2.68397
146	138	0.710471
146	140	0.694374
146	142	0.737444
146	143	0.664356
146	145	0.776767
146	147	0.729931
146	148	0.680311
146	149	0.725248
146	150	0.665379
146	151	0.684649
146	153	0.687475
146	155	0.679708
146	159	2.2866
146	163	0.629622
146	165	0.675704
146	166	0.659529
146	167	0.66821
146	168	0.685194
146	169	0.674308
146	170	0.6634
146	171	0.63782
146	173	0.629191
146	174	0.674871
146	175	0.666947
146	176	0.659673
146	178	0.657798
146	179	0.637137
146	180	0.652509
147	3	0.774954
147	28	0.847219
147	38	0.706796
147	64	3.31599
147	83	1.37542
147	87	0.761408
147	97	2.19064
147	111	2.5585
147	121	0.731567
147	122	0.734374
147	129	0.720943
147	130	2.01534
147	131	3.09367
147	133	0.774625
147	134	0.717919
147	138	0.745845
147	140	0.729749
147	141	0.719262
147	143	0.699731
147	144	1.72236
147	145	0.812142
147	146	0.729931
147	148	0.715686
147	149	0.760623
147	150	0.700754
147	151	0.720024
147	155	0.715082
147	156	0.69567
147	157	0.771574
147	158	0.750866
147	161	0.687985
147	162	0.720875
147	164	0.66855
147	166	0.694904
147	167	0.703585
147	168	0.720569
147	169	0.709683
147	170	0.698775
147	172	0.697612
147	173	0.664566
147	174	0.710246
147	175	0.702322
147	176	0.695048
147	177	1.45038
147	178	0.693173
147	179	0.672512
147	180	0.687884
148	11	4.32669
148	54	4.4912
148	73	0.719898
148	88	3.34849
148	92	3.7512
148	100	0.727903
148	113	0.728896
148	118	1.68243
148	120	0.76939
148	121	0.681947
148	125	0.73589
148	127	0.728628
148	132	0.638472
148	134	0.6683
148	135	0.703554
148	137	0.74088
148	138	0.696226
148	140	0.680129
148	141	0.669643
148	143	0.650111
148	145	0.762522
148	146	0.680311
148	147	0.715686
148	150	0.651134
148	151	0.670404
148	153	0.67323
148	155	0.665463
148	156	0.646051
148	157	0.721954
148	163	0.615378
148	166	0.645284
148	167	0.653965
148	168	0.67095
148	169	0.660063
148	170	0.649155
148	171	0.623575
148	172	0.647992
148	173	0.614946
148	174	0.660626
148	175	0.652702
148	176	0.645428
148	178	0.643553
148	179	0.622892
148	180	0.638264
149	29	0.753289
149	32	2.32541
149	40	3.06173
149	70	0.688164
149	87	0.756726
149	99	0.819916
149	101	2.11674
149	111	2.36787
149	115	2.15363
149	117	1.95879
149	121	0.726885
149	125	0.780828
149	126	0.757798
149	131	2.90304
149	135	0.748492
149	138	0.741163
149	140	0.725066
149	141	0.71458
149	142	0.768136
149	143	0.695049
149	145	0.80746
149	146	0.725248
149	147	0.760623
149	150	0.696072
149	151	0.715342
149	152	0.719482
149	153	0.718168
149	154	1.15747
149	155	0.7104
149	156	0.690988
149	157	0.766891
149	158	0.746184
149	164	0.663868
149	165	0.706397
149	166	0.690222
149	167	0.698903
149	168	0.715887
149	169	0.705001
149	170	0.694093
149	171	0.668513
149	172	0.69293
149	173	0.659883
149	174	0.705564
149	175	0.69764
149	176	0.690366
149	178	0.68849
149	179	0.66783
149	180	0.683202
150	13	0.716651
150	16	2.33513
150	18	0.726025
150	47	0.754354
150	70	0.628295
150	86	4.24573
150	94	0.729664
150	100	0.712972
150	102	4.20288
150	110	3.86759
150	113	0.713964
150	115	4.14867
150	120	0.754458
150	123	0.710349
150	125	0.720959
150	127	0.713696
150	132	0.623541
150	135	0.688623
150	137	0.725949
150	138	0.681294
150	141	0.654711
150	142	0.708267
150	143	0.63518
150	145	0.747591
150	146	0.665379
150	147	0.700754
150	148	0.651134
150	149	0.696072
150	151	0.655473
150	153	0.658299
150	155	0.650531
150	156	0.631119
150	157	0.707022
150	164	0.603999
150	166	0.630353
150	167	0.639034
150	168	0.656018
150	169	0.645132
150	170	0.634224
150	172	0.633061
150	173	0.600014
150	174	0.645695
150	175	0.637771
150	176	0.630497
150	178	0.628621
150	179	0.607961
150	180	0.623333
151	13	0.735921
151	38	0.661515
151	56	2.47477
151	64	4.21519
151	79	2.78107
151	87	0.716127
151	96	0.787561
151	100	0.732241
151	107	3.85204
151	110	2.96239
151	120	0.773728
151	121	0.686285
151	125	0.740228
151	126	0.717199
151	127	0.732966
151	129	0.675661
151	130	2.91454
151	132	0.64281
151	134	0.672638
151	135	0.707892
151	138	0.700564
151	139	0.662247
151	140	0.684467
151	142	0.727537
151	143	0.65445
151	146	0.684649
151	147	0.720024
151	148	0.670404
151	149	0.715342
151	150	0.655473
151	152	0.678883
151	153	0.677569
151	155	0.669801
151	157	0.726292
151	158	0.705585
151	166	0.649623
151	167	0.658303
151	168	0.675288
151	169	0.664402
151	170	0.653493
151	172	0.65233
151	173	0.619284
151	174	0.664964
151	175	0.657041
151	176	0.649767
151	178	0.647891
151	179	0.62723
151	180	0.642602
152	7	0.697052
152	9	3.49609
152	12	0.689359
152	25	0.756617
152	34	2.35376
152	39	0.740607
152	41	0.739353
152	44	3.61865
152	45	2.6293
152	48	0.722902
152	53	1.6416
152	60	0.772014
152	72	0.798448
152	74	0.729506
152	77	0.729871
152	82	0.715714
152	85	0.714943
152	88	0.710371
152	104	0.716714
152	106	0.716595
152	124	3.18495
152	126	0.721339
152	128	0.668849
152	133	0.733484
152	144	0.743081
152	145	0.771001
152	149	0.719482
152	151	0.678883
152	154	0.741621
152	157	0.730432
152	158	0.709725
152	159	0.730393
152	160	0.668416
152	161	0.646844
152	162	0.679734
152	163	0.623856
152	164	0.627409
152	165	0.669938
152	166	0.653763
152	167	0.662444
152	168	0.679428
152	171	0.632054
152	172	0.656471
152	174	0.669105
152	176	0.653907
152	177	1.59796
152	178	0.652031
152	179	0.631371
152	180	0.646743
153	23	0.640722
153	43	4.29021
153	62	4.38228
153	73	0.727063
153	90	0.74977
153	103	2.21374
153	105	2.93732
153	116	2.98164
153	120	0.776554
153	121	0.689112
153	122	0.691919
153	123	0.732445
153	129	0.678487
153	132	0.645637
153	133	0.73217
153	134	0.675464
153	135	0.710719
153	137	0.748045
153	138	0.70339
153	139	0.665074
153	140	0.687293
153	141	0.676807
153	142	0.730363
153	143	0.657276
153	145	0.769687
153	146	0.687475
153	148	0.67323
153	149	0.718168
153	150	0.658299
153	151	0.677569
153	155	0.672627
153	156	0.653215
153	157	0.729118
153	159	2.04973
153	160	0.667102
153	163	0.622542
153	164	0.626095
153	166	0.652449
153	167	0.66113
153	168	0.678114
153	169	0.667228
153	170	0.65632
153	172	0.655157
153	173	0.62211
153	174	0.667791
153	175	0.659867
153	176	0.652593
153	178	0.650717
153	179	0.630057
153	180	0.645429
154	5	0.747845
154	7	0.755649
154	16	0.75568
154	20	0.740065
154	23	0.700634
154	24	0.739297
154	26	0.734783
154	39	0.799204
154	41	0.797951
154	44	0.788073
154	55	0.781139
154	57	0.77528
154	58	0.762695
154	65	0.811983
154	67	0.835897
154	72	0.857045
154	80	0.75533
154	93	0.761096
154	97	0.757022
154	98	0.781036
154	101	0.790171
154	105	0.783646
154	108	0.731404
154	110	0.775879
154	113	0.93354
154	114	0.758014
154	125	0.794169
154	127	0.991068
154	133	0.792081
154	136	0.779654
154	142	1.20678
154	144	0.801679
154	149	1.15747
154	152	0.741621
154	158	0.768323
154	159	0.788991
154	161	0.705441
154	164	0.686006
154	165	0.728535
154	171	0.690651
154	172	3.54327
154	175	2.67263
154	176	3.19802
154	177	0.812851
154	179	5.64976
154	180	4.05435
155	38	0.656573
155	75	0.67623
155	81	0.754632
155	90	0.742002
155	96	0.78262
155	109	3.60753
155	110	3.45206
155	113	0.728293
155	115	3.73314
155	119	2.42687
155	121	0.681344
155	123	0.724677
155	125	0.735287
155	126	0.712258
155	127	0.728025
155	132	0.637869
155	134	0.667696
155	136	3.26346
155	138	0.695622
155	141	0.669039
155	142	0.722595
155	143	0.649508
155	145	0.761919
155	146	0.679708
155	147	0.715082
155	148	0.665463
155	149	0.7104
155	150	0.650531
155	151	0.669801
155	153	0.672627
155	156	0.645447
155	157	0.72135
155	158	0.700643
155	160	0.659334
155	162	0.670652
155	164	0.618327
155	165	0.660856
155	166	0.644681
155	167	0.653362
155	168	0.670346
155	169	0.65946
155	170	0.648552
155	172	0.647389
155	173	0.614343
155	174	0.660023
155	175	0.652099
155	176	0.644825
155	177	2.83925
155	178	0.64295
155	179	0.622289
155	180	0.637661
156	19	0.693023
156	23	0.613542
156	70	0.623211
156	79	4.9755
156	90	0.72259
156	94	0.72458
156	99	0.754963
156	106	4.0529
156	114	4.6188
156	118	3.53681
156	120	0.749374
156	123	0.705265
156	125	0.715875
156	126	0.692846
156	127	0.708613
156	128	0.640355
156	129	0.651308
156	132	0.618457
156	134	0.648284
156	135	0.683539
156	137	0.720865
156	138	0.67621
156	139	0.637894
156	140	0.660114
156	141	0.649627
156	142	0.703183
156	143	0.630096
156	144	4.81599
156	145	0.742507
156	147	0.69567
156	148	0.646051
156	149	0.690988
156	150	0.631119
156	153	0.653215
156	155	0.645447
156	157	0.701938
156	158	0.681231
156	160	0.639922
156	161	0.61835
156	162	0.65124
156	163	0.595362
156	164	0.598915
156	166	0.625269
156	167	0.63395
156	168	0.650934
156	169	0.640048
156	170	0.62914
156	172	0.627977
156	173	0.594931
156	174	0.640611
156	175	0.632687
156	176	0.625413
156	178	0.623538
156	179	0.602877
156	180	0.618249
157	3	0.781222
157	20	2.74617
157	38	0.713064
157	63	2.4287
157	67	2.2206
157	71	3.1512
157	75	0.732721
157	77	1.9019
157	80	0.744142
157	93	1.95861
157	94	0.800483
157	101	1.69962
157	103	2.05394
157	104	2.2427
157	113	0.784784
157	118	1.59655
157	120	0.825277
157	122	0.740642
157	126	0.768749
157	127	0.784516
157	129	0.727211
157	132	0.69436
157	134	0.724187
157	135	0.759442
157	137	0.796768
157	140	0.736017
157	141	0.72553
157	142	0.779086
157	143	0.705999
157	145	0.81841
157	147	0.771574
157	148	0.721954
157	149	0.766891
157	150	0.707022
157	151	0.726292
157	152	0.730432
157	153	0.729118
157	155	0.72135
157	156	0.701938
157	162	0.727143
157	165	0.717347
157	166	0.701172
157	167	0.709853
157	168	0.726837
157	169	0.715951
157	170	0.705043
157	171	0.679463
157	172	0.70388
157	173	0.670834
157	174	0.716514
157	175	0.70859
157	176	0.701316
157	178	0.699441
157	179	0.67878
157	180	0.694152
158	5	0.715949
158	7	0.723754
158	16	0.723784
158	17	1.95149
158	20	0.70817
158	24	0.707401
158	26	0.702888
158	37	2.77676
158	39	0.767309
158	41	0.766055
158	55	0.749243
158	58	0.730799
158	65	0.780087
158	67	0.804002
158	72	0.825149
158	85	1.5745
158	95	2.74616
158	98	0.749141
158	105	0.75175
158	109	2.42856
158	117	2.35933
158	130	2.22524
158	133	0.760186
158	141	0.704823
158	142	0.758379
158	144	0.769783
158	147	0.750866
158	149	0.746184
158	151	0.705585
158	152	0.709725
158	154	0.768323
158	155	0.700643
158	156	0.681231
158	159	0.757095
158	164	0.654111
158	165	0.69664
158	166	0.680465
158	168	0.70613
158	169	0.695244
158	170	0.684336
158	171	0.658756
158	172	0.683173
158	175	0.687883
158	176	0.680609
158	177	1.66028
158	179	0.658073
158	180	0.673445
159	7	0.744422
159	19	0.838541
159	22	0.738603
159	27	0.745714
159	28	0.282682
159	30	0.731965
159	31	0.737882
159	32	0.857875
159	35	0.719821
159	37	0.774444
159	39	0.787977
159	41	0.786724
159	42	0.722637
159	43	0.723249
159	46	0.76865
159	51	0.777548
159	53	0.774987
159	56	0.778734
159	59	0.764157
159	63	0.755413
159	67	0.82467
159	69	0.739693
159	70	6.05492
159	71	0.73539
159	72	0.845818
159	76	0.779711
159	83	0.752999
159	89	0.756793
159	98	0.769809
159	103	0.77235
159	105	0.772418
159	107	0.766902
159	111	0.761016
159	115	0.790166
159	116	0.756661
159	124	0.762037
159	126	1.96402
159	128	0.716219
159	130	0.788106
159	131	0.757671
159	133	0.780854
159	139	0.713758
159	145	0.0833964
159	146	2.2866
159	152	0.730393
159	153	2.04973
159	154	0.788991
159	158	0.757095
159	162	2.31436
159	164	0.674779
159	165	0.717308
159	168	2.42861
159	169	2.78942
159	170	3.76426
159	171	0.679424
159	177	0.801624
159	178	3.80047
160	8	0.729991
160	9	0.672229
160	18	0.734828
160	22	3.14471
160	24	3.66879
160	31	4.90999
160	37	0.712466
160	46	2.64182
160	60	3.34424
160	69	0.677715
160	71	0.673412
160	79	0.725742
160	82	2.57862
160	84	0.709579
160	89	0.694815
160	91	2.51183
160	92	0.700261
160	93	0.687891
160	95	0.736939
160	101	0.716966
160	102	0.70737
160	103	0.710372
160	107	0.704925
160	108	0.658199
160	110	0.702674
160	111	0.699038
160	112	0.700829
160	114	0.684809
160	115	0.728188
160	116	0.694683
160	117	0.724546
160	118	0.725409
160	119	0.724279
160	124	0.700059
160	127	0.722499
160	129	0.665194
160	130	0.726128
160	131	0.695693
160	132	0.632343
160	136	0.706449
160	152	0.668416
160	153	0.667102
160	155	0.659334
160	156	0.639922
160	161	0.632236
160	164	0.612801
160	168	0.664821
160	169	0.653934
160	171	0.617446
160	172	0.641863
160	173	0.608817
160	174	0.654497
160	175	0.646573
160	177	0.739646
160	178	0.637424
160	179	0.616763
160	180	0.632135
161	4	0.742802
161	11	0.660151
161	14	0.741492
161	15	0.666908
161	21	0.748818
161	24	4.24967
161	27	0.662164
161	45	0.6829
161	49	0.68279
161	50	0.683703
161	52	0.683014
161	54	0.683233
161	55	3.52192
161	59	3.12288
161	64	0.654343
161	66	0.654434
161	68	5.23386
161	70	0.615525
161	80	0.660554
161	86	0.68886
161	87	0.684088
161	93	0.666319
161	95	0.715367
161	101	0.695394
161	102	0.685798
161	105	0.688869
161	110	0.681102
161	114	0.663237
161	118	0.703837
161	124	5.47168
161	136	0.684877
161	140	0.652428
161	142	0.695498
161	143	0.62241
161	147	0.687985
161	152	0.646844
161	154	0.705441
161	156	0.61835
161	160	0.632236
161	162	0.643554
161	163	0.587677
161	166	0.617584
161	167	0.626264
161	169	0.632362
161	170	0.621454
161	171	0.595874
161	172	0.620291
161	173	0.587245
161	174	0.632925
161	175	0.625001
161	176	0.617728
161	177	0.718074
161	179	0.595191
161	180	0.610563
162	6	3.81827
162	12	0.68607
162	25	0.753327
162	44	0.726186
162	51	2.02925
162	57	0.713393
162	58	3.66878
162	60	0.768724
162	61	0.746707
162	62	0.68998
162	68	0.74379
162	69	3.15947
162	72	2.24996
162	74	0.726217
162	78	0.719807
162	79	0.73706
162	82	0.712425
162	84	0.720897
162	85	0.711653
162	88	0.707082
162	89	3.43502
162	91	0.702282
162	92	0.711579
162	97	0.695135
162	101	0.728284
162	104	0.713425
162	106	0.713306
162	108	0.669517
162	109	0.741392
162	110	0.713992
162	112	2.92489
162	117	0.735864
162	118	0.736727
162	128	0.66556
162	136	0.717767
162	142	0.728388
162	143	0.6553
162	144	0.739792
162	147	0.720875
162	152	0.679734
162	155	0.670652
162	156	0.65124
162	157	0.727143
162	159	2.31436
162	161	0.643554
162	163	0.620567
162	166	0.650473
162	167	0.659154
162	168	0.676139
162	170	0.654344
162	171	0.628764
162	172	0.653181
162	173	0.620135
162	174	0.665815
162	175	0.657891
162	176	0.650617
162	178	0.648742
162	179	0.628081
162	180	0.643453
163	4	0.719815
163	7	4.07984
163	14	0.718504
163	15	0.643921
163	21	0.725831
163	28	0.746911
163	34	0.703361
163	45	0.659912
163	49	0.659803
163	50	0.660716
163	52	0.660026
163	54	0.660245
163	57	0.657515
163	64	0.631355
163	66	0.631447
163	74	5.64803
163	79	0.681182
163	83	5.34452
163	86	0.665873
163	92	0.655702
163	93	0.643332
163	95	0.692379
163	96	0.732534
163	97	0.639258
163	101	0.672406
163	102	0.66281
163	105	0.665881
163	110	0.658114
163	111	6.5276
163	117	0.679987
163	118	0.68085
163	136	0.66189
163	138	0.645537
163	141	0.618954
163	145	0.711834
163	146	0.629622
163	148	0.615378
163	152	0.623856
163	153	0.622542
163	156	0.595362
163	161	0.587677
163	162	0.620567
163	164	0.568242
163	166	0.594596
163	168	0.620261
163	169	0.609375
163	172	0.597304
163	174	0.609938
163	175	0.602014
163	176	0.59474
163	177	0.695087
163	178	0.592865
163	179	0.572204
163	180	0.587576
164	7	0.641437
164	16	4.92405
164	27	0.642729
164	32	0.75489
164	39	0.684992
164	40	0.674113
164	41	0.683739
164	46	5.1817
164	65	5.73457
164	67	0.721685
164	69	0.636708
164	71	0.632405
164	72	0.742833
164	80	0.641118
164	89	0.653808
164	93	6.95968
164	98	0.666824
164	103	0.669365
164	107	0.663918
164	111	0.658031
164	112	0.659822
164	115	0.687181
164	116	0.653676
164	119	0.683272
164	124	0.659052
164	126	0.665725
164	130	0.685121
164	131	0.654686
164	132	0.591336
164	133	0.677869
164	134	0.621164
164	137	0.693745
164	140	0.632993
164	147	0.66855
164	149	0.663868
164	150	0.603999
164	152	0.627409
164	153	0.626095
164	154	0.686006
164	155	0.618327
164	156	0.598915
164	158	0.654111
164	159	0.674779
164	160	0.612801
164	163	0.568242
164	165	0.614323
164	167	0.606829
164	170	0.602019
164	171	0.576439
164	173	0.56781
164	174	0.61349
164	175	0.605566
164	176	0.598293
164	177	0.698639
164	178	0.596417
164	179	0.575756
164	180	0.591128
165	7	0.683966
165	22	0.678148
165	27	0.685258
165	30	0.671509
165	31	0.677427
165	32	0.797419
165	35	0.659365
165	39	0.727521
165	41	0.726268
165	42	0.662182
165	43	0.662794
165	46	0.708194
165	51	0.717092
165	53	0.714531
165	56	0.718279
165	59	0.703701
165	61	3.46355
165	63	0.694957
165	67	0.764214
165	72	0.785362
165	76	0.719255
165	77	3.37452
165	78	2.47084
165	89	3.46275
165	97	3.05551
165	98	0.709353
165	105	0.711963
165	117	3.01429
165	122	0.680147
165	131	3.95854
165	133	0.720398
165	134	0.663693
165	135	0.698947
165	138	0.691619
165	146	0.675704
165	149	0.706397
165	152	0.669938
165	154	0.728535
165	155	0.660856
165	157	0.717347
165	158	0.69664
165	159	0.717308
165	164	0.614323
165	166	0.640678
165	167	0.649358
165	168	0.666343
165	169	0.655456
165	170	0.644548
165	171	0.618968
165	172	0.643385
165	173	0.610339
165	174	0.656019
165	175	0.648095
165	176	0.640822
165	178	0.638946
165	179	0.618285
165	180	0.633657
166	2	0.632244
166	8	0.715339
166	13	0.710801
166	23	0.612776
166	29	0.687569
166	42	3.76863
166	47	0.748504
166	59	3.68396
166	60	4.48619
166	70	0.622444
166	81	0.734454
166	87	0.691007
166	94	0.723814
166	97	5.18603
166	99	0.754197
166	103	4.63661
166	113	0.708114
166	118	3.43857
166	120	0.748608
166	121	0.661166
166	122	0.663973
166	123	0.704499
166	125	0.715109
166	127	0.707846
166	129	0.650541
166	132	0.617691
166	134	0.647518
166	135	0.682773
166	137	0.720099
166	140	0.659347
166	141	0.648861
166	142	0.702417
166	143	0.62933
166	145	0.741741
166	146	0.659529
166	147	0.694904
166	148	0.645284
166	149	0.690222
166	150	0.630353
166	151	0.649623
166	152	0.653763
166	153	0.652449
166	155	0.644681
166	156	0.625269
166	157	0.701172
166	158	0.680465
166	161	0.617584
166	162	0.650473
166	163	0.594596
166	165	0.640678
166	167	0.633184
166	168	0.650168
166	169	0.639282
166	170	0.628374
166	171	0.602793
166	172	0.627211
166	173	0.594164
166	174	0.639845
166	175	0.631921
166	176	0.624647
166	178	0.622771
166	179	0.602111
166	180	0.617483
167	2	0.640925
167	3	0.713234
167	10	0.667843
167	19	0.700938
167	20	4.66472
167	38	0.645076
167	41	2.77115
167	67	4.13916
167	75	0.664733
167	81	0.743135
167	82	2.03598
167	86	3.75213
167	90	0.730504
167	94	0.732495
167	96	0.771122
167	99	0.762878
167	100	0.715802
167	104	4.16125
167	105	3.6756
167	113	0.716795
167	120	0.757289
167	121	0.669846
167	122	0.672654
167	123	0.713179
167	126	0.70076
167	127	0.716527
167	129	0.659222
167	133	0.712904
167	134	0.656199
167	135	0.691453
167	137	0.72878
167	138	0.684125
167	141	0.657542
167	142	0.711098
167	145	0.750421
167	146	0.66821
167	147	0.703585
167	148	0.653965
167	149	0.698903
167	150	0.639034
167	151	0.658303
167	152	0.662444
167	153	0.66113
167	155	0.653362
167	156	0.63395
167	157	0.709853
167	161	0.626264
167	162	0.659154
167	164	0.606829
167	165	0.649358
167	166	0.633184
167	168	0.658849
167	169	0.647962
167	170	0.637054
167	171	0.611474
167	172	0.635891
167	173	0.602845
167	174	0.648525
167	175	0.640602
167	176	0.633328
167	178	0.631452
167	179	0.610791
167	180	0.626163
168	1	0.675882
168	25	3.21094
168	28	0.802483
168	36	0.65291
168	47	0.774169
168	58	3.78303
168	74	2.63033
168	75	0.681717
168	81	0.760119
168	87	0.716672
168	94	0.749479
168	98	0.718844
168	99	0.779862
168	109	3.17005
168	112	3.03914
168	113	0.733779
168	114	2.47657
168	116	3.36051
168	117	3.10082
168	120	0.774273
168	121	0.686831
168	122	0.689638
168	123	0.730164
168	125	0.740774
168	126	0.717745
168	127	0.733511
168	128	0.665254
168	129	0.676207
168	133	0.729889
168	134	0.673183
168	135	0.708438
168	137	0.745764
168	138	0.701109
168	139	0.662793
168	141	0.674526
168	142	0.728082
168	143	0.654995
168	145	0.767406
168	146	0.685194
168	147	0.720569
168	148	0.67095
168	149	0.715887
168	150	0.656018
168	151	0.675288
168	152	0.679428
168	153	0.678114
168	155	0.670346
168	156	0.650934
168	157	0.726837
168	158	0.70613
168	159	2.42861
168	160	0.664821
168	162	0.676139
168	163	0.620261
168	165	0.666343
168	166	0.650168
168	167	0.658849
168	169	0.664947
168	170	0.654039
168	171	0.628459
168	172	0.652876
168	173	0.61983
168	174	0.66551
168	175	0.657586
168	176	0.650312
168	178	0.648437
168	179	0.627776
168	180	0.643148
169	10	0.673941
169	18	0.734954
169	19	0.707036
169	32	3.82825
169	47	0.763283
169	69	3.63453
169	70	0.637223
169	73	0.713895
169	75	0.670831
169	76	3.65316
169	79	3.19408
169	87	0.705786
169	89	3.91009
169	90	0.736602
169	94	0.738593
169	98	0.707957
169	99	0.768976
169	100	0.7219
169	113	0.722893
169	119	2.35021
169	120	0.763387
169	121	0.675944
169	123	0.719278
169	125	0.729887
169	126	0.706858
169	127	0.722625
169	128	0.654368
169	129	0.66532
169	132	0.632469
169	134	0.662297
169	135	0.697551
169	137	0.734878
169	138	0.690223
169	140	0.674126
169	141	0.66364
169	142	0.717196
169	143	0.644109
169	145	0.756519
169	146	0.674308
169	147	0.709683
169	148	0.660063
169	149	0.705001
169	150	0.645132
169	151	0.664402
169	153	0.667228
169	155	0.65946
169	156	0.640048
169	157	0.715951
169	158	0.695244
169	159	2.78942
169	160	0.653934
169	161	0.632362
169	163	0.609375
169	165	0.655456
169	166	0.639282
169	167	0.647962
169	168	0.664947
169	170	0.643152
169	171	0.617572
169	172	0.641989
169	173	0.608943
169	174	0.654623
169	175	0.6467
169	176	0.639426
169	177	2.76259
169	178	0.63755
169	179	0.616889
169	180	0.632262
170	1	0.654088
170	2	0.636115
170	3	0.708424
170	8	0.719209
170	13	0.714672
170	18	0.724046
170	23	0.616647
170	29	0.69144
170	70	0.626315
170	75	0.659922
170	81	0.738325
170	83	3.66247
170	90	0.725694
170	94	0.727685
170	96	0.766312
170	99	0.758067
170	100	0.710992
170	112	4.3748
170	119	3.32505
170	121	0.665036
170	122	0.667843
170	123	0.708369
170	125	0.718979
170	126	0.69595
170	127	0.711717
170	128	0.64346
170	129	0.654412
170	130	4.30239
170	132	0.621561
170	134	0.651389
170	135	0.686643
170	136	4.16163
170	137	0.72397
170	138	0.679315
170	139	0.640998
170	140	0.663218
170	142	0.706288
170	143	0.6332
170	144	4.00941
170	145	0.745611
170	146	0.6634
170	147	0.698775
170	148	0.649155
170	149	0.694093
170	150	0.634224
170	151	0.653493
170	153	0.65632
170	155	0.648552
170	156	0.62914
170	157	0.705043
170	158	0.684336
170	159	3.76426
170	161	0.621454
170	162	0.654344
170	164	0.602019
170	165	0.644548
170	166	0.628374
170	167	0.637054
170	168	0.654039
170	169	0.643152
170	171	0.606664
170	172	0.631081
170	173	0.598035
170	174	0.643715
170	175	0.635791
170	176	0.628518
170	178	0.626642
170	179	0.605981
170	180	0.621353
171	7	0.646082
171	11	0.645361
171	27	0.647374
171	32	0.759535
171	34	0.711558
171	39	0.689637
171	41	0.688384
171	42	4.63718
171	51	5.05605
171	67	0.72633
171	72	0.747478
171	75	0.634342
171	84	0.673217
171	86	0.67407
171	91	4.52233
171	92	0.663899
171	95	0.700577
171	97	0.647455
171	98	0.671469
171	101	0.680604
171	102	0.671008
171	103	5.50516
171	108	0.621837
171	109	0.693712
171	110	0.666312
171	113	0.686405
171	114	0.648447
171	117	0.688184
171	118	0.689047
171	130	5.87928
171	132	0.595981
171	133	0.682514
171	136	0.670087
171	138	0.653735
171	140	0.637638
171	141	0.627152
171	144	0.692112
171	146	0.63782
171	148	0.623575
171	149	0.668513
171	152	0.632054
171	154	0.690651
171	157	0.679463
171	158	0.658756
171	159	0.679424
171	160	0.617446
171	161	0.595874
171	162	0.628764
171	164	0.576439
171	165	0.618968
171	166	0.602793
171	167	0.611474
171	168	0.628459
171	169	0.617572
171	170	0.606664
171	172	0.605501
171	173	0.572455
171	174	0.618135
171	175	0.610211
171	176	0.602937
171	177	0.703284
171	178	0.601062
171	179	0.580401
171	180	0.595773
172	2	0.634952
172	5	2.82765
172	10	0.66187
172	18	0.722883
172	19	0.694965
172	36	0.629953
172	38	0.639103
172	47	0.751212
172	70	0.625152
172	73	0.701824
172	75	0.65876
172	76	4.53612
172	77	4.70482
172	87	0.693715
172	90	0.724531
172	94	0.726522
172	99	0.756905
172	113	0.710822
172	114	3.72034
172	117	4.34459
172	120	0.751316
172	121	0.663873
172	122	0.666681
172	123	0.707207
172	125	0.717816
172	126	0.694787
172	127	0.710554
172	128	0.642297
172	129	0.653249
172	132	0.620398
172	133	0.706931
172	134	0.650226
172	135	0.68548
172	137	0.722807
172	138	0.678152
172	140	0.662055
172	141	0.651569
172	142	0.705125
172	143	0.632037
172	145	0.744448
172	147	0.697612
172	148	0.647992
172	149	0.69293
172	150	0.633061
172	151	0.65233
172	152	0.656471
172	153	0.655157
172	154	3.54327
172	155	0.647389
172	156	0.627977
172	157	0.70388
172	158	0.683173
172	160	0.641863
172	161	0.620291
172	162	0.653181
172	163	0.597304
172	165	0.643385
172	166	0.627211
172	167	0.635891
172	168	0.652876
172	169	0.641989
172	170	0.631081
172	171	0.605501
172	173	0.596872
172	174	0.642552
172	175	0.634629
172	176	0.627355
172	177	3.64554
172	178	0.625479
172	179	0.604818
172	180	0.62019
173	1	0.619879
173	10	0.628824
173	18	0.689836
173	19	0.661918
173	28	0.746479
173	30	6.75576
173	36	0.596906
173	38	0.606056
173	47	0.718166
173	70	0.592106
173	73	0.668778
173	75	0.625713
173	81	0.704116
173	82	6.84171
173	87	0.660669
173	94	0.693476
173	96	0.732103
173	98	0.66284
173	99	0.723858
173	100	0.676783
173	108	7.44282
173	118	6.55971
173	120	0.71827
173	121	0.630827
173	122	0.633634
173	123	0.67416
173	125	0.68477
173	126	0.661741
173	127	0.677508
173	129	0.620203
173	132	0.587352
173	133	0.673885
173	134	0.61718
173	135	0.652434
173	137	0.689761
173	139	0.606789
173	140	0.629009
173	141	0.618523
173	142	0.672079
173	143	0.598991
173	145	0.711402
173	146	0.629191
173	147	0.664566
173	148	0.614946
173	149	0.659883
173	150	0.600014
173	151	0.619284
173	153	0.62211
173	155	0.614343
173	156	0.594931
173	157	0.670834
173	160	0.608817
173	161	0.587245
173	162	0.620135
173	164	0.56781
173	165	0.610339
173	166	0.594164
173	167	0.602845
173	168	0.61983
173	169	0.608943
173	170	0.598035
173	171	0.572455
173	172	0.596872
173	174	0.609506
173	175	0.601582
173	176	0.594308
173	178	0.592433
173	179	0.571772
173	180	0.587144
174	1	0.665559
174	2	0.647586
174	3	0.719895
174	8	0.73068
174	10	0.674504
174	12	3.64666
174	28	0.792159
174	29	0.702911
174	33	3.15034
174	36	0.642586
174	38	0.651736
174	41	2.4847
174	47	0.763846
174	48	4.54284
174	73	0.714458
174	75	0.671393
174	80	0.682814
174	81	0.749796
174	86	3.46567
174	87	0.706349
174	90	0.737165
174	94	0.739156
174	99	0.769538
174	100	0.722463
174	103	2.66556
174	113	0.723456
174	117	3.17377
174	120	0.76395
174	121	0.676507
174	122	0.679314
174	123	0.71984
174	125	0.73045
174	127	0.723188
174	128	0.654931
174	129	0.665883
174	131	4.11802
174	132	0.633032
174	134	0.66286
174	137	0.735441
174	138	0.690786
174	139	0.652469
174	140	0.674689
174	141	0.664203
174	142	0.717759
174	143	0.644671
174	145	0.757082
174	146	0.674871
174	147	0.710246
174	148	0.660626
174	149	0.705564
174	150	0.645695
174	151	0.664964
174	152	0.669105
174	153	0.667791
174	155	0.660023
174	156	0.640611
174	157	0.716514
174	160	0.654497
174	161	0.632925
174	162	0.665815
174	163	0.609938
174	164	0.61349
174	165	0.656019
174	166	0.639845
174	167	0.648525
174	168	0.66551
174	169	0.654623
174	170	0.643715
174	171	0.618135
174	172	0.642552
174	173	0.609506
174	175	0.647262
174	176	0.639988
174	177	2.47473
174	178	0.638113
174	179	0.617452
174	180	0.632824
175	1	0.657635
175	3	0.711971
175	13	0.718219
175	18	0.727593
175	19	0.699675
175	25	3.58407
175	28	0.784235
175	33	3.45051
175	36	0.634663
175	37	3.89138
175	47	0.755922
175	52	4.45338
175	70	0.629862
175	73	0.706534
175	75	0.66347
175	78	2.9305
175	81	0.741872
175	87	0.698425
175	88	3.43376
175	90	0.729242
175	94	0.731232
175	95	3.86078
175	96	0.769859
175	98	0.700597
175	99	0.761615
175	100	0.714539
175	102	3.723
175	113	0.715532
175	120	0.756026
175	121	0.668583
175	122	0.671391
175	123	0.711917
175	125	0.722526
175	126	0.699497
175	127	0.715264
175	128	0.647007
175	129	0.657959
175	132	0.625109
175	133	0.711641
175	134	0.654936
175	135	0.69019
175	137	0.727517
175	138	0.682862
175	139	0.644545
175	140	0.666765
175	141	0.656279
175	142	0.709835
175	143	0.636748
175	145	0.749158
175	146	0.666947
175	147	0.702322
175	148	0.652702
175	149	0.69764
175	150	0.637771
175	151	0.657041
175	153	0.659867
175	154	2.67263
175	155	0.652099
175	156	0.632687
175	157	0.70859
175	158	0.687883
175	160	0.646573
175	161	0.625001
175	162	0.657891
175	163	0.602014
175	164	0.605566
175	165	0.648095
175	166	0.631921
175	167	0.640602
175	168	0.657586
175	169	0.6467
175	170	0.635791
175	171	0.610211
175	172	0.634629
175	173	0.601582
175	174	0.647262
175	176	0.632065
175	178	0.630189
175	179	0.609528
175	180	0.624901
176	1	0.650361
176	2	0.632388
176	3	0.704697
176	8	0.715483
176	10	0.659306
176	13	0.710945
176	18	0.720319
176	19	0.692401
176	26	4.29121
176	28	0.776961
176	36	0.627389
176	38	0.636539
176	47	0.748648
176	63	4.88637
176	70	0.622588
176	73	0.699261
176	80	0.667617
176	81	0.734598
176	84	3.66132
176	87	0.691151
176	94	0.723958
176	96	0.762585
176	99	0.754341
176	100	0.707266
176	105	4.21472
176	108	3.17621
176	110	3.91311
176	116	4.25903
176	120	0.748752
176	121	0.66131
176	122	0.664117
176	123	0.704643
176	125	0.715253
176	126	0.692223
176	127	0.70799
176	128	0.639733
176	129	0.650685
176	132	0.617835
176	133	0.704368
176	134	0.647662
176	135	0.682917
176	137	0.720243
176	138	0.675588
176	140	0.659491
176	141	0.649005
176	142	0.702561
176	143	0.629474
176	145	0.741885
176	146	0.659673
176	147	0.695048
176	148	0.645428
176	149	0.690366
176	150	0.630497
176	151	0.649767
176	152	0.653907
176	153	0.652593
176	154	3.19802
176	155	0.644825
176	156	0.625413
176	157	0.701316
176	158	0.680609
176	161	0.617728
176	162	0.650617
176	163	0.59474
176	164	0.598293
176	165	0.640822
176	166	0.624647
176	167	0.633328
176	168	0.650312
176	169	0.639426
176	170	0.628518
176	171	0.602937
176	172	0.627355
176	173	0.594308
176	174	0.639988
176	175	0.632065
176	178	0.622915
176	179	0.602255
176	180	0.617627
177	4	0.850212
177	6	0.753501
177	9	0.758067
177	14	0.848902
177	15	0.774318
177	17	0.83102
177	21	0.856228
177	23	0.713267
177	29	1.39984
177	37	0.798304
177	40	0.800958
177	44	0.800706
177	45	0.790309
177	49	0.7902
177	50	0.791113
177	52	0.790424
177	54	0.790643
177	61	0.821227
177	64	0.761753
177	66	0.761844
177	69	0.763553
177	71	0.75925
177	73	1.50786
177	78	0.794328
177	79	0.81158
177	81	0.350849
177	83	0.776859
177	84	0.795417
177	86	0.79627
177	89	0.780653
177	92	0.786099
177	93	0.773729
177	95	0.822777
177	97	0.769655
177	98	0.793669
177	99	0.451579
177	101	0.802804
177	102	0.793208
177	103	0.79621
177	105	0.796279
177	107	0.790763
177	108	0.744037
177	109	0.815912
177	110	0.788512
177	111	0.784876
177	112	0.786667
177	114	0.770647
177	115	0.814026
177	116	0.780521
177	119	0.810117
177	120	0.201191
177	124	0.785897
177	125	0.896442
177	128	0.74008
177	130	0.811966
177	131	0.781531
177	133	1.20492
177	135	1.40938
177	136	0.792287
177	137	1.09929
177	139	0.737618
177	142	1.30906
177	147	1.45038
177	152	1.59796
177	154	0.812851
177	155	2.83925
177	158	1.66028
177	159	0.801624
177	160	0.739646
177	161	0.718074
177	163	0.695087
177	164	0.698639
177	169	2.76259
177	171	0.703284
177	172	3.64554
177	174	2.47473
177	179	5.75203
178	1	0.648486
178	3	0.702821
178	8	0.713607
178	10	0.657431
178	13	0.70907
178	28	0.775086
178	29	0.685838
178	36	0.625513
178	38	0.634663
178	47	0.746772
178	49	5.10314
178	55	3.41086
178	65	3.6645
178	70	0.620713
178	73	0.697385
178	75	0.65432
178	81	0.732722
178	85	3.68785
178	87	0.689275
178	90	0.720092
178	92	4.8352
178	94	0.722082
178	96	0.76071
178	98	0.691447
178	99	0.752465
178	100	0.70539
178	108	3.64955
178	113	0.706383
178	114	3.84843
178	120	0.746876
178	121	0.659434
178	122	0.662241
178	123	0.702767
178	125	0.713377
178	126	0.690348
178	127	0.706115
178	128	0.637858
178	129	0.64881
178	132	0.615959
178	133	0.702492
178	134	0.645786
178	135	0.681041
178	137	0.718367
178	138	0.673713
178	139	0.635396
178	140	0.657616
178	141	0.64713
178	142	0.700686
178	143	0.627598
178	145	0.740009
178	146	0.657798
178	147	0.693173
178	148	0.643553
178	149	0.68849
178	150	0.628621
178	151	0.647891
178	152	0.652031
178	153	0.650717
178	155	0.64295
178	156	0.623538
178	157	0.699441
178	159	3.80047
178	160	0.637424
178	162	0.648742
178	163	0.592865
178	164	0.596417
178	165	0.638946
178	166	0.622771
178	167	0.631452
178	168	0.648437
178	169	0.63755
178	170	0.626642
178	171	0.601062
178	172	0.625479
178	173	0.592433
178	174	0.638113
178	175	0.630189
178	176	0.622915
178	179	0.600379
178	180	0.615751
179	1	0.627825
179	2	0.609852
179	3	0.682161
179	8	0.692947
179	10	0.63677
179	13	0.688409
179	18	0.697783
179	19	0.669865
179	23	0.590384
179	28	0.754425
179	29	0.665177
179	36	0.604852
179	38	0.614003
179	47	0.726112
179	53	5.79567
179	70	0.600052
179	73	0.676724
179	75	0.633659
179	80	0.645081
179	81	0.712062
179	85	5.66625
179	87	0.668615
179	90	0.699431
179	91	4.96005
179	94	0.701422
179	96	0.740049
179	98	0.670786
179	99	0.731805
179	100	0.684729
179	113	0.685722
179	120	0.726216
179	121	0.638773
179	122	0.641581
179	123	0.682106
179	125	0.692716
179	126	0.669687
179	127	0.685454
179	128	0.617197
179	129	0.628149
179	132	0.595298
179	133	0.681831
179	134	0.625126
179	135	0.66038
179	136	6.17624
179	137	0.697707
179	138	0.653052
179	139	0.614735
179	140	0.636955
179	141	0.626469
179	142	0.680025
179	143	0.606937
179	145	0.719348
179	146	0.637137
179	147	0.672512
179	148	0.622892
179	149	0.66783
179	150	0.607961
179	151	0.62723
179	152	0.631371
179	153	0.630057
179	154	5.64976
179	155	0.622289
179	156	0.602877
179	157	0.67878
179	158	0.658073
179	160	0.616763
179	161	0.595191
179	162	0.628081
179	163	0.572204
179	164	0.575756
179	165	0.618285
179	166	0.602111
179	167	0.610791
179	168	0.627776
179	169	0.616889
179	170	0.605981
179	171	0.580401
179	172	0.604818
179	173	0.571772
179	174	0.617452
179	175	0.609528
179	176	0.602255
179	177	5.75203
179	178	0.600379
179	180	0.59509
180	1	0.643197
180	2	0.625224
180	3	0.697533
180	8	0.708319
180	10	0.652142
180	13	0.703781
180	18	0.713155
180	19	0.685237
180	23	0.605756
180	28	0.769797
180	29	0.680549
180	36	0.620225
180	38	0.629375
180	47	0.741484
180	56	4.28181
180	59	3.3948
180	70	0.615424
180	73	0.692096
180	75	0.649032
180	78	4.31222
180	80	0.660453
180	81	0.727434
180	87	0.683987
180	90	0.714803
180	94	0.716794
180	96	0.755421
180	98	0.686158
180	99	0.747177
180	100	0.700101
180	107	5.65909
180	109	4.9249
180	113	0.701094
180	119	3.74424
180	120	0.741588
180	121	0.654145
180	122	0.656953
180	123	0.697479
180	125	0.708088
180	126	0.685059
180	127	0.700826
180	128	0.632569
180	129	0.643521
180	132	0.61067
180	133	0.697203
180	134	0.640498
180	135	0.675752
180	137	0.713079
180	138	0.668424
180	139	0.630107
180	140	0.652327
180	141	0.641841
180	142	0.695397
180	143	0.62231
180	144	4.4286
180	145	0.73472
180	146	0.652509
180	147	0.687884
180	148	0.638264
180	149	0.683202
180	150	0.623333
180	151	0.642602
180	152	0.646743
180	153	0.645429
180	154	4.05435
180	155	0.637661
180	156	0.618249
180	157	0.694152
180	158	0.673445
180	160	0.632135
180	161	0.610563
180	162	0.643453
180	163	0.587576
180	164	0.591128
180	165	0.633657
180	166	0.617483
180	167	0.626163
180	168	0.643148
180	169	0.632262
180	170	0.621353
180	171	0.595773
180	172	0.62019
180	173	0.587144
180	174	0.632824
180	175	0.624901
180	176	0.617627
180	178	0.615751
180	179	0.59509
