1	6	1.01676
1	35	0.952425
1	98	0.926113
1	109	0.937094
1	111	0.938608
1	126	0.902099
1	139	0.964123
1	144	0.92244
1	149	1.25414
1	150	0.929454
1	172	1.3354
1	176	0.92785
2	30	0.942109
2	50	0.977812
2	51	1.29577
2	58	0.947629
2	85	0.953327
2	87	0.872987
2	110	1.16771
2	131	0.908278
2	136	0.928885
2	167	0.934424
2	171	0.934483
2	179	1.14374
3	18	0.852399
3	151	1.04807
3	157	0.905778
3	159	1.04649
3	160	1.03567
3	170	1.04848
3	173	0.912636
3	174	0.922066
3	175	1.05529
3	178	1.05006
3	179	1.0601
3	180	1.05589
4	103	0.784446
4	136	0.924374
4	149	1.06028
4	152	0.950138
4	153	1.04455
4	156	0.929276
4	159	1.04297
4	170	1.04496
4	175	1.05178
4	178	1.04654
4	179	1.05658
4	180	1.05238
5	51	0.972779
5	120	1.05337
5	145	0.8482
5	160	1.03386
5	166	1.05199
5	167	0.858124
5	168	0.914123
5	170	1.04668
5	175	1.05349
5	178	1.04826
5	179	1.0583
5	180	1.05409
6	1	1.01676
6	33	1.09609
6	96	0.774249
6	129	0.702749
6	148	1.05334
6	149	1.05795
6	168	1.0509
6	172	1.04613
6	174	1.04318
6	178	1.04421
6	179	1.05425
6	180	1.05004
7	25	1.35674
7	109	1.07187
7	116	1.16836
7	125	0.933737
7	163	0.925726
7	166	0.933457
7	170	0.92815
7	175	0.934962
7	177	0.938943
7	178	0.929729
7	179	0.93977
7	180	0.935563
8	35	1.18452
8	39	1.15484
8	124	0.936401
8	159	0.927422
8	163	0.926993
8	164	1.25366
8	166	0.934724
8	170	0.929417
8	175	0.936229
8	178	0.930996
8	179	0.941037
8	180	0.93683
9	31	1.14728
9	55	1.11273
9	67	0.954645
9	84	1.34169
9	93	0.959534
9	110	0.934356
9	159	0.919409
9	163	0.918981
9	175	0.928217
9	178	0.922984
9	179	0.933024
9	180	0.928817
10	21	0.966425
10	39	1.02289
10	66	1.09289
10	87	1.0192
10	95	0.927653
10	105	0.814801
10	119	1.08273
10	131	1.05449
10	155	0.972537
10	167	1.08064
10	170	0.896034
10	171	1.0807
11	141	0.932053
11	152	0.924778
11	155	0.925558
11	162	0.934832
11	165	0.940288
11	169	0.937771
11	172	0.937038
11	173	0.933601
11	174	0.934086
11	176	1.2142
11	178	1.20544
11	180	1.186
12	102	0.98972
12	114	1.03485
12	137	0.885699
12	153	1.05008
12	160	1.03767
12	163	1.04807
12	167	0.830535
12	168	0.886535
12	175	1.0573
12	178	1.05207
12	179	1.06211
12	180	1.0579
13	35	0.955023
13	43	0.919347
13	47	0.912513
13	68	0.952257
13	76	1.19647
13	144	0.925038
13	154	0.957663
13	156	0.897922
13	166	1.18922
13	167	1.21649
13	171	0.949811
13	176	0.930449
14	115	0.960249
14	130	1.1857
14	137	0.929431
14	153	1.13555
14	156	1.28037
14	157	0.927824
14	158	0.926197
14	164	0.933253
14	168	0.93593
14	172	0.931158
14	173	0.927721
14	174	0.928206
15	101	0.927182
15	136	0.940977
15	146	1.21408
15	153	0.922255
15	166	0.927972
15	167	0.946516
15	169	1.19289
15	171	0.946575
15	172	1.18898
15	178	0.924244
15	179	0.934285
15	180	0.930078
16	89	1.30881
16	134	0.732388
16	144	0.81446
16	146	1.03642
16	162	1.04905
16	164	1.05335
16	165	1.05451
16	169	1.05199
16	173	1.04782
16	174	1.0483
16	177	1.05855
16	179	0.752746
17	113	1.0308
17	149	1.06224
17	161	1.05416
17	162	0.933693
17	163	1.0445
17	167	0.88683
17	169	0.93481
17	170	1.04693
17	171	0.837369
17	178	1.04851
17	179	1.05855
17	180	1.05434
18	3	0.852399
18	62	0.889055
18	141	1.04232
18	145	1.07291
18	161	0.930054
18	162	1.0451
18	164	1.0494
18	165	1.05056
18	169	1.04804
18	172	1.04731
18	174	1.04436
18	178	0.934647
19	108	1.01163
19	120	1.01249
19	132	0.958008
19	137	0.977263
19	159	1.00381
19	166	1.01111
19	169	0.970079
19	173	0.986538
19	175	1.01262
19	176	1.01035
19	178	1.00738
19	179	1.01742
19	180	1.01322
20	26	0.968392
20	59	0.938865
20	114	0.993893
20	160	0.996713
20	168	0.99777
20	170	1.00953
20	172	0.985839
20	175	1.01634
20	176	1.01408
20	177	1.02032
20	178	1.01111
20	179	1.02115
20	180	1.01694
21	10	0.966425
21	61	0.846944
21	66	0.936729
21	71	0.912813
21	78	0.908981
21	101	0.905147
21	105	1.24741
21	119	0.926572
21	123	0.873395
21	131	0.898335
21	137	1.38079
21	171	0.92454
21	180	1.27483
22	101	1.00691
22	119	1.02834
22	123	0.975161
22	129	1.0216
22	130	0.961591
22	147	0.94703
22	154	1.03416
22	156	0.974416
22	167	1.02625
22	171	1.02631
22	172	1.01856
22	176	1.00694
22	177	0.97877
23	66	0.922159
23	88	0.966316
23	107	1.03761
23	113	0.988689
23	124	1.0118
23	125	1.0104
23	126	1.03582
23	129	0.962673
23	170	1.00482
23	175	1.01163
23	178	1.0064
23	179	1.01644
23	180	1.01223
24	70	1.16866
24	84	0.969844
24	118	0.923693
24	147	0.908423
24	157	1.01228
24	164	1.01771
24	166	0.908619
24	168	1.02039
24	169	1.01635
24	172	1.01562
24	173	1.01218
24	174	1.01267
24	177	1.02291
25	7	1.35674
25	33	0.831156
25	66	0.947065
25	71	0.92315
25	78	0.919317
25	87	0.873381
25	101	0.915483
25	119	0.936908
25	123	0.883732
25	125	1.2411
25	157	1.30153
25	167	0.934817
25	171	0.934876
26	20	0.968392
26	67	0.931254
26	121	1.0217
26	128	1.02733
26	151	0.992886
26	152	0.9974
26	157	1.00633
26	163	1.01471
26	164	1.01176
26	165	1.01291
26	172	1.00966
26	173	1.00622
26	174	1.00671
27	41	1.02229
27	45	1.03046
27	88	0.903221
27	151	1.0079
27	153	1.0079
27	159	1.00632
27	162	0.930923
27	163	1.00589
27	166	1.01362
27	176	1.01286
27	178	1.00989
27	179	1.01993
27	180	1.01573
28	63	0.906129
28	72	1.00154
28	136	0.997609
28	147	1.02158
28	152	1.02337
28	153	1.00876
28	159	1.00718
28	160	0.996359
28	161	1.01641
28	172	0.964808
28	178	1.01075
28	179	1.0208
28	180	1.01659
29	88	0.964261
29	119	0.9325
29	146	1.01427
29	147	1.01998
29	150	0.976318
29	153	1.00716
29	160	0.994755
29	166	1.01288
29	170	1.00757
29	175	1.01438
29	178	1.00915
29	179	1.01919
29	180	1.01498
30	2	0.942109
30	58	1.05958
30	61	0.96884
30	71	1.03471
30	82	0.986342
30	110	0.943211
30	123	0.995292
30	131	1.02023
30	143	1.00412
30	158	1.01905
30	160	0.948733
30	167	1.04638
30	171	1.04644
31	9	1.14728
31	43	0.990955
31	65	1.03212
31	109	0.902817
31	142	0.983585
31	158	1.00751
31	162	1.01027
31	164	1.01457
31	168	1.01724
31	169	1.0132
31	172	1.01247
31	173	1.00904
31	180	0.854742
32	52	1.02758
32	60	1.14209
32	97	1.0131
32	146	0.999937
32	149	0.855294
32	152	1.00252
32	157	1.01144
32	168	1.01955
32	169	1.01551
32	172	1.01478
32	173	1.01134
32	174	1.01182
32	175	0.882276
33	6	1.09609
33	25	0.831156
33	58	0.948237
33	61	0.857495
33	66	0.94728
33	86	1.43399
33	101	0.915698
33	119	0.937123
33	123	0.883946
33	131	0.908886
33	167	0.935032
33	171	0.935091
33	177	1.37494
34	75	0.82715
34	116	0.99019
34	125	1.00577
34	128	1.03126
34	140	1.01086
34	155	1.00212
34	156	1.09039
34	165	1.01685
34	169	1.01433
34	172	1.01359
34	173	1.01016
34	174	1.01064
34	178	0.977264
35	1	0.952425
35	8	1.18452
35	13	0.955023
35	149	0.893592
35	151	0.935247
35	154	1.05187
35	156	0.992133
35	164	1.02571
35	165	1.02686
35	168	1.02838
35	171	1.04402
35	172	1.02361
35	179	0.893408
36	54	0.727095
36	74	0.884851
36	94	0.813521
36	102	0.924019
36	120	1.09076
36	149	1.09938
36	153	1.08365
36	155	0.844347
36	160	1.07125
36	161	1.0913
36	175	1.09088
36	178	1.08564
36	179	1.09568
36	180	1.09148
37	80	1.0275
37	98	0.97191
37	112	0.958952
37	126	0.947896
37	139	1.00992
37	150	0.975252
37	154	1.00086
37	155	1.10265
37	156	0.941121
37	171	0.99301
37	173	1.08758
37	176	0.973648
37	177	1.02742
37	179	0.985768
38	47	0.967985
38	82	0.945189
38	116	1.14243
38	119	1.00732
38	131	0.979079
38	132	0.963196
38	150	0.987525
38	156	0.953394
38	167	1.00522
38	171	1.00528
38	176	0.985921
38	177	1.05294
38	179	1.01129
38	180	0.997867
39	8	1.15484
39	10	1.02289
39	50	1.02433
39	70	1.13387
39	71	0.969274
39	79	1.0097
39	85	0.999844
39	101	0.961608
39	123	0.929856
39	124	0.911253
39	131	0.954796
39	136	0.975402
39	167	0.980941
39	171	0.981
40	138	0.970107
40	140	0.974748
40	145	1.00309
40	153	1.03218
40	165	0.980735
40	168	0.982258
40	169	0.978218
40	172	0.977485
40	173	0.974048
40	174	0.974533
40	176	1.07263
40	177	0.98478
40	179	1.05786
40	180	1.04444
41	27	1.02229
41	120	1.05234
41	121	0.996952
41	142	0.956025
41	152	0.972653
41	155	0.973433
41	158	0.979951
41	161	1.06408
41	164	0.987008
41	169	0.985645
41	172	0.984912
41	173	0.981476
41	174	0.981961
41	178	1.06867
42	67	1.00768
42	128	1.01533
42	138	1.05421
42	151	0.974026
42	153	0.974032
42	156	1.07072
42	158	0.972981
42	159	0.972447
42	170	0.974443
42	173	1.05338
42	175	0.981255
42	177	0.985236
42	178	0.976022
42	180	0.981856
43	13	0.919347
43	31	0.990955
43	100	0.981092
43	109	0.998227
43	124	1.05737
43	126	0.963232
43	132	0.966259
43	139	1.02526
43	144	0.983573
43	150	0.990587
43	154	1.0162
43	156	0.956457
43	158	1.10966
43	170	1.05023
44	56	1.12338
44	81	1.03217
44	99	0.975348
44	103	1.00822
44	108	1.02319
44	112	0.961539
44	126	0.950483
44	150	0.977839
44	156	0.943708
44	161	0.978922
44	165	1.05491
44	171	0.995597
44	176	0.976235
44	177	1.00466
45	27	1.03046
45	106	1.02448
45	141	0.97117
45	145	1.00176
45	162	0.97395
45	164	0.978251
45	165	0.979406
45	166	1.08093
45	167	0.996506
45	169	0.976888
45	172	0.976155
45	173	0.972719
45	174	0.973204
45	179	1.07082
46	65	0.999525
46	135	0.968463
46	137	0.978148
46	141	0.974891
46	157	0.976541
46	159	1.06182
46	163	1.09204
46	164	0.981971
46	165	0.983126
46	166	1.03847
46	169	0.980608
46	172	0.979875
46	174	0.976924
46	180	1.01495
47	13	0.912513
47	38	0.967985
47	80	1.03601
47	98	0.980413
47	131	1.03676
47	135	1.11312
47	144	0.97674
47	150	0.983754
47	154	1.00936
47	156	0.949623
47	167	1.04629
47	171	1.00151
47	176	0.98215
47	180	0.995495
48	96	1.08074
48	103	1.12508
48	121	0.855933
48	126	1.06734
48	132	1.07037
48	143	0.838373
48	150	1.0947
48	156	1.06057
48	158	0.853309
48	161	1.09578
48	171	1.11246
48	174	0.864738
48	176	1.0931
48	177	0.795146
49	64	1.06363
49	134	1.08071
49	148	1.04853
49	153	1.03741
49	157	0.902587
49	164	0.883131
49	165	0.899528
49	172	0.889076
49	174	0.918876
49	175	1.04464
49	176	1.04237
49	177	1.04862
49	178	1.0394
49	179	1.04944
49	180	1.04524
50	2	0.977812
50	39	1.02433
50	58	1.09529
50	78	1.06658
50	82	1.02205
50	101	1.06275
50	123	1.031
50	131	1.05593
50	147	0.866692
50	148	0.922534
50	159	0.890229
50	164	0.93228
50	167	1.08208
50	171	1.08214
50	177	0.898432
51	2	1.29577
51	5	0.972779
51	75	1.02548
51	90	0.971157
51	96	0.926382
51	109	0.947977
51	111	0.94949
51	129	0.953392
51	139	0.975005
51	141	1.15199
51	150	0.940337
51	154	0.965948
51	156	0.906206
51	176	0.938733
51	177	1.08073
52	32	1.02758
52	86	0.927915
52	89	0.856515
52	94	1.14558
52	97	1.12435
52	120	0.971027
52	151	0.96392
52	152	1.19953
52	163	0.961913
52	166	0.969644
52	170	0.964337
52	175	0.971149
52	178	0.965916
52	179	0.975957
52	180	0.97175
53	58	0.874016
53	65	0.918014
53	105	1.07875
53	110	1.05298
53	154	0.822178
53	166	1.04534
53	169	0.931272
53	170	1.04003
53	173	0.947731
53	175	1.04684
53	176	1.04458
53	177	1.05082
53	178	1.04161
53	179	1.05165
53	180	1.04744
54	36	0.727095
54	79	1.03266
54	115	1.08029
54	118	0.911866
54	138	1.04382
54	142	1.02231
54	148	1.05841
54	155	1.03972
54	161	0.888112
54	162	1.049
54	163	0.950352
54	165	1.05445
54	168	1.05597
54	173	1.04776
54	174	1.04825
55	9	1.11273
55	88	1.07074
55	115	1.07626
55	137	1.04544
55	151	0.875449
55	155	1.03569
55	157	1.04384
55	162	1.04497
55	169	1.0479
55	170	0.873994
55	171	0.821523
55	172	1.04717
55	173	1.04374
55	174	1.04422
55	180	0.820188
56	44	1.12338
56	70	0.893721
56	112	1.11735
56	125	0.961297
56	149	0.971025
56	160	0.942894
56	163	0.953286
56	164	1.12292
56	166	0.961017
56	169	1.13277
56	175	0.962522
56	177	0.966503
56	178	0.957289
56	179	0.96733
56	180	0.963123
57	69	0.878791
57	70	0.995072
57	127	1.03057
57	136	0.949096
57	159	1.05506
57	160	1.04424
57	164	0.910351
57	166	1.06237
57	168	0.928226
57	170	1.05706
57	171	0.822766
57	175	1.06387
57	178	1.05864
57	179	1.06868
57	180	1.06447
58	2	0.947629
58	30	1.05958
58	33	0.948237
58	50	1.09529
58	53	0.874016
58	61	0.97436
58	87	0.990461
58	119	1.05399
58	123	1.00081
58	131	1.02575
58	141	1.02806
58	148	0.980901
58	164	0.990647
58	167	1.0519
58	171	1.05196
58	176	0.929923
59	20	0.938865
59	127	1.08409
59	128	1.03732
59	134	0.901162
59	137	1.01793
59	140	1.01692
59	141	1.01467
59	142	0.990771
59	164	1.02175
59	165	1.02291
59	168	1.02443
59	169	1.02039
59	173	1.01622
59	174	1.01671
59	175	0.948686
59	176	0.936294
60	32	1.14209
60	105	0.964613
60	107	0.958679
60	122	0.891662
60	124	0.932875
60	145	1.20149
60	147	0.938299
60	155	1.29092
60	159	0.923895
60	161	0.933124
60	170	0.92589
60	171	1.16195
60	175	0.932702
60	178	0.927469
60	179	0.93751
60	180	0.933303
61	21	0.846944
61	30	0.96884
61	33	0.857495
61	58	0.97436
61	85	0.980059
61	87	0.899719
61	101	0.941822
61	114	1.20922
61	119	0.963247
61	123	0.91007
61	131	0.93501
61	158	1.24819
61	160	1.17787
61	167	0.961155
61	171	0.961214
61	175	1.17554
62	18	0.889055
62	74	1.00487
62	79	0.991902
62	117	1.01751
62	118	1.03491
62	124	1.02333
62	130	1.01751
62	159	1.01435
62	160	1.00353
62	164	0.922977
62	166	1.02165
62	174	0.958722
62	175	1.02316
62	178	1.01792
62	179	1.02797
62	180	1.02376
63	28	0.906129
63	81	1.06496
63	103	1.04102
63	111	1.01978
63	129	1.02369
63	132	0.986302
63	144	1.00362
63	146	1.01636
63	150	1.01063
63	154	1.03624
63	156	0.9765
63	171	1.02839
63	172	0.991257
63	175	0.936981
63	176	1.00903
63	177	0.951465
64	49	1.06363
64	112	0.939287
64	122	0.982574
64	126	0.995392
64	127	0.990313
64	140	0.96424
64	151	1.01639
64	155	0.986245
64	163	1.01438
64	167	0.906732
64	170	1.0168
64	175	1.02361
64	176	1.02135
64	178	1.01838
64	179	1.02842
64	180	1.02422
65	31	1.03212
65	46	0.999525
65	53	0.918014
65	93	0.948587
65	97	1.01597
65	98	0.980528
65	119	0.98392
65	147	0.969056
65	157	1.01431
65	162	1.01543
65	164	1.01974
65	167	1.03799
65	169	1.01837
65	172	1.01764
65	173	1.0142
65	174	1.01469
66	10	1.09289
66	21	0.936729
66	23	0.922159
66	25	0.947065
66	33	0.94728
66	78	1.03544
66	82	0.990906
66	85	1.06984
66	119	1.05303
66	124	0.946961
66	131	1.0248
66	146	1.00598
66	158	0.999243
66	159	0.932877
66	167	1.05094
66	171	1.051
67	9	0.954645
67	26	0.931254
67	42	1.00768
67	96	0.991651
67	127	0.997742
67	147	1.03664
67	148	1.03494
67	159	1.02224
67	162	0.951495
67	163	1.02181
67	172	0.948701
67	173	0.969071
67	175	1.03104
67	178	1.02581
67	179	1.03585
67	180	1.03164
68	13	0.952257
68	100	1.014
68	103	1.05388
68	118	0.944347
68	129	1.03655
68	132	0.999169
68	143	1.00405
68	144	1.01648
68	148	0.98492
68	149	0.919352
68	150	1.0235
68	151	0.961006
68	154	1.04911
68	156	0.989367
68	161	1.02458
68	171	1.04126
69	57	0.878791
69	97	1.01216
69	122	1.10906
69	128	1.0315
69	145	1.03944
69	148	1.02104
69	162	1.01163
69	164	1.01593
69	168	1.0186
69	169	1.01456
69	172	1.01383
69	173	1.01039
69	174	1.01088
69	175	0.958155
69	176	0.945763
69	180	0.917566
70	24	1.16866
70	39	1.13387
70	56	0.893721
70	57	0.995072
70	118	0.94757
70	127	0.902513
70	140	1.25208
70	153	0.928593
70	162	1.24143
70	163	0.926579
70	170	0.929003
70	175	0.935815
70	176	0.93355
70	178	0.930582
70	179	0.940623
70	180	0.936416
71	21	0.912813
71	25	0.92315
71	30	1.03471
71	39	0.969274
71	78	1.01153
71	82	0.96699
71	90	0.978112
71	119	1.02912
71	123	0.97594
71	131	1.00088
71	136	1.02149
71	140	1.04236
71	158	1.04729
71	167	1.02702
71	171	1.02708
71	174	1.05872
71	175	0.974639
72	28	1.00154
72	128	1.01242
72	133	1.05928
72	134	1.02624
72	139	0.938605
72	151	0.982942
72	159	0.981363
72	163	0.980934
72	166	0.988665
72	170	0.983358
72	172	1.0301
72	173	1.05047
72	175	0.990171
72	177	0.994152
72	178	0.984937
72	179	0.994978
72	180	0.990771
73	91	0.951009
73	121	1.00903
73	129	1.05376
73	142	0.968108
73	149	1.00105
73	153	0.97519
73	157	0.993661
73	159	1.03431
73	162	0.994789
73	164	0.99909
73	165	1.00025
73	168	1.00177
73	169	0.997728
73	170	1.04125
73	172	0.996995
73	173	0.993558
73	174	0.994043
74	36	0.884851
74	62	1.00487
74	94	0.99982
74	97	0.993544
74	118	1.06962
74	130	1.06891
74	133	0.984242
74	141	0.990231
74	146	0.980376
74	155	0.983737
74	159	1.07789
74	162	0.993011
74	164	0.997311
74	165	0.998466
74	172	0.995216
74	173	0.991779
74	174	0.992264
75	34	0.82715
75	51	1.02548
75	96	1.07448
75	100	1.07894
75	103	1.11882
75	104	0.917089
75	126	1.06108
75	127	0.905525
75	130	0.767427
75	139	1.1231
75	144	1.08142
75	156	1.0543
75	158	0.84277
75	161	1.08951
75	171	1.10619
75	173	0.844769
75	176	1.08683
76	13	1.19647
76	122	0.959253
76	125	0.999069
76	127	0.966992
76	135	1.0086
76	138	1.00704
76	139	0.894347
76	151	0.993065
76	159	0.991486
76	163	0.991058
76	170	0.993482
76	172	0.985843
76	175	1.00029
76	177	1.00428
76	178	0.995061
76	179	1.0051
76	180	1.00089
77	96	0.980665
77	101	1.05529
77	109	1.00226
77	111	1.00377
77	126	0.967264
77	129	1.00768
77	132	0.970291
77	143	1.0168
77	144	0.987605
77	146	1.03846
77	150	0.99462
77	154	1.02023
77	156	0.960489
77	169	1.01727
77	171	1.01238
77	176	0.993016
77	177	0.973567
78	21	0.908981
78	25	0.919317
78	50	1.06658
78	66	1.03544
78	71	1.01153
78	82	0.963157
78	87	0.961756
78	116	1.08807
78	123	0.972107
78	131	0.997047
78	136	1.01765
78	151	0.998763
78	160	0.986417
78	167	1.02319
78	171	1.02325
78	174	1.06817
78	178	0.962943
79	39	1.0097
79	54	1.03266
79	62	0.991902
79	119	1.0578
79	122	0.93232
79	147	0.978957
79	152	1.17303
79	158	0.965086
79	159	0.964553
79	163	0.964124
79	166	0.971855
79	169	1.11838
79	170	0.966548
79	175	0.97336
79	176	0.971095
79	178	0.968127
79	179	0.978168
79	180	0.973961
80	37	1.0275
80	47	1.03601
80	98	1.0522
80	105	0.794859
80	109	1.06319
80	112	1.03925
80	127	0.998277
80	132	1.03122
80	139	1.09021
80	143	0.920587
80	144	1.04853
80	145	0.863159
80	148	0.901461
80	150	1.05555
80	154	1.08116
80	156	1.02141
80	158	0.935522
80	176	1.05394
81	44	1.03217
81	63	1.06496
81	98	1.05428
81	99	1.05513
81	110	0.889562
81	112	1.04132
81	114	0.926433
81	126	1.03026
81	128	0.929349
81	132	1.03329
81	144	1.05061
81	154	1.08323
81	156	1.02349
81	160	0.895084
81	167	0.902964
81	171	1.07538
81	176	1.05602
81	179	0.86559
82	30	0.986342
82	38	0.945189
82	50	1.02205
82	66	0.990906
82	71	0.96699
82	78	0.963157
82	85	0.99756
82	87	0.917221
82	99	1.11059
82	123	0.927572
82	131	0.952512
82	136	0.973118
82	167	0.978657
82	170	1.06732
82	171	0.978716
82	173	1.12874
82	175	1.0541
82	176	1.04171
83	115	0.999989
83	128	0.988564
83	130	1.09718
83	138	0.96352
83	142	0.942012
83	146	0.956059
83	152	0.958639
83	157	0.967564
83	161	1.07413
83	162	0.968693
83	164	0.972994
83	168	0.975671
83	172	0.970898
83	173	0.967462
83	174	0.967947
83	176	1.08748
83	178	1.07873
83	179	1.07271
84	9	1.34169
84	24	0.969844
84	98	1.08395
84	116	0.928811
84	137	0.950488
84	140	0.949478
84	142	0.923329
84	143	0.967619
84	144	1.12428
84	155	0.940736
84	162	0.95001
84	168	0.956988
84	169	0.952948
84	170	1.10295
84	172	0.952215
84	173	0.948779
84	174	0.949264
84	177	0.95951
84	180	1.04915
85	2	0.953327
85	39	0.999844
85	61	0.980059
85	66	1.06984
85	82	0.99756
85	87	0.996159
85	90	0.918254
85	101	1.03826
85	119	1.05969
85	123	1.00651
85	131	1.03145
85	136	1.05206
85	157	0.982569
85	167	1.0576
85	168	0.980988
85	171	1.05765
85	174	0.998858
85	177	0.929265
85	179	0.887614
86	33	1.43399
86	52	0.927915
86	89	0.846748
86	90	1.01839
86	93	0.992699
86	122	0.920341
86	125	0.960157
86	149	0.969885
86	162	1.07199
86	163	0.952146
86	165	1.07965
86	166	0.959877
86	173	1.08957
86	175	0.961382
86	176	0.959117
86	177	0.965363
86	178	0.956149
86	179	0.966189
86	180	0.961982
87	2	0.872987
87	10	1.0192
87	25	0.873381
87	58	0.990461
87	61	0.899719
87	78	0.961756
87	82	0.917221
87	85	0.996159
87	101	0.957923
87	110	1.12984
87	119	0.979347
87	120	1.09556
87	123	0.926171
87	131	0.95111
87	159	1.13932
87	167	0.977256
87	168	1.19924
87	171	0.977315
87	177	1.14752
88	23	0.966316
88	27	0.903221
88	29	0.964261
88	55	1.07074
88	133	1.01058
88	135	1.01014
88	137	1.01983
88	141	1.01657
88	145	1.04716
88	146	1.00671
88	149	0.943771
88	155	1.01007
88	164	1.02365
88	168	1.02633
88	172	1.02155
88	173	1.01812
88	174	1.0186
88	175	0.970753
88	176	0.95836
89	16	1.30881
89	52	0.856515
89	86	0.846748
89	92	0.918718
89	127	0.856681
89	131	1.47096
89	134	0.926052
89	149	0.898485
89	161	0.890404
89	163	0.880746
89	166	0.888477
89	167	1.48048
89	170	0.88317
89	171	1.43102
89	175	0.889982
89	177	0.893964
89	178	0.884749
89	179	0.89479
89	180	0.890583
90	51	0.971157
90	71	0.978112
90	85	0.918254
90	86	1.01839
90	96	1.02016
90	132	1.00979
90	138	1.02408
90	150	1.03411
90	156	0.999984
90	166	0.927796
90	168	1.03624
90	169	1.0322
90	170	0.958074
90	171	1.05187
90	172	1.03146
90	173	1.02803
90	174	1.02851
90	176	1.03251
90	180	0.904268
91	73	0.951009
91	95	0.958643
91	109	0.962296
91	132	0.930328
91	144	0.947642
91	147	1.14381
91	150	0.954656
91	152	0.939745
91	153	1.10822
91	156	0.920526
91	161	0.955739
91	166	1.144
91	168	0.956777
91	169	0.952737
91	170	1.17428
91	171	0.972414
91	173	0.948568
91	174	0.949053
91	178	1.13992
92	89	0.918718
92	99	0.952461
92	110	1.03949
92	118	1.04511
92	120	1.03323
92	136	0.983046
92	141	0.981712
92	147	1.03895
92	151	1.02612
92	159	1.02454
92	160	1.01372
92	165	0.960697
92	169	0.954156
92	170	1.02654
92	171	0.856715
92	175	1.03335
92	178	1.02812
92	179	1.03816
92	180	1.03395
93	9	0.959534
93	65	0.948587
93	86	0.992699
93	97	0.941321
93	136	0.990735
93	147	1.04153
93	150	0.945084
93	151	1.0287
93	159	1.02713
93	160	1.01631
93	163	1.0267
93	164	0.95199
93	166	1.03443
93	167	0.913866
93	170	1.02912
93	175	1.03593
93	178	1.0307
93	179	1.04074
93	180	1.03653
94	36	0.813521
94	52	1.14558
94	74	0.99982
94	117	0.979159
94	132	1.04639
94	140	0.999857
94	146	0.987755
94	148	1.0098
94	155	0.991115
94	164	1.00469
94	165	1.00584
94	166	0.983217
94	168	1.00737
94	169	1.00333
94	170	1.01349
94	172	1.00259
94	173	0.999158
94	174	0.999643
94	175	1.00028
94	177	1.00989
95	10	0.927653
95	91	0.958643
95	123	1.14837
95	131	0.9869
95	133	0.993654
95	139	0.949
95	150	1.02765
95	152	0.992369
95	157	1.00129
95	158	0.999668
95	163	0.998706
95	164	1.00672
95	166	1.00644
95	168	1.0094
95	171	0.946967
95	173	1.00119
95	175	1.00794
95	178	1.00271
95	179	1.01275
95	180	1.00854
96	6	0.774249
96	48	1.08074
96	51	0.926382
96	67	0.991651
96	75	1.07448
96	77	0.980665
96	90	1.02016
96	98	0.985998
96	105	0.970594
96	112	0.973039
96	129	1.00239
96	139	1.02401
96	144	0.982324
96	150	0.989339
96	154	1.01495
96	155	1.12833
96	156	0.955208
96	161	0.990422
96	174	1.12269
96	178	1.01746
97	32	1.0131
97	52	1.12435
97	65	1.01597
97	69	1.01216
97	74	0.993544
97	93	0.941321
97	98	0.973263
97	100	1.01459
97	136	1.01113
97	141	0.991334
97	146	0.981479
97	157	0.992984
97	159	0.985328
97	164	0.998414
97	165	0.999569
97	166	0.961987
97	169	0.997051
97	172	0.996318
97	174	0.993367
97	177	1.00361
98	1	0.926113
98	37	0.97191
98	47	0.980413
98	65	0.980528
98	80	1.0522
98	81	1.05428
98	84	1.08395
98	96	0.985998
98	97	0.973263
98	100	0.990457
98	108	0.968609
98	112	0.983652
98	129	1.01301
98	139	1.03462
98	154	1.02556
98	156	0.965822
98	162	0.99267
98	165	1.00033
98	171	1.01771
98	176	0.998348
99	44	0.975348
99	81	1.05513
99	82	1.11059
99	92	0.952461
99	112	0.984502
99	113	1.00051
99	145	1.02376
99	146	0.983311
99	150	1.0008
99	154	1.02641
99	155	0.986671
99	156	0.966671
99	168	1.00292
99	173	0.994714
99	174	0.995199
99	175	0.997876
99	176	0.999198
99	177	1.00544
99	178	0.976729
99	179	0.97071
100	43	0.981092
100	68	1.014
100	75	1.07894
100	97	1.01459
100	98	0.990457
100	108	1.00994
100	126	0.966443
100	129	1.00685
100	132	0.96947
100	139	1.02847
100	144	0.986784
100	148	1.01552
100	154	1.01941
100	156	0.959668
100	161	0.994881
100	167	0.987138
100	170	0.990147
100	171	1.01156
100	176	0.992194
100	177	0.991414
101	15	0.927182
101	21	0.905147
101	22	1.00691
101	25	0.915483
101	33	0.915698
101	39	0.961608
101	50	1.06275
101	61	0.941822
101	77	1.05529
101	85	1.03826
101	87	0.957923
101	119	1.02145
101	131	0.993213
101	133	1.12104
101	136	1.01382
101	167	1.01936
101	171	1.01942
101	175	1.03759
101	176	1.0252
101	177	1.05207
101	178	1.01644
102	12	0.98972
102	36	0.924019
102	104	0.963865
102	117	0.958293
102	135	0.970316
102	145	1.00733
102	146	0.966889
102	157	0.978394
102	158	0.976767
102	159	1.11706
102	160	1.1131
102	162	0.979523
102	164	0.983824
102	165	0.984979
102	167	1.00208
102	171	1.07152
102	172	0.981728
102	173	0.978292
102	174	0.978777
102	177	0.989023
102	178	1.08963
103	4	0.784446
103	44	1.00822
103	48	1.12508
103	63	1.04102
103	68	1.05388
103	75	1.11882
103	109	1.04132
103	110	0.885339
103	111	1.04283
103	122	1.03944
103	129	1.04673
103	139	1.06835
103	144	1.02666
103	150	1.03368
103	154	1.05929
103	156	0.999548
103	161	1.03476
103	169	0.94672
103	175	0.888533
103	177	0.903017
103	178	0.867386
104	75	0.917089
104	102	0.963865
104	110	0.989579
104	128	0.997793
104	144	1.1229
104	146	0.965288
104	152	0.967868
104	155	0.968648
104	157	0.976793
104	160	1.09068
104	162	0.977922
104	164	0.982223
104	165	0.983378
104	167	1.00048
104	168	0.9849
104	173	0.976691
104	174	0.977175
104	177	0.987422
104	178	1.0672
104	179	1.06118
104	180	1.04776
105	10	0.814801
105	21	1.24741
105	53	1.07875
105	60	0.964613
105	80	0.794859
105	96	0.970594
105	111	0.897169
105	113	1.01359
105	122	0.995487
105	147	1.04212
105	153	1.0293
105	158	1.02825
105	159	1.02772
105	160	1.0169
105	162	0.930438
105	163	1.02729
105	165	0.938097
105	170	1.02972
105	175	1.03653
105	178	1.03129
105	179	1.04133
105	180	1.03713
106	45	1.02448
106	107	1.05351
106	108	1.02654
106	114	1.00508
106	117	1.01074
106	118	1.03928
106	124	1.0277
106	129	0.893602
106	145	0.86816
106	151	1.0203
106	153	1.02031
106	159	1.01872
106	166	1.02602
106	169	0.926062
106	170	1.02072
106	172	0.922152
106	173	0.942521
106	175	1.02753
106	177	1.03151
106	178	1.0223
106	179	1.03234
106	180	1.02813
107	23	1.03761
107	60	0.958679
107	106	1.05351
107	113	1.00765
107	120	1.03047
107	121	0.951701
107	133	0.959881
107	134	1.06666
107	147	1.03619
107	150	0.917855
107	151	1.02336
107	160	1.01097
107	161	1.03101
107	163	1.02136
107	168	0.942636
107	169	0.934616
107	172	0.930705
107	173	0.951075
107	175	1.03059
107	178	1.02536
107	179	1.0354
107	180	1.03119
108	19	1.01163
108	44	1.02319
108	98	0.968609
108	100	1.00994
108	106	1.02654
108	124	1.0038
108	130	0.997978
108	134	1.0397
108	139	0.937173
108	145	0.974678
108	147	1.00923
108	149	1.01213
108	153	0.996407
108	157	1.04218
108	158	0.995356
108	163	0.994394
108	170	0.996817
108	171	0.93514
108	175	1.00363
108	176	1.00136
108	178	0.998396
108	179	1.00844
108	180	1.00423
109	1	0.937094
109	7	1.07187
109	31	0.902817
109	43	0.998227
109	51	0.947977
109	77	1.00226
109	80	1.06319
109	91	0.962296
109	103	1.04132
109	129	1.02399
109	139	1.0456
109	144	1.00392
109	150	1.01093
109	153	0.896028
109	154	1.03654
109	155	1.03859
109	156	0.976803
109	161	1.01202
109	164	0.997201
109	171	1.02869
109	174	1.03295
109	176	1.00933
109	177	0.963354
110	2	1.16771
110	9	0.934356
110	30	0.943211
110	53	1.05298
110	81	0.889562
110	87	1.12984
110	92	1.03949
110	103	0.885339
110	104	0.989579
110	119	0.935797
110	131	0.938869
110	135	0.99603
110	151	1.00353
110	157	1.00411
110	161	1.01118
110	168	1.01221
110	169	1.00818
110	172	1.00744
110	173	1.00401
110	174	1.00449
110	178	1.00552
110	179	1.01556
110	180	1.01136
111	1	0.938608
111	51	0.94949
111	63	1.01978
111	77	1.00377
111	103	1.04283
111	105	0.897169
111	112	0.996147
111	129	1.0255
111	132	0.988118
111	139	1.04712
111	142	1.09377
111	143	1.0229
111	144	1.00543
111	147	0.947929
111	150	1.01245
111	154	1.03806
111	156	0.978316
111	161	1.01353
111	169	1.02337
111	171	1.03021
111	176	1.01084
111	177	0.979669
111	178	0.944037
112	37	0.958952
112	44	0.961539
112	56	1.11735
112	64	0.939287
112	80	1.03925
112	81	1.04132
112	96	0.973039
112	98	0.983652
112	99	0.984502
112	111	0.996147
112	126	0.959638
112	129	1.00005
112	132	0.962665
112	137	1.04952
112	139	1.02166
112	144	0.979979
112	148	1.02273
112	150	0.986993
112	154	1.0126
112	156	0.952863
112	162	1.04122
112	164	1.03248
112	176	0.985389
112	177	0.998631
113	17	1.0308
113	23	0.988689
113	99	1.00051
113	105	1.01359
113	107	1.00765
113	124	0.981848
113	126	1.04288
113	134	1.01775
113	142	1.07261
113	148	0.985572
113	152	1.05686
113	157	1.0118
113	159	0.972868
113	160	0.962047
113	162	1.00109
113	163	0.972439
113	169	1.0022
113	170	0.974863
113	175	0.981675
113	176	0.97941
113	177	0.985657
113	178	0.976442
113	179	0.986483
113	180	0.982276
114	12	1.03485
114	20	0.993893
114	61	1.20922
114	81	0.926433
114	106	1.00508
114	124	0.98234
114	125	0.980943
114	134	1.01824
114	147	0.987765
114	149	0.990671
114	151	0.974939
114	157	1.04285
114	160	0.96254
114	166	0.980663
114	167	0.985268
114	168	1.04127
114	170	0.975356
114	171	0.935807
114	173	1.04971
114	176	0.979903
114	177	0.986149
114	178	0.976935
114	179	0.986975
114	180	0.982768
115	14	0.960249
115	54	1.08029
115	55	1.07626
115	83	0.999989
115	122	1.07425
115	125	0.930697
115	135	1.01567
115	136	1.04189
115	138	1.0197
115	145	1.05269
115	149	0.89636
115	160	0.92567
115	161	0.897602
115	162	1.02488
115	163	0.959842
115	164	1.02918
115	165	1.03033
115	168	1.03185
115	169	1.02781
115	172	1.02708
115	173	1.02364
115	174	1.02413
115	175	0.923342
115	176	0.910949
115	177	1.03438
116	7	1.16836
116	34	0.99019
116	38	1.14243
116	78	1.08807
116	84	0.928811
116	133	0.963611
116	138	0.967207
116	140	0.971848
116	143	0.989989
116	145	1.00019
116	146	0.959746
116	152	0.962326
116	155	0.963106
116	157	0.971251
116	160	1.04769
116	161	1.01962
116	165	0.977836
116	168	0.979358
116	169	0.975318
116	172	0.974585
116	173	0.971149
116	174	0.971634
116	177	0.98188
116	178	1.02421
116	179	1.01819
117	62	1.01751
117	94	0.979159
117	102	0.958293
117	106	1.01074
117	122	1.23515
117	133	0.96358
117	137	0.972827
117	141	0.96957
117	142	0.945668
117	145	1.00016
117	152	0.962295
117	155	0.963075
117	157	0.97122
117	158	0.969594
117	165	0.977805
117	167	0.994906
117	168	0.979327
117	169	0.975288
117	172	0.974555
117	173	0.971118
117	174	0.971603
117	175	1.08425
117	178	1.0631
117	179	1.05708
117	180	1.04366
118	24	0.923693
118	54	0.911866
118	62	1.03491
118	68	0.944347
118	70	0.94757
118	74	1.06962
118	92	1.04511
118	106	1.03928
118	127	0.983069
118	130	1.01072
118	138	1.01487
118	151	1.00914
118	153	1.00915
118	159	1.00756
118	160	0.996743
118	163	1.00713
118	164	0.987729
118	167	0.949605
118	170	1.00956
118	172	0.993674
118	175	1.01637
118	176	1.01411
118	177	1.02035
118	178	1.01114
118	179	1.02118
118	180	1.01697
119	10	1.08273
119	21	0.926572
119	22	1.02834
119	25	0.936908
119	29	0.9325
119	33	0.937123
119	38	1.00732
119	58	1.05399
119	61	0.963247
119	65	0.98392
119	66	1.05303
119	71	1.02912
119	79	1.0578
119	85	1.05969
119	87	0.979347
119	101	1.02145
119	110	0.935797
119	123	0.989698
119	124	0.959357
119	131	1.01464
119	136	1.03524
119	148	0.977578
119	158	1.01164
119	167	1.04078
119	171	1.04084
119	177	0.953476
120	5	1.05337
120	19	1.01249
120	36	1.09076
120	41	1.05234
120	52	0.971027
120	87	1.09556
120	92	1.03323
120	107	1.03047
120	126	1.00278
120	140	0.971624
120	144	0.938456
120	145	0.904191
120	149	1.013
120	151	0.997266
120	153	0.997272
120	154	0.853
120	160	0.984866
120	163	0.995258
120	166	1.00299
120	168	0.970115
120	170	0.997682
120	175	1.00449
120	176	1.00223
120	178	0.999261
120	179	1.0093
120	180	1.00509
121	26	1.0217
121	41	0.996952
121	48	0.855933
121	73	1.00903
121	107	0.951701
121	129	1.04238
121	135	0.998618
121	141	1.00504
121	145	1.03564
121	152	0.99777
121	153	0.963813
121	158	1.00507
121	159	1.02294
121	162	1.00782
121	164	1.01213
121	165	1.01328
121	167	1.03038
121	168	1.0148
121	169	1.01076
121	172	1.01003
121	173	1.00659
121	174	1.00708
121	176	1.00426
121	177	1.01732
121	179	0.989489
121	180	0.976066
122	60	0.891662
122	64	0.982574
122	69	1.10906
122	76	0.959253
122	79	0.93232
122	86	0.920341
122	103	1.03944
122	105	0.995487
122	115	1.07425
122	117	1.23515
122	143	0.975666
122	148	0.967472
122	150	1.13371
122	154	1.04138
122	157	1.16008
122	159	0.954768
122	161	0.963997
122	163	0.954339
122	166	0.96207
122	170	0.956763
122	175	0.963575
122	176	0.96131
122	177	0.967557
122	178	0.958342
122	179	0.968383
122	180	0.964176
123	21	0.873395
123	22	0.975161
123	25	0.883732
123	30	0.995292
123	33	0.883946
123	39	0.929856
123	50	1.031
123	58	1.00081
123	61	0.91007
123	71	0.97594
123	78	0.972107
123	82	0.927572
123	85	1.00651
123	87	0.926171
123	95	1.14837
123	119	0.989698
123	131	0.961461
123	135	1.18057
123	136	0.982068
123	154	1.05263
123	162	1.16061
123	167	0.987607
123	171	0.987666
123	177	1.11802
123	179	1.07637
123	180	1.06295
124	8	0.936401
124	23	1.0118
124	39	0.911253
124	43	1.05737
124	60	0.932875
124	62	1.02333
124	66	0.946961
124	106	1.0277
124	108	1.0038
124	113	0.981848
124	114	0.98234
124	119	0.959357
124	127	0.971487
124	140	1.02947
124	142	1.09034
124	149	1.01329
124	156	1.05373
124	158	0.996514
124	163	0.995552
124	166	1.00328
124	170	0.997976
124	174	1.04583
124	175	1.00479
124	176	1.00252
124	178	0.999555
124	179	1.0096
124	180	1.00539
125	7	0.933737
125	23	1.0104
125	25	1.2411
125	34	1.00577
125	56	0.961297
125	76	0.999069
125	86	0.960157
125	114	0.980943
125	115	0.930697
125	130	0.997739
125	134	1.03946
125	147	1.00899
125	157	1.01653
125	160	0.983763
125	161	1.00381
125	164	0.99707
125	166	1.00189
125	167	0.958946
125	170	0.996579
125	171	0.909485
125	174	1.03282
125	175	1.00339
125	176	1.00113
125	177	1.00737
125	178	0.998158
125	179	1.0082
125	180	1.00399
126	1	0.902099
126	23	1.03582
126	37	0.947896
126	43	0.963232
126	44	0.950483
126	48	1.06734
126	64	0.995392
126	75	1.06108
126	77	0.967264
126	81	1.03026
126	100	0.966443
126	112	0.959638
126	113	1.04288
126	120	1.00278
126	129	0.988994
126	132	0.951609
126	138	1.11573
126	139	1.01061
126	144	0.968924
126	150	0.975938
126	151	1.05492
126	154	1.00155
126	156	0.941807
126	158	1.1129
126	159	1.04653
126	161	0.977021
126	171	0.993696
126	176	0.974334
127	57	1.03057
127	59	1.08409
127	64	0.990313
127	67	0.997742
127	70	0.902513
127	75	0.905525
127	76	0.966992
127	80	0.998277
127	89	0.856681
127	118	0.983069
127	124	0.971487
127	130	0.965662
127	133	1.16024
127	142	1.20537
127	143	0.983405
127	144	1.11133
127	145	1.07707
127	147	0.976911
127	159	0.962507
127	160	0.951686
127	161	0.971736
127	166	0.969809
127	170	0.964502
127	173	1.15143
127	175	0.971314
127	176	0.969049
127	178	0.966081
127	179	0.976122
127	180	0.971915
128	26	1.02733
128	34	1.03126
128	42	1.01533
128	59	1.03732
128	69	1.0315
128	72	1.01242
128	81	0.929349
128	83	0.988564
128	104	0.997793
128	134	0.930451
128	135	1.00424
128	137	1.01393
128	138	1.00828
128	142	0.986769
128	152	1.0034
128	157	1.01232
128	163	1.01448
128	164	1.01775
128	165	1.01891
128	167	1.03601
128	168	1.02043
128	169	1.01639
128	173	1.01222
128	174	1.0127
128	176	0.965583
128	177	1.02295
128	178	0.956829
128	179	0.950809
128	180	0.937387
129	6	0.702749
129	22	1.0216
129	23	0.962673
129	51	0.953392
129	63	1.02369
129	68	1.03655
129	73	1.05376
129	77	1.00768
129	96	1.00239
129	98	1.01301
129	100	1.00685
129	103	1.04673
129	106	0.893602
129	109	1.02399
129	111	1.0255
129	112	1.00005
129	121	1.04238
129	126	0.988994
129	139	1.05102
129	143	1.02482
129	144	1.00933
129	150	1.01635
129	154	1.04196
129	156	0.982218
129	163	1.00361
129	171	1.03411
129	173	1.04176
129	176	1.01475
129	177	0.981594
130	14	1.1857
130	22	0.961591
130	62	1.01751
130	74	1.06891
130	75	0.767427
130	83	1.09718
130	108	0.997978
130	118	1.01072
130	125	0.997739
130	127	0.965662
130	134	1.03503
130	143	1.01105
130	147	1.00456
130	149	1.00747
130	151	0.991735
130	153	0.991742
130	158	0.99069
130	159	0.990157
130	161	0.999386
130	165	1.00342
130	166	0.997459
130	169	0.996875
130	170	0.992152
130	171	0.899435
130	173	1.01333
130	175	0.998964
130	177	1.00295
130	178	0.993731
130	179	1.00377
130	180	0.999565
131	2	0.908278
131	10	1.05449
131	21	0.898335
131	30	1.02023
131	33	0.908886
131	38	0.979079
131	39	0.954796
131	47	1.03676
131	50	1.05593
131	58	1.02575
131	61	0.93501
131	66	1.0248
131	71	1.00088
131	78	0.997047
131	82	0.952512
131	85	1.03145
131	87	0.95111
131	89	1.47096
131	95	0.9869
131	101	0.993213
131	110	0.938869
131	119	1.01464
131	123	0.961461
131	136	1.00701
131	143	0.999775
131	148	0.98065
131	158	1.01471
131	167	1.01255
131	171	1.01261
131	176	0.929671
131	177	0.956548
132	19	0.958008
132	38	0.963196
132	43	0.966259
132	48	1.07037
132	63	0.986302
132	68	0.999169
132	77	0.970291
132	80	1.03122
132	81	1.03329
132	90	1.00979
132	91	0.930328
132	94	1.04639
132	100	0.96947
132	111	0.988118
132	112	0.962665
132	126	0.951609
132	139	1.01363
132	142	1.11609
132	143	1.04521
132	144	0.971951
132	148	1.02609
132	150	0.978965
132	154	1.00458
132	156	0.944834
132	158	1.06015
132	161	0.980048
132	163	1.024
132	164	1.03583
132	171	0.996723
132	176	0.977361
132	177	1.00198
133	72	1.05928
133	74	0.984242
133	88	1.01058
133	95	0.993654
133	101	1.12104
133	107	0.959881
133	116	0.963611
133	117	0.96358
133	127	1.16024
133	135	0.975604
133	137	0.985289
133	138	0.979638
133	140	0.984278
133	141	0.982031
133	145	1.01262
133	153	0.971994
133	154	0.973929
133	155	0.975537
133	157	0.983682
133	160	1.02716
133	162	0.984811
133	164	0.989111
133	165	0.990266
133	166	1.00778
133	167	1.00737
133	168	0.991788
133	169	0.987749
133	172	0.987016
133	173	0.983579
133	174	0.984064
133	175	1.02484
134	16	0.732388
134	49	1.08071
134	59	0.901162
134	72	1.02624
134	89	0.926052
134	107	1.06666
134	108	1.0397
134	113	1.01775
134	114	1.01824
134	125	1.03946
134	128	0.930451
134	130	1.03503
134	135	0.970891
134	137	0.959231
134	147	1.04628
134	148	1.04458
134	152	1.0067
134	153	1.03346
134	157	0.961648
134	158	1.03241
134	159	1.03188
134	160	1.02106
134	165	0.958588
134	166	1.03918
134	167	0.904067
134	168	0.960067
134	175	1.04069
134	176	1.03842
134	178	1.03545
134	179	1.04549
134	180	1.04129
135	46	0.968463
135	47	1.11312
135	76	1.0086
135	88	1.01014
135	102	0.970316
135	110	0.99603
135	115	1.01567
135	121	0.998618
135	123	1.18057
135	128	1.00424
135	133	0.975604
135	134	0.970891
135	140	0.983841
135	142	0.957691
135	147	1.00116
135	152	0.974319
135	153	0.965573
135	155	0.975099
135	157	0.983244
135	158	0.981617
135	159	1.0247
135	162	0.984373
135	163	1.05492
135	164	0.988674
135	165	0.989829
135	168	0.991351
135	169	0.987311
135	172	0.986578
135	173	0.983141
135	177	0.993873
135	179	0.991249
136	2	0.928885
136	4	0.924374
136	15	0.940977
136	28	0.997609
136	39	0.975402
136	57	0.949096
136	71	1.02149
136	78	1.01765
136	82	0.973118
136	85	1.05206
136	92	0.983046
136	93	0.990735
136	97	1.01113
136	101	1.01382
136	115	1.04189
136	119	1.03524
136	123	0.982068
136	131	1.00701
136	142	0.983915
136	146	0.997963
136	157	1.00947
136	158	1.00784
136	162	1.0106
136	165	1.01605
136	166	1.0114
136	168	1.01757
136	170	1.04168
136	171	1.03321
136	172	1.0128
136	174	1.00985
136	176	1.01607
136	178	1.00731
136	180	0.987872
137	12	0.885699
137	14	0.929431
137	19	0.977263
137	21	1.38079
137	46	0.978148
137	55	1.04544
137	59	1.01793
137	84	0.950488
137	88	1.01983
137	112	1.04952
137	117	0.972827
137	128	1.01393
137	133	0.985289
137	134	0.959231
137	140	0.993526
137	141	0.991278
137	142	0.967376
137	147	0.989499
137	148	1.00347
137	149	0.979773
137	152	0.984004
137	155	0.984784
137	157	0.992929
137	158	0.991302
137	162	0.994058
137	163	1.04325
137	168	1.00104
137	169	0.996996
137	172	0.996263
137	173	0.992826
137	174	0.993311
137	177	1.00356
137	179	0.979588
137	180	0.966166
138	40	0.970107
138	42	1.05421
138	54	1.04382
138	76	1.00704
138	83	0.96352
138	90	1.02408
138	115	1.0197
138	116	0.967207
138	118	1.01487
138	126	1.11573
138	128	1.00828
138	133	0.979638
138	140	0.987874
138	141	0.985627
138	142	0.961725
138	144	1.05141
138	145	1.01622
138	148	0.997822
138	152	0.978353
138	153	0.964018
138	155	0.979133
138	157	0.987278
138	162	0.988407
138	164	0.992707
138	165	0.993862
138	166	0.9998
138	169	0.991345
138	170	1.03008
138	171	0.977607
138	172	0.990612
138	173	0.987175
138	174	0.98766
138	177	0.997906
138	179	0.989694
139	1	0.964123
139	37	1.00992
139	43	1.02526
139	51	0.975005
139	72	0.938605
139	75	1.1231
139	76	0.894347
139	80	1.09021
139	95	0.949
139	96	1.02401
139	98	1.03462
139	100	1.02847
139	103	1.06835
139	108	0.937173
139	109	1.0456
139	111	1.04712
139	112	1.02166
139	126	1.01061
139	129	1.05102
139	132	1.01363
139	143	0.961875
139	144	1.03095
139	150	1.03796
139	154	1.06357
139	156	1.00383
139	159	0.910445
139	161	1.03904
139	164	0.952495
139	171	1.05572
139	174	0.98824
139	176	1.03636
139	177	0.918648
139	178	0.883016
139	179	0.876997
140	34	1.01086
140	40	0.974748
140	59	1.01692
140	64	0.96424
140	70	1.25208
140	71	1.04236
140	84	0.949478
140	94	0.999857
140	116	0.971848
140	120	0.971624
140	124	1.02947
140	133	0.984278
140	135	0.983841
140	137	0.993526
140	138	0.987874
140	141	0.990268
140	142	0.966366
140	143	1.01066
140	146	0.980413
140	157	0.991918
140	161	0.983361
140	162	0.993047
140	164	0.997348
140	165	0.998503
140	167	1.0156
140	168	1.00003
140	169	0.995986
140	171	0.969847
140	173	0.991816
140	174	0.992301
140	175	1.0091
140	176	0.996708
140	177	1.00255
140	178	0.987953
141	11	0.932053
141	18	1.04232
141	45	0.97117
141	46	0.974891
141	51	1.15199
141	58	1.02806
141	59	1.01467
141	74	0.990231
141	88	1.01657
141	92	0.981712
141	97	0.991334
141	117	0.96957
141	121	1.00504
141	133	0.982031
141	137	0.991278
141	138	0.985627
141	140	0.990268
141	149	1.00015
141	152	0.980746
141	154	0.97622
141	161	1.00139
141	162	0.9908
141	164	0.995101
141	165	0.996256
141	166	1.01007
141	167	1.01336
141	169	0.993738
141	170	1.04034
141	172	0.993005
141	173	0.989569
141	174	0.990054
141	176	1.01473
141	177	1.0003
141	178	1.00598
142	31	0.983585
142	41	0.956025
142	54	1.02231
142	59	0.990771
142	73	0.968108
142	83	0.942012
142	84	0.923329
142	111	1.09377
142	113	1.07261
142	117	0.945668
142	124	1.09034
142	127	1.20537
142	128	0.986769
142	132	1.11609
142	135	0.957691
142	136	0.983915
142	137	0.967376
142	138	0.961725
142	140	0.966366
142	155	0.957624
142	157	0.965769
142	161	1.04423
142	162	0.966898
142	164	0.971199
142	165	0.972354
142	166	1.05291
142	167	0.989454
142	168	0.973876
142	169	0.969836
142	171	1.03072
142	172	0.969103
142	173	0.965667
142	174	0.966152
142	175	1.06997
142	177	0.976398
142	180	1.02938
143	30	1.00412
143	48	0.838373
143	68	1.00405
143	77	1.0168
143	80	0.920587
143	84	0.967619
143	111	1.0229
143	116	0.989989
143	122	0.975666
143	127	0.983405
143	129	1.02482
143	130	1.01105
143	131	0.999775
143	132	1.04521
143	139	0.961875
143	140	1.01066
143	145	1.039
143	153	1.00948
143	155	1.00191
143	160	0.997079
143	162	1.01119
143	163	1.00747
143	165	1.01664
143	166	1.0152
143	168	1.01817
143	169	1.01413
143	170	1.00989
143	171	0.959842
143	172	1.01339
143	173	1.00996
143	174	1.01044
143	175	1.01671
143	177	1.02069
143	178	1.01147
143	179	1.02151
143	180	1.01731
144	1	0.92244
144	13	0.925038
144	16	0.81446
144	43	0.983573
144	47	0.97674
144	63	1.00362
144	68	1.01648
144	75	1.08142
144	77	0.987605
144	80	1.04853
144	81	1.05061
144	84	1.12428
144	91	0.947642
144	96	0.982324
144	100	0.986784
144	103	1.02666
144	104	1.1229
144	109	1.00392
144	111	1.00543
144	112	0.979979
144	120	0.938456
144	126	0.968924
144	127	1.11133
144	129	1.00933
144	132	0.971951
144	138	1.05141
144	139	1.03095
144	148	1.01452
144	154	1.02189
144	156	0.962148
144	160	0.97826
144	161	0.997362
144	165	1.04066
144	171	1.01404
144	175	0.975932
144	176	0.994675
144	180	0.935343
145	5	0.8482
145	18	1.07291
145	40	1.00309
145	45	1.00176
145	60	1.20149
145	69	1.03944
145	80	0.863159
145	88	1.04716
145	99	1.02376
145	102	1.00733
145	106	0.86816
145	108	0.974678
145	115	1.05269
145	116	1.00019
145	117	1.00016
145	120	0.904191
145	121	1.03564
145	127	1.07707
145	133	1.01262
145	138	1.01622
145	143	1.039
145	146	1.00876
145	152	1.01134
145	155	1.01212
145	157	1.02026
145	158	1.01863
145	160	0.943996
145	164	1.02569
145	165	1.02685
145	166	0.924608
145	168	1.02837
145	169	1.02433
145	170	0.954885
145	173	1.02016
145	174	1.02064
145	176	0.929276
145	177	1.03089
145	178	0.920521
146	15	1.21408
146	16	1.03642
146	29	1.01427
146	32	0.999937
146	63	1.01636
146	66	1.00598
146	74	0.980376
146	77	1.03846
146	83	0.956059
146	88	1.00671
146	94	0.987755
146	97	0.981479
146	99	0.983311
146	102	0.966889
146	104	0.965288
146	116	0.959746
146	136	0.997963
146	140	0.980413
146	145	1.00876
146	147	1.00351
146	148	0.990361
146	152	0.970891
146	155	0.971671
146	156	1.11274
146	157	0.979816
146	162	0.980945
146	165	0.986401
146	167	1.0035
146	168	0.987923
146	169	0.983883
146	172	0.98315
146	173	0.979714
146	174	0.980199
146	175	1.02076
146	176	1.00837
146	177	0.990445
146	179	0.993598
146	180	0.980176
147	22	0.94703
147	24	0.908423
147	28	1.02158
147	29	1.01998
147	50	0.866692
147	60	0.938299
147	65	0.969056
147	67	1.03664
147	79	0.978957
147	91	1.14381
147	92	1.03895
147	93	1.04153
147	105	1.04212
147	107	1.03619
147	108	1.00923
147	111	0.947929
147	114	0.987765
147	125	1.00899
147	127	0.976911
147	130	1.00456
147	134	1.04628
147	135	1.00116
147	137	0.989499
147	146	1.00351
147	148	1.01411
147	149	1.01872
147	150	0.965554
147	151	1.00298
147	156	1.01611
147	163	1.00098
147	166	1.00871
147	167	0.934335
147	170	1.0034
147	175	1.01021
147	176	1.00795
147	177	1.01419
147	178	1.00498
147	179	1.01502
147	180	1.01081
148	6	1.05334
148	49	1.04853
148	50	0.922534
148	54	1.05841
148	58	0.980901
148	67	1.03494
148	68	0.98492
148	69	1.02104
148	80	0.901461
148	94	1.0098
148	100	1.01552
148	112	1.02273
148	113	0.985572
148	119	0.977578
148	122	0.967472
148	131	0.98065
148	132	1.02609
148	134	1.04458
148	137	1.00347
148	138	0.997822
148	144	1.01452
148	146	0.990361
148	147	1.01411
148	153	1.00129
148	154	0.929063
148	160	0.988885
148	162	1.00299
148	163	0.999277
148	165	1.00845
148	166	1.00701
148	168	1.00997
148	171	0.940717
148	172	1.0052
148	173	1.00176
148	174	1.00225
148	175	1.00851
148	177	1.01249
148	179	1.01332
148	180	1.00911
149	1	1.25414
149	4	1.06028
149	6	1.05795
149	17	1.06224
149	32	0.855294
149	35	0.893592
149	36	1.09938
149	56	0.971025
149	68	0.919352
149	73	1.00105
149	86	0.969885
149	88	0.943771
149	89	0.898485
149	108	1.01213
149	114	0.990671
149	115	0.89636
149	120	1.013
149	124	1.01329
149	130	1.00747
149	137	0.979773
149	141	1.00015
149	147	1.01872
149	151	1.00589
149	153	1.0059
149	159	1.00431
149	160	0.993491
149	161	1.01354
149	163	1.00388
149	166	1.01161
149	168	0.980609
149	169	0.972589
149	170	1.00631
149	174	0.998478
149	175	1.01312
149	176	1.01085
149	177	1.0171
149	178	1.00789
149	179	1.01793
149	180	1.01372
150	1	0.929454
150	29	0.976318
150	37	0.975252
150	38	0.987525
150	43	0.990587
150	44	0.977839
150	47	0.983754
150	48	1.0947
150	51	0.940337
150	63	1.01063
150	68	1.0235
150	77	0.99462
150	80	1.05555
150	90	1.03411
150	91	0.954656
150	93	0.945084
150	95	1.02765
150	96	0.989339
150	99	1.0008
150	103	1.03368
150	107	0.917855
150	109	1.01093
150	111	1.01245
150	112	0.986993
150	122	1.13371
150	126	0.975938
150	129	1.01635
150	132	0.978965
150	139	1.03796
150	147	0.965554
150	154	1.0289
150	155	1.07253
150	156	0.969163
150	161	1.00438
150	170	0.996026
150	172	1.03709
150	175	0.982809
150	176	1.00169
150	177	0.997294
150	179	0.955643
151	3	1.04807
151	26	0.992886
151	27	1.0079
151	35	0.935247
151	42	0.974026
151	52	0.96392
151	55	0.875449
151	64	1.01639
151	68	0.961006
151	72	0.982942
151	76	0.993065
151	78	0.998763
151	92	1.02612
151	93	1.0287
151	106	1.0203
151	107	1.02336
151	110	1.00353
151	114	0.974939
151	118	1.00914
151	120	0.997266
151	126	1.05492
151	130	0.991735
151	147	1.00298
151	149	1.00589
151	156	1.04804
151	159	0.98858
151	160	0.977759
151	163	0.988151
151	165	1.02079
151	166	0.995882
151	168	1.02226
151	170	0.990575
151	172	1.01033
151	173	1.0307
151	174	1.04013
151	176	0.995122
151	177	1.00137
151	178	0.992154
151	179	1.00219
151	180	0.997988
152	4	0.950138
152	11	0.924778
152	26	0.9974
152	28	1.02337
152	32	1.00252
152	41	0.972653
152	52	1.19953
152	79	1.17303
152	83	0.958639
152	91	0.939745
152	95	0.992369
152	104	0.967868
152	113	1.05686
152	116	0.962326
152	117	0.962295
152	121	0.99777
152	128	1.0034
152	134	1.0067
152	135	0.974319
152	137	0.984004
152	138	0.978353
152	141	0.980746
152	145	1.01134
152	146	0.970891
152	153	1.00138
152	154	1.00332
152	155	0.974252
152	157	0.982397
152	158	0.98077
152	161	1.02849
152	162	0.983526
152	163	1.09073
152	164	0.987826
152	165	0.988981
152	168	0.990504
152	169	0.986464
152	172	0.985731
152	173	0.982294
152	174	0.982779
152	176	1.04183
152	177	0.993025
152	178	1.03308
153	4	1.04455
153	12	1.05008
153	14	1.13555
153	15	0.922255
153	27	1.0079
153	28	1.00876
153	29	1.00716
153	36	1.08365
153	40	1.03218
153	42	0.974032
153	49	1.03741
153	70	0.928593
153	73	0.97519
153	91	1.10822
153	105	1.0293
153	106	1.02031
153	108	0.996407
153	109	0.896028
153	118	1.00915
153	120	0.997272
153	121	0.963813
153	130	0.991742
153	133	0.971994
153	134	1.03346
153	135	0.965573
153	138	0.964018
153	143	1.00948
153	148	1.00129
153	149	1.0059
153	152	1.00138
153	160	0.977765
153	161	0.997815
153	162	0.945612
153	163	0.988157
153	166	0.995888
153	170	0.990581
153	173	0.963188
153	174	0.972618
153	175	0.997393
153	177	1.00137
153	178	0.99216
153	179	1.0022
153	180	0.997994
154	13	0.957663
154	22	1.03416
154	35	1.05187
154	37	1.00086
154	43	1.0162
154	47	1.00936
154	51	0.965948
154	53	0.822178
154	63	1.03624
154	68	1.04911
154	77	1.02023
154	80	1.08116
154	81	1.08323
154	96	1.01495
154	98	1.02556
154	99	1.02641
154	100	1.01941
154	103	1.05929
154	109	1.03654
154	111	1.03806
154	112	1.0126
154	120	0.853
154	122	1.04138
154	123	1.05263
154	126	1.00155
154	129	1.04196
154	132	1.00458
154	133	0.973929
154	139	1.06357
154	141	0.97622
154	144	1.02189
154	148	0.929063
154	150	1.0289
154	152	1.00332
154	155	0.980197
154	156	0.994774
154	158	0.963124
154	159	0.896757
154	161	1.02999
154	169	0.948664
154	171	1.04666
154	176	1.0273
154	177	0.904961
154	179	0.86331
155	10	0.972537
155	11	0.925558
155	34	1.00212
155	36	0.844347
155	37	1.10265
155	41	0.973433
155	54	1.03972
155	55	1.03569
155	60	1.29092
155	64	0.986245
155	74	0.983737
155	84	0.940736
155	88	1.01007
155	94	0.991115
155	96	1.12833
155	99	0.986671
155	104	0.968648
155	109	1.03859
155	116	0.963106
155	117	0.963075
155	133	0.975537
155	135	0.975099
155	137	0.984784
155	138	0.979133
155	142	0.957624
155	143	1.00191
155	145	1.01212
155	146	0.971671
155	150	1.07253
155	152	0.974252
155	154	0.980197
155	157	0.983177
155	158	0.98155
155	163	1.0676
155	164	0.988607
155	165	0.989761
155	166	1.01404
155	167	1.00686
155	169	0.987244
155	172	0.986511
155	173	0.983074
155	174	0.983559
155	176	1.01871
155	177	0.993805
155	180	0.990515
156	4	0.929276
156	13	0.897922
156	14	1.28037
156	22	0.974416
156	34	1.09039
156	35	0.992133
156	37	0.941121
156	38	0.953394
156	42	1.07072
156	43	0.956457
156	44	0.943708
156	47	0.949623
156	48	1.06057
156	51	0.906206
156	63	0.9765
156	68	0.989367
156	75	1.0543
156	77	0.960489
156	80	1.02141
156	81	1.02349
156	90	0.999984
156	91	0.920526
156	96	0.955208
156	98	0.965822
156	99	0.966671
156	100	0.959668
156	103	0.999548
156	109	0.976803
156	111	0.978316
156	112	0.952863
156	124	1.05373
156	126	0.941807
156	129	0.982218
156	132	0.944834
156	139	1.00383
156	144	0.962148
156	146	1.11274
156	147	1.01611
156	150	0.969163
156	151	1.04804
156	154	0.994774
156	158	1.10601
156	161	0.970246
156	163	1.06986
156	164	1.0817
156	171	0.986921
156	173	1.10801
156	176	0.967559
156	177	1.04785
156	180	0.992775
157	3	0.905778
157	14	0.927824
157	24	1.01228
157	25	1.30153
157	26	1.00633
157	32	1.01144
157	46	0.976541
157	49	0.902587
157	55	1.04384
157	65	1.01431
157	73	0.993661
157	83	0.967564
157	85	0.982569
157	95	1.00129
157	97	0.992984
157	102	0.978394
157	104	0.976793
157	108	1.04218
157	110	1.00411
157	113	1.0118
157	114	1.04285
157	116	0.971251
157	117	0.97122
157	122	1.16008
157	125	1.01653
157	128	1.01232
157	133	0.983682
157	134	0.961648
157	135	0.983244
157	136	1.00947
157	137	0.992929
157	138	0.987278
157	140	0.991918
157	142	0.965769
157	145	1.02026
157	146	0.979816
157	152	0.982397
157	155	0.983177
157	158	0.989695
157	160	1.0115
157	162	0.992451
157	164	0.996752
157	166	0.992112
157	168	0.999429
157	172	0.994656
157	173	0.991219
157	174	0.991704
157	175	1.00917
157	177	1.00195
157	178	0.988025
157	179	0.982005
158	14	0.926197
158	30	1.01905
158	31	1.00751
158	41	0.979951
158	42	0.972981
158	43	1.10966
158	48	0.853309
158	61	1.24819
158	66	0.999243
158	71	1.04729
158	75	0.84277
158	79	0.965086
158	80	0.935522
158	95	0.999668
158	102	0.976767
158	105	1.02825
158	108	0.995356
158	117	0.969594
158	119	1.01164
158	121	1.00507
158	124	0.996514
158	126	1.1129
158	130	0.99069
158	131	1.01471
158	132	1.06015
158	134	1.03241
158	135	0.981617
158	136	1.00784
158	137	0.991302
158	145	1.01863
158	152	0.98077
158	154	0.963124
158	155	0.98155
158	156	1.10601
158	157	0.989695
158	159	0.987535
158	160	0.976714
158	162	0.990824
158	163	0.987106
158	165	0.996279
158	166	0.994837
158	167	1.01338
158	169	0.993762
158	170	0.98953
158	171	0.974778
158	172	0.993029
158	175	0.996342
158	176	0.994077
158	178	0.991109
158	179	1.00115
158	180	0.996943
159	3	1.04649
159	4	1.04297
159	8	0.927422
159	9	0.919409
159	19	1.00381
159	27	1.00632
159	28	1.00718
159	42	0.972447
159	46	1.06182
159	50	0.890229
159	57	1.05506
159	60	0.923895
159	62	1.01435
159	66	0.932877
159	67	1.02224
159	72	0.981363
159	73	1.03431
159	74	1.07789
159	76	0.991486
159	79	0.964553
159	87	1.13932
159	92	1.02454
159	93	1.02713
159	97	0.985328
159	102	1.11706
159	105	1.02772
159	106	1.01872
159	113	0.972868
159	118	1.00756
159	121	1.02294
159	122	0.954768
159	126	1.04653
159	127	0.962507
159	130	0.990157
159	134	1.03188
159	135	1.0247
159	139	0.910445
159	149	1.00431
159	151	0.98858
159	154	0.896757
159	158	0.987535
159	160	0.976181
159	163	0.986573
159	166	0.994304
159	170	0.988997
159	172	1.00194
159	173	1.02231
159	174	1.03174
159	175	0.995809
159	176	0.993543
159	177	0.99979
159	178	0.990576
159	179	1.00062
159	180	0.996409
160	3	1.03567
160	5	1.03386
160	12	1.03767
160	20	0.996713
160	28	0.996359
160	29	0.994755
160	30	0.948733
160	36	1.07125
160	56	0.942894
160	57	1.04424
160	61	1.17787
160	62	1.00353
160	78	0.986417
160	81	0.895084
160	92	1.01372
160	93	1.01631
160	102	1.1131
160	104	1.09068
160	105	1.0169
160	107	1.01097
160	113	0.962047
160	114	0.96254
160	115	0.92567
160	116	1.04769
160	118	0.996743
160	120	0.984866
160	125	0.983763
160	127	0.951686
160	133	1.02716
160	134	1.02106
160	143	0.997079
160	144	0.97826
160	145	0.943996
160	148	0.988885
160	149	0.993491
160	151	0.977759
160	153	0.977765
160	157	1.0115
160	158	0.976714
160	159	0.976181
160	161	0.985409
160	162	1.00078
160	163	0.975752
160	165	1.00844
160	166	0.983483
160	168	1.00992
160	170	0.978176
160	174	1.02779
160	175	0.984988
160	176	0.982723
160	177	0.98897
160	178	0.979755
160	179	0.989796
160	180	0.985589
161	17	1.05416
161	18	0.930054
161	28	1.01641
161	36	1.0913
161	41	1.06408
161	44	0.978922
161	48	1.09578
161	54	0.888112
161	60	0.933124
161	68	1.02458
161	75	1.08951
161	83	1.07413
161	89	0.890404
161	91	0.955739
161	96	0.990422
161	100	0.994881
161	103	1.03476
161	107	1.03101
161	109	1.01202
161	110	1.01118
161	111	1.01353
161	115	0.897602
161	116	1.01962
161	122	0.963997
161	125	1.00381
161	126	0.977021
161	127	0.971736
161	130	0.999386
161	132	0.980048
161	139	1.03904
161	140	0.983361
161	141	1.00139
161	142	1.04423
161	144	0.997362
161	149	1.01354
161	150	1.00438
161	152	1.02849
161	153	0.997815
161	154	1.02999
161	156	0.970246
161	160	0.985409
161	162	0.972715
161	163	0.995801
161	164	0.963976
161	165	0.980373
161	166	1.00353
161	168	0.981852
161	171	1.02213
161	172	0.969921
161	173	0.99029
161	174	0.999721
161	176	1.00277
161	177	1.00902
161	178	0.999804
161	179	1.00985
161	180	1.00564
162	11	0.934832
162	16	1.04905
162	17	0.933693
162	18	1.0451
162	27	0.930923
162	31	1.01027
162	45	0.97395
162	54	1.049
162	55	1.04497
162	65	1.01543
162	67	0.951495
162	69	1.01163
162	70	1.24143
162	73	0.994789
162	74	0.993011
162	83	0.968693
162	84	0.95001
162	86	1.07199
162	98	0.99267
162	102	0.979523
162	104	0.977922
162	105	0.930438
162	112	1.04122
162	113	1.00109
162	115	1.02488
162	121	1.00782
162	123	1.16061
162	133	0.984811
162	135	0.984373
162	136	1.0106
162	137	0.994058
162	138	0.988407
162	140	0.993047
162	141	0.9908
162	142	0.966898
162	143	1.01119
162	146	0.980945
162	148	1.00299
162	152	0.983526
162	153	0.945612
162	157	0.992451
162	158	0.990824
162	160	1.00078
162	161	0.972715
162	164	0.99788
162	165	0.999035
162	167	1.01614
162	168	1.00056
162	169	0.996518
162	170	1.01167
162	172	0.995785
162	173	0.992348
162	174	0.992833
162	176	0.986062
162	177	1.00308
162	178	0.977307
162	180	0.957865
163	7	0.925726
163	8	0.926993
163	9	0.918981
163	12	1.04807
163	17	1.0445
163	26	1.01471
163	27	1.00589
163	46	1.09204
163	52	0.961913
163	54	0.950352
163	56	0.953286
163	64	1.01438
163	67	1.02181
163	70	0.926579
163	72	0.980934
163	76	0.991058
163	79	0.964124
163	86	0.952146
163	89	0.880746
163	93	1.0267
163	95	0.998706
163	105	1.02729
163	107	1.02136
163	108	0.994394
163	113	0.972439
163	115	0.959842
163	118	1.00713
163	120	0.995258
163	122	0.954339
163	124	0.995552
163	128	1.01448
163	129	1.00361
163	132	1.024
163	135	1.05492
163	137	1.04325
163	143	1.00747
163	147	1.00098
163	148	0.999277
163	149	1.00388
163	151	0.988151
163	152	1.09073
163	153	0.988157
163	155	1.0676
163	156	1.06986
163	158	0.987106
163	159	0.986573
163	160	0.975752
163	161	0.995801
163	165	1.04261
163	166	0.993875
163	167	0.988091
163	168	1.04409
163	169	1.03607
163	170	0.988568
163	172	1.03216
163	174	1.06196
163	175	0.99538
163	176	0.993115
163	177	0.999362
163	178	0.990147
163	179	1.00019
163	180	0.995981
164	8	1.25366
164	14	0.933253
164	16	1.05335
164	18	1.0494
164	24	1.01771
164	26	1.01176
164	31	1.01457
164	35	1.02571
164	41	0.987008
164	45	0.978251
164	46	0.981971
164	49	0.883131
164	50	0.93228
164	56	1.12292
164	57	0.910351
164	58	0.990647
164	59	1.02175
164	62	0.922977
164	65	1.01974
164	69	1.01593
164	73	0.99909
164	74	0.997311
164	83	0.972994
164	88	1.02365
164	93	0.95199
164	94	1.00469
164	95	1.00672
164	97	0.998414
164	102	0.983824
164	104	0.982223
164	109	0.997201
164	112	1.03248
164	115	1.02918
164	118	0.987729
164	121	1.01213
164	125	0.99707
164	128	1.01775
164	132	1.03583
164	133	0.989111
164	135	0.988674
164	138	0.992707
164	139	0.952495
164	140	0.997348
164	141	0.995101
164	142	0.971199
164	145	1.02569
164	152	0.987826
164	155	0.988607
164	156	1.0817
164	157	0.996752
164	161	0.963976
164	162	0.99788
164	165	1.00334
164	167	1.02044
164	168	1.00486
164	169	1.00082
164	172	1.00009
164	173	0.996649
164	174	0.997134
164	176	0.977323
164	177	1.00738
164	179	0.962549
164	180	0.949126
165	11	0.940288
165	16	1.05451
165	18	1.05056
165	26	1.01291
165	34	1.01685
165	35	1.02686
165	40	0.980735
165	44	1.05491
165	45	0.979406
165	46	0.983126
165	49	0.899528
165	54	1.05445
165	59	1.02291
165	73	1.00025
165	74	0.998466
165	86	1.07965
165	92	0.960697
165	94	1.00584
165	97	0.999569
165	98	1.00033
165	102	0.984979
165	104	0.983378
165	105	0.938097
165	115	1.03033
165	116	0.977836
165	117	0.977805
165	121	1.01328
165	128	1.01891
165	130	1.00342
165	133	0.990266
165	134	0.958588
165	135	0.989829
165	136	1.01605
165	138	0.993862
165	140	0.998503
165	141	0.996256
165	142	0.972354
165	143	1.01664
165	144	1.04066
165	145	1.02685
165	146	0.986401
165	148	1.00845
165	151	1.02079
165	152	0.988981
165	155	0.989761
165	158	0.996279
165	160	1.00844
165	161	0.980373
165	162	0.999035
165	163	1.04261
165	164	1.00334
165	166	0.989052
165	168	1.00601
165	169	1.00197
165	170	1.01933
165	171	0.966859
165	172	1.00124
165	173	0.997804
165	174	0.998289
165	176	0.99372
165	177	1.00854
165	178	0.984966
165	180	0.965524
166	5	1.05199
166	7	0.933457
166	8	0.934724
166	13	1.18922
166	15	0.927972
166	19	1.01111
166	24	0.908619
166	27	1.01362
166	29	1.01288
166	45	1.08093
166	46	1.03847
166	52	0.969644
166	53	1.04534
166	56	0.961017
166	57	1.06237
166	62	1.02165
166	72	0.988665
166	79	0.971855
166	86	0.959877
166	89	0.888477
166	90	0.927796
166	91	1.144
166	93	1.03443
166	94	0.983217
166	95	1.00644
166	97	0.961987
166	106	1.02602
166	114	0.980663
166	120	1.00299
166	122	0.96207
166	124	1.00328
166	125	1.00189
166	127	0.969809
166	130	0.997459
166	133	1.00778
166	134	1.03918
166	136	1.0114
166	138	0.9998
166	141	1.01007
166	142	1.05291
166	143	1.0152
166	145	0.924608
166	147	1.00871
166	148	1.00701
166	149	1.01161
166	151	0.995882
166	153	0.995888
166	155	1.01404
166	157	0.992112
166	158	0.994837
166	159	0.994304
166	160	0.983483
166	161	1.00353
166	163	0.993875
166	165	0.989052
166	169	0.982511
166	170	0.996299
166	172	0.9786
166	175	1.00311
166	176	1.00085
166	177	1.00709
166	178	0.997878
166	179	1.00792
166	180	1.00371
167	2	0.934424
167	5	0.858124
167	10	1.08064
167	12	0.830535
167	13	1.21649
167	15	0.946516
167	17	0.88683
167	22	1.02625
167	25	0.934817
167	30	1.04638
167	33	0.935032
167	38	1.00522
167	39	0.980941
167	45	0.996506
167	47	1.04629
167	50	1.08208
167	58	1.0519
167	61	0.961155
167	64	0.906732
167	65	1.03799
167	66	1.05094
167	71	1.02702
167	78	1.02319
167	81	0.902964
167	82	0.978657
167	85	1.0576
167	87	0.977256
167	89	1.48048
167	93	0.913866
167	100	0.987138
167	101	1.01936
167	102	1.00208
167	104	1.00048
167	114	0.985268
167	117	0.994906
167	118	0.949605
167	119	1.04078
167	121	1.03038
167	123	0.987607
167	125	0.958946
167	128	1.03601
167	131	1.01255
167	133	1.00737
167	134	0.904067
167	140	1.0156
167	141	1.01336
167	142	0.989454
167	146	1.0035
167	147	0.934335
167	155	1.00686
167	158	1.01338
167	162	1.01614
167	163	0.988091
167	164	1.02044
167	168	1.02311
167	169	1.01907
167	170	0.964808
167	171	1.03875
167	172	1.01834
167	173	1.0149
167	174	1.01539
167	175	0.951591
167	177	1.02564
167	178	0.930444
167	180	0.911002
168	5	0.914123
168	6	1.0509
168	12	0.886535
168	14	0.93593
168	20	0.99777
168	24	1.02039
168	31	1.01724
168	32	1.01955
168	35	1.02838
168	40	0.982258
168	54	1.05597
168	57	0.928226
168	59	1.02443
168	69	1.0186
168	73	1.00177
168	83	0.975671
168	84	0.956988
168	85	0.980988
168	87	1.19924
168	88	1.02633
168	90	1.03624
168	91	0.956777
168	94	1.00737
168	95	1.0094
168	99	1.00292
168	104	0.9849
168	107	0.942636
168	110	1.01221
168	114	1.04127
168	115	1.03185
168	116	0.979358
168	117	0.979327
168	120	0.970115
168	121	1.0148
168	128	1.02043
168	133	0.991788
168	134	0.960067
168	135	0.991351
168	136	1.01757
168	137	1.00104
168	140	1.00003
168	142	0.973876
168	143	1.01817
168	145	1.02837
168	146	0.987923
168	148	1.00997
168	149	0.980609
168	151	1.02226
168	152	0.990504
168	157	0.999429
168	160	1.00992
168	161	0.981852
168	162	1.00056
168	163	1.04409
168	164	1.00486
168	165	1.00601
168	167	1.02311
168	169	1.0035
168	170	1.02081
168	172	1.00276
168	173	0.999326
168	174	0.999811
168	176	0.995199
168	178	0.986444
168	179	0.980425
168	180	0.967002
169	11	0.937771
169	15	1.19289
169	16	1.05199
169	17	0.93481
169	18	1.04804
169	19	0.970079
169	24	1.01635
169	31	1.0132
169	32	1.01551
169	34	1.01433
169	40	0.978218
169	41	0.985645
169	45	0.976888
169	46	0.980608
169	53	0.931272
169	55	1.0479
169	56	1.13277
169	59	1.02039
169	65	1.01837
169	69	1.01456
169	73	0.997728
169	77	1.01727
169	79	1.11838
169	84	0.952948
169	90	1.0322
169	91	0.952737
169	92	0.954156
169	94	1.00333
169	97	0.997051
169	103	0.94672
169	106	0.926062
169	107	0.934616
169	110	1.00818
169	111	1.02337
169	113	1.0022
169	115	1.02781
169	116	0.975318
169	117	0.975288
169	121	1.01076
169	128	1.01639
169	130	0.996875
169	133	0.987749
169	135	0.987311
169	137	0.996996
169	138	0.991345
169	140	0.995986
169	141	0.993738
169	142	0.969836
169	143	1.01413
169	145	1.02433
169	146	0.983883
169	149	0.972589
169	152	0.986464
169	154	0.948664
169	155	0.987244
169	158	0.993762
169	162	0.996518
169	163	1.03607
169	164	1.00082
169	165	1.00197
169	166	0.982511
169	167	1.01907
169	168	1.0035
169	170	1.01279
169	172	0.998723
169	173	0.995286
169	174	0.995771
169	175	0.999571
169	177	1.00602
169	179	0.972404
170	3	1.04848
170	4	1.04496
170	5	1.04668
170	7	0.92815
170	8	0.929417
170	10	0.896034
170	17	1.04693
170	20	1.00953
170	23	1.00482
170	29	1.00757
170	42	0.974443
170	43	1.05023
170	52	0.964337
170	53	1.04003
170	55	0.873994
170	57	1.05706
170	60	0.92589
170	64	1.0168
170	70	0.929003
170	72	0.983358
170	73	1.04125
170	76	0.993482
170	79	0.966548
170	82	1.06732
170	84	1.10295
170	89	0.88317
170	90	0.958074
170	91	1.17428
170	92	1.02654
170	93	1.02912
170	94	1.01349
170	100	0.990147
170	105	1.02972
170	106	1.02072
170	108	0.996817
170	113	0.974863
170	114	0.975356
170	118	1.00956
170	120	0.997682
170	122	0.956763
170	124	0.997976
170	125	0.996579
170	127	0.964502
170	130	0.992152
170	136	1.04168
170	138	1.03008
170	141	1.04034
170	143	1.00989
170	145	0.954885
170	147	1.0034
170	149	1.00631
170	150	0.996026
170	151	0.990575
170	153	0.990581
170	158	0.98953
170	159	0.988997
170	160	0.978176
170	162	1.01167
170	163	0.988568
170	165	1.01933
170	166	0.996299
170	167	0.964808
170	168	1.02081
170	169	1.01279
170	174	1.03868
170	175	0.997804
170	176	0.995539
170	177	1.00179
170	178	0.992571
170	179	1.00261
170	180	0.998405
171	2	0.934483
171	10	1.0807
171	13	0.949811
171	15	0.946575
171	17	0.837369
171	21	0.92454
171	22	1.02631
171	25	0.934876
171	30	1.04644
171	33	0.935091
171	35	1.04402
171	37	0.99301
171	38	1.00528
171	39	0.981
171	44	0.995597
171	47	1.00151
171	48	1.11246
171	50	1.08214
171	55	0.821523
171	57	0.822766
171	58	1.05196
171	60	1.16195
171	61	0.961214
171	63	1.02839
171	66	1.051
171	68	1.04126
171	71	1.02708
171	75	1.10619
171	77	1.01238
171	78	1.02325
171	81	1.07538
171	82	0.978716
171	85	1.05765
171	87	0.977315
171	89	1.43102
171	90	1.05187
171	91	0.972414
171	92	0.856715
171	95	0.946967
171	98	1.01771
171	100	1.01156
171	101	1.01942
171	102	1.07152
171	108	0.93514
171	109	1.02869
171	111	1.03021
171	114	0.935807
171	119	1.04084
171	123	0.987666
171	125	0.909485
171	126	0.993696
171	129	1.03411
171	130	0.899435
171	131	1.01261
171	132	0.996723
171	136	1.03321
171	138	0.977607
171	139	1.05572
171	140	0.969847
171	142	1.03072
171	143	0.959842
171	144	1.01404
171	148	0.940717
171	154	1.04666
171	156	0.986921
171	158	0.974778
171	161	1.02213
171	165	0.966859
171	167	1.03875
171	172	0.956407
171	173	0.976776
171	175	0.90213
171	176	1.01945
171	177	0.916615
172	1	1.3354
172	6	1.04613
172	11	0.937038
172	14	0.931158
172	15	1.18898
172	18	1.04731
172	20	0.985839
172	22	1.01856
172	24	1.01562
172	26	1.00966
172	28	0.964808
172	31	1.01247
172	32	1.01478
172	34	1.01359
172	35	1.02361
172	40	0.977485
172	41	0.984912
172	45	0.976155
172	46	0.979875
172	49	0.889076
172	55	1.04717
172	63	0.991257
172	65	1.01764
172	67	0.948701
172	69	1.01383
172	72	1.0301
172	73	0.996995
172	74	0.995216
172	76	0.985843
172	83	0.970898
172	84	0.952215
172	88	1.02155
172	90	1.03146
172	94	1.00259
172	97	0.996318
172	102	0.981728
172	106	0.922152
172	107	0.930705
172	110	1.00744
172	115	1.02708
172	116	0.974585
172	117	0.974555
172	118	0.993674
172	121	1.01003
172	133	0.987016
172	135	0.986578
172	136	1.0128
172	137	0.996263
172	138	0.990612
172	141	0.993005
172	142	0.969103
172	143	1.01339
172	146	0.98315
172	148	1.0052
172	150	1.03709
172	151	1.01033
172	152	0.985731
172	155	0.986511
172	157	0.994656
172	158	0.993029
172	159	1.00194
172	161	0.969921
172	162	0.995785
172	163	1.03216
172	164	1.00009
172	165	1.00124
172	166	0.9786
172	167	1.01834
172	168	1.00276
172	169	0.998723
172	171	0.956407
172	173	0.994553
172	174	0.995038
172	175	0.99566
172	176	0.983268
172	177	1.00528
172	180	0.955071
173	3	0.912636
173	11	0.933601
173	14	0.927721
173	16	1.04782
173	19	0.986538
173	24	1.01218
173	26	1.00622
173	31	1.00904
173	32	1.01134
173	34	1.01016
173	37	1.08758
173	40	0.974048
173	41	0.981476
173	42	1.05338
173	45	0.972719
173	53	0.947731
173	54	1.04776
173	55	1.04374
173	59	1.01622
173	65	1.0142
173	67	0.969071
173	69	1.01039
173	72	1.05047
173	73	0.993558
173	74	0.991779
173	75	0.844769
173	82	1.12874
173	83	0.967462
173	84	0.948779
173	86	1.08957
173	88	1.01812
173	90	1.02803
173	91	0.948568
173	94	0.999158
173	95	1.00119
173	99	0.994714
173	102	0.978292
173	104	0.976691
173	106	0.942521
173	107	0.951075
173	110	1.00401
173	114	1.04971
173	115	1.02364
173	116	0.971149
173	117	0.971118
173	121	1.00659
173	127	1.15143
173	128	1.01222
173	129	1.04176
173	130	1.01333
173	133	0.983579
173	135	0.983141
173	137	0.992826
173	138	0.987175
173	140	0.991816
173	141	0.989569
173	142	0.965667
173	143	1.00996
173	145	1.02016
173	146	0.979714
173	148	1.00176
173	151	1.0307
173	152	0.982294
173	153	0.963188
173	155	0.983074
173	156	1.10801
173	157	0.991219
173	159	1.02231
173	161	0.99029
173	162	0.992348
173	164	0.996649
173	165	0.997804
173	167	1.0149
173	168	0.999326
173	169	0.995286
173	171	0.976776
173	172	0.994553
173	174	0.991602
173	176	1.00364
173	177	1.00185
173	179	0.988863
174	3	0.922066
174	6	1.04318
174	11	0.934086
174	14	0.928206
174	16	1.0483
174	18	1.04436
174	24	1.01267
174	26	1.00671
174	32	1.01182
174	34	1.01064
174	40	0.974533
174	41	0.981961
174	45	0.973204
174	46	0.976924
174	48	0.864738
174	49	0.918876
174	54	1.04825
174	55	1.04422
174	59	1.01671
174	62	0.958722
174	65	1.01469
174	69	1.01088
174	71	1.05872
174	73	0.994043
174	74	0.992264
174	78	1.06817
174	83	0.967947
174	84	0.949264
174	85	0.998858
174	88	1.0186
174	90	1.02851
174	91	0.949053
174	94	0.999643
174	96	1.12269
174	97	0.993367
174	99	0.995199
174	102	0.978777
174	104	0.977175
174	109	1.03295
174	110	1.00449
174	115	1.02413
174	116	0.971634
174	117	0.971603
174	121	1.00708
174	124	1.04583
174	125	1.03282
174	128	1.0127
174	133	0.984064
174	136	1.00985
174	137	0.993311
174	138	0.98766
174	139	0.98824
174	140	0.992301
174	141	0.990054
174	142	0.966152
174	143	1.01044
174	145	1.02064
174	146	0.980199
174	148	1.00225
174	149	0.998478
174	151	1.04013
174	152	0.982779
174	153	0.972618
174	155	0.983559
174	157	0.991704
174	159	1.03174
174	160	1.02779
174	161	0.999721
174	162	0.992833
174	163	1.06196
174	164	0.997134
174	165	0.998289
174	167	1.01539
174	168	0.999811
174	169	0.995771
174	170	1.03868
174	172	0.995038
174	173	0.991602
174	175	1.02546
174	176	1.01307
174	177	1.00233
174	178	1.00431
174	179	0.998294
174	180	0.984871
175	3	1.05529
175	4	1.05178
175	5	1.05349
175	7	0.934962
175	8	0.936229
175	9	0.928217
175	12	1.0573
175	19	1.01262
175	20	1.01634
175	23	1.01163
175	29	1.01438
175	32	0.882276
175	36	1.09088
175	42	0.981255
175	49	1.04464
175	52	0.971149
175	53	1.04684
175	56	0.962522
175	57	1.06387
175	59	0.948686
175	60	0.932702
175	61	1.17554
175	62	1.02316
175	63	0.936981
175	64	1.02361
175	67	1.03104
175	69	0.958155
175	70	0.935815
175	71	0.974639
175	72	0.990171
175	76	1.00029
175	79	0.97336
175	82	1.0541
175	86	0.961382
175	88	0.970753
175	89	0.889982
175	92	1.03335
175	93	1.03593
175	94	1.00028
175	95	1.00794
175	99	0.997876
175	101	1.03759
175	103	0.888533
175	105	1.03653
175	106	1.02753
175	107	1.03059
175	108	1.00363
175	113	0.981675
175	115	0.923342
175	117	1.08425
175	118	1.01637
175	120	1.00449
175	122	0.963575
175	124	1.00479
175	125	1.00339
175	127	0.971314
175	130	0.998964
175	133	1.02484
175	134	1.04069
175	140	1.0091
175	142	1.06997
175	143	1.01671
175	144	0.975932
175	146	1.02076
175	147	1.01021
175	148	1.00851
175	149	1.01312
175	150	0.982809
175	153	0.997393
175	157	1.00917
175	158	0.996342
175	159	0.995809
175	160	0.984988
175	163	0.99538
175	166	1.00311
175	167	0.951591
175	169	0.999571
175	170	0.997804
175	171	0.90213
175	172	0.99566
175	174	1.02546
175	176	1.00235
175	177	1.0086
175	178	0.999383
175	179	1.00942
175	180	1.00522
176	1	0.92785
176	11	1.2142
176	13	0.930449
176	19	1.01035
176	20	1.01408
176	22	1.00694
176	27	1.01286
176	37	0.973648
176	38	0.985921
176	40	1.07263
176	44	0.976235
176	47	0.98215
176	48	1.0931
176	49	1.04237
176	51	0.938733
176	53	1.04458
176	58	0.929923
176	59	0.936294
176	63	1.00903
176	64	1.02135
176	69	0.945763
176	70	0.93355
176	75	1.08683
176	77	0.993016
176	79	0.971095
176	80	1.05394
176	81	1.05602
176	82	1.04171
176	83	1.08748
176	86	0.959117
176	88	0.95836
176	90	1.03251
176	98	0.998348
176	99	0.999198
176	100	0.992194
176	101	1.0252
176	108	1.00136
176	109	1.00933
176	111	1.01084
176	112	0.985389
176	113	0.97941
176	114	0.979903
176	115	0.910949
176	118	1.01411
176	120	1.00223
176	121	1.00426
176	122	0.96131
176	124	1.00252
176	125	1.00113
176	126	0.974334
176	127	0.969049
176	128	0.965583
176	129	1.01475
176	131	0.929671
176	132	0.977361
176	134	1.03842
176	136	1.01607
176	139	1.03636
176	140	0.996708
176	141	1.01473
176	144	0.994675
176	145	0.929276
176	146	1.00837
176	147	1.00795
176	149	1.01085
176	150	1.00169
176	151	0.995122
176	152	1.04183
176	154	1.0273
176	155	1.01871
176	156	0.967559
176	158	0.994077
176	159	0.993543
176	160	0.982723
176	161	1.00277
176	162	0.986062
176	163	0.993115
176	164	0.977323
176	165	0.99372
176	166	1.00085
176	168	0.995199
176	170	0.995539
176	171	1.01945
176	172	0.983268
176	173	1.00364
176	174	1.01307
176	175	1.00235
176	178	0.997118
176	179	1.00716
176	180	1.00295
177	7	0.938943
177	16	1.05855
177	20	1.02032
177	22	0.97877
177	24	1.02291
177	33	1.37494
177	37	1.02742
177	38	1.05294
177	40	0.98478
177	42	0.985236
177	44	1.00466
177	48	0.795146
177	49	1.04862
177	50	0.898432
177	51	1.08073
177	53	1.05082
177	56	0.966503
177	63	0.951465
177	72	0.994152
177	76	1.00428
177	77	0.973567
177	84	0.95951
177	85	0.929265
177	86	0.965363
177	87	1.14752
177	89	0.893964
177	94	1.00989
177	97	1.00361
177	99	1.00544
177	100	0.991414
177	101	1.05207
177	102	0.989023
177	103	0.903017
177	104	0.987422
177	106	1.03151
177	109	0.963354
177	111	0.979669
177	112	0.998631
177	113	0.985657
177	114	0.986149
177	115	1.03438
177	116	0.98188
177	118	1.02035
177	119	0.953476
177	121	1.01732
177	122	0.967557
177	123	1.11802
177	125	1.00737
177	128	1.02295
177	129	0.981594
177	130	1.00295
177	131	0.956548
177	132	1.00198
177	135	0.993873
177	137	1.00356
177	138	0.997906
177	139	0.918648
177	140	1.00255
177	141	1.0003
177	142	0.976398
177	143	1.02069
177	145	1.03089
177	146	0.990445
177	147	1.01419
177	148	1.01249
177	149	1.0171
177	150	0.997294
177	151	1.00137
177	152	0.993025
177	153	1.00137
177	154	0.904961
177	155	0.993805
177	156	1.04785
177	157	1.00195
177	159	0.99979
177	160	0.98897
177	161	1.00902
177	162	1.00308
177	163	0.999362
177	164	1.00738
177	165	1.00854
177	166	1.00709
177	167	1.02564
177	169	1.00602
177	170	1.00179
177	171	0.916615
177	172	1.00528
177	173	1.00185
177	174	1.00233
177	175	1.0086
177	178	1.00336
177	179	1.01341
177	180	1.0092
178	3	1.05006
178	4	1.04654
178	5	1.04826
178	6	1.04421
178	7	0.929729
178	8	0.930996
178	9	0.922984
178	11	1.20544
178	12	1.05207
178	15	0.924244
178	17	1.04851
178	18	0.934647
178	19	1.00738
178	20	1.01111
178	23	1.0064
178	27	1.00989
178	28	1.01075
178	29	1.00915
178	34	0.977264
178	36	1.08564
178	41	1.06867
178	42	0.976022
178	49	1.0394
178	52	0.965916
178	53	1.04161
178	56	0.957289
178	57	1.05864
178	60	0.927469
178	62	1.01792
178	64	1.01838
178	67	1.02581
178	70	0.930582
178	72	0.984937
178	76	0.995061
178	78	0.962943
178	79	0.968127
178	83	1.07873
178	86	0.956149
178	89	0.884749
178	91	1.13992
178	92	1.02812
178	93	1.0307
178	95	1.00271
178	96	1.01746
178	99	0.976729
178	101	1.01644
178	102	1.08963
178	103	0.867386
178	104	1.0672
178	105	1.03129
178	106	1.0223
178	107	1.02536
178	108	0.998396
178	110	1.00552
178	111	0.944037
178	113	0.976442
178	114	0.976935
178	116	1.02421
178	117	1.0631
178	118	1.01114
178	120	0.999261
178	122	0.958342
178	124	0.999555
178	125	0.998158
178	127	0.966081
178	128	0.956829
178	130	0.993731
178	134	1.03545
178	136	1.00731
178	139	0.883016
178	140	0.987953
178	141	1.00598
178	143	1.01147
178	145	0.920521
178	147	1.00498
178	149	1.00789
178	151	0.992154
178	152	1.03308
178	153	0.99216
178	157	0.988025
178	158	0.991109
178	159	0.990576
178	160	0.979755
178	161	0.999804
178	162	0.977307
178	163	0.990147
178	165	0.984966
178	166	0.997878
178	167	0.930444
178	168	0.986444
178	170	0.992571
178	174	1.00431
178	175	0.999383
178	176	0.997118
178	177	1.00336
178	179	1.00419
178	180	0.999984
179	2	1.14374
179	3	1.0601
179	4	1.05658
179	5	1.0583
179	6	1.05425
179	7	0.93977
179	8	0.941037
179	9	0.933024
179	12	1.06211
179	15	0.934285
179	16	0.752746
179	17	1.05855
179	19	1.01742
179	20	1.02115
179	23	1.01644
179	27	1.01993
179	28	1.0208
179	29	1.01919
179	35	0.893408
179	36	1.09568
179	37	0.985768
179	38	1.01129
179	40	1.05786
179	45	1.07082
179	49	1.04944
179	52	0.975957
179	53	1.05165
179	56	0.96733
179	57	1.06868
179	60	0.93751
179	62	1.02797
179	64	1.02842
179	67	1.03585
179	70	0.940623
179	72	0.994978
179	76	1.0051
179	79	0.978168
179	81	0.86559
179	83	1.07271
179	85	0.887614
179	86	0.966189
179	89	0.89479
179	92	1.03816
179	93	1.04074
179	95	1.01275
179	99	0.97071
179	104	1.06118
179	105	1.04133
179	106	1.03234
179	107	1.0354
179	108	1.00844
179	110	1.01556
179	113	0.986483
179	114	0.986975
179	116	1.01819
179	117	1.05708
179	118	1.02118
179	120	1.0093
179	121	0.989489
179	122	0.968383
179	123	1.07637
179	124	1.0096
179	125	1.0082
179	127	0.976122
179	128	0.950809
179	130	1.00377
179	134	1.04549
179	135	0.991249
179	137	0.979588
179	138	0.989694
179	139	0.876997
179	143	1.02151
179	146	0.993598
179	147	1.01502
179	148	1.01332
179	149	1.01793
179	150	0.955643
179	151	1.00219
179	153	1.0022
179	154	0.86331
179	157	0.982005
179	158	1.00115
179	159	1.00062
179	160	0.989796
179	161	1.00985
179	163	1.00019
179	164	0.962549
179	166	1.00792
179	168	0.980425
179	169	0.972404
179	170	1.00261
179	173	0.988863
179	174	0.998294
179	175	1.00942
179	176	1.00716
179	177	1.01341
179	178	1.00419
179	180	1.01002
180	3	1.05589
180	4	1.05238
180	5	1.05409
180	6	1.05004
180	7	0.935563
180	8	0.93683
180	9	0.928817
180	11	1.186
180	12	1.0579
180	15	0.930078
180	17	1.05434
180	19	1.01322
180	20	1.01694
180	21	1.27483
180	23	1.01223
180	27	1.01573
180	28	1.01659
180	29	1.01498
180	31	0.854742
180	36	1.09148
180	38	0.997867
180	40	1.04444
180	42	0.981856
180	46	1.01495
180	47	0.995495
180	49	1.04524
180	52	0.97175
180	53	1.04744
180	55	0.820188
180	56	0.963123
180	57	1.06447
180	60	0.933303
180	62	1.02376
180	64	1.02422
180	67	1.03164
180	69	0.917566
180	70	0.936416
180	72	0.990771
180	76	1.00089
180	79	0.973961
180	84	1.04915
180	86	0.961982
180	89	0.890583
180	90	0.904268
180	92	1.03395
180	93	1.03653
180	95	1.00854
180	104	1.04776
180	105	1.03713
180	106	1.02813
180	107	1.03119
180	108	1.00423
180	110	1.01136
180	113	0.982276
180	114	0.982768
180	117	1.04366
180	118	1.01697
180	120	1.00509
180	121	0.976066
180	122	0.964176
180	123	1.06295
180	124	1.00539
180	125	1.00399
180	127	0.971915
180	128	0.937387
180	130	0.999565
180	134	1.04129
180	136	0.987872
180	137	0.966166
180	142	1.02938
180	143	1.01731
180	144	0.935343
180	146	0.980176
180	147	1.01081
180	148	1.00911
180	149	1.01372
180	151	0.997988
180	153	0.997994
180	155	0.990515
180	156	0.992775
180	158	0.996943
180	159	0.996409
180	160	0.985589
180	161	1.00564
180	162	0.957865
180	163	0.995981
180	164	0.949126
180	165	0.965524
180	166	1.00371
180	167	0.911002
180	168	0.967002
180	170	0.998405
180	172	0.955071
180	174	0.984871
180	175	1.00522
180	176	1.00295
180	177	1.0092
180	178	0.999984
180	179	1.01002
