1	26	1.17413
1	45	0.683511
1	49	1.23988
1	54	1.24079
1	55	1.19302
1	70	1.17232
1	89	1.16978
1	100	1.18831
1	134	0.547887
1	145	1.22177
1	167	0.580218
1	180	0.592302
2	3	1.12293
2	13	1.27833
2	33	1.17318
2	77	1.20502
2	87	1.16085
2	98	0.61818
2	107	0.509641
2	112	1.22506
2	121	1.22866
2	168	0.630106
2	170	1.20596
2	180	0.645693
3	2	1.12293
3	13	1.11625
3	77	1.04293
3	87	0.998768
3	88	1.07462
3	112	1.06298
3	121	1.06658
3	170	1.04387
3	172	1.07107
3	174	0.80754
3	179	0.777459
3	180	0.820342
4	28	1.27303
4	48	1.18835
4	69	1.14905
4	91	1.21296
4	96	0.615026
4	97	1.19631
4	111	1.2073
4	146	1.19171
4	153	0.601018
4	168	0.607232
4	173	0.584455
4	180	1.1813
5	20	1.09769
5	66	1.17911
5	73	1.15673
5	77	1.21803
5	88	1.24972
5	104	0.65984
5	112	1.23808
5	121	1.24168
5	132	0.577779
5	143	0.628525
5	170	1.21897
5	171	0.541543
6	50	0.924301
6	51	1.07814
6	75	1.08545
6	84	1.08719
6	89	1.00375
6	105	1.09893
6	113	1.05389
6	124	1.08194
6	137	1.06051
6	169	1.05021
6	171	0.728123
6	173	0.753227
7	119	1.20389
7	140	0.621449
7	144	1.20323
7	155	1.21188
7	156	0.57663
7	157	1.17852
7	158	1.19222
7	160	1.21714
7	161	1.18457
7	163	0.616297
7	165	1.20853
7	176	0.593031
8	85	1.14953
8	94	0.610983
8	115	1.21217
8	122	1.19636
8	125	1.19965
8	136	1.24178
8	142	1.17944
8	148	1.21805
8	152	0.572685
8	175	0.610765
8	178	0.613084
8	180	1.20303
9	23	1.07826
9	25	1.05478
9	53	1.08761
9	97	1.07255
9	107	0.737043
9	134	1.07672
9	146	1.06795
9	150	0.825136
9	164	0.842826
9	169	1.05474
9	170	1.04987
9	180	1.05754
10	11	0.997469
10	53	1.09297
10	69	1.03066
10	81	1.079
10	111	1.08891
10	120	1.0927
10	134	1.08208
10	146	1.07331
10	167	0.824261
10	172	0.78322
10	173	0.797981
10	180	1.0629
11	10	0.997469
11	16	0.970504
11	34	0.844307
11	79	1.07279
11	91	1.10847
11	97	1.09182
11	120	1.1066
11	134	1.09599
11	146	1.08722
11	152	0.787098
11	170	1.06914
11	171	0.774241
12	37	0.676174
12	48	1.19892
12	58	0.570943
12	76	0.521439
12	85	0.622689
12	134	1.21104
12	146	1.20227
12	158	1.19498
12	165	1.2113
12	173	1.19898
12	178	1.18714
12	179	1.19537
13	2	1.27833
13	3	1.11625
13	34	0.612574
13	64	1.25664
13	65	1.27616
13	66	1.15942
13	73	1.13704
13	87	1.15417
13	95	0.571835
13	121	1.22198
13	143	0.629489
13	167	0.593892
14	105	0.640384
14	112	0.623088
14	130	1.13271
14	133	1.16258
14	144	1.15876
14	149	1.14995
14	154	1.14437
14	155	1.16741
14	159	1.14749
14	160	1.17267
14	165	1.16406
14	172	0.663643
14	179	0.673886
15	73	0.734757
15	75	0.622438
15	120	0.615165
15	131	1.1352
15	149	0.6215
15	151	1.15039
15	164	1.15188
15	168	1.16653
15	175	1.15489
15	176	1.16441
15	177	1.15262
15	178	1.15793
15	179	1.16615
16	11	0.970504
16	25	1.03317
16	81	1.05204
16	97	1.05095
16	107	0.807115
16	111	1.06194
16	120	1.06573
16	134	1.05511
16	146	1.04635
16	152	0.892556
16	161	0.902087
16	170	1.02826
16	180	1.03594
17	99	1.13139
17	130	1.13601
17	131	0.666391
17	140	0.649749
17	144	1.16206
17	154	1.14767
17	155	1.1707
17	160	1.17597
17	161	1.1434
17	165	1.16736
17	166	0.662955
17	171	1.16544
17	177	0.628404
18	67	0.602898
18	90	1.24434
18	120	0.477948
18	122	1.29667
18	125	1.29996
18	129	0.522804
18	136	1.3421
18	140	1.29593
18	142	1.27976
18	148	1.31837
18	162	0.493073
18	172	1.32287
18	174	0.505977
19	42	0.715947
19	47	0.601182
19	113	0.632919
19	162	1.17608
19	163	1.15279
19	164	1.14546
19	167	1.1628
19	169	0.642548
19	174	1.15692
19	175	1.14848
19	177	1.14621
19	178	1.15151
19	179	1.15974
20	5	1.09769
20	30	0.859623
20	39	1.0936
20	60	1.1308
20	63	0.88838
20	65	1.08251
20	73	0.943381
20	87	0.960519
20	112	1.02473
20	121	1.02833
20	170	1.00562
20	172	1.03282
20	179	0.858081
21	58	1.14406
21	90	1.09843
21	115	1.16657
21	125	1.15405
21	136	1.19619
21	142	1.13385
21	148	1.17246
21	163	0.66517
21	164	0.636645
21	168	0.651327
21	172	1.17696
21	174	0.654113
21	180	1.15743
22	73	0.722228
22	81	0.637583
22	101	1.14399
22	150	1.18805
22	151	1.14243
22	161	0.602386
22	168	1.15858
22	169	0.629898
22	174	1.15538
22	175	1.14694
22	176	1.15645
22	178	1.14997
22	179	1.1582
23	9	1.07826
23	44	1.10127
23	48	1.17002
23	57	0.67177
23	81	1.17906
23	120	1.19276
23	134	1.18214
23	146	1.17337
23	155	0.626909
23	164	0.662997
23	165	0.637652
23	169	1.16016
23	180	1.16296
24	49	1.05347
24	56	1.0252
24	82	0.866206
24	105	1.07855
24	115	1.04177
24	119	0.851059
24	137	1.04013
24	148	1.04765
24	154	0.876576
24	164	1.02186
24	177	1.0226
24	179	1.03614
24	180	1.03263
25	9	1.05478
25	16	1.03317
25	31	1.10969
25	69	1.10724
25	72	1.16483
25	79	1.13546
25	95	0.691152
25	97	1.15449
25	134	1.15866
25	146	1.14989
25	166	0.741907
25	170	1.13181
25	171	0.661825
25	175	0.712762
26	1	1.17413
26	35	1.07828
26	54	1.11908
26	62	1.15258
26	70	1.05061
26	75	1.12977
26	84	1.13151
26	105	1.14325
26	124	1.12626
26	159	0.709643
26	169	1.09453
26	171	0.679425
26	172	0.689768
26	177	0.724957
27	63	1.09379
27	96	1.13373
27	125	0.68305
27	142	0.718853
27	154	0.681452
27	159	0.709391
27	166	1.10797
27	173	1.13197
27	174	1.12554
27	175	1.11709
27	176	1.12661
27	177	1.11482
27	178	1.12013
27	179	1.12835
28	4	1.27303
28	49	0.556186
28	79	1.22996
28	97	1.24898
28	99	0.57321
28	120	1.26377
28	128	1.21604
28	134	1.25315
28	140	0.593393
28	145	1.23671
28	146	1.24439
28	150	0.542026
28	172	0.53686
28	180	1.23398
29	38	1.07792
29	47	0.6757
29	85	1.06901
29	115	1.13165
29	125	1.11913
29	136	1.16126
29	141	0.722481
29	142	1.09892
29	148	1.13753
29	171	1.14003
29	172	1.14204
29	175	0.718103
29	179	0.68775
29	180	1.12251
30	20	0.859623
30	39	0.587818
30	86	0.716402
30	126	1.11967
30	147	1.15107
30	148	0.630333
30	162	1.13563
30	166	1.0989
30	167	1.12235
30	174	1.11647
30	175	1.10802
30	176	1.11754
30	178	1.11106
30	179	1.11929
31	25	1.10969
31	53	1.14252
31	69	1.08021
31	79	1.10843
31	91	1.14411
31	107	0.621158
31	111	1.13846
31	134	1.13163
31	140	0.760619
31	146	1.12286
31	162	0.731504
31	169	1.10965
31	171	0.693743
31	180	1.11245
32	116	1.10698
32	139	1.11308
32	144	1.12764
32	152	0.679089
32	154	1.11325
32	155	1.13629
32	157	1.10293
32	159	1.11637
32	160	1.14155
32	161	1.10898
32	165	1.13294
32	177	0.711763
32	179	0.686817
32	180	0.7297
33	2	1.17318
33	57	0.660647
33	60	1.2193
33	65	1.17101
33	66	1.05427
33	73	1.03189
33	77	1.09319
33	88	1.12488
33	104	0.736972
33	121	1.11683
33	127	0.739963
33	170	1.09413
33	172	1.12132
33	174	0.669341
34	11	0.844307
34	13	0.612574
34	124	0.654276
34	134	0.685801
34	142	1.09451
34	148	1.13312
34	158	1.12122
34	159	1.12096
34	161	1.11358
34	172	1.13762
34	173	1.12522
34	174	1.11879
34	178	1.11338
34	179	1.1216
35	26	1.07828
35	42	1.07454
35	51	1.14833
35	62	1.17845
35	84	1.15738
35	89	1.07394
35	100	1.09247
35	113	1.12408
35	124	1.15213
35	147	0.671707
35	167	0.724178
35	169	1.1204
35	177	0.718325
35	179	0.693379
36	37	1.15891
36	38	1.17502
36	71	1.2452
36	85	1.16611
36	90	1.16061
36	100	1.18888
36	107	0.505184
36	125	1.21623
36	136	1.25837
36	141	0.633084
36	142	1.19603
36	148	1.23464
36	163	0.639492
36	173	0.602872
36	174	0.628434
37	12	0.676174
37	36	1.15891
37	52	1.11134
37	71	1.10713
37	90	1.02254
37	107	0.703823
37	115	1.09068
37	122	1.07487
37	125	1.07816
37	126	0.803715
37	136	1.1203
37	142	1.05796
37	148	1.09657
37	177	0.821938
37	180	1.08154
38	29	1.07792
38	36	1.17502
38	41	1.04403
38	85	1.04415
38	90	1.03865
38	106	0.779313
38	125	1.09427
38	128	0.723332
38	136	1.13641
38	137	1.10515
38	142	1.07407
38	146	0.74983
38	148	1.11268
38	178	0.751664
38	180	1.09765
39	20	1.0936
39	30	0.587818
39	64	1.27224
39	66	1.17502
39	73	1.15264
39	87	1.16978
39	88	1.24564
39	109	0.54836
39	112	1.23399
39	121	1.23759
39	128	1.20461
39	135	0.614529
39	166	0.645773
39	170	1.21488
39	177	0.611222
40	48	0.718804
40	87	0.836949
40	112	0.712282
40	151	1.07732
40	153	1.10661
40	160	0.725652
40	163	1.08613
40	168	1.09347
40	172	1.10911
40	173	1.0967
40	175	1.08182
40	176	1.09134
40	177	1.07955
40	178	1.08486
40	179	1.09309
41	38	1.04403
41	115	1.09775
41	122	1.08195
41	136	1.12737
41	137	1.09612
41	138	0.729809
41	140	1.08121
41	142	1.06503
41	148	1.10364
41	151	0.773189
41	171	1.10614
41	172	1.10814
41	175	0.751028
41	178	0.753347
41	180	1.08862
42	19	0.715947
42	35	1.07454
42	49	1.11443
42	55	1.06757
42	56	1.08616
42	76	1.12269
42	89	1.04433
42	113	1.09446
42	124	1.12252
42	140	1.08618
42	145	1.09632
42	169	1.09079
42	177	0.765513
42	179	0.740566
42	180	0.783449
43	51	1.09511
43	65	1.1392
43	81	1.08609
43	111	1.09599
43	112	1.08142
43	113	1.07086
43	120	1.09978
43	121	1.08502
43	124	1.09892
43	138	0.755156
43	146	1.0804
43	169	1.06719
43	171	0.725436
43	173	0.75054
43	175	0.776374
44	23	1.10127
44	69	1.04831
44	81	1.09666
44	91	1.11221
44	111	1.10656
44	120	1.11035
44	123	0.751869
44	132	0.758108
44	134	1.09973
44	145	1.08329
44	146	1.09097
44	164	0.755071
44	169	1.07775
44	170	1.07288
44	179	0.742457
45	1	0.683511
45	99	0.798053
45	121	0.764857
45	147	1.12124
45	155	0.748471
45	162	1.1058
45	163	1.08251
45	166	1.06907
45	167	1.09252
45	168	1.08984
45	171	1.10348
45	174	1.08664
45	175	1.0782
45	178	1.08123
45	179	1.08946
46	52	1.18956
46	85	1.10626
46	115	1.1689
46	122	1.15309
46	125	1.15638
46	136	1.19852
46	142	1.13618
46	148	1.17478
46	151	0.663118
46	162	0.627781
46	163	0.651743
46	164	0.623218
46	171	1.17728
46	172	1.17929
46	178	0.643276
46	180	1.15976
47	19	0.601182
47	29	0.6757
47	93	1.18406
47	133	1.1751
47	139	1.15672
47	144	1.17128
47	149	1.16247
47	153	0.646884
47	157	1.14657
47	158	1.16026
47	159	1.16
47	161	1.15262
47	165	1.17658
47	169	1.15434
47	174	0.655883
47	179	0.625802
48	4	1.18835
48	12	1.19892
48	23	1.17002
48	40	0.718804
48	63	0.623875
48	69	1.11706
48	91	1.18096
48	120	1.17909
48	134	1.16848
48	146	1.15971
48	153	0.614658
48	169	1.1465
48	170	1.14163
48	175	0.623928
48	178	0.626248
48	180	1.1493
49	1	1.23988
49	24	1.05347
49	28	0.556186
49	42	1.11443
49	55	1.13707
49	62	1.21833
49	76	1.19219
49	89	1.11382
49	105	1.20901
49	113	1.16396
49	124	1.19202
49	132	0.662587
49	145	1.16582
49	163	0.688075
49	168	0.674232
49	171	0.626351
50	6	0.924301
50	60	0.688193
50	97	1.07118
50	112	0.762647
50	122	0.820079
50	133	1.07414
50	134	1.07535
50	146	1.06659
50	158	1.0593
50	160	1.08423
50	162	1.07602
50	165	1.07562
50	170	1.0485
50	176	1.05794
50	178	1.05145
50	179	1.05968
51	6	1.07814
51	35	1.14833
51	43	1.09511
51	62	1.22262
51	76	1.19648
51	84	1.20155
51	89	1.11811
51	105	1.2133
51	109	0.615056
51	124	1.19631
51	126	0.659694
51	128	0.65731
51	140	1.15996
51	145	1.1701
51	152	0.645243
51	171	0.632386
52	37	1.11134
52	46	1.18956
52	61	0.636614
52	71	1.19762
52	85	1.11854
52	90	1.11304
52	104	0.689589
52	122	1.16537
52	125	1.16866
52	136	1.21079
52	142	1.14845
52	148	1.18706
52	166	0.651374
52	171	1.18956
52	175	0.62223
52	176	0.60975
53	9	1.08761
53	10	1.09297
53	31	1.14252
53	81	1.18841
53	91	1.20397
53	111	1.19832
53	131	0.681756
53	134	1.19149
53	145	1.17504
53	146	1.18272
53	156	0.620294
53	163	0.659961
53	170	1.16464
53	171	0.598237
53	175	0.649175
53	180	1.17231
54	1	1.24079
54	26	1.11908
54	55	1.13798
54	56	1.15656
54	70	1.11727
54	75	1.19643
54	84	1.19817
54	89	1.11473
54	113	1.16487
54	124	1.19293
54	129	0.665669
54	164	0.631375
54	169	1.16119
54	171	0.598176
54	174	0.648842
54	180	0.661644
55	1	1.19302
55	42	1.06757
55	49	1.13707
55	54	1.13798
55	56	1.1088
55	75	1.14866
55	76	1.14533
55	78	0.673043
55	105	1.16215
55	113	1.1171
55	117	0.678429
55	124	1.14516
55	137	1.12373
55	166	0.721866
55	169	1.11342
55	172	0.652126
55	176	0.680241
56	24	1.0252
56	42	1.08616
56	54	1.15656
56	55	1.1088
56	62	1.19007
56	63	0.706705
56	70	1.0881
56	76	1.16392
56	84	1.169
56	92	0.664296
56	105	1.18074
56	113	1.13569
56	124	1.16375
56	162	0.693583
56	164	0.68902
56	169	1.13201
56	171	0.655822
57	23	0.67177
57	33	0.660647
57	65	0.610385
57	69	0.728419
57	70	0.72456
57	115	1.13625
57	136	1.16587
57	142	1.10352
57	148	1.14213
57	154	1.12686
57	155	1.1499
57	157	1.11654
57	160	1.15516
57	167	1.13368
57	177	1.11708
57	178	1.12239
57	179	1.13062
58	12	0.570943
58	21	1.14406
58	71	1.15445
58	85	1.07537
58	115	1.138
58	117	0.707822
58	122	1.1222
58	125	1.12548
58	136	1.16762
58	142	1.10528
58	148	1.14389
58	152	0.684034
58	167	0.722561
58	171	1.14639
58	172	1.14839
58	175	0.722114
58	180	1.12887
59	66	0.645084
59	75	0.540417
59	98	0.546462
59	122	0.537724
59	130	0.560425
59	153	1.25419
59	163	1.23372
59	166	1.22029
59	168	1.24105
59	169	0.560406
59	173	1.24429
59	174	1.23786
59	175	1.22941
59	176	1.23893
59	177	1.22714
59	178	1.23245
59	179	1.24067
60	20	1.1308
60	33	1.2193
60	50	0.688193
60	73	1.18984
60	77	1.25114
60	87	1.20697
60	88	1.28283
60	112	1.27118
60	121	1.27478
60	128	1.24181
60	151	0.565113
60	167	0.543399
60	168	0.539896
60	170	1.25208
60	172	1.27927
60	173	0.517119
60	180	0.555483
61	52	0.636614
61	68	0.749368
61	71	0.65047
61	92	1.16042
61	125	0.665881
61	135	1.13874
61	149	0.690977
61	153	1.14621
61	156	1.14725
61	164	1.11842
61	166	1.11231
61	168	1.13307
61	173	1.13631
61	176	1.13095
61	177	1.11916
61	178	1.12446
61	179	1.13269
62	26	1.15258
62	35	1.17845
62	49	1.21833
62	51	1.22262
62	56	1.19007
62	75	1.22993
62	84	1.23168
62	96	0.616383
62	100	1.16676
62	113	1.19837
62	124	1.22643
62	126	0.588016
62	128	0.585632
62	140	1.19008
62	141	0.616024
62	169	1.19469
62	179	0.581293
62	180	0.624176
63	20	0.88838
63	27	1.09379
63	48	0.623875
63	56	0.706705
63	98	0.683521
63	99	0.694259
63	138	1.11244
63	151	1.09892
63	152	1.09317
63	167	1.11775
63	168	1.11507
63	173	1.11831
63	174	1.11187
63	175	1.10343
63	176	1.11294
63	177	1.10116
63	178	1.10646
63	179	1.11469
64	13	1.25664
64	39	1.27224
64	65	1.26115
64	66	1.1444
64	73	1.12202
64	77	1.18332
64	87	1.13916
64	88	1.21501
64	93	0.553186
64	112	1.20337
64	121	1.20697
64	132	0.597847
64	168	0.609492
64	170	1.18426
64	172	1.21146
64	177	0.607143
64	178	0.614868
64	180	0.625079
65	13	1.27616
65	20	1.08251
65	33	1.17101
65	43	1.1392
65	57	0.610385
65	64	1.26115
65	77	1.20285
65	87	1.15868
65	88	1.23454
65	109	0.551083
65	112	1.22289
65	121	1.22649
65	128	1.19352
65	156	0.59047
65	162	0.606175
65	172	1.23098
65	175	0.619351
65	180	0.631881
66	5	1.17911
66	13	1.15942
66	33	1.05427
66	39	1.17502
66	59	0.645084
66	64	1.1444
66	73	1.0248
66	77	1.0861
66	87	1.04194
66	88	1.11779
66	109	0.713929
66	112	1.10615
66	121	1.10974
66	145	0.736619
66	152	0.744117
66	164	0.764458
66	170	1.08704
66	172	1.11424
67	18	0.602898
67	88	0.709557
67	104	1.08059
67	118	1.08793
67	130	0.794188
67	136	0.701505
67	142	0.783948
67	153	1.12883
67	163	1.10836
67	166	1.09493
67	167	1.11838
67	173	1.11893
67	174	1.1125
67	176	1.11357
67	177	1.10178
67	178	1.10709
67	179	1.11531
67	180	1.11181
68	61	0.749368
68	98	1.11221
68	112	0.653832
68	129	1.09264
68	131	0.767564
68	133	1.11936
68	137	1.1089
68	139	1.10098
68	144	1.11554
68	149	1.10673
68	152	0.696903
68	154	1.10115
68	157	1.09083
68	158	1.10452
68	160	1.12945
68	161	1.09688
68	165	1.12084
68	178	0.737302
69	4	1.14905
69	10	1.03066
69	25	1.10724
69	31	1.08021
69	44	1.04831
69	48	1.11706
69	57	0.728419
69	79	1.10598
69	81	1.1261
69	111	1.13601
69	120	1.1398
69	127	0.807735
69	134	1.12918
69	136	0.643683
69	146	1.12041
69	171	0.686447
69	175	0.737385
69	180	1.11
70	1	1.17232
70	26	1.05061
70	54	1.11727
70	56	1.0881
70	57	0.72456
70	75	1.12796
70	76	1.12463
70	83	0.727742
70	84	1.1297
70	89	1.04626
70	105	1.14145
70	113	1.0964
70	124	1.12446
70	140	1.08811
70	169	1.09272
70	170	0.735441
70	171	0.682588
70	175	0.733525
71	36	1.2452
71	37	1.10713
71	52	1.19762
71	58	1.15445
71	61	0.65047
71	85	1.11432
71	109	1.19646
71	115	1.17696
71	122	1.16115
71	125	1.16444
71	142	1.14424
71	148	1.18285
71	151	0.658247
71	160	0.568304
71	166	0.66523
71	168	0.633029
71	172	1.18735
71	177	0.630679
71	180	1.16782
72	25	1.16483
72	97	1.1826
72	99	0.6401
72	122	1.16092
72	129	0.6609
72	134	1.18677
72	139	0.627632
72	142	1.14401
72	148	1.18262
72	157	0.64523
72	158	0.639391
72	160	0.576563
72	167	1.17416
72	171	1.18512
72	175	1.15984
72	177	1.15757
72	178	1.16287
72	179	1.1711
72	180	1.16759
73	5	1.15673
73	13	1.13704
73	15	0.734757
73	20	0.943381
73	22	0.722228
73	33	1.03189
73	39	1.15264
73	60	1.18984
73	64	1.12202
73	66	1.0248
73	77	1.06372
73	87	1.01956
73	88	1.09541
73	112	1.08377
73	114	0.779109
73	121	1.08736
73	172	1.09186
73	176	0.777369
73	178	0.792169
74	108	1.052
74	119	1.09444
74	133	1.09759
74	139	1.07922
74	144	1.09377
74	149	1.08497
74	151	0.794949
74	154	1.07939
74	155	1.10242
74	157	1.06906
74	158	1.08276
74	159	1.0825
74	160	1.10768
74	161	1.07511
74	165	1.09908
74	170	0.774703
74	172	0.732193
74	173	0.746954
74	176	0.760308
75	6	1.08545
75	15	0.622438
75	26	1.12977
75	54	1.19643
75	55	1.14866
75	59	0.540417
75	62	1.22993
75	70	1.12796
75	76	1.20379
75	80	0.656023
75	84	1.20886
75	89	1.12542
75	100	1.14395
75	105	1.22061
75	113	1.17556
75	120	0.64923
75	124	1.20362
75	150	0.642102
75	180	0.690061
76	12	0.521439
76	42	1.12269
76	49	1.19219
76	51	1.19648
76	55	1.14533
76	56	1.16392
76	70	1.12463
76	75	1.20379
76	89	1.12209
76	105	1.21727
76	117	0.658317
76	124	1.20028
76	135	0.67051
76	137	1.17885
76	140	1.16394
76	150	0.637181
76	169	1.16855
76	173	0.646776
76	178	0.674929
77	2	1.20502
77	3	1.04293
77	5	1.21803
77	33	1.09319
77	60	1.25114
77	64	1.18332
77	65	1.20285
77	66	1.0861
77	73	1.06372
77	87	1.08086
77	106	0.712294
77	112	1.14507
77	121	1.14867
77	138	0.661108
77	160	0.614545
77	166	0.71147
77	170	1.12596
77	172	1.15316
77	173	0.656492
77	179	0.651973
78	55	0.673043
78	83	1.11568
78	96	0.683616
78	108	1.11519
78	123	0.657938
78	129	1.13406
78	130	1.13091
78	133	1.16078
78	139	1.14241
78	155	1.16561
78	156	0.649997
78	157	1.13225
78	158	1.14595
78	159	1.14569
78	160	1.17087
78	161	1.1383
78	165	1.16226
78	169	1.14002
78	174	0.678607
78	176	0.666398
79	11	1.07279
79	25	1.13546
79	28	1.22996
79	31	1.10843
79	69	1.10598
79	81	1.15433
79	91	1.16988
79	97	1.15323
79	103	0.613089
79	109	0.628693
79	111	1.16423
79	120	1.16802
79	123	0.67602
79	128	1.12028
79	143	0.733005
79	146	1.14863
79	168	0.693904
79	170	1.13055
79	179	0.666608
79	180	1.13822
80	75	0.656023
80	86	1.09757
80	116	1.13722
80	129	1.13498
80	130	1.13183
80	133	1.1617
80	139	1.14332
80	149	1.14907
80	154	1.14349
80	156	0.648168
80	157	1.13317
80	158	1.14686
80	159	1.1466
80	160	1.17179
80	161	1.13922
80	162	0.663873
80	163	0.687835
80	165	1.16318
80	168	0.673993
80	178	0.679368
81	10	1.079
81	16	1.05204
81	22	0.637583
81	23	1.17906
81	43	1.08609
81	44	1.09666
81	53	1.18841
81	69	1.1261
81	79	1.15433
81	91	1.19
81	109	0.636937
81	120	1.18814
81	126	0.681574
81	134	1.17752
81	140	0.721143
81	146	1.16876
81	147	0.65318
81	169	1.15554
81	173	0.679371
81	180	1.15834
82	24	0.866206
82	108	1.11076
82	110	1.1504
82	119	1.15319
82	129	1.12963
82	132	0.624826
82	139	1.13797
82	144	1.15253
82	155	1.16118
82	157	1.12782
82	158	1.14152
82	159	1.14126
82	160	1.16644
82	161	1.13387
82	165	1.15783
82	167	0.639975
82	169	1.13559
82	172	0.598933
82	176	0.627048
82	180	0.652058
83	70	0.727742
83	78	1.11568
83	94	0.692991
83	98	1.12591
83	116	1.10858
83	129	1.10634
83	137	1.1226
83	141	0.697151
83	144	1.12924
83	149	1.12043
83	154	1.11485
83	155	1.13789
83	157	1.10453
83	158	1.11822
83	159	1.11797
83	161	1.11058
83	163	0.70356
83	165	1.13454
83	167	0.69322
83	170	0.694689
83	171	1.13262
84	6	1.08719
84	26	1.13151
84	35	1.15738
84	51	1.20155
84	54	1.19817
84	56	1.169
84	62	1.23168
84	70	1.1297
84	75	1.20886
84	89	1.12717
84	94	0.639391
84	105	1.22235
84	113	1.1773
84	124	1.20536
84	145	1.17916
84	163	0.649959
84	169	1.17362
84	170	0.641089
84	171	0.588236
84	177	0.633767
84	179	0.60882
84	180	0.651704
85	8	1.14953
85	12	0.622689
85	29	1.06901
85	36	1.16611
85	38	1.04415
85	46	1.10626
85	52	1.11854
85	58	1.07537
85	71	1.11432
85	115	1.09788
85	122	1.08207
85	123	0.752919
85	125	1.08536
85	128	0.747846
85	136	1.12749
85	142	1.06515
85	148	1.10376
85	164	0.756121
85	171	1.10626
85	176	0.76138
85	177	0.768453
85	180	1.08874
86	30	0.716402
86	80	1.09757
86	93	1.12299
86	95	0.723602
86	99	1.07955
86	108	1.06844
86	110	1.10808
86	117	0.73092
86	128	0.719199
86	130	1.08416
86	133	1.11403
86	139	1.09566
86	154	1.09583
86	155	1.11886
86	157	1.0855
86	158	1.0992
86	159	1.09894
86	160	1.12412
86	161	1.09155
86	165	1.11551
86	166	0.774357
86	175	0.745213
87	2	1.16085
87	3	0.998768
87	13	1.15417
87	20	0.960519
87	39	1.16978
87	40	0.836949
87	60	1.20697
87	64	1.13916
87	65	1.15868
87	66	1.04194
87	73	1.01956
87	77	1.08086
87	88	1.11255
87	109	0.673805
87	112	1.1009
87	121	1.1045
87	152	0.703992
87	156	0.713192
87	167	0.74252
87	168	0.739016
87	170	1.08179
87	172	1.10899
88	3	1.07462
88	5	1.24972
88	33	1.12488
88	39	1.24564
88	60	1.28283
88	64	1.21501
88	65	1.23454
88	66	1.11779
88	67	0.709557
88	73	1.09541
88	87	1.11255
88	112	1.17676
88	121	1.18036
88	128	1.14738
88	162	0.599731
88	163	0.623693
88	166	0.642052
88	167	0.613354
88	170	1.15765
88	172	1.18485
88	177	0.607501
88	178	0.615226
89	1	1.16978
89	6	1.00375
89	35	1.07394
89	42	1.04433
89	49	1.11382
89	51	1.11811
89	54	1.11473
89	70	1.04626
89	75	1.12542
89	76	1.12209
89	84	1.12717
89	105	1.13891
89	113	1.09386
89	123	0.725866
89	124	1.12192
89	145	1.09572
89	168	0.74375
89	169	1.09018
89	172	0.706212
89	176	0.734327
89	177	0.741401
89	180	0.759337
90	18	1.24434
90	21	1.09843
90	36	1.16061
90	37	1.02254
90	38	1.03865
90	52	1.11304
90	115	1.09238
90	122	1.07657
90	125	1.07986
90	136	1.12199
90	137	1.09074
90	140	1.07583
90	141	0.741602
90	148	1.09826
90	163	0.74801
90	167	0.737671
90	169	0.736187
90	171	1.10076
90	172	1.10277
90	174	0.736952
90	179	0.706871
90	180	1.08324
91	4	1.21296
91	11	1.10847
91	31	1.14411
91	44	1.11221
91	48	1.18096
91	53	1.20397
91	79	1.16988
91	81	1.19
91	97	1.18891
91	111	1.19991
91	114	0.623501
91	117	0.619949
91	134	1.19308
91	140	0.65018
91	143	0.670286
91	146	1.18431
91	162	0.621066
91	169	1.1711
91	170	1.16623
91	172	0.593647
91	175	0.634242
91	180	1.1739
92	56	0.664296
92	61	1.16042
92	96	1.18236
92	97	0.604883
92	113	0.645428
92	119	0.581917
92	120	0.627794
92	125	0.609033
92	143	1.15446
92	146	0.656578
92	150	1.20683
92	152	1.15546
92	156	1.19154
92	163	1.17003
92	164	1.1627
92	167	1.18005
92	173	1.1806
92	174	1.17417
92	175	1.16572
92	176	1.17524
92	177	1.16345
92	179	1.17698
93	47	1.18406
93	64	0.553186
93	86	1.12299
93	100	0.67213
93	110	1.18116
93	116	1.16263
93	119	1.18396
93	127	0.709545
93	128	0.613181
93	139	1.16874
93	149	1.17449
93	154	1.16891
93	155	1.19194
93	156	0.610313
93	158	1.17228
93	159	1.17202
93	160	1.19721
93	161	1.16464
93	162	0.626018
93	165	1.1886
93	169	1.16636
93	176	0.626714
94	8	0.610983
94	83	0.692991
94	84	0.639391
94	105	0.63492
94	109	1.17937
94	110	0.659997
94	131	1.12329
94	134	0.66689
94	138	1.15199
94	142	0.687517
94	151	1.13847
94	156	1.1688
94	163	1.14729
94	166	1.13385
94	167	1.1573
94	168	1.15462
94	173	1.15786
94	175	1.14298
94	176	1.15249
94	177	1.14071
94	178	1.14601
94	179	1.15424
94	180	1.15073
95	13	0.571835
95	25	0.691152
95	86	0.723602
95	128	1.13745
95	131	1.12794
95	135	1.16495
95	143	1.13637
95	144	0.641568
95	148	0.637532
95	149	0.654982
95	152	1.13737
95	158	0.671993
95	162	1.17524
95	164	1.14462
95	166	1.13851
95	168	1.15927
95	173	1.16251
95	174	1.15608
95	175	1.14763
95	176	1.15715
95	177	1.14536
95	178	1.15067
95	179	1.15889
96	4	0.615026
96	27	1.13373
96	62	0.616383
96	78	0.683616
96	92	1.18236
96	102	0.681824
96	118	1.12724
96	142	0.692036
96	144	0.667917
96	151	1.13886
96	160	0.635513
96	163	1.14768
96	164	1.14035
96	167	1.15769
96	168	1.15501
96	171	1.16865
96	173	1.15825
96	174	1.15181
96	175	1.14337
96	176	1.15288
96	177	1.1411
96	178	1.1464
96	179	1.15463
97	4	1.19631
97	9	1.07255
97	11	1.09182
97	16	1.05095
97	25	1.15449
97	28	1.24898
97	50	1.07118
97	72	1.1826
97	79	1.15323
97	91	1.18891
97	92	0.604883
97	100	0.680281
97	101	0.673013
97	108	0.678275
97	111	1.18326
97	120	1.18705
97	128	1.13931
97	140	0.663285
97	146	1.16766
97	151	0.669507
97	153	0.638075
97	169	1.15445
97	180	1.15725
98	2	0.61818
98	59	0.546462
98	63	0.683521
98	68	1.11221
98	83	1.12591
98	99	1.13653
98	102	1.13439
98	110	1.16506
98	116	1.14653
98	128	0.657561
98	129	1.14429
98	143	0.719619
98	144	1.16719
98	149	1.15838
98	154	1.1528
98	157	1.14248
98	158	1.15618
98	159	1.15592
98	160	1.1811
98	161	1.14853
98	165	1.17249
98	178	0.685894
98	180	0.696105
99	17	1.13139
99	28	0.57321
99	45	0.798053
99	63	0.694259
99	72	0.6401
99	86	1.07955
99	98	1.13653
99	119	1.14052
99	129	1.11696
99	130	1.11381
99	131	0.726894
99	133	1.14368
99	144	1.13986
99	149	1.13105
99	154	1.12547
99	155	1.1485
99	157	1.11515
99	158	1.12884
99	159	1.12858
99	160	1.15377
99	161	1.1212
99	165	1.14516
99	168	0.691256
99	176	0.681833
100	1	1.18831
100	35	1.09247
100	36	1.18888
100	62	1.16676
100	75	1.14395
100	93	0.67213
100	97	0.680281
100	112	0.650342
100	115	1.12065
100	116	0.707792
100	124	1.14045
100	136	1.15027
100	139	0.71478
100	142	1.08793
100	160	0.663711
100	161	0.702943
100	167	1.11808
100	171	1.12904
100	172	1.13104
100	173	1.11864
100	175	1.10376
100	177	1.10148
100	178	1.10679
100	180	1.11151
101	22	1.14399
101	97	0.673013
101	124	0.660814
101	126	1.13543
101	133	0.693978
101	141	1.12816
101	143	1.11252
101	145	0.678646
101	148	0.68481
101	150	1.1649
101	151	1.11928
101	152	1.11352
101	159	0.703504
101	161	0.695675
101	164	1.12077
101	166	1.11466
101	168	1.13543
101	173	1.13866
101	174	1.13223
101	175	1.12378
101	176	1.1333
101	177	1.12151
101	178	1.12682
101	179	1.13504
102	96	0.681824
102	98	1.13439
102	104	0.744445
102	116	1.11706
102	129	1.11482
102	130	1.11167
102	133	1.14154
102	139	1.12317
102	140	0.693025
102	144	1.13772
102	149	1.12892
102	153	0.667815
102	154	1.12334
102	155	1.14637
102	157	1.11301
102	158	1.12671
102	159	1.12645
102	160	1.15163
102	161	1.11906
102	163	0.687872
102	165	1.14302
102	171	1.14111
102	176	0.664606
102	177	0.67168
103	79	0.613089
103	126	1.20232
103	144	0.579307
103	146	0.615169
103	148	0.575271
103	152	1.18041
103	153	1.21545
103	156	1.21649
103	157	0.61557
103	158	0.609732
103	159	0.593965
103	161	0.586135
103	162	1.21828
103	164	1.18766
103	166	1.18155
103	168	1.20231
103	171	1.21595
103	173	1.20555
103	174	1.19912
103	175	1.19067
103	176	1.20019
103	177	1.1884
103	178	1.19371
103	179	1.20193
104	5	0.65984
104	33	0.736972
104	52	0.689589
104	67	1.08059
104	102	0.744445
104	125	0.718856
104	127	1.06839
104	137	0.746902
104	141	1.10765
104	147	1.14632
104	150	1.14439
104	151	1.09877
104	156	1.12909
104	160	0.698135
104	162	1.13088
104	164	1.10026
104	166	1.09415
104	168	1.11491
104	171	1.12855
104	173	1.11815
104	175	1.10327
104	176	1.11279
104	177	1.101
104	178	1.10631
104	179	1.11453
105	6	1.09893
105	14	0.640384
105	24	1.07855
105	26	1.14325
105	49	1.20901
105	51	1.2133
105	55	1.16215
105	56	1.18074
105	70	1.14145
105	75	1.22061
105	76	1.21727
105	84	1.22235
105	89	1.13891
105	94	0.63492
105	113	1.18904
105	124	1.2171
105	131	0.667284
105	135	0.632603
105	137	1.19567
105	138	0.613484
105	140	1.18076
105	145	1.1909
105	171	0.583765
105	174	0.634431
105	179	0.60435
106	38	0.779313
106	77	0.712294
106	120	0.700225
106	123	1.10488
106	127	1.07455
106	132	1.12612
106	142	0.717267
106	143	1.09817
106	144	0.693147
106	148	0.689111
106	151	1.10493
106	152	1.09918
106	161	0.699976
106	162	1.13704
106	163	1.11374
106	164	1.10642
106	166	1.10031
106	167	1.12376
106	173	1.12431
106	174	1.11788
106	175	1.10943
106	176	1.11895
106	177	1.10716
106	178	1.11247
106	179	1.1207
107	2	0.509641
107	9	0.737043
107	16	0.807115
107	31	0.621158
107	36	0.505184
107	37	0.703823
107	121	0.537595
107	127	1.13752
107	131	1.15271
107	135	1.18971
107	141	1.17677
107	146	0.57552
107	156	1.19822
107	162	1.2
107	163	1.17671
107	164	1.16938
107	166	1.16328
107	168	1.18404
107	173	1.18728
107	174	1.18084
107	175	1.1724
107	176	1.18192
107	177	1.17013
107	178	1.17543
107	179	1.18366
108	74	1.052
108	78	1.11519
108	82	1.11076
108	86	1.06844
108	97	0.678275
108	116	1.10809
108	117	0.715194
108	123	0.708545
108	129	1.10585
108	130	1.1027
108	133	1.13257
108	135	0.727387
108	139	1.11419
108	145	1.11734
108	149	1.11994
108	155	1.1374
108	157	1.10404
108	158	1.11773
108	159	1.11748
108	161	1.11009
108	165	1.13405
108	168	0.726429
108	170	0.731401
108	171	1.13213
108	177	0.72408
109	39	0.54836
109	51	0.615056
109	65	0.551083
109	66	0.713929
109	71	1.19646
109	79	0.628693
109	81	0.636937
109	87	0.673805
109	94	1.17937
109	130	1.15897
109	136	1.20963
109	142	1.14729
109	146	0.630773
109	148	1.1859
109	155	1.19367
109	160	1.19893
109	161	1.16636
109	164	1.16011
109	165	1.19032
109	169	1.16808
109	176	1.17264
109	177	1.16085
109	178	1.16616
109	179	1.17439
109	180	1.17088
110	82	1.1504
110	86	1.10808
110	93	1.18116
110	94	0.659997
110	98	1.16506
110	116	1.14772
110	126	0.636149
110	129	1.14549
110	130	1.14234
110	139	1.15383
110	141	0.664157
110	149	1.15958
110	150	0.62435
110	154	1.154
110	155	1.17703
110	157	1.14368
110	158	1.15737
110	159	1.15711
110	160	1.1823
110	161	1.14973
110	165	1.17369
110	167	0.660226
110	169	1.15145
110	170	0.661695
110	173	0.633945
110	180	0.672309
111	4	1.2073
111	10	1.08891
111	16	1.06194
111	31	1.13846
111	43	1.09599
111	44	1.10656
111	53	1.19832
111	69	1.13601
111	79	1.16423
111	91	1.19991
111	97	1.18326
111	114	0.669297
111	120	1.19804
111	128	1.15031
111	134	1.18743
111	145	1.17098
111	146	1.17866
111	147	0.628013
111	150	0.644609
111	152	0.641957
111	153	0.670767
111	168	0.67698
111	169	1.16545
111	171	0.6291
111	173	0.654204
111	180	1.16825
112	2	1.22506
112	3	1.06298
112	5	1.23808
112	14	0.623088
112	20	1.02473
112	39	1.23399
112	40	0.712282
112	43	1.08142
112	50	0.762647
112	60	1.27118
112	64	1.20337
112	65	1.22289
112	66	1.10615
112	68	0.653832
112	73	1.08377
112	77	1.14507
112	87	1.1009
112	88	1.17676
112	100	0.650342
112	121	1.16871
112	128	1.13574
112	150	0.581978
112	158	0.612453
112	170	1.146
112	172	1.1732
112	176	0.604926
113	6	1.05389
113	19	0.632919
113	35	1.12408
113	42	1.09446
113	43	1.07086
113	49	1.16396
113	54	1.16487
113	55	1.1171
113	56	1.13569
113	62	1.19837
113	70	1.0964
113	75	1.17556
113	84	1.1773
113	89	1.09386
113	92	0.645428
113	105	1.18904
113	124	1.17206
113	127	0.758241
113	132	0.673189
113	137	1.15062
113	138	0.666673
113	140	1.13571
113	145	1.14585
113	151	0.710052
113	169	1.14032
113	171	0.636953
113	174	0.687619
114	73	0.779109
114	91	0.623501
114	111	0.669297
114	127	1.09496
114	129	0.704372
114	137	0.668802
114	141	1.13422
114	143	1.11858
114	145	0.642239
114	151	1.12534
114	153	1.15462
114	156	1.15566
114	161	0.659267
114	162	1.15745
114	163	1.13415
114	165	0.644733
114	166	1.12072
114	167	1.14417
114	168	1.14148
114	172	1.15712
114	173	1.14472
114	174	1.13829
114	176	1.13936
114	177	1.12757
114	178	1.13288
114	179	1.1411
114	180	1.1376
115	8	1.21217
115	21	1.16657
115	24	1.04177
115	29	1.13165
115	37	1.09068
115	41	1.09775
115	46	1.1689
115	57	1.13625
115	58	1.138
115	71	1.17696
115	85	1.09788
115	90	1.09238
115	100	1.12065
115	122	1.14471
115	125	1.148
115	133	0.642452
115	136	1.19013
115	141	0.677077
115	142	1.12779
115	143	0.708743
115	148	1.1664
115	166	0.701843
115	167	0.673145
115	175	0.672699
115	176	0.660219
115	178	0.675018
115	180	1.15138
116	32	1.10698
116	80	1.13722
116	83	1.10858
116	93	1.16263
116	98	1.14653
116	100	0.707792
116	102	1.11706
116	108	1.10809
116	110	1.14772
116	119	1.15052
116	129	1.12696
116	141	0.679235
116	149	1.14105
116	154	1.13547
116	155	1.1585
116	156	0.645976
116	157	1.12515
116	158	1.13884
116	159	1.13858
116	160	1.16377
116	161	1.1312
116	165	1.15516
116	166	0.704001
116	174	0.674585
116	177	0.66945
116	179	0.644504
116	180	0.687387
117	55	0.678429
117	58	0.707822
117	76	0.658317
117	86	0.73092
117	91	0.619949
117	108	0.715194
117	123	1.12175
117	135	1.14362
117	147	1.16935
117	148	0.644851
117	150	1.16742
117	152	1.11604
117	153	1.15108
117	156	1.15212
117	163	1.13061
117	164	1.12329
117	165	0.641181
117	166	1.11718
117	167	1.14063
117	168	1.13794
117	173	1.14118
117	174	1.13475
117	175	1.1263
117	176	1.13582
117	177	1.12403
117	178	1.12934
117	179	1.13756
118	67	1.08793
118	96	1.12724
118	119	0.655858
118	124	0.666625
118	126	1.12226
118	129	0.74659
118	134	0.69815
118	135	1.12792
118	138	1.11962
118	139	0.713322
118	144	0.694657
118	147	1.15365
118	150	1.15172
118	151	1.1061
118	154	0.681376
118	162	1.13821
118	163	1.11492
118	164	1.10759
118	166	1.10148
118	168	1.12225
118	169	0.728997
118	173	1.12549
118	174	1.11905
118	175	1.11061
118	176	1.12012
118	177	1.10833
118	178	1.11364
118	179	1.12187
119	7	1.20389
119	24	0.851059
119	74	1.09444
119	82	1.15319
119	92	0.581917
119	93	1.18396
119	99	1.14052
119	116	1.15052
119	118	0.655858
119	129	1.14828
119	130	1.14513
119	133	1.175
119	135	0.622281
119	144	1.17118
119	149	1.16238
119	153	0.61511
119	154	1.15679
119	155	1.17983
119	157	1.14647
119	158	1.16017
119	159	1.15991
119	160	1.18509
119	161	1.15252
119	162	0.611205
119	165	1.17648
119	167	0.624827
119	169	1.15424
119	176	0.611901
119	180	0.636911
120	10	1.0927
120	11	1.1066
120	15	0.615165
120	16	1.06573
120	18	0.477948
120	23	1.19276
120	28	1.26377
120	43	1.09978
120	44	1.11035
120	48	1.17909
120	69	1.1398
120	75	0.64923
120	79	1.16802
120	81	1.18814
120	92	0.627794
120	97	1.18705
120	106	0.700225
120	111	1.19804
120	127	0.740607
120	128	1.1541
120	134	1.19121
120	143	0.706301
120	145	1.17477
120	146	1.18245
120	167	0.670704
120	169	1.16924
120	170	1.16436
120	171	0.619319
120	180	1.17204
121	2	1.22866
121	3	1.06658
121	5	1.24168
121	13	1.22198
121	20	1.02833
121	33	1.11683
121	39	1.23759
121	43	1.08502
121	45	0.764857
121	60	1.27478
121	64	1.20697
121	65	1.22649
121	66	1.10974
121	73	1.08736
121	77	1.14867
121	87	1.1045
121	88	1.18036
121	107	0.537595
121	112	1.16871
121	128	1.13934
121	132	0.646415
121	157	0.662003
121	170	1.1496
121	171	0.610179
121	172	1.1768
121	173	0.635283
121	176	0.648637
121	179	0.630764
121	180	0.673647
122	8	1.19636
122	18	1.29667
122	37	1.07487
122	41	1.08195
122	46	1.15309
122	50	0.820079
122	52	1.16537
122	58	1.1222
122	59	0.537724
122	71	1.16115
122	72	1.16092
122	85	1.08207
122	90	1.07657
122	115	1.14471
122	125	1.13219
122	136	1.17432
122	137	1.14307
122	140	1.12816
122	142	1.11198
122	148	1.15059
122	156	0.645957
122	170	0.676753
122	171	1.15309
122	172	1.1551
122	173	0.649004
122	174	0.674566
122	176	0.662358
122	177	0.669431
122	178	0.677157
122	180	1.13557
123	44	0.751869
123	78	0.657938
123	79	0.67602
123	85	0.752919
123	89	0.725866
123	106	1.10488
123	108	0.708545
123	117	1.12175
123	131	1.10249
123	134	0.645732
123	141	1.12655
123	142	0.666358
123	151	1.11767
123	152	1.11192
123	153	1.14696
123	156	1.148
123	160	0.609835
123	162	1.14978
123	163	1.12649
123	164	1.11916
123	166	1.11305
123	168	1.13382
123	171	1.14746
123	173	1.13706
123	174	1.13062
123	175	1.12218
123	176	1.13169
123	177	1.1199
123	178	1.12521
123	179	1.13344
123	180	1.12993
124	6	1.08194
124	26	1.12626
124	34	0.654276
124	35	1.15213
124	42	1.12252
124	43	1.09892
124	49	1.19202
124	51	1.19631
124	54	1.19293
124	55	1.14516
124	56	1.16375
124	62	1.22643
124	70	1.12446
124	75	1.20362
124	76	1.20028
124	84	1.20536
124	89	1.12192
124	100	1.14045
124	101	0.660814
124	105	1.2171
124	113	1.17206
124	118	0.666625
124	131	0.667728
124	134	0.603262
124	137	1.17868
124	140	1.16377
124	145	1.17391
124	150	0.599718
124	153	0.625876
124	163	0.645933
124	178	0.637466
124	180	0.647677
125	8	1.19965
125	18	1.29996
125	21	1.15405
125	27	0.68305
125	29	1.11913
125	36	1.21623
125	37	1.07816
125	38	1.09427
125	46	1.15638
125	52	1.16866
125	58	1.12548
125	61	0.665881
125	71	1.16444
125	85	1.08536
125	90	1.07986
125	92	0.609033
125	104	0.718856
125	115	1.148
125	122	1.13219
125	136	1.17761
125	137	1.14636
125	140	1.13145
125	142	1.11527
125	143	0.68754
125	145	0.605919
125	148	1.15388
125	166	0.680641
125	167	0.651943
125	170	0.653412
125	171	1.15638
125	172	1.15839
125	175	0.651496
125	180	1.13886
126	30	1.11967
126	37	0.803715
126	51	0.659694
126	62	0.588016
126	81	0.681574
126	101	1.13543
126	103	1.20232
126	110	0.636149
126	118	1.12226
126	127	1.1035
126	131	1.11869
126	133	0.644681
126	138	1.14739
126	143	1.12712
126	145	0.629349
126	147	1.18143
126	149	0.652963
126	150	1.17949
126	153	1.16316
126	155	0.621101
126	156	1.1642
126	162	1.16598
126	163	1.14269
126	167	1.15271
126	168	1.15002
126	169	0.67389
126	171	1.16366
126	174	1.14683
126	175	1.13838
126	176	1.1479
126	177	1.13611
126	178	1.14141
126	179	1.14964
127	33	0.739963
127	69	0.807735
127	93	0.709545
127	104	1.06839
127	106	1.07455
127	107	1.13752
127	113	0.758241
127	114	1.09496
127	120	0.740607
127	126	1.1035
127	132	1.10853
127	136	0.675206
127	138	1.10086
127	141	1.09622
127	150	1.13296
127	151	1.08734
127	154	0.720248
127	156	1.11767
127	160	0.701126
127	161	0.740358
127	162	1.11945
127	163	1.09616
127	164	1.08883
127	166	1.08272
127	167	1.10617
127	168	1.10349
127	174	1.10029
127	175	1.09185
127	176	1.10136
127	177	1.08958
127	178	1.09488
127	179	1.10311
127	180	1.0996
128	28	1.21604
128	38	0.723332
128	39	1.20461
128	51	0.65731
128	60	1.24181
128	62	0.585632
128	65	1.19352
128	79	1.12028
128	85	0.747846
128	86	0.719199
128	88	1.14738
128	93	0.613181
128	95	1.13745
128	97	1.13931
128	98	0.657561
128	111	1.15031
128	112	1.13574
128	120	1.1541
128	121	1.13934
128	133	0.642297
128	134	1.14348
128	146	1.13471
128	153	1.14133
128	155	0.618717
128	165	0.62946
128	168	1.12819
128	172	1.14383
128	175	1.11655
128	176	1.12606
128	177	1.11427
128	178	1.11958
128	179	1.12781
128	180	1.1243
129	18	0.522804
129	54	0.665669
129	68	1.09264
129	72	0.6609
129	78	1.13406
129	80	1.13498
129	82	1.12963
129	83	1.10634
129	98	1.14429
129	99	1.11696
129	102	1.11482
129	108	1.10585
129	110	1.14549
129	114	0.704372
129	116	1.12696
129	118	0.74659
129	119	1.14828
129	133	1.15144
129	138	0.693894
129	139	1.13306
129	144	1.14762
129	149	1.13881
129	153	0.705842
129	154	1.13323
129	155	1.15627
129	157	1.12291
129	158	1.1366
129	159	1.13635
129	160	1.16153
129	161	1.12896
129	165	1.15292
129	170	0.717028
129	172	0.674517
129	178	0.717431
130	14	1.13271
130	17	1.13601
130	59	0.560425
130	67	0.794188
130	78	1.13091
130	80	1.13183
130	86	1.08416
130	99	1.11381
130	102	1.11167
130	108	1.1027
130	109	1.15897
130	110	1.14234
130	119	1.14513
130	133	1.14829
130	135	0.695439
130	139	1.12991
130	144	1.14447
130	147	0.645514
130	149	1.13566
130	154	1.13008
130	155	1.15312
130	157	1.11976
130	158	1.13345
130	159	1.1332
130	160	1.15838
130	161	1.12581
130	162	0.684362
130	164	0.6798
130	165	1.14977
130	166	0.726683
130	171	1.14785
130	172	0.656944
130	173	0.671705
130	178	0.699858
131	15	1.1352
131	17	0.666391
131	53	0.681756
131	68	0.767564
131	94	1.12329
131	95	1.12794
131	99	0.726894
131	105	0.667284
131	107	1.15271
131	123	1.10249
131	124	0.667728
131	126	1.11869
131	135	1.12435
131	137	0.712123
131	138	1.11605
131	147	1.15009
131	152	1.09678
131	154	0.682479
131	156	1.13286
131	157	0.732024
131	162	1.13464
131	163	1.11135
131	165	0.688054
131	166	1.09792
131	167	1.12137
131	168	1.11868
131	170	1.10712
131	172	1.13432
131	173	1.12192
131	174	1.11549
131	175	1.10704
131	176	1.11656
131	177	1.10477
131	178	1.11007
131	179	1.1183
132	5	0.577779
132	44	0.758108
132	49	0.662587
132	64	0.597847
132	82	0.624826
132	106	1.12612
132	113	0.673189
132	121	0.646415
132	127	1.10853
132	135	1.16073
132	137	0.664841
132	141	1.14779
132	143	1.13215
132	146	0.68434
132	147	1.18646
132	149	0.661891
132	150	1.18453
132	151	1.13891
132	156	1.16924
132	162	1.17102
132	163	1.14772
132	164	1.1404
132	165	0.640772
132	166	1.13429
132	167	1.15774
132	168	1.15506
132	171	1.16869
132	172	1.1707
132	173	1.15829
132	174	1.15186
132	175	1.14341
132	176	1.15293
132	177	1.14114
132	178	1.14645
132	179	1.15468
132	180	1.15117
133	14	1.16258
133	47	1.1751
133	50	1.07414
133	68	1.11936
133	74	1.09759
133	78	1.16078
133	80	1.1617
133	86	1.11403
133	99	1.14368
133	101	0.693978
133	102	1.14154
133	108	1.13257
133	115	0.642452
133	119	1.175
133	126	0.644681
133	128	0.642297
133	129	1.15144
133	130	1.14829
133	135	0.666212
133	139	1.15978
133	144	1.17434
133	149	1.16553
133	150	0.632882
133	154	1.15995
133	155	1.18299
133	157	1.14963
133	158	1.16332
133	159	1.16307
133	160	1.18825
133	161	1.15568
133	165	1.17964
133	172	0.627716
133	173	0.642477
133	175	0.668311
133	178	0.67063
133	180	0.680841
134	1	0.547887
134	9	1.07672
134	10	1.08208
134	11	1.09599
134	12	1.21104
134	16	1.05511
134	23	1.18214
134	25	1.15866
134	28	1.25315
134	31	1.13163
134	34	0.685801
134	44	1.09973
134	48	1.16848
134	50	1.07535
134	53	1.19149
134	69	1.12918
134	72	1.18677
134	81	1.17752
134	91	1.19308
134	94	0.66689
134	111	1.18743
134	118	0.69815
134	120	1.19121
134	123	0.645732
134	124	0.603262
134	128	1.14348
134	140	0.682611
134	145	1.16415
134	146	1.17183
134	151	0.688833
134	169	1.15862
134	170	1.15375
134	175	0.666672
134	176	0.654192
134	178	0.668991
134	180	1.16142
135	39	0.614529
135	61	1.13874
135	76	0.67051
135	95	1.16495
135	105	0.632603
135	107	1.18971
135	108	0.727387
135	117	1.14362
135	118	1.12792
135	119	0.622281
135	130	0.695439
135	131	1.12435
135	132	1.16073
135	133	0.666212
135	136	0.602756
135	138	1.15305
135	143	1.13279
135	145	0.65088
135	150	1.18516
135	151	1.13954
135	153	1.16883
135	155	0.642631
135	156	1.16987
135	161	0.667908
135	163	1.14835
135	164	1.14103
135	167	1.15837
135	168	1.15569
135	170	1.14413
135	173	1.15892
135	174	1.15249
135	175	1.14405
135	176	1.15356
135	177	1.14177
135	178	1.14708
135	179	1.15531
136	8	1.24178
136	18	1.3421
136	21	1.19619
136	29	1.16126
136	36	1.25837
136	37	1.1203
136	38	1.13641
136	41	1.12737
136	46	1.19852
136	52	1.21079
136	57	1.16587
136	58	1.16762
136	67	0.701505
136	69	0.643683
136	85	1.12749
136	90	1.12199
136	100	1.15027
136	109	1.20963
136	115	1.19013
136	122	1.17432
136	125	1.17761
136	127	0.675206
136	135	0.602756
136	137	1.1885
136	141	0.609233
136	142	1.15741
136	148	1.19602
136	150	0.569427
136	164	0.587117
136	166	0.634
136	167	0.605302
136	170	0.606771
136	171	1.19852
136	172	1.20052
136	175	0.604856
136	179	0.574503
136	180	1.181
137	6	1.06051
137	24	1.04013
137	38	1.10515
137	41	1.09612
137	55	1.12373
137	68	1.1089
137	76	1.17885
137	83	1.1226
137	90	1.09074
137	104	0.746902
137	105	1.19567
137	113	1.15062
137	114	0.668802
137	122	1.14307
137	124	1.17868
137	125	1.14636
137	131	0.712123
137	132	0.664841
137	136	1.1885
137	138	0.658324
137	139	1.14932
137	142	1.12616
137	147	0.627518
137	148	1.16476
137	154	1.14949
137	156	0.650661
137	157	1.13917
137	159	1.15261
137	160	1.17779
137	161	1.14522
137	165	1.16918
137	169	1.14694
137	170	0.681458
137	174	0.679271
137	177	0.674136
137	179	0.649189
137	180	1.14974
138	41	0.729809
138	43	0.755156
138	63	1.11244
138	77	0.661108
138	94	1.15199
138	105	0.613484
138	113	0.666673
138	118	1.11962
138	126	1.14739
138	127	1.10086
138	129	0.693894
138	131	1.11605
138	135	1.15305
138	137	0.658324
138	141	1.14011
138	143	1.12448
138	148	0.637925
138	149	0.655374
138	151	1.13124
138	152	1.12548
138	153	1.16052
138	156	1.16156
138	158	0.672386
138	161	0.648789
138	162	1.16334
138	163	1.14005
138	164	1.13272
138	166	1.12662
138	167	1.15007
138	168	1.14738
138	173	1.15062
138	174	1.14419
138	175	1.13574
138	176	1.14526
138	177	1.13347
138	178	1.13877
138	179	1.147
139	32	1.11308
139	47	1.15672
139	68	1.10098
139	72	0.627632
139	74	1.07922
139	78	1.14241
139	80	1.14332
139	82	1.13797
139	86	1.09566
139	93	1.16874
139	100	0.71478
139	102	1.12317
139	108	1.11419
139	110	1.15383
139	118	0.713322
139	129	1.13306
139	130	1.12991
139	133	1.15978
139	137	1.14932
139	144	1.15596
139	149	1.14716
139	151	0.704006
139	154	1.14158
139	155	1.16461
139	156	0.652964
139	157	1.13125
139	158	1.14495
139	159	1.14469
139	160	1.16987
139	161	1.1373
139	162	0.668669
139	163	0.692631
139	164	0.664106
139	165	1.16126
139	170	0.68376
139	172	0.64125
139	179	0.651492
140	7	0.621449
140	17	0.649749
140	18	1.29593
140	28	0.593393
140	31	0.760619
140	41	1.08121
140	42	1.08618
140	51	1.15996
140	62	1.19008
140	70	1.08811
140	76	1.16394
140	81	0.721143
140	90	1.07583
140	91	0.65018
140	97	0.663285
140	102	0.693025
140	105	1.18076
140	113	1.13571
140	122	1.12816
140	124	1.16377
140	125	1.13145
140	134	0.682611
140	142	1.11125
140	146	0.71498
140	148	1.14986
140	152	1.11682
140	160	0.646715
140	166	1.11795
140	167	1.1414
140	172	1.15436
140	174	1.13552
140	175	1.12708
140	176	1.13659
140	177	1.1248
140	178	1.13011
140	179	1.13834
140	180	1.13483
141	29	0.722481
141	36	0.633084
141	62	0.616024
141	83	0.697151
141	90	0.741602
141	101	1.12816
141	104	1.10765
141	107	1.17677
141	110	0.664157
141	114	1.13422
141	115	0.677077
141	116	0.679235
141	123	1.12655
141	127	1.09622
141	132	1.14779
141	136	0.609233
141	138	1.14011
141	143	1.11985
141	147	1.17415
141	150	1.17222
141	151	1.1266
141	152	1.12085
141	153	1.15589
141	154	0.654276
141	162	1.15871
141	163	1.13541
141	164	1.12809
141	167	1.14543
141	168	1.14275
141	169	0.701898
141	173	1.14598
141	174	1.13955
141	175	1.13111
141	176	1.14062
141	177	1.12883
141	178	1.13414
141	179	1.14237
142	8	1.17944
142	18	1.27976
142	21	1.13385
142	27	0.718853
142	29	1.09892
142	34	1.09451
142	36	1.19603
142	37	1.05796
142	38	1.07407
142	41	1.06503
142	46	1.13618
142	52	1.14845
142	57	1.10352
142	58	1.10528
142	67	0.783948
142	71	1.14424
142	72	1.14401
142	85	1.06515
142	94	0.687517
142	96	0.692036
142	100	1.08793
142	106	0.717267
142	109	1.14729
142	115	1.12779
142	122	1.11198
142	123	0.666358
142	125	1.11527
142	136	1.15741
142	137	1.12616
142	140	1.11125
142	147	0.635274
142	148	1.13368
142	170	0.689214
142	171	1.13618
142	174	0.687027
142	176	0.674819
142	179	0.656946
142	180	1.11866
143	5	0.628525
143	13	0.629489
143	79	0.733005
143	91	0.670286
143	92	1.15446
143	95	1.13637
143	98	0.719619
143	101	1.11252
143	106	1.09817
143	114	1.11858
143	115	0.708743
143	120	0.706301
143	125	0.68754
143	126	1.12712
143	132	1.13215
143	135	1.13279
143	138	1.12448
143	141	1.11985
143	147	1.15852
143	148	0.695187
143	150	1.15659
143	151	1.11097
143	152	1.10521
143	153	1.14025
143	155	0.680775
143	157	0.735487
143	162	1.14308
143	164	1.11246
143	166	1.10635
143	167	1.1298
143	168	1.12711
143	173	1.13035
143	174	1.12392
143	175	1.11547
143	176	1.12499
143	177	1.1132
143	178	1.11851
143	179	1.12673
144	7	1.20323
144	14	1.15876
144	17	1.16206
144	32	1.12764
144	47	1.17128
144	68	1.11554
144	74	1.09377
144	82	1.15253
144	83	1.12924
144	95	0.641568
144	96	0.667917
144	98	1.16719
144	99	1.13986
144	102	1.13772
144	103	0.579307
144	106	0.693147
144	118	0.694657
144	119	1.17118
144	129	1.14762
144	130	1.14447
144	133	1.17434
144	139	1.15596
144	149	1.16171
144	154	1.15613
144	155	1.17917
144	156	0.634298
144	157	1.14581
144	158	1.1595
144	159	1.15925
144	160	1.18443
144	161	1.15186
144	162	0.650003
144	164	0.64544
144	165	1.17582
144	171	1.1739
144	172	0.622584
144	174	0.662907
144	175	0.663179
144	177	0.657773
145	1	1.22177
145	28	1.23671
145	42	1.09632
145	44	1.08329
145	49	1.16582
145	51	1.1701
145	53	1.17504
145	66	0.736619
145	84	1.17916
145	89	1.09572
145	101	0.678646
145	105	1.1909
145	108	1.11734
145	111	1.17098
145	113	1.14585
145	114	0.642239
145	120	1.17477
145	124	1.17391
145	125	0.605919
145	126	0.629349
145	134	1.16415
145	135	0.65088
145	146	1.15539
145	147	0.600955
145	149	1.15031
145	153	0.643709
145	154	1.14473
145	157	1.1344
145	158	1.1481
145	159	1.14784
145	160	1.17303
145	161	1.14046
145	163	0.663765
145	165	1.16442
145	167	0.653426
145	169	1.14217
145	170	1.1373
145	174	0.652708
145	175	0.652979
146	4	1.19171
146	9	1.06795
146	10	1.07331
146	11	1.08722
146	12	1.20227
146	16	1.04635
146	23	1.17337
146	25	1.14989
146	28	1.24439
146	31	1.12286
146	38	0.74983
146	43	1.0804
146	44	1.09097
146	48	1.15971
146	50	1.06659
146	53	1.18272
146	69	1.12041
146	79	1.14863
146	81	1.16876
146	91	1.18431
146	92	0.656578
146	97	1.16766
146	103	0.615169
146	107	0.57552
146	109	0.630773
146	111	1.17866
146	120	1.18245
146	128	1.13471
146	132	0.68434
146	134	1.17183
146	140	0.71498
146	145	1.15539
146	148	0.659627
146	150	0.663613
146	151	0.721202
146	162	0.685865
146	169	1.14985
146	170	1.14498
146	171	0.648104
146	180	1.15265
147	30	1.15107
147	35	0.671707
147	45	1.12124
147	81	0.65318
147	104	1.14632
147	111	0.628013
147	117	1.16935
147	118	1.15365
147	126	1.18143
147	130	0.645514
147	131	1.15009
147	132	1.18646
147	137	0.627518
147	141	1.17415
147	142	0.635274
147	143	1.15852
147	145	0.600955
147	151	1.16527
147	152	1.15952
147	153	1.19456
147	155	0.592706
147	156	1.1956
147	158	0.64158
147	159	0.625813
147	161	0.617983
147	162	1.19738
147	163	1.17409
147	164	1.16676
147	165	0.603449
147	166	1.16065
147	167	1.1841
147	168	1.18142
147	169	0.645496
147	171	1.19506
147	173	1.18466
147	174	1.17822
147	175	1.16978
147	176	1.17929
147	177	1.16751
147	178	1.17281
147	179	1.18104
148	8	1.21805
148	18	1.31837
148	21	1.17246
148	24	1.04765
148	29	1.13753
148	30	0.630333
148	34	1.13312
148	36	1.23464
148	37	1.09657
148	38	1.11268
148	41	1.10364
148	46	1.17478
148	52	1.18706
148	57	1.14213
148	58	1.14389
148	71	1.18285
148	72	1.18262
148	85	1.10376
148	90	1.09826
148	95	0.637532
148	101	0.68481
148	103	0.575271
148	106	0.689111
148	109	1.1859
148	115	1.1664
148	117	0.644851
148	122	1.15059
148	125	1.15388
148	136	1.19602
148	137	1.16476
148	138	0.637925
148	140	1.14986
148	142	1.13368
148	143	0.695187
148	146	0.659627
148	150	0.623714
148	159	0.638423
148	171	1.17479
148	172	1.17679
148	173	0.633309
148	177	0.653737
148	180	1.15726
149	14	1.14995
149	15	0.6215
149	47	1.16247
149	61	0.690977
149	68	1.10673
149	74	1.08497
149	80	1.14907
149	83	1.12043
149	93	1.17449
149	95	0.654982
149	98	1.15838
149	99	1.13105
149	102	1.12892
149	108	1.11994
149	110	1.15958
149	116	1.14105
149	119	1.16238
149	126	0.652963
149	129	1.13881
149	130	1.13566
149	132	0.661891
149	133	1.16553
149	138	0.655374
149	139	1.14716
149	144	1.16171
149	145	1.15031
149	153	0.667322
149	154	1.14733
149	155	1.17036
149	156	0.647712
149	157	1.137
149	158	1.1507
149	159	1.15044
149	160	1.17562
149	161	1.14305
149	163	0.687379
149	164	0.658854
149	165	1.16702
149	168	0.673536
149	169	1.14477
149	171	1.1651
149	174	0.676321
149	176	0.664113
150	9	0.825136
150	22	1.18805
150	28	0.542026
150	75	0.642102
150	76	0.637181
150	92	1.20683
150	101	1.1649
150	104	1.14439
150	110	0.62435
150	111	0.644609
150	112	0.581978
150	117	1.16742
150	118	1.15172
150	124	0.599718
150	126	1.17949
150	127	1.13296
150	132	1.18453
150	133	0.632882
150	135	1.18516
150	136	0.569427
150	141	1.17222
150	143	1.15659
150	146	0.663613
150	148	0.623714
150	151	1.16334
150	153	1.19263
150	154	0.614469
150	156	1.19367
150	160	0.595347
150	162	1.19545
150	163	1.17215
150	164	1.16483
150	166	1.15872
150	167	1.18217
150	168	1.17949
150	170	1.16793
150	173	1.18272
150	174	1.17629
150	175	1.16785
150	176	1.17736
150	177	1.16557
150	178	1.17088
150	179	1.17911
150	180	1.1756
151	15	1.15039
151	22	1.14243
151	40	1.07732
151	41	0.773189
151	46	0.663118
151	60	0.565113
151	63	1.09892
151	71	0.658247
151	74	0.794949
151	94	1.13847
151	96	1.13886
151	97	0.669507
151	101	1.11928
151	104	1.09877
151	106	1.10493
151	113	0.710052
151	114	1.12534
151	118	1.1061
151	123	1.11767
151	127	1.08734
151	132	1.13891
151	134	0.688833
151	135	1.13954
151	138	1.13124
151	139	0.704006
151	141	1.1266
151	143	1.11097
151	146	0.721202
151	147	1.16527
151	150	1.16334
151	152	1.11197
151	154	0.672059
151	157	0.721604
151	160	0.652937
151	166	1.1131
151	167	1.13655
151	168	1.13387
151	170	1.12231
151	173	1.13711
151	174	1.13067
151	175	1.12223
151	176	1.13174
151	177	1.11996
151	178	1.12526
151	179	1.13349
152	8	0.572685
152	11	0.787098
152	16	0.892556
152	32	0.679089
152	51	0.645243
152	58	0.684034
152	63	1.09317
152	66	0.744117
152	68	0.696903
152	87	0.703992
152	92	1.15546
152	95	1.13737
152	101	1.11352
152	103	1.18041
152	106	1.09918
152	111	0.641957
152	117	1.11604
152	123	1.11192
152	131	1.09678
152	138	1.12548
152	140	1.11682
152	141	1.12085
152	143	1.10521
152	147	1.15952
152	151	1.11197
152	153	1.14125
152	156	1.1423
152	158	0.655524
152	161	0.631927
152	162	1.14408
152	163	1.12078
152	164	1.11346
152	166	1.10735
152	167	1.1308
152	168	1.12812
152	169	0.659439
152	172	1.14375
152	173	1.13135
152	174	1.12492
152	175	1.11647
152	176	1.12599
152	177	1.1142
152	178	1.11951
152	179	1.12773
152	180	1.12423
153	4	0.601018
153	40	1.10661
153	47	0.646884
153	48	0.614658
153	59	1.25419
153	61	1.14621
153	67	1.12883
153	97	0.638075
153	102	0.667815
153	103	1.21545
153	111	0.670767
153	114	1.15462
153	117	1.15108
153	119	0.61511
153	123	1.14696
153	124	0.625876
153	126	1.16316
153	128	1.14133
153	129	0.705842
153	135	1.16883
153	138	1.16052
153	141	1.15589
153	143	1.14025
153	145	0.643709
153	147	1.19456
153	149	0.667322
153	150	1.19263
153	152	1.14125
153	154	0.640627
153	155	0.63546
153	156	1.17734
153	160	0.621505
153	162	1.17912
153	163	1.15582
153	164	1.1485
153	166	1.14239
153	167	1.16584
153	168	1.16316
153	173	1.16639
153	174	1.15996
153	175	1.15151
153	176	1.16103
153	177	1.14924
153	178	1.15455
153	179	1.16277
154	14	1.14437
154	17	1.14767
154	24	0.876576
154	27	0.681452
154	32	1.11325
154	57	1.12686
154	68	1.10115
154	74	1.07939
154	80	1.14349
154	83	1.11485
154	86	1.09583
154	93	1.16891
154	98	1.1528
154	99	1.12547
154	102	1.12334
154	110	1.154
154	116	1.13547
154	118	0.681376
154	119	1.15679
154	127	0.720248
154	129	1.13323
154	130	1.13008
154	131	0.682479
154	133	1.15995
154	137	1.14949
154	139	1.14158
154	141	0.654276
154	144	1.15613
154	145	1.14473
154	149	1.14733
154	150	0.614469
154	151	0.672059
154	153	0.640627
154	155	1.16478
154	157	1.13142
154	158	1.14512
154	159	1.14486
154	160	1.17004
154	161	1.13747
154	165	1.16143
154	169	1.13919
154	171	1.15952
154	172	0.609303
154	173	0.624064
154	176	0.637418
154	178	0.652217
154	180	0.662428
155	7	1.21188
155	14	1.16741
155	17	1.1707
155	23	0.626909
155	32	1.13629
155	45	0.748471
155	57	1.1499
155	74	1.10242
155	78	1.16561
155	82	1.16118
155	83	1.13789
155	86	1.11886
155	93	1.19194
155	99	1.1485
155	102	1.14637
155	108	1.1374
155	109	1.19367
155	110	1.17703
155	116	1.1585
155	119	1.17983
155	126	0.621101
155	128	0.618717
155	129	1.15627
155	130	1.15312
155	133	1.18299
155	135	0.642631
155	139	1.16461
155	143	0.680775
155	144	1.17917
155	147	0.592706
155	149	1.17036
155	153	0.63546
155	154	1.16478
155	157	1.15446
155	158	1.16815
155	159	1.16789
155	160	1.19308
155	161	1.16051
155	165	1.18447
155	167	0.645178
155	168	0.641674
155	169	1.16223
155	170	0.646646
155	171	1.18255
155	173	0.618897
155	176	0.632251
155	178	0.64705
155	179	0.614378
156	7	0.57663
156	53	0.620294
156	61	1.14725
156	65	0.59047
156	78	0.649997
156	80	0.648168
156	87	0.713192
156	92	1.19154
156	93	0.610313
156	94	1.1688
156	103	1.21649
156	104	1.12909
156	107	1.19822
156	114	1.15566
156	116	0.645976
156	117	1.15212
156	122	0.645957
156	123	1.148
156	126	1.1642
156	127	1.11767
156	131	1.13286
156	132	1.16924
156	135	1.16987
156	137	0.650661
156	138	1.16156
156	139	0.652964
156	144	0.634298
156	147	1.1956
156	149	0.647712
156	150	1.19367
156	152	1.1423
156	153	1.17734
156	161	0.641126
156	162	1.18016
156	163	1.15686
156	164	1.14954
156	167	1.16688
156	168	1.1642
156	169	0.668639
156	171	1.17783
156	173	1.16743
156	174	1.161
156	175	1.15255
156	176	1.16207
156	177	1.15028
156	178	1.15559
156	179	1.16382
156	180	1.16031
157	7	1.17852
157	32	1.10293
157	47	1.14657
157	57	1.11654
157	68	1.09083
157	72	0.64523
157	74	1.06906
157	78	1.13225
157	80	1.13317
157	82	1.12782
157	83	1.10453
157	86	1.0855
157	98	1.14248
157	99	1.11515
157	102	1.11301
157	103	0.61557
157	108	1.10404
157	110	1.14368
157	116	1.12515
157	119	1.14647
157	121	0.662003
157	129	1.12291
157	130	1.11976
157	131	0.732024
157	133	1.14963
157	137	1.13917
157	139	1.13125
157	143	0.735487
157	144	1.14581
157	145	1.1344
157	149	1.137
157	151	0.721604
157	154	1.13142
157	155	1.15446
157	158	1.13479
157	159	1.13454
157	160	1.15972
157	161	1.12715
157	162	0.686267
157	164	0.681704
157	165	1.15111
157	170	0.701358
157	171	1.14919
157	172	0.658848
157	174	0.699171
157	177	0.694036
157	179	0.66909
157	180	0.711973
158	7	1.19222
158	12	1.19498
158	34	1.12122
158	47	1.16026
158	50	1.0593
158	68	1.10452
158	72	0.639391
158	74	1.08276
158	78	1.14595
158	80	1.14686
158	82	1.14152
158	83	1.11822
158	86	1.0992
158	93	1.17228
158	95	0.671993
158	98	1.15618
158	99	1.12884
158	102	1.12671
158	103	0.609732
158	108	1.11773
158	110	1.15737
158	112	0.612453
158	116	1.13884
158	119	1.16017
158	129	1.1366
158	130	1.13345
158	133	1.16332
158	138	0.672386
158	139	1.14495
158	144	1.1595
158	145	1.1481
158	147	0.64158
158	149	1.1507
158	152	0.655524
158	154	1.14512
158	155	1.16815
158	157	1.13479
158	159	1.14823
158	160	1.17341
158	161	1.14084
158	165	1.16481
158	166	0.722748
158	170	0.695519
158	171	1.16289
158	172	0.653009
158	175	0.693604
158	176	0.681124
158	178	0.695923
158	179	0.663251
158	180	0.706134
159	14	1.14749
159	26	0.709643
159	27	0.709391
159	32	1.11637
159	34	1.12096
159	47	1.16
159	74	1.0825
159	78	1.14569
159	80	1.1466
159	82	1.14126
159	83	1.11797
159	86	1.09894
159	93	1.17202
159	98	1.15592
159	99	1.12858
159	101	0.703504
159	102	1.12645
159	103	0.593965
159	108	1.11748
159	110	1.15711
159	116	1.13858
159	119	1.15991
159	129	1.13635
159	130	1.1332
159	133	1.16307
159	137	1.15261
159	139	1.14469
159	144	1.15925
159	145	1.14784
159	147	0.625813
159	148	0.638423
159	149	1.15044
159	154	1.14486
159	155	1.16789
159	157	1.13454
159	158	1.14823
159	160	1.17316
159	161	1.14059
159	162	0.664661
159	163	0.688623
159	165	1.16455
159	168	0.674781
159	169	1.14231
159	170	0.679753
159	171	1.16263
159	172	0.637242
159	177	0.672431
159	178	0.680156
159	179	0.647484
159	180	0.690368
160	7	1.21714
160	14	1.17267
160	17	1.17597
160	32	1.14155
160	40	0.725652
160	50	1.08423
160	57	1.15516
160	68	1.12945
160	71	0.568304
160	72	0.576563
160	74	1.10768
160	77	0.614545
160	78	1.17087
160	80	1.17179
160	82	1.16644
160	86	1.12412
160	93	1.19721
160	96	0.635513
160	98	1.1811
160	99	1.15377
160	100	0.663711
160	102	1.15163
160	104	0.698135
160	109	1.19893
160	110	1.1823
160	116	1.16377
160	119	1.18509
160	123	0.609835
160	127	0.701126
160	129	1.16153
160	130	1.15838
160	133	1.18825
160	137	1.17779
160	139	1.16987
160	140	0.646715
160	144	1.18443
160	145	1.17303
160	149	1.17562
160	150	0.595347
160	151	0.652937
160	153	0.621505
160	154	1.17004
160	155	1.19308
160	157	1.15972
160	158	1.17341
160	159	1.17316
160	161	1.16577
160	165	1.18973
160	169	1.16749
160	171	1.18781
160	172	0.590181
160	174	0.630504
160	178	0.633095
160	180	0.643306
161	7	1.18457
161	16	0.902087
161	17	1.1434
161	22	0.602386
161	32	1.10898
161	34	1.11358
161	47	1.15262
161	68	1.09688
161	74	1.07511
161	78	1.1383
161	80	1.13922
161	82	1.13387
161	83	1.11058
161	86	1.09155
161	93	1.16464
161	98	1.14853
161	99	1.1212
161	100	0.702943
161	101	0.695675
161	102	1.11906
161	103	0.586135
161	106	0.699976
161	108	1.11009
161	109	1.16636
161	110	1.14973
161	114	0.659267
161	116	1.1312
161	119	1.15252
161	127	0.740358
161	129	1.12896
161	130	1.12581
161	133	1.15568
161	135	0.667908
161	137	1.14522
161	138	0.648789
161	139	1.1373
161	144	1.15186
161	145	1.14046
161	147	0.617983
161	149	1.14305
161	152	0.631927
161	154	1.13747
161	155	1.16051
161	156	0.641126
161	157	1.12715
161	158	1.14084
161	159	1.14059
161	160	1.16577
161	165	1.15716
161	168	0.666951
161	169	1.13492
161	170	0.671923
161	171	1.15524
161	175	0.670008
162	18	0.493073
162	19	1.17608
162	30	1.13563
162	31	0.731504
162	45	1.1058
162	46	0.627781
162	50	1.07602
162	56	0.693583
162	65	0.606175
162	80	0.663873
162	88	0.599731
162	91	0.621066
162	93	0.626018
162	95	1.17524
162	103	1.21828
162	104	1.13088
162	106	1.13704
162	107	1.2
162	114	1.15745
162	118	1.13821
162	119	0.611205
162	123	1.14978
162	126	1.16598
162	127	1.11945
162	130	0.684362
162	131	1.13464
162	132	1.17102
162	138	1.16334
162	139	0.668669
162	141	1.15871
162	143	1.14308
162	144	0.650003
162	146	0.685865
162	147	1.19738
162	150	1.19545
162	152	1.14408
162	153	1.17912
162	156	1.18016
162	157	0.686267
162	159	0.664661
162	163	1.15865
162	164	1.15132
162	166	1.14521
162	167	1.16866
162	169	0.684344
162	170	1.15442
162	172	1.18162
162	173	1.16921
162	174	1.16278
162	175	1.15434
162	176	1.16385
162	177	1.15206
162	178	1.15737
162	179	1.1656
162	180	1.16209
163	7	0.616297
163	19	1.15279
163	21	0.66517
163	36	0.639492
163	40	1.08613
163	45	1.08251
163	46	0.651743
163	49	0.688075
163	53	0.659961
163	59	1.23372
163	67	1.10836
163	80	0.687835
163	83	0.70356
163	84	0.649959
163	88	0.623693
163	90	0.74801
163	92	1.17003
163	94	1.14729
163	96	1.14768
163	102	0.687872
163	106	1.11374
163	107	1.17671
163	114	1.13415
163	117	1.13061
163	118	1.11492
163	123	1.12649
163	124	0.645933
163	126	1.14269
163	127	1.09616
163	131	1.11135
163	132	1.14772
163	135	1.14835
163	138	1.14005
163	139	0.692631
163	141	1.13541
163	145	0.663765
163	147	1.17409
163	149	0.687379
163	150	1.17215
163	152	1.12078
163	153	1.15582
163	156	1.15686
163	159	0.688623
163	162	1.15865
163	164	1.12803
163	166	1.12192
163	167	1.14537
163	168	1.14268
163	171	1.15632
163	172	1.15832
163	173	1.14592
163	174	1.13949
163	175	1.13104
163	176	1.14056
163	177	1.12877
163	178	1.13407
163	179	1.1423
164	9	0.842826
164	15	1.15188
164	19	1.14546
164	21	0.636645
164	23	0.662997
164	24	1.02186
164	44	0.755071
164	46	0.623218
164	54	0.631375
164	56	0.68902
164	61	1.11842
164	66	0.764458
164	85	0.756121
164	92	1.1627
164	95	1.14462
164	96	1.14035
164	101	1.12077
164	103	1.18766
164	104	1.10026
164	106	1.10642
164	107	1.16938
164	109	1.16011
164	117	1.12329
164	118	1.10759
164	123	1.11916
164	127	1.08883
164	130	0.6798
164	132	1.1404
164	135	1.14103
164	136	0.587117
164	138	1.13272
164	139	0.664106
164	141	1.12809
164	143	1.11246
164	144	0.64544
164	147	1.16676
164	149	0.658854
164	150	1.16483
164	152	1.11346
164	153	1.1485
164	156	1.14954
164	157	0.681704
164	162	1.15132
164	163	1.12803
164	165	0.637734
164	166	1.11459
164	167	1.13804
164	168	1.13536
164	169	0.679781
164	170	1.1238
164	173	1.13859
164	174	1.13216
164	175	1.12372
164	176	1.13323
164	177	1.12144
164	178	1.12675
164	179	1.13498
164	180	1.13147
165	7	1.20853
165	12	1.2113
165	14	1.16406
165	17	1.16736
165	23	0.637652
165	32	1.13294
165	47	1.17658
165	50	1.07562
165	68	1.12084
165	74	1.09908
165	78	1.16226
165	80	1.16318
165	82	1.15783
165	83	1.13454
165	86	1.11551
165	93	1.1886
165	98	1.17249
165	99	1.14516
165	102	1.14302
165	108	1.13405
165	109	1.19032
165	110	1.17369
165	114	0.644733
165	116	1.15516
165	117	0.641181
165	119	1.17648
165	128	0.62946
165	129	1.15292
165	130	1.14977
165	131	0.688054
165	132	0.640772
165	133	1.17964
165	137	1.16918
165	139	1.16126
165	144	1.17582
165	145	1.16442
165	147	0.603449
165	149	1.16702
165	154	1.16143
165	155	1.18447
165	157	1.15111
165	158	1.16481
165	159	1.16455
165	160	1.18973
165	161	1.15716
165	164	0.637734
165	166	0.684618
165	168	0.652416
165	169	1.15888
165	170	0.657389
165	171	1.17921
165	172	0.614878
165	173	0.629639
165	174	0.655202
165	177	0.650067
165	178	0.657792
165	179	0.62512
165	180	0.668004
166	17	0.662955
166	25	0.741907
166	27	1.10797
166	30	1.0989
166	39	0.645773
166	45	1.06907
166	52	0.651374
166	55	0.721866
166	59	1.22029
166	61	1.11231
166	67	1.09493
166	71	0.66523
166	77	0.71147
166	86	0.774357
166	88	0.642052
166	94	1.13385
166	95	1.13851
166	101	1.11466
166	103	1.18155
166	104	1.09415
166	106	1.10031
166	107	1.16328
166	114	1.12072
166	115	0.701843
166	116	0.704001
166	117	1.11718
166	118	1.10148
166	123	1.11305
166	125	0.680641
166	127	1.08272
166	130	0.726683
166	131	1.09792
166	132	1.13429
166	136	0.634
166	138	1.12662
166	140	1.11795
166	143	1.10635
166	147	1.16065
166	150	1.15872
166	151	1.1131
166	152	1.10735
166	153	1.14239
166	158	0.722748
166	162	1.14521
166	163	1.12192
166	164	1.11459
166	165	0.684618
166	167	1.13193
166	169	0.726664
166	170	1.11769
166	172	1.14489
166	173	1.13249
166	174	1.12605
166	175	1.11761
166	176	1.12712
166	177	1.11534
166	178	1.12064
166	179	1.12887
166	180	1.12536
167	1	0.580218
167	10	0.824261
167	13	0.593892
167	19	1.1628
167	30	1.12235
167	35	0.724178
167	45	1.09252
167	57	1.13368
167	58	0.722561
167	60	0.543399
167	63	1.11775
167	67	1.11838
167	72	1.17416
167	82	0.639975
167	83	0.69322
167	87	0.74252
167	88	0.613354
167	90	0.737671
167	92	1.18005
167	94	1.1573
167	96	1.15769
167	100	1.11808
167	106	1.12376
167	110	0.660226
167	114	1.14417
167	115	0.673145
167	117	1.14063
167	119	0.624827
167	120	0.670704
167	125	0.651943
167	126	1.15271
167	127	1.10617
167	131	1.12137
167	132	1.15774
167	135	1.15837
167	136	0.605302
167	138	1.15007
167	140	1.1414
167	141	1.14543
167	143	1.1298
167	145	0.653426
167	147	1.1841
167	150	1.18217
167	151	1.13655
167	152	1.1308
167	153	1.16584
167	155	0.645178
167	156	1.16688
167	162	1.16866
167	163	1.14537
167	164	1.13804
167	166	1.13193
167	168	1.1527
167	170	1.14114
167	172	1.16834
167	173	1.15594
167	174	1.1495
167	175	1.14106
167	176	1.15057
167	177	1.13879
167	178	1.14409
167	179	1.15232
167	180	1.14881
168	2	0.630106
168	4	0.607232
168	15	1.16653
168	21	0.651327
168	22	1.15858
168	40	1.09347
168	45	1.08984
168	49	0.674232
168	59	1.24105
168	60	0.539896
168	61	1.13307
168	63	1.11507
168	64	0.609492
168	71	0.633029
168	79	0.693904
168	80	0.673993
168	87	0.739016
168	89	0.74375
168	94	1.15462
168	95	1.15927
168	96	1.15501
168	99	0.691256
168	101	1.13543
168	103	1.20231
168	104	1.11491
168	107	1.18404
168	108	0.726429
168	111	0.67698
168	114	1.14148
168	117	1.13794
168	118	1.12225
168	123	1.13382
168	126	1.15002
168	127	1.10349
168	128	1.12819
168	131	1.11868
168	132	1.15506
168	135	1.15569
168	138	1.14738
168	141	1.14275
168	143	1.12711
168	147	1.18142
168	149	0.673536
168	150	1.17949
168	151	1.13387
168	152	1.12812
168	153	1.16316
168	155	0.641674
168	156	1.1642
168	159	0.674781
168	161	0.666951
168	163	1.14268
168	164	1.13536
168	165	0.652416
168	167	1.1527
168	170	1.13846
168	173	1.15325
168	174	1.14682
168	175	1.13837
168	176	1.14789
168	177	1.1361
168	178	1.14141
168	179	1.14964
169	6	1.05021
169	9	1.05474
169	19	0.642548
169	22	0.629898
169	23	1.16016
169	26	1.09453
169	31	1.10965
169	35	1.1204
169	42	1.09079
169	43	1.06719
169	44	1.07775
169	47	1.15434
169	48	1.1465
169	54	1.16119
169	55	1.11342
169	56	1.13201
169	59	0.560406
169	62	1.19469
169	70	1.09272
169	76	1.16855
169	78	1.14002
169	81	1.15554
169	82	1.13559
169	84	1.17362
169	89	1.09018
169	90	0.736187
169	91	1.1711
169	93	1.16636
169	97	1.15445
169	109	1.16808
169	110	1.15145
169	111	1.16545
169	113	1.14032
169	118	0.728997
169	119	1.15424
169	120	1.16924
169	126	0.67389
169	134	1.15862
169	137	1.14694
169	141	0.701898
169	145	1.14217
169	146	1.14985
169	147	0.645496
169	149	1.14477
169	152	0.659439
169	154	1.13919
169	155	1.16223
169	156	0.668639
169	159	1.14231
169	160	1.16749
169	161	1.13492
169	162	0.684344
169	164	0.679781
169	165	1.15888
169	166	0.726664
169	170	1.13177
169	171	1.15696
169	172	0.656925
169	173	0.671686
169	176	0.68504
169	177	0.692114
169	178	0.699839
169	179	0.667167
169	180	1.13944
170	2	1.20596
170	3	1.04387
170	5	1.21897
170	9	1.04987
170	11	1.06914
170	16	1.02826
170	20	1.00562
170	25	1.13181
170	33	1.09413
170	39	1.21488
170	44	1.07288
170	48	1.14163
170	50	1.0485
170	53	1.16464
170	60	1.25208
170	64	1.18426
170	66	1.08704
170	70	0.735441
170	74	0.774703
170	77	1.12596
170	79	1.13055
170	83	0.694689
170	84	0.641089
170	87	1.08179
170	88	1.15765
170	91	1.16623
170	108	0.731401
170	110	0.661695
170	112	1.146
170	120	1.16436
170	121	1.1496
170	122	0.676753
170	125	0.653412
170	129	0.717028
170	131	1.10712
170	134	1.15375
170	135	1.14413
170	136	0.606771
170	137	0.681458
170	139	0.68376
170	142	0.689214
170	145	1.1373
170	146	1.14498
170	150	1.16793
170	151	1.12231
170	155	0.646646
170	157	0.701358
170	158	0.695519
170	159	0.679753
170	161	0.671923
170	162	1.15442
170	164	1.1238
170	165	0.657389
170	166	1.11769
170	167	1.14114
170	168	1.13846
170	169	1.13177
170	172	1.1541
170	174	1.13526
170	175	1.12681
170	176	1.13633
170	177	1.12454
170	178	1.12985
170	179	1.13808
170	180	1.13457
171	5	0.541543
171	6	0.728123
171	11	0.774241
171	17	1.16544
171	25	0.661825
171	26	0.679425
171	29	1.14003
171	31	0.693743
171	41	1.10614
171	43	0.725436
171	45	1.10348
171	46	1.17728
171	49	0.626351
171	51	0.632386
171	52	1.18956
171	53	0.598237
171	54	0.598176
171	56	0.655822
171	58	1.14639
171	69	0.686447
171	70	0.682588
171	72	1.18512
171	83	1.13262
171	84	0.588236
171	85	1.10626
171	90	1.10076
171	96	1.16865
171	100	1.12904
171	102	1.14111
171	103	1.21595
171	104	1.12855
171	105	0.583765
171	108	1.13213
171	111	0.6291
171	113	0.636953
171	120	0.619319
171	121	0.610179
171	122	1.15309
171	123	1.14746
171	125	1.15638
171	126	1.16366
171	130	1.14785
171	132	1.16869
171	136	1.19852
171	142	1.13618
171	144	1.1739
171	146	0.648104
171	147	1.19506
171	148	1.17479
171	149	1.1651
171	154	1.15952
171	155	1.18255
171	156	1.17783
171	157	1.14919
171	158	1.16289
171	159	1.16263
171	160	1.18781
171	161	1.15524
171	163	1.15632
171	165	1.17921
171	169	1.15696
171	172	1.17929
171	175	1.15201
171	176	1.16153
171	177	1.14974
171	178	1.15504
171	179	1.16327
171	180	1.15976
172	3	1.07107
172	10	0.78322
172	14	0.663643
172	18	1.32287
172	20	1.03282
172	21	1.17696
172	26	0.689768
172	28	0.53686
172	29	1.14204
172	33	1.12132
172	34	1.13762
172	40	1.10911
172	41	1.10814
172	46	1.17929
172	55	0.652126
172	58	1.14839
172	60	1.27927
172	64	1.21146
172	65	1.23098
172	66	1.11424
172	71	1.18735
172	73	1.09186
172	74	0.732193
172	77	1.15316
172	82	0.598933
172	87	1.10899
172	88	1.18485
172	89	0.706212
172	90	1.10277
172	91	0.593647
172	100	1.13104
172	112	1.1732
172	114	1.15712
172	121	1.1768
172	122	1.1551
172	125	1.15839
172	128	1.14383
172	129	0.674517
172	130	0.656944
172	131	1.13432
172	132	1.1707
172	133	0.627716
172	136	1.20052
172	139	0.64125
172	140	1.15436
172	144	0.622584
172	148	1.17679
172	152	1.14375
172	154	0.609303
172	157	0.658848
172	158	0.653009
172	159	0.637242
172	160	0.590181
172	162	1.18162
172	163	1.15832
172	165	0.614878
172	166	1.14489
172	167	1.16834
172	169	0.656925
172	170	1.1541
172	171	1.17929
172	173	1.16889
172	174	1.16246
172	175	1.15401
172	176	1.16353
172	177	1.15174
172	178	1.15705
172	179	1.16527
173	4	0.584455
173	6	0.753227
173	10	0.797981
173	12	1.19898
173	27	1.13197
173	34	1.12522
173	36	0.602872
173	40	1.0967
173	43	0.75054
173	59	1.24429
173	60	0.517119
173	61	1.13631
173	63	1.11831
173	67	1.11893
173	74	0.746954
173	76	0.646776
173	77	0.656492
173	81	0.679371
173	92	1.1806
173	94	1.15786
173	95	1.16251
173	96	1.15825
173	100	1.11864
173	101	1.13866
173	103	1.20555
173	104	1.11815
173	106	1.12431
173	107	1.18728
173	110	0.633945
173	111	0.654204
173	114	1.14472
173	117	1.14118
173	118	1.12549
173	121	0.635283
173	122	0.649004
173	123	1.13706
173	130	0.671705
173	131	1.12192
173	132	1.15829
173	133	0.642477
173	135	1.15892
173	138	1.15062
173	141	1.14598
173	143	1.13035
173	147	1.18466
173	148	0.633309
173	150	1.18272
173	151	1.13711
173	152	1.13135
173	153	1.16639
173	154	0.624064
173	155	0.618897
173	156	1.16743
173	162	1.16921
173	163	1.14592
173	164	1.13859
173	165	0.629639
173	166	1.13249
173	167	1.15594
173	168	1.15325
173	169	0.671686
173	172	1.16889
173	174	1.15006
173	175	1.14161
173	176	1.15113
173	177	1.13934
173	178	1.14464
173	179	1.15287
173	180	1.14936
174	3	0.80754
174	18	0.505977
174	19	1.15692
174	21	0.654113
174	22	1.15538
174	27	1.12554
174	30	1.11647
174	33	0.669341
174	34	1.11879
174	36	0.628434
174	45	1.08664
174	47	0.655883
174	54	0.648842
174	59	1.23786
174	63	1.11187
174	67	1.1125
174	78	0.678607
174	90	0.736952
174	92	1.17417
174	95	1.15608
174	96	1.15181
174	101	1.13223
174	103	1.19912
174	105	0.634431
174	106	1.11788
174	107	1.18084
174	113	0.687619
174	114	1.13829
174	116	0.674585
174	117	1.13475
174	118	1.11905
174	122	0.674566
174	123	1.13062
174	126	1.14683
174	127	1.10029
174	131	1.11549
174	132	1.15186
174	135	1.15249
174	137	0.679271
174	138	1.14419
174	140	1.13552
174	141	1.13955
174	142	0.687027
174	143	1.12392
174	144	0.662907
174	145	0.652708
174	147	1.17822
174	149	0.676321
174	150	1.17629
174	151	1.13067
174	152	1.12492
174	153	1.15996
174	156	1.161
174	157	0.699171
174	160	0.630504
174	162	1.16278
174	163	1.13949
174	164	1.13216
174	165	0.655202
174	166	1.12605
174	167	1.1495
174	168	1.14682
174	170	1.13526
174	172	1.16246
174	173	1.15006
174	175	1.13518
174	176	1.14469
174	177	1.1329
174	178	1.13821
174	179	1.14644
175	8	0.610765
175	15	1.15489
175	19	1.14848
175	22	1.14694
175	25	0.712762
175	27	1.11709
175	29	0.718103
175	30	1.10802
175	40	1.08182
175	41	0.751028
175	43	0.776374
175	45	1.0782
175	48	0.623928
175	52	0.62223
175	53	0.649175
175	58	0.722114
175	59	1.22941
175	63	1.10343
175	65	0.619351
175	69	0.737385
175	70	0.733525
175	72	1.15984
175	86	0.745213
175	91	0.634242
175	92	1.16572
175	94	1.14298
175	95	1.14763
175	96	1.14337
175	100	1.10376
175	101	1.12378
175	103	1.19067
175	104	1.10327
175	106	1.10943
175	107	1.1724
175	115	0.672699
175	117	1.1263
175	118	1.11061
175	123	1.12218
175	125	0.651496
175	126	1.13838
175	127	1.09185
175	128	1.11655
175	131	1.10704
175	132	1.14341
175	133	0.668311
175	134	0.666672
175	135	1.14405
175	136	0.604856
175	138	1.13574
175	140	1.12708
175	141	1.13111
175	143	1.11547
175	144	0.663179
175	145	0.652979
175	147	1.16978
175	150	1.16785
175	151	1.12223
175	152	1.11647
175	153	1.15151
175	156	1.15255
175	158	0.693604
175	161	0.670008
175	162	1.15434
175	163	1.13104
175	164	1.12372
175	166	1.11761
175	167	1.14106
175	168	1.13837
175	170	1.12681
175	171	1.15201
175	172	1.15401
175	173	1.14161
175	174	1.13518
175	176	1.13625
175	177	1.12446
175	178	1.12977
175	179	1.13799
175	180	1.13449
176	7	0.593031
176	15	1.16441
176	22	1.15645
176	27	1.12661
176	30	1.11754
176	40	1.09134
176	50	1.05794
176	52	0.60975
176	55	0.680241
176	59	1.23893
176	61	1.13095
176	63	1.11294
176	67	1.11357
176	73	0.777369
176	74	0.760308
176	78	0.666398
176	82	0.627048
176	85	0.76138
176	89	0.734327
176	92	1.17524
176	93	0.626714
176	94	1.15249
176	95	1.15715
176	96	1.15288
176	99	0.681833
176	101	1.1333
176	102	0.664606
176	103	1.20019
176	104	1.11279
176	106	1.11895
176	107	1.18192
176	109	1.17264
176	112	0.604926
176	114	1.13936
176	115	0.660219
176	117	1.13582
176	118	1.12012
176	119	0.611901
176	121	0.648637
176	122	0.662358
176	123	1.13169
176	126	1.1479
176	127	1.10136
176	128	1.12606
176	131	1.11656
176	132	1.15293
176	134	0.654192
176	135	1.15356
176	138	1.14526
176	140	1.13659
176	141	1.14062
176	142	0.674819
176	143	1.12499
176	147	1.17929
176	149	0.664113
176	150	1.17736
176	151	1.13174
176	152	1.12599
176	153	1.16103
176	154	0.637418
176	155	0.632251
176	156	1.16207
176	158	0.681124
176	162	1.16385
176	163	1.14056
176	164	1.13323
176	166	1.12712
176	167	1.15057
176	168	1.14789
176	169	0.68504
176	170	1.13633
176	171	1.16153
176	172	1.16353
176	173	1.15113
176	174	1.14469
176	175	1.13625
176	177	1.13398
176	178	1.13928
176	179	1.14751
176	180	1.144
177	15	1.15262
177	17	0.628404
177	19	1.14621
177	24	1.0226
177	26	0.724957
177	27	1.11482
177	32	0.711763
177	35	0.718325
177	37	0.821938
177	39	0.611222
177	40	1.07955
177	42	0.765513
177	57	1.11708
177	59	1.22714
177	61	1.11916
177	63	1.10116
177	64	0.607143
177	67	1.10178
177	71	0.630679
177	72	1.15757
177	84	0.633767
177	85	0.768453
177	88	0.607501
177	89	0.741401
177	92	1.16345
177	94	1.14071
177	95	1.14536
177	96	1.1411
177	100	1.10148
177	101	1.12151
177	102	0.67168
177	103	1.1884
177	104	1.101
177	106	1.10716
177	107	1.17013
177	108	0.72408
177	109	1.16085
177	114	1.12757
177	116	0.66945
177	117	1.12403
177	118	1.10833
177	122	0.669431
177	123	1.1199
177	126	1.13611
177	127	1.08958
177	128	1.11427
177	131	1.10477
177	132	1.14114
177	135	1.14177
177	137	0.674136
177	138	1.13347
177	140	1.1248
177	141	1.12883
177	143	1.1132
177	144	0.657773
177	147	1.16751
177	148	0.653737
177	150	1.16557
177	151	1.11996
177	152	1.1142
177	153	1.14924
177	156	1.15028
177	157	0.694036
177	159	0.672431
177	162	1.15206
177	163	1.12877
177	164	1.12144
177	165	0.650067
177	166	1.11534
177	167	1.13879
177	168	1.1361
177	169	0.692114
177	170	1.12454
177	171	1.14974
177	172	1.15174
177	173	1.13934
177	174	1.1329
177	175	1.12446
177	176	1.13398
177	178	1.12749
177	179	1.13572
177	180	1.13221
178	8	0.613084
178	12	1.18714
178	15	1.15793
178	19	1.15151
178	22	1.14997
178	27	1.12013
178	30	1.11106
178	34	1.11338
178	38	0.751664
178	40	1.08486
178	41	0.753347
178	45	1.08123
178	46	0.643276
178	48	0.626248
178	50	1.05145
178	57	1.12239
178	59	1.23245
178	61	1.12446
178	63	1.10646
178	64	0.614868
178	67	1.10709
178	68	0.737302
178	72	1.16287
178	73	0.792169
178	76	0.674929
178	80	0.679368
178	88	0.615226
178	94	1.14601
178	95	1.15067
178	96	1.1464
178	98	0.685894
178	100	1.10679
178	101	1.12682
178	103	1.19371
178	104	1.10631
178	106	1.11247
178	107	1.17543
178	109	1.16616
178	114	1.13288
178	115	0.675018
178	117	1.12934
178	118	1.11364
178	122	0.677157
178	123	1.12521
178	124	0.637466
178	126	1.14141
178	127	1.09488
178	128	1.11958
178	129	0.717431
178	130	0.699858
178	131	1.11007
178	132	1.14645
178	133	0.67063
178	134	0.668991
178	135	1.14708
178	138	1.13877
178	140	1.13011
178	141	1.13414
178	143	1.11851
178	147	1.17281
178	150	1.17088
178	151	1.12526
178	152	1.11951
178	153	1.15455
178	154	0.652217
178	155	0.64705
178	156	1.15559
178	158	0.695923
178	159	0.680156
178	160	0.633095
178	162	1.15737
178	163	1.13407
178	164	1.12675
178	165	0.657792
178	166	1.12064
178	167	1.14409
178	168	1.14141
178	169	0.699839
178	170	1.12985
178	171	1.15504
178	172	1.15705
178	173	1.14464
178	174	1.13821
178	175	1.12977
178	176	1.13928
178	177	1.12749
178	179	1.14103
178	180	1.13752
179	3	0.777459
179	12	1.19537
179	14	0.673886
179	15	1.16615
179	19	1.15974
179	20	0.858081
179	22	1.1582
179	24	1.03614
179	27	1.12835
179	29	0.68775
179	30	1.11929
179	32	0.686817
179	34	1.1216
179	35	0.693379
179	40	1.09309
179	42	0.740566
179	44	0.742457
179	45	1.08946
179	47	0.625802
179	50	1.05968
179	57	1.13062
179	59	1.24067
179	61	1.13269
179	62	0.581293
179	63	1.11469
179	67	1.11531
179	72	1.1711
179	77	0.651973
179	79	0.666608
179	84	0.60882
179	90	0.706871
179	92	1.17698
179	94	1.15424
179	95	1.15889
179	96	1.15463
179	101	1.13504
179	103	1.20193
179	104	1.11453
179	105	0.60435
179	106	1.1207
179	107	1.18366
179	109	1.17439
179	114	1.1411
179	116	0.644504
179	117	1.13756
179	118	1.12187
179	121	0.630764
179	123	1.13344
179	126	1.14964
179	127	1.10311
179	128	1.12781
179	131	1.1183
179	132	1.15468
179	135	1.15531
179	136	0.574503
179	137	0.649189
179	138	1.147
179	139	0.651492
179	140	1.13834
179	141	1.14237
179	142	0.656946
179	143	1.12673
179	147	1.18104
179	150	1.17911
179	151	1.13349
179	152	1.12773
179	153	1.16277
179	155	0.614378
179	156	1.16382
179	157	0.66909
179	158	0.663251
179	159	0.647484
179	162	1.1656
179	163	1.1423
179	164	1.13498
179	165	0.62512
179	166	1.12887
179	167	1.15232
179	168	1.14964
179	169	0.667167
179	170	1.13808
179	171	1.16327
179	172	1.16527
179	173	1.15287
179	174	1.14644
179	175	1.13799
179	176	1.14751
179	177	1.13572
179	178	1.14103
179	180	1.14575
180	1	0.592302
180	2	0.645693
180	3	0.820342
180	4	1.1813
180	8	1.20303
180	9	1.05754
180	10	1.0629
180	16	1.03594
180	21	1.15743
180	23	1.16296
180	24	1.03263
180	28	1.23398
180	29	1.12251
180	31	1.11245
180	32	0.7297
180	37	1.08154
180	38	1.09765
180	41	1.08862
180	42	0.783449
180	46	1.15976
180	48	1.1493
180	53	1.17231
180	54	0.661644
180	58	1.12887
180	60	0.555483
180	62	0.624176
180	64	0.625079
180	65	0.631881
180	67	1.11181
180	69	1.11
180	71	1.16782
180	72	1.16759
180	75	0.690061
180	79	1.13822
180	81	1.15834
180	82	0.652058
180	84	0.651704
180	85	1.08874
180	89	0.759337
180	90	1.08324
180	91	1.1739
180	94	1.15073
180	97	1.15725
180	98	0.696105
180	100	1.11151
180	109	1.17088
180	110	0.672309
180	111	1.16825
180	114	1.1376
180	115	1.15138
180	116	0.687387
180	119	0.636911
180	120	1.17204
180	121	0.673647
180	122	1.13557
180	123	1.12993
180	124	0.647677
180	125	1.13886
180	127	1.0996
180	128	1.1243
180	132	1.15117
180	133	0.680841
180	134	1.16142
180	136	1.181
180	137	1.14974
180	140	1.13483
180	142	1.11866
180	146	1.15265
180	148	1.15726
180	150	1.1756
180	152	1.12423
180	154	0.662428
180	156	1.16031
180	157	0.711973
180	158	0.706134
180	159	0.690368
180	160	0.643306
180	162	1.16209
180	164	1.13147
180	165	0.668004
180	166	1.12536
180	167	1.14881
180	169	1.13944
180	170	1.13457
180	171	1.15976
180	173	1.14936
180	175	1.13449
180	176	1.144
180	177	1.13221
180	178	1.13752
180	179	1.14575
