1	36	0.620348
1	50	1.07255
1	103	0.973679
1	125	0.626327
1	160	1.07889
1	167	1.08715
1	171	1.07171
1	172	1.06958
1	173	1.05452
1	176	1.08307
1	178	1.01022
1	179	1.07247
2	12	1.12815
2	63	1.05803
2	75	0.974133
2	82	1.03143
2	90	1.01442
2	92	1.06244
2	102	1.05051
2	111	1.09837
2	168	0.720189
2	170	1.07184
2	174	0.911479
2	180	1.08489
3	8	1.09825
3	49	1.13141
3	54	1.04315
3	55	1.04777
3	96	1.04064
3	117	1.04588
3	125	1.09064
3	126	1.02733
3	127	1.07481
3	157	0.767953
3	163	1.13954
3	171	0.693374
4	10	0.930667
4	47	1.20536
4	63	0.953935
4	77	0.988374
4	90	0.910318
4	94	0.969112
4	100	0.958418
4	102	0.946414
4	111	0.994266
4	170	0.967741
4	175	1.31921
4	180	0.980788
5	76	0.990304
5	82	1.28014
5	95	0.957648
5	99	0.949614
5	117	0.95432
5	125	0.999076
5	127	0.983248
5	171	0.964529
5	173	0.947333
5	176	0.975891
5	178	0.903035
5	179	0.965291
6	56	1.06138
6	104	0.879041
6	107	0.917689
6	126	0.964291
6	132	0.971275
6	155	1.20479
6	160	1.00023
6	166	0.995097
6	173	0.97586
6	174	0.971245
6	178	0.931562
6	179	0.993818
7	27	0.995576
7	66	0.779251
7	105	1.04761
7	117	0.448621
7	152	1.06061
7	164	1.0734
7	171	1.08074
7	173	1.06354
7	175	1.08137
7	176	1.0921
7	178	1.01925
7	179	1.0815
8	3	1.09825
8	49	1.12502
8	52	1.04135
8	60	0.97463
8	95	1.04282
8	96	1.03425
8	108	1.06599
8	117	1.03949
8	125	1.08424
8	127	1.06842
8	164	0.607487
8	178	1.01013
9	120	1.18299
9	135	0.969565
9	139	0.953529
9	145	0.976238
9	149	0.956485
9	153	0.942867
9	154	0.944179
9	155	0.934953
9	161	0.973405
9	162	0.969916
9	165	0.97885
9	167	1.34753
10	4	0.930667
10	12	1.01772
10	82	0.920997
10	92	0.952013
10	94	0.962782
10	100	0.952088
10	102	0.940084
10	111	0.987936
10	151	1.07188
10	170	0.961411
10	178	1.45714
10	180	0.974457
11	41	0.977095
11	55	0.950012
11	95	0.951456
11	96	0.942887
11	99	0.943422
11	108	0.974631
11	112	1.1611
11	117	0.948128
11	125	0.992884
11	127	0.977056
11	148	0.942204
11	170	1.3683
12	2	1.12815
12	10	1.01772
12	43	1.0608
12	81	1.08782
12	92	1.0454
12	94	1.05617
12	111	1.08132
12	132	0.969516
12	170	1.05479
12	171	0.779888
12	179	0.853154
12	180	1.06784
13	43	1.07894
13	60	0.839868
13	77	1.09357
13	90	1.01552
13	92	1.06354
13	94	1.07431
13	100	1.06362
13	102	1.05161
13	107	1.24977
13	170	1.07294
13	177	0.502619
13	180	1.08599
14	78	0.992094
14	89	0.975695
14	101	0.93115
14	122	0.946986
14	124	0.944975
14	128	0.940006
14	137	0.960583
14	144	0.985501
14	164	0.958742
14	174	1.36732
14	177	0.964219
14	179	1.16814
15	23	1.10578
15	26	1.09812
15	39	0.983873
15	66	1.0294
15	74	1.02003
15	76	1.10266
15	97	1.11218
15	106	1.095
15	146	0.894819
15	148	1.05286
15	163	1.00446
15	172	0.705809
16	122	1.0566
16	128	1.04962
16	139	1.06611
16	142	1.01299
16	144	1.09512
16	159	0.873493
16	161	1.08599
16	164	1.06836
16	165	1.09143
16	167	0.805445
16	168	0.922311
16	177	1.07384
17	18	1.02801
17	54	0.940642
17	55	0.945257
17	58	0.936144
17	99	0.938666
17	108	0.969875
17	117	0.943373
17	125	0.988128
17	127	0.972301
17	148	0.937448
17	169	1.37496
17	180	1.1629
18	17	1.02801
18	32	0.822816
18	54	1.06903
18	117	1.07176
18	127	1.10069
18	142	1.01926
18	153	1.06172
18	154	1.06304
18	159	0.935818
18	162	1.08877
18	165	1.09771
18	176	0.828769
19	23	0.60166
19	57	0.701889
19	105	1.05433
19	107	1.01209
19	132	1.06567
19	142	0.915305
19	159	1.09271
19	171	1.08746
19	175	1.08808
19	177	1.08559
19	178	1.02596
19	179	1.08822
20	38	0.970926
20	39	0.878739
20	64	1.01074
20	66	0.924266
20	74	0.914892
20	76	0.997525
20	97	1.00704
20	98	0.958035
20	106	0.98987
20	120	1.06283
20	121	1.46739
20	148	0.947729
21	44	0.803536
21	98	0.852737
21	125	0.569636
21	142	1.01785
21	155	1.05239
21	161	1.09085
21	162	1.08736
21	167	1.09599
21	173	1.06336
21	176	1.09192
21	178	1.01906
21	179	1.08132
22	89	1.05166
22	91	1.03759
22	101	1.00711
22	118	1.0339
22	122	1.02295
22	131	1.05377
22	133	1.05477
22	137	1.03655
22	144	1.06146
22	166	0.950998
22	171	0.886089
22	177	1.04018
22	180	0.966378
23	15	1.10578
23	19	0.60166
23	38	1.05139
23	39	0.959202
23	48	1.03346
23	74	0.995354
23	93	1.0301
23	97	1.0875
23	98	1.0385
23	106	1.07033
23	109	0.967161
23	148	1.02819
23	152	1.15878
24	36	1.04351
24	48	1.02075
24	53	0.857381
24	76	1.06528
24	96	1.01617
24	99	1.0167
24	106	1.05762
24	108	1.04791
24	125	1.06616
24	127	1.05034
24	138	1.0502
24	148	1.01548
24	173	0.888851
25	62	1.03258
25	129	0.938152
25	139	0.949066
25	142	0.895942
25	149	0.952022
25	154	0.939717
25	155	0.93049
25	156	0.971422
25	161	0.968942
25	162	0.965453
25	163	0.91443
25	165	0.974388
25	178	1.70287
26	15	1.09812
26	36	1.04856
26	39	0.951537
26	64	1.08354
26	66	0.997064
26	74	0.98769
26	76	1.07032
26	97	1.07984
26	106	1.06267
26	148	1.02053
26	173	0.818314
26	177	0.803566
26	178	1.17631
27	7	0.995576
27	56	0.9426
27	118	0.937961
27	119	0.944293
27	122	0.927008
27	128	0.920027
27	130	0.961099
27	131	0.957834
27	133	0.958825
27	137	0.940604
27	144	0.965523
27	176	1.66955
27	177	0.94424
28	115	0.949173
28	123	1.30444
28	134	0.949253
28	139	0.932307
28	141	0.976193
28	149	0.935264
28	153	0.921646
28	154	0.922958
28	156	0.954664
28	161	0.952184
28	162	0.948694
28	165	0.957629
28	166	1.4321
29	35	0.972118
29	56	1.05225
29	101	1.02082
29	110	0.984285
29	122	1.03665
29	128	1.02967
29	131	1.06748
29	133	1.06847
29	137	1.05025
29	163	1.16969
29	164	1.04841
29	176	0.64882
29	177	1.05389
30	43	0.95653
30	57	0.943227
30	81	0.983555
30	82	0.910114
30	90	0.893105
30	94	0.951899
30	100	0.941205
30	102	0.929201
30	111	0.977053
30	126	1.40894
30	170	0.950528
30	176	1.31983
30	180	0.963575
31	113	1.06218
31	131	0.748058
31	146	1.01573
31	148	0.835926
31	156	0.813741
31	158	1.06383
31	159	1.05502
31	168	1.05647
31	169	1.01918
31	174	1.02795
31	175	1.05039
31	176	1.06112
31	178	0.988267
32	18	0.822816
32	70	0.99521
32	100	1.04993
32	112	1.05707
32	125	0.809236
32	138	0.988308
32	168	1.03748
32	171	1.03077
32	172	1.02863
32	173	1.01357
32	174	1.00895
32	178	0.969272
32	179	1.03153
32	180	1.03928
33	87	1.03477
33	103	0.998125
33	124	1.00296
33	149	1.01743
33	153	1.00382
33	154	1.00513
33	155	0.995901
33	156	1.03683
33	161	1.03435
33	162	1.03086
33	165	1.0398
33	171	1.03894
33	175	0.992262
33	176	0.964229
34	69	1.29552
34	71	0.94456
34	96	1.36468
34	104	0.841439
34	136	0.929072
34	150	0.925528
34	151	0.950475
34	173	0.938258
34	174	0.933643
34	175	0.95608
34	176	0.966816
34	178	0.89396
34	179	0.956216
34	180	0.963972
35	29	0.972118
35	65	0.973221
35	86	0.954331
35	91	0.919455
35	114	1.35142
35	119	0.922098
35	122	0.904813
35	128	0.897833
35	131	0.935639
35	133	0.93663
35	137	0.91841
35	144	0.943328
35	171	1.57927
35	177	0.922046
36	1	0.620348
36	24	1.04351
36	26	1.04856
36	37	1.33467
36	38	1.0265
36	39	0.934314
36	48	1.00857
36	64	1.06632
36	66	0.97984
36	74	0.970466
36	97	1.06262
36	98	1.01361
36	106	1.04544
36	151	0.970389
37	36	1.33467
37	85	0.917125
37	107	0.872331
37	120	0.937537
37	149	1.39888
37	157	0.958028
37	166	0.949739
37	168	0.954409
37	172	0.945564
37	174	0.925887
37	176	0.95906
37	177	0.945835
37	178	0.886204
37	179	0.94846
38	20	0.970926
38	23	1.05139
38	36	1.0265
38	48	1.00374
38	64	1.06149
38	66	0.975008
38	74	0.965633
38	76	1.04827
38	97	1.05778
38	106	1.04061
38	140	1.02588
38	148	0.998471
38	176	0.910931
38	179	1.05891
39	15	0.983873
39	20	0.878739
39	23	0.959202
39	26	0.951537
39	36	0.934314
39	48	0.911553
39	64	0.9693
39	66	0.882821
39	93	0.908192
39	97	0.965597
39	106	0.948425
39	120	1.22768
39	138	1.70301
39	148	0.906284
40	65	1.06233
40	78	1.03903
40	118	1.00488
40	119	1.01121
40	122	0.993926
40	128	0.986946
40	131	1.02475
40	133	1.02574
40	137	1.00752
40	144	1.03244
40	146	1.17599
40	170	0.908506
40	177	1.01116
40	180	0.919758
41	11	0.977095
41	58	1.00886
41	95	1.01942
41	96	1.01085
41	99	1.01138
41	104	2.13265
41	108	1.04259
41	117	1.01609
41	125	1.06085
41	126	0.997534
41	127	1.04502
41	148	1.01017
41	179	0.435465
41	180	0.442486
42	91	1.37936
42	132	0.920329
42	133	1.28904
42	163	0.897888
42	164	0.93477
42	166	0.944151
42	169	0.911525
42	170	0.937582
42	171	0.94211
42	172	0.939976
42	173	0.924914
42	176	0.953472
42	179	0.942872
42	180	0.950629
43	12	1.0608
43	13	1.07894
43	30	0.95653
43	44	1.02674
43	57	0.997186
43	77	1.02512
43	81	1.03751
43	82	0.964073
43	111	1.03101
43	151	1.03483
43	167	0.912654
43	170	1.00449
43	177	1.04735
43	180	1.01753
44	21	0.803536
44	43	1.02674
44	70	1.20046
44	77	1.04137
44	81	1.05376
44	82	0.980322
44	90	0.963312
44	92	1.01134
44	94	1.02211
44	102	0.999408
44	111	1.04726
44	120	0.923555
44	170	1.02074
44	180	1.03378
45	129	1.00425
45	139	1.01516
45	142	0.96204
45	145	1.03787
45	147	1.02133
45	149	1.01812
45	152	0.921408
45	155	0.996589
45	156	1.03752
45	161	1.03504
45	162	1.03155
45	165	1.04049
45	174	1.13587
45	180	0.943715
46	115	1.00679
46	126	1.01431
46	129	0.979013
46	136	1.13561
46	140	1.04015
46	141	1.03381
46	145	1.01264
46	149	0.992883
46	153	0.979266
46	154	0.980577
46	155	0.971351
46	156	1.01228
46	161	1.0098
46	162	1.00631
46	165	1.01525
47	4	1.20536
47	73	0.973366
47	85	0.975597
47	106	0.773315
47	113	1.01859
47	123	1.0483
47	152	0.986045
47	153	0.894437
47	157	1.0165
47	168	1.01288
47	171	1.00617
47	175	1.0068
47	177	1.00431
47	178	0.944676
47	179	1.00693
48	23	1.03346
48	24	1.02075
48	36	1.00857
48	38	1.00374
48	39	0.911553
48	64	1.04356
48	66	0.95708
48	74	0.947706
48	76	1.03034
48	97	1.03986
48	105	0.923953
48	106	1.02268
48	110	1.23639
48	148	0.980543
48	166	1.04054
49	3	1.13141
49	8	1.12502
49	55	1.07454
49	95	1.07598
49	96	1.06741
49	99	1.06795
49	108	1.09916
49	117	1.07265
49	123	0.691377
49	125	1.11741
49	127	1.10158
49	147	0.695183
49	148	1.06673
49	174	1.02657
49	177	0.853112
50	1	1.07255
50	105	0.975246
50	122	0.861875
50	128	0.957387
50	139	0.978687
50	152	0.98825
50	159	1.01363
50	169	0.97779
50	171	1.00837
50	172	1.00624
50	174	0.986564
50	175	1.009
50	177	1.00651
50	178	0.946881
50	179	1.00914
51	98	1.03455
51	100	0.992148
51	106	0.795391
51	116	1.0053
51	123	1.04604
51	152	0.983791
51	158	1.01798
51	164	0.996575
51	167	1.01935
51	168	1.01063
51	173	0.98672
51	174	0.982105
51	175	1.00454
51	178	0.942422
51	179	1.00468
52	8	1.04135
52	54	0.986256
52	55	0.990871
52	58	0.981758
52	95	0.992315
52	96	0.983746
52	99	0.98428
52	108	1.01549
52	117	0.988986
52	125	1.03374
52	127	1.01791
52	136	1.17802
52	143	1.00867
52	148	0.983062
52	167	1.00661
53	24	0.857381
53	78	1.00612
53	108	1.00782
53	121	0.962819
53	142	0.949651
53	154	0.993426
53	156	1.02513
53	161	1.02265
53	162	1.01916
53	165	1.0281
53	174	0.99055
53	176	1.02372
53	178	0.950867
53	179	1.01312
53	180	1.02088
54	3	1.04315
54	17	0.940642
54	18	1.06903
54	52	0.986256
54	58	0.977164
54	95	0.98772
54	99	0.979686
54	108	1.01089
54	117	0.984392
54	125	1.02915
54	127	1.01332
54	138	1.1303
54	148	0.978468
54	169	1.14757
54	170	0.924254
55	3	1.04777
55	11	0.950012
55	17	0.945257
55	49	1.07454
55	52	0.990871
55	58	0.981779
55	108	1.01551
55	113	0.947119
55	117	0.989007
55	125	1.03376
55	126	0.970452
55	127	1.01794
55	143	1.05756
55	148	0.983083
55	177	1.19019
56	6	1.06138
56	27	0.9426
56	29	1.05225
56	86	1.03446
56	101	0.969105
56	118	0.995894
56	119	1.00223
56	122	0.984941
56	124	0.98293
56	130	1.01903
56	131	1.01577
56	137	0.998538
56	171	0.978988
56	173	1.09272
56	177	1.00217
57	19	0.701889
57	30	0.943227
57	43	0.997186
57	77	1.01182
57	81	1.02421
57	82	0.95077
57	90	0.933761
57	92	0.981785
57	94	0.992554
57	100	0.98186
57	102	0.969856
57	111	1.01771
57	136	1.33673
57	151	1.2875
57	170	0.991184
57	180	1.00423
58	17	0.936144
58	41	1.00886
58	52	0.981758
58	54	0.977164
58	55	0.981779
58	95	0.983223
58	96	0.974654
58	99	0.975188
58	108	1.0064
58	117	0.979895
58	125	1.02465
58	126	0.961339
58	127	1.00882
58	132	1.24563
58	167	1.0203
58	168	1.13716
59	103	0.968828
59	129	0.974266
59	134	1.00212
59	135	1.00122
59	138	0.952308
59	141	1.02907
59	142	0.932055
59	153	0.974519
59	154	0.975831
59	155	0.966604
59	156	1.00754
59	161	1.00506
59	164	1.10604
59	165	1.0105
59	172	1.18446
59	179	1.11021
60	8	0.97463
60	13	0.839868
60	125	1.32613
60	140	0.987937
60	145	0.999651
60	149	0.979897
60	150	0.9566
60	153	0.96628
60	156	0.999297
60	162	0.993328
60	165	1.00226
60	169	0.955942
60	171	0.986526
60	175	0.987153
60	176	0.997888
60	179	0.987289
61	77	1.09984
61	82	1.03879
61	88	1.13327
61	90	1.02178
61	100	1.06988
61	142	1.02102
61	150	0.888824
61	153	1.06349
61	154	1.0648
61	155	1.05557
61	161	1.09402
61	165	1.09947
61	168	0.714848
61	170	1.0792
61	177	0.732676
61	180	1.09225
62	25	1.03258
62	70	1.04019
62	95	0.488748
62	115	0.652268
62	120	1.06559
62	139	0.821552
62	143	1.05828
62	152	1.05562
62	157	1.08608
62	167	1.09119
62	168	1.08246
62	173	1.05855
62	176	1.08711
62	178	1.01426
62	179	1.07651
62	180	1.08427
63	2	1.05803
63	4	0.953935
63	77	1.00531
63	81	1.0177
63	82	0.944264
63	90	0.927255
63	92	0.97528
63	94	0.986049
63	100	0.975355
63	102	0.963351
63	111	1.0112
63	147	0.969474
63	163	1.47458
63	170	0.984679
63	176	0.953708
63	180	0.997725
64	20	1.01074
64	26	1.08354
64	36	1.06632
64	38	1.06149
64	39	0.9693
64	48	1.04356
64	66	1.01483
64	74	1.00545
64	76	1.08809
64	93	1.0402
64	97	1.0976
64	106	1.08043
64	113	0.786081
64	148	1.03829
64	152	0.988143
64	175	0.883486
64	179	1.00343
65	35	0.973221
65	40	1.06233
65	101	1.02192
65	118	1.04871
65	119	1.05504
65	122	1.03776
65	123	0.693165
65	128	1.03078
65	131	1.06858
65	133	1.06957
65	137	1.05135
65	144	1.07627
65	164	1.04951
65	169	1.04826
65	172	0.903429
65	174	1.02836
65	177	1.05499
66	7	0.779251
66	15	1.0294
66	20	0.924266
66	26	0.997064
66	36	0.97984
66	38	0.975008
66	39	0.882821
66	48	0.95708
66	64	1.01483
66	74	0.918973
66	76	1.00161
66	80	1.26798
66	97	1.01112
66	98	0.962117
66	106	0.993952
66	148	0.951811
66	175	1.48126
67	75	0.955789
67	131	1.01002
67	140	0.981612
67	144	1.04361
67	147	0.976777
67	154	1.14683
67	166	0.982242
67	167	0.995639
67	168	0.986912
67	169	0.949616
67	172	0.978067
67	173	0.963005
67	174	0.95839
67	175	0.980828
67	176	0.991563
67	178	0.918707
67	179	0.980963
68	73	1.01926
68	96	0.571086
68	113	1.06448
68	135	0.88198
68	145	0.817342
68	152	1.03194
68	157	1.06239
68	165	0.861287
68	166	1.0541
68	167	1.0675
68	168	1.05877
68	172	1.04993
68	173	1.03486
68	176	1.06342
68	177	1.0502
68	178	0.990567
68	179	1.05282
69	34	1.29552
69	124	1.02934
69	139	1.04087
69	141	1.08475
69	145	1.06358
69	146	0.945487
69	149	1.04382
69	153	1.0302
69	154	1.03152
69	155	1.02229
69	156	1.06322
69	160	0.690771
69	161	1.06074
69	162	1.05725
69	163	1.00623
69	165	1.06619
69	166	0.67387
70	32	0.99521
70	44	1.20046
70	62	1.04019
70	84	1.00588
70	136	0.945604
70	137	0.984217
70	152	0.951861
70	154	1.08185
70	168	0.978697
70	169	0.941401
70	170	0.967458
70	171	0.971986
70	173	0.95479
70	176	0.983348
70	178	0.910492
70	179	0.972748
70	180	0.980504
71	34	0.94456
71	75	0.972235
71	85	0.966074
71	99	1.2051
71	104	0.882632
71	121	0.947106
71	123	1.03878
71	124	1.0352
71	130	0.962067
71	138	0.95419
71	157	1.00698
71	168	1.00336
71	173	0.979451
71	174	0.974836
71	175	0.997274
71	178	0.935153
71	179	0.997409
72	114	0.540888
72	115	1.05721
72	129	1.02943
72	134	1.05729
72	135	1.05638
72	141	1.08423
72	142	0.987223
72	145	1.06306
72	150	1.02387
72	153	1.02969
72	154	1.031
72	155	1.02177
72	161	1.06022
72	162	1.05673
72	165	1.06567
72	169	1.06109
72	174	1.04119
73	47	0.973366
73	68	1.01926
73	127	0.991001
73	137	1.07978
73	140	0.976147
73	143	0.957264
73	148	1.12847
73	159	0.979991
73	160	0.981915
73	167	0.990175
73	169	0.944152
73	171	0.974737
73	174	0.952926
73	175	0.975363
73	176	0.986099
73	178	0.913243
73	179	0.975499
74	15	1.02003
74	20	0.914892
74	23	0.995354
74	26	0.98769
74	36	0.970466
74	38	0.965633
74	48	0.947706
74	64	1.00545
74	66	0.918973
74	76	0.992232
74	84	1.02021
74	97	1.00175
74	98	0.952743
74	106	0.984577
74	147	1.1295
74	148	0.942437
74	150	1.44358
75	2	0.974133
75	67	0.955789
75	71	0.972235
75	83	0.953608
75	97	1.0864
75	131	1.20348
75	143	0.965656
75	146	0.949102
75	150	0.953203
75	158	0.997193
75	169	0.952544
75	172	0.980995
75	173	0.965933
75	175	0.983755
75	176	0.994491
75	179	0.983891
75	180	0.991647
76	5	0.990304
76	15	1.10266
76	20	0.997525
76	24	1.06528
76	26	1.07032
76	38	1.04827
76	48	1.03034
76	64	1.08809
76	66	1.00161
76	74	0.992232
76	93	1.02698
76	97	1.08438
76	106	1.06721
76	112	0.728571
76	140	0.906969
76	148	1.02507
76	177	0.965715
77	4	0.988374
77	13	1.09357
77	43	1.02512
77	44	1.04137
77	57	1.01182
77	61	1.09984
77	63	1.00531
77	92	1.00972
77	94	1.02049
77	100	1.00979
77	102	0.99779
77	111	1.04564
77	123	0.884074
77	160	1.02863
77	167	0.911115
77	170	1.01912
77	177	1.04581
77	180	1.03216
78	14	0.992094
78	40	1.03903
78	53	1.00612
78	86	1.06398
78	91	1.0291
78	118	1.02541
78	119	1.03174
78	122	1.01446
78	124	1.01245
78	126	0.938258
78	128	1.00748
78	131	1.04528
78	137	1.02805
78	144	1.05297
78	164	1.02621
78	176	0.849148
78	177	1.03169
78	180	1.00415
79	121	0.920264
79	148	1.14266
79	149	1.13454
79	151	0.964826
79	162	1.12192
79	166	0.971847
79	167	0.985243
79	168	0.976517
79	169	0.939221
79	170	0.965278
79	172	0.967672
79	173	0.952609
79	174	0.947995
79	175	0.970432
79	176	0.981167
79	178	0.908312
79	179	0.970568
79	180	0.978324
80	66	1.26798
80	105	1.00772
80	110	1.00908
80	134	0.694423
80	135	0.729059
80	143	1.02338
80	151	1.03587
80	157	1.05118
80	165	0.708366
80	169	1.01027
80	171	1.04085
80	172	1.03872
80	174	1.01904
80	175	1.04148
80	176	1.05221
80	178	0.979357
80	179	1.04161
80	180	1.04937
81	12	1.08782
81	30	0.983555
81	43	1.03751
81	44	1.05376
81	57	1.02421
81	63	1.0177
81	90	0.974089
81	92	1.02211
81	94	1.03288
81	100	1.02219
81	102	1.01018
81	111	1.05804
81	112	0.84136
81	147	0.920575
81	157	1.0541
81	166	1.04443
81	170	1.03151
81	180	1.04456
82	2	1.03143
82	5	1.28014
82	10	0.920997
82	30	0.910114
82	43	0.964073
82	44	0.980322
82	57	0.95077
82	61	1.03879
82	63	0.944264
82	90	0.900648
82	94	0.959442
82	100	0.948748
82	102	0.936744
82	111	0.984596
82	152	1.21454
82	160	1.23837
82	170	0.958071
82	180	0.971117
83	75	0.953608
83	102	1.15876
83	107	0.902654
83	121	0.928479
83	135	1.1753
83	151	0.973042
83	152	0.957896
83	158	0.992085
83	160	0.985198
83	161	1.06358
83	163	0.933799
83	168	0.984732
83	169	0.947436
83	171	0.97802
83	175	0.978647
83	176	0.989382
83	178	0.916527
83	179	0.978783
84	70	1.00588
84	74	1.02021
84	97	0.583074
84	103	1.06902
84	136	1.01506
84	144	0.733741
84	152	1.02131
84	160	1.04862
84	167	1.05688
84	169	1.01085
84	171	1.04144
84	172	1.03931
84	173	1.02424
84	174	1.01963
84	175	1.04207
84	176	1.0528
84	178	0.979945
84	179	1.0422
85	37	0.917125
85	47	0.975597
85	71	0.966074
85	95	0.951322
85	108	1.18958
85	121	0.927427
85	128	1.26283
85	140	0.978379
85	163	0.932746
85	166	0.979009
85	168	0.983679
85	169	0.946383
85	172	0.974834
85	173	0.959772
85	175	0.977595
85	176	0.98833
85	178	0.915474
85	179	0.97773
86	35	0.954331
86	56	1.03446
86	78	1.06398
86	91	1.03351
86	93	1.02374
86	101	1.00303
86	112	0.749442
86	118	1.02982
86	122	1.01887
86	128	1.01189
86	131	1.04969
86	133	1.05068
86	137	1.03246
86	144	1.05738
86	160	0.969409
86	163	1.33376
86	176	0.81289
86	177	1.0361
87	33	1.03477
87	103	0.992312
87	116	0.948618
87	129	0.99775
87	134	1.02561
87	135	1.0247
87	138	0.975792
87	145	1.03137
87	149	1.01162
87	153	0.998003
87	154	0.999315
87	155	0.990088
87	156	1.03102
87	161	1.02854
87	162	1.02505
87	165	1.03399
87	169	1.21068
87	172	1.06585
87	176	0.843621
88	61	1.13327
88	96	1.1777
88	113	0.974501
88	115	1.3504
88	121	0.912536
88	140	0.963489
88	143	0.944605
88	150	0.932152
88	151	0.957099
88	152	0.941953
88	157	0.972408
88	166	0.964119
88	167	0.977516
88	169	0.931493
88	172	0.959944
88	173	0.944882
88	175	0.962704
88	177	0.960215
88	178	0.900584
89	14	0.975695
89	22	1.05166
89	91	1.0127
89	101	0.982222
89	118	1.00901
89	119	1.01534
89	121	1.07699
89	122	0.998058
89	128	0.991078
89	130	1.03215
89	131	1.02888
89	132	1.0623
89	133	1.02987
89	137	1.01165
89	144	1.03657
89	164	1.00981
89	170	0.941706
89	173	0.986404
89	177	1.01529
90	2	1.01442
90	4	0.910318
90	13	1.01552
90	30	0.893105
90	44	0.963312
90	57	0.933761
90	61	1.02178
90	63	0.927255
90	81	0.974089
90	82	0.900648
90	92	0.931664
90	100	0.931739
90	102	0.919735
90	111	0.967587
90	121	1.45017
90	147	1.18691
90	170	0.941062
90	173	1.35958
90	180	0.954108
91	22	1.03759
91	35	0.919455
91	42	1.37936
91	78	1.0291
91	86	1.03351
91	89	1.0127
91	93	0.988861
91	101	0.968155
91	118	0.994945
91	119	1.00128
91	122	0.983991
91	128	0.977011
91	130	1.01808
91	133	1.01581
91	144	1.02251
91	151	0.985075
91	164	0.995747
91	175	0.851928
91	177	1.00122
91	180	0.978893
92	2	1.06244
92	10	0.952013
92	12	1.0454
92	13	1.06354
92	44	1.01134
92	57	0.981785
92	63	0.97528
92	77	1.00972
92	81	1.02211
92	90	0.931664
92	94	0.990458
92	100	0.979763
92	102	0.967759
92	104	2.26735
92	111	1.01561
92	160	0.578698
92	169	0.78924
92	170	0.989087
92	172	0.644404
92	180	1.00213
93	23	1.0301
93	39	0.908192
93	64	1.0402
93	76	1.02698
93	86	1.02374
93	91	0.988861
93	97	1.03649
93	98	0.987488
93	101	0.958383
93	106	1.01932
93	131	1.00505
93	133	1.00604
93	137	0.987816
93	144	1.01273
93	148	0.977182
93	159	1.03336
93	168	1.08218
93	177	0.991452
93	179	1.07429
93	180	1.08131
94	4	0.969112
94	10	0.962782
94	12	1.05617
94	13	1.07431
94	30	0.951899
94	44	1.02211
94	57	0.992554
94	63	0.986049
94	77	1.02049
94	81	1.03288
94	82	0.959442
94	92	0.990458
94	100	0.990532
94	102	0.978528
94	126	1.05765
94	147	0.984305
94	159	1.07559
94	170	0.999856
94	177	1.14223
94	180	1.0129
95	5	0.957648
95	8	1.04282
95	11	0.951456
95	41	1.01942
95	49	1.07598
95	52	0.992315
95	54	0.98772
95	58	0.983223
95	62	0.488748
95	85	0.951322
95	96	0.98521
95	99	0.985745
95	107	1.53343
95	108	1.01695
95	117	0.990451
95	125	1.03521
95	126	0.971896
95	127	1.01938
95	148	0.984527
95	178	1.15903
96	3	1.04064
96	8	1.03425
96	11	0.942887
96	24	1.01617
96	34	1.36468
96	41	1.01085
96	49	1.06741
96	52	0.983746
96	58	0.974654
96	68	0.571086
96	88	1.1777
96	95	0.98521
96	99	0.977176
96	108	1.00838
96	117	0.981882
96	125	1.02664
96	126	0.963327
96	127	1.01081
96	138	0.953206
96	148	0.975958
97	15	1.11218
97	20	1.00704
97	23	1.0875
97	26	1.07984
97	36	1.06262
97	38	1.05778
97	39	0.965597
97	48	1.03986
97	64	1.0976
97	66	1.01112
97	74	1.00175
97	75	1.0864
97	76	1.08438
97	84	0.583074
97	93	1.03649
97	98	1.04489
97	106	1.07673
97	123	0.688553
97	148	1.03459
97	170	0.820339
97	178	1.22304
98	20	0.958035
98	21	0.852737
98	23	1.0385
98	36	1.01361
98	51	1.03455
98	66	0.962117
98	74	0.952743
98	93	0.987488
98	97	1.04489
98	106	1.02772
98	119	0.999903
98	128	0.975637
98	131	1.01344
98	133	1.01443
98	137	0.996214
98	144	1.02113
98	147	1.11406
98	164	0.994373
98	175	1.12632
98	177	0.99985
99	5	0.949614
99	11	0.943422
99	17	0.938666
99	24	1.0167
99	41	1.01138
99	49	1.06795
99	52	0.98428
99	54	0.979686
99	58	0.975188
99	71	1.2051
99	95	0.985745
99	96	0.977176
99	105	1.10174
99	108	1.00892
99	113	1.00934
99	117	0.982417
99	125	1.02717
99	126	0.963861
99	127	1.01135
99	148	0.976492
99	176	1.07871
100	4	0.958418
100	10	0.952088
100	13	1.06362
100	30	0.941205
100	32	1.04993
100	51	0.992148
100	57	0.98186
100	61	1.06988
100	63	0.975355
100	77	1.00979
100	81	1.02219
100	82	0.948748
100	90	0.931739
100	92	0.979763
100	94	0.990532
100	102	0.967834
100	111	1.01569
100	143	1.09695
100	152	1.18857
100	170	0.989162
100	180	1.00221
101	14	0.93115
101	22	1.00711
101	29	1.02082
101	56	0.969105
101	65	1.02192
101	86	1.00303
101	89	0.982222
101	91	0.968155
101	93	0.958383
101	118	0.964466
101	119	0.970798
101	122	0.953513
101	128	0.946533
101	130	0.987604
101	133	0.98533
101	137	0.96711
101	144	0.992028
101	158	1.10999
101	160	1.21492
101	171	1.13312
101	177	0.970746
101	180	1.2134
102	2	1.05051
102	4	0.946414
102	10	0.940084
102	13	1.05161
102	30	0.929201
102	44	0.999408
102	57	0.969856
102	63	0.963351
102	77	0.99779
102	81	1.01018
102	82	0.936744
102	83	1.15876
102	90	0.919735
102	92	0.967759
102	94	0.978528
102	100	0.967834
102	111	1.00368
102	163	1.41864
102	168	1.05364
102	170	0.977158
102	171	0.972479
102	180	0.990204
103	1	0.973679
103	33	0.998125
103	59	0.968828
103	84	1.06902
103	87	0.992312
103	109	1.10361
103	115	0.988884
103	134	0.988963
103	135	0.988054
103	141	1.0159
103	142	0.918894
103	147	0.97818
103	149	0.974975
103	153	0.961357
103	154	0.962669
103	155	0.953442
103	156	0.994374
103	161	0.991895
103	162	0.988405
103	163	0.937382
103	165	0.99734
103	172	1.38476
104	6	0.879041
104	34	0.841439
104	41	2.13265
104	71	0.882632
104	92	2.26735
104	107	0.818159
104	112	0.919834
104	113	0.905949
104	132	0.871745
104	151	0.888547
104	160	0.900704
104	163	0.849304
104	167	0.908964
104	169	0.862941
104	170	0.888998
104	171	0.893526
104	172	0.891392
104	174	0.871715
104	175	0.894153
104	176	0.904888
104	178	0.832032
104	179	0.894288
105	7	1.04761
105	19	1.05433
105	48	0.923953
105	50	0.975246
105	80	1.00772
105	99	1.10174
105	110	0.942638
105	142	1.36277
105	150	0.944486
105	156	0.882383
105	158	0.988476
105	160	0.98159
105	166	0.976453
105	168	0.981123
105	169	0.943827
105	172	0.972278
105	174	0.952601
105	175	0.975038
105	176	0.985774
105	178	0.912918
105	179	0.975174
105	180	0.98293
106	15	1.095
106	20	0.98987
106	23	1.07033
106	24	1.05762
106	26	1.06267
106	36	1.04544
106	38	1.04061
106	39	0.948425
106	47	0.773315
106	48	1.02268
106	51	0.795391
106	64	1.08043
106	66	0.993952
106	74	0.984577
106	76	1.06721
106	93	1.01932
106	97	1.07673
106	98	1.02772
106	148	1.01742
106	151	1.02031
106	164	1.00293
106	170	1.00287
107	6	0.917689
107	13	1.24977
107	19	1.01209
107	37	0.872331
107	83	0.902654
107	95	1.53343
107	104	0.818159
107	122	1.74942
107	136	0.905792
107	140	0.933585
107	159	0.937428
107	166	0.934215
107	167	0.947612
107	168	0.938885
107	169	0.901589
107	171	0.932174
107	173	0.914978
107	174	0.910363
107	175	0.932801
107	176	0.943536
107	178	0.87068
107	179	0.932936
107	180	0.940693
108	8	1.06599
108	11	0.974631
108	17	0.969875
108	24	1.04791
108	41	1.04259
108	49	1.09916
108	52	1.01549
108	53	1.00782
108	54	1.01089
108	55	1.01551
108	58	1.0064
108	85	1.18958
108	95	1.01695
108	96	1.00838
108	99	1.00892
108	109	0.791914
108	117	1.01363
108	125	1.05838
108	126	0.99507
108	127	1.04255
108	148	1.0077
108	171	0.925555
108	175	0.878879
109	23	0.967161
109	103	1.10361
109	108	0.791914
109	112	1.05691
109	121	0.981057
109	145	0.79074
109	146	0.996572
109	149	0.814489
109	157	1.04093
109	158	1.04466
109	159	1.03585
109	160	1.03778
109	163	0.986377
109	167	1.04604
109	168	1.03731
109	169	1.00001
109	172	1.02846
109	174	1.00879
109	175	1.03122
109	177	1.02874
109	178	0.969105
109	179	1.03136
109	180	1.03912
110	29	0.984285
110	48	1.23639
110	80	1.00908
110	105	0.942638
110	118	1.07393
110	136	0.949386
110	137	1.16831
110	140	0.977178
110	143	0.958295
110	152	0.955643
110	158	0.989832
110	159	0.981021
110	166	0.977809
110	167	0.991205
110	168	0.982479
110	169	0.945183
110	172	0.973634
110	173	0.958571
110	174	0.953957
110	175	0.976394
110	176	0.987129
110	178	0.914274
110	179	0.97653
111	2	1.09837
111	4	0.994266
111	10	0.987936
111	12	1.08132
111	30	0.977053
111	43	1.03101
111	44	1.04726
111	57	1.01771
111	63	1.0112
111	77	1.04564
111	81	1.05804
111	82	0.984596
111	90	0.967587
111	92	1.01561
111	100	1.01569
111	102	1.00368
111	116	0.972829
111	140	0.982781
111	158	0.919413
111	164	1.01163
111	170	1.02501
111	177	1.04153
111	180	1.03806
112	11	1.1611
112	32	1.05707
112	76	0.728571
112	81	0.84136
112	86	0.749442
112	104	0.919834
112	109	1.05691
112	113	1.04627
112	117	1.05915
112	146	0.999823
112	152	1.01372
112	158	1.04791
112	160	1.04103
112	166	1.03589
112	169	1.00326
112	170	1.02932
112	171	1.03385
112	173	1.01665
112	174	1.01204
112	175	1.03448
112	176	1.04521
112	178	0.972355
112	179	1.03461
113	31	1.06218
113	47	1.01859
113	55	0.947119
113	64	0.786081
113	68	1.06448
113	88	0.974501
113	99	1.00934
113	104	0.905949
113	112	1.04627
113	129	0.944294
113	150	0.990038
113	155	0.978317
113	157	1.03029
113	158	1.03403
113	163	0.975742
113	166	1.02201
113	168	1.02668
113	171	1.01996
113	173	1.00277
113	174	0.998153
113	176	1.03133
113	177	1.0181
113	178	0.95847
113	179	1.02073
114	35	1.35142
114	72	0.540888
114	123	1.05669
114	124	0.755668
114	128	0.770953
114	132	0.99278
114	142	1.1866
114	143	0.997088
114	152	0.994436
114	159	1.01981
114	160	1.02174
114	164	1.00722
114	166	1.0166
114	167	1.03
114	168	1.02127
114	170	1.01003
114	172	1.01243
114	173	0.997365
114	174	0.99275
114	176	1.02592
114	177	1.0127
114	178	0.953067
114	179	1.01532
114	180	1.02308
115	28	0.949173
115	46	1.00679
115	62	0.652268
115	72	1.05721
115	88	1.3504
115	103	0.988884
115	130	1.02982
115	134	1.02218
115	135	1.02127
115	139	1.00524
115	141	1.04912
115	142	0.952111
115	145	1.02795
115	146	1.18734
115	149	1.00819
115	153	0.994575
115	154	0.995886
115	155	0.98666
115	156	1.02759
115	159	0.883157
115	161	1.02511
115	162	1.02162
115	165	1.03056
115	180	0.931107
116	51	1.0053
116	87	0.948618
116	111	0.972829
116	121	0.959388
116	130	0.940678
116	132	0.987148
116	136	0.982548
116	137	0.937845
116	143	0.991457
116	151	1.00395
116	157	1.01926
116	159	1.01418
116	160	1.01611
116	165	0.998613
116	166	1.01097
116	167	1.02437
116	169	0.978345
116	171	1.00893
116	172	1.0068
116	174	0.987118
116	175	1.00956
116	176	1.02029
116	178	0.947435
116	179	1.00969
116	180	1.01745
117	3	1.04588
117	5	0.95432
117	7	0.448621
117	8	1.03949
117	11	0.948128
117	17	0.943373
117	18	1.07176
117	41	1.01609
117	49	1.07265
117	52	0.988986
117	54	0.984392
117	55	0.989007
117	58	0.979895
117	95	0.990451
117	96	0.981882
117	99	0.982417
117	108	1.01363
117	112	1.05915
117	125	1.03188
117	126	0.968567
117	127	1.01605
117	140	1.23754
117	148	0.981198
117	175	1.15063
117	177	1.29629
118	22	1.0339
118	27	0.937961
118	40	1.00488
118	56	0.995894
118	65	1.04871
118	78	1.02541
118	86	1.02982
118	89	1.00901
118	91	0.994945
118	101	0.964466
118	110	1.07393
118	119	0.997587
118	122	0.980302
118	124	0.978291
118	128	0.973322
118	131	1.01113
118	133	1.01212
118	137	0.993899
118	144	1.01882
118	163	1.25933
118	164	0.992058
118	172	0.960687
118	174	1.08562
118	177	0.997535
118	180	0.89346
119	27	0.944293
119	35	0.922098
119	40	1.01121
119	56	1.00223
119	65	1.05504
119	78	1.03174
119	89	1.01534
119	91	1.00128
119	98	0.999903
119	101	0.970798
119	118	0.997587
119	124	0.984623
119	128	0.979654
119	130	1.02073
119	131	1.01746
119	133	1.01845
119	136	1.02391
119	137	1.00023
119	138	1.16329
119	144	1.02515
119	152	0.946188
119	164	0.99839
119	172	1.03572
119	174	1.16065
119	177	1.00387
120	9	1.18299
120	20	1.06283
120	37	0.937537
120	39	1.22768
120	44	0.923555
120	62	1.06559
120	132	0.975599
120	150	0.967454
120	151	0.992401
120	157	1.00771
120	159	1.00263
120	160	1.00456
120	162	0.735267
120	163	0.953158
120	166	0.999421
120	167	1.01282
120	168	1.00409
120	169	0.966795
120	170	0.992852
120	174	0.975569
120	175	0.998006
120	176	1.00874
120	177	0.995517
120	178	0.935886
120	179	0.998142
120	180	1.0059
121	20	1.46739
121	53	0.962819
121	71	0.947106
121	79	0.920264
121	83	0.928479
121	85	0.927427
121	88	0.912536
121	89	1.07699
121	90	1.45017
121	109	0.981057
121	116	0.959388
121	132	0.936219
121	150	0.928074
121	151	0.953021
121	156	1.13838
121	166	0.960041
121	167	0.973437
121	168	0.964711
121	169	0.927415
121	171	0.958
121	173	0.940804
121	174	0.936189
121	175	0.958626
121	176	0.969362
121	178	0.896506
121	179	0.958762
122	14	0.946986
122	16	1.0566
122	22	1.02295
122	27	0.927008
122	29	1.03665
122	35	0.904813
122	40	0.993926
122	50	0.861875
122	56	0.984941
122	65	1.03776
122	78	1.01446
122	86	1.01887
122	89	0.998058
122	91	0.983991
122	101	0.953513
122	107	1.74942
122	118	0.980302
122	128	0.962369
122	131	1.00017
122	133	1.00117
122	144	1.00786
122	164	0.981105
122	168	0.984449
122	176	0.828581
122	177	0.986582
122	179	0.976558
123	28	1.30444
123	47	1.0483
123	49	0.691377
123	51	1.04604
123	65	0.693165
123	71	1.03878
123	77	0.884074
123	97	0.688553
123	114	1.05669
123	132	1.02789
123	136	1.02329
123	150	1.01974
123	151	1.04469
123	156	0.871314
123	159	1.05492
123	166	1.05171
123	168	1.05638
123	169	1.01908
123	171	1.04967
123	172	1.04754
123	173	1.03247
123	174	1.02786
123	176	1.06103
123	177	1.04781
123	178	0.988176
123	180	1.05819
124	14	0.944975
124	33	1.00296
124	56	0.98293
124	69	1.02934
124	71	1.0352
124	78	1.01245
124	114	0.755668
124	118	0.978291
124	119	0.984623
124	129	0.965935
124	131	0.998164
124	133	0.999155
124	134	0.993794
124	137	0.980935
124	144	1.00585
124	145	0.999559
124	147	0.98301
124	149	0.979805
124	156	0.999205
124	162	0.993236
124	164	0.979094
124	165	1.00217
124	173	1.09725
124	177	0.984571
124	178	1.45525
124	179	1.05679
125	1	0.626327
125	3	1.09064
125	5	0.999076
125	8	1.08424
125	11	0.992884
125	17	0.988128
125	21	0.569636
125	24	1.06616
125	32	0.809236
125	41	1.06085
125	49	1.11741
125	52	1.03374
125	54	1.02915
125	55	1.03376
125	58	1.02465
125	60	1.32613
125	95	1.03521
125	96	1.02664
125	99	1.02717
125	108	1.05838
125	117	1.03188
125	126	1.01332
125	127	1.06081
125	148	1.02595
125	157	0.964477
125	172	1.03741
126	3	1.02733
126	6	0.964291
126	30	1.40894
126	41	0.997534
126	46	1.01431
126	55	0.970452
126	58	0.961339
126	78	0.938258
126	94	1.05765
126	95	0.971896
126	96	0.963327
126	99	0.963861
126	108	0.99507
126	117	0.968567
126	125	1.01332
126	127	0.997496
126	144	0.916371
126	157	0.989106
126	159	0.98403
126	167	0.994214
126	171	0.978777
126	172	0.976643
126	174	0.956966
126	175	0.979403
126	176	0.990139
126	177	0.976913
126	179	0.979539
127	3	1.07481
127	5	0.983248
127	8	1.06842
127	11	0.977056
127	17	0.972301
127	18	1.10069
127	24	1.05034
127	41	1.04502
127	49	1.10158
127	52	1.01791
127	54	1.01332
127	55	1.01794
127	58	1.00882
127	73	0.991001
127	95	1.01938
127	96	1.01081
127	99	1.01135
127	108	1.04255
127	117	1.01605
127	125	1.06081
127	126	0.997496
127	148	1.01013
127	164	0.887873
127	167	0.783073
127	170	0.887818
127	178	1.29052
127	179	0.892049
128	14	0.940006
128	16	1.04962
128	27	0.920027
128	29	1.02967
128	35	0.897833
128	40	0.986946
128	50	0.957387
128	65	1.03078
128	78	1.00748
128	85	1.26283
128	86	1.01189
128	89	0.991078
128	91	0.977011
128	98	0.975637
128	101	0.946533
128	114	0.770953
128	118	0.973322
128	119	0.979654
128	122	0.962369
128	130	0.99646
128	131	0.993195
128	137	0.975966
128	144	1.00088
128	164	0.974124
128	177	0.979601
128	178	1.47054
128	179	1.07207
129	25	0.938152
129	45	1.00425
129	46	0.979013
129	59	0.974266
129	72	1.02943
129	87	0.99775
129	113	0.944294
129	124	0.965935
129	135	0.993492
129	139	0.977456
129	141	1.02134
129	142	0.924332
129	145	1.00017
129	147	0.983618
129	149	0.980413
129	153	0.966795
129	154	0.968107
129	155	0.95888
129	156	0.999813
129	161	0.997333
129	162	0.993843
129	163	0.94282
129	165	1.00278
129	168	1.16953
129	169	1.38073
129	176	1.01367
129	179	1.16164
130	27	0.961099
130	56	1.01903
130	71	0.962067
130	89	1.03215
130	91	1.01808
130	101	0.987604
130	115	1.02982
130	116	0.940678
130	119	1.02073
130	128	0.99646
130	133	1.03526
130	134	1.0299
130	135	1.02899
130	137	1.01704
130	139	1.01295
130	144	1.04196
130	149	1.01591
130	153	1.00229
130	155	0.994375
130	156	1.03531
130	159	0.942729
130	160	0.992199
130	161	1.03283
130	162	1.02934
130	165	1.03827
130	166	0.975298
130	172	1.05791
130	177	1.02067
131	22	1.05377
131	27	0.957834
131	29	1.06748
131	31	0.748058
131	35	0.935639
131	40	1.02475
131	56	1.01577
131	65	1.06858
131	67	1.01002
131	75	1.20348
131	78	1.04528
131	86	1.04969
131	89	1.02888
131	93	1.00505
131	98	1.01344
131	118	1.01113
131	119	1.01746
131	122	1.00017
131	124	0.998164
131	128	0.993195
131	133	1.03199
131	137	1.01377
131	144	1.03869
131	157	0.942959
131	164	1.01193
131	168	0.949538
131	177	1.01741
131	180	0.948668
132	6	0.971275
132	12	0.969516
132	19	1.06567
132	42	0.920329
132	58	1.24563
132	89	1.0623
132	104	0.871745
132	114	0.99278
132	116	0.987148
132	120	0.975599
132	121	0.936219
132	123	1.02789
132	138	0.943303
132	141	0.992965
132	151	0.980781
132	152	0.965635
132	154	1.19482
132	166	0.987801
132	167	1.0012
132	168	0.992471
132	169	0.955175
132	170	0.981232
132	171	0.98576
132	174	0.963949
132	175	0.986387
132	176	0.997122
132	178	0.924266
132	179	0.986523
133	22	1.05477
133	27	0.958825
133	29	1.06847
133	35	0.93663
133	40	1.02574
133	42	1.28904
133	65	1.06957
133	86	1.05068
133	89	1.02987
133	91	1.01581
133	93	1.00604
133	98	1.01443
133	101	0.98533
133	118	1.01212
133	119	1.01845
133	122	1.00117
133	124	0.999155
133	130	1.03526
133	131	1.03199
133	137	1.01476
133	144	1.03968
133	157	0.882866
133	158	0.785158
133	164	1.01292
133	167	0.772578
133	173	0.92202
133	177	1.0184
133	178	1.28002
134	28	0.949253
134	59	1.00212
134	72	1.05729
134	80	0.694423
134	87	1.02561
134	103	0.988963
134	115	1.02218
134	124	0.993794
134	130	1.0299
134	135	1.02135
134	138	0.972444
134	139	1.00532
134	141	1.0492
134	142	0.952191
134	145	1.02803
134	147	1.01148
134	149	1.00827
134	153	0.994654
134	154	0.995966
134	155	0.986739
134	156	1.02767
134	157	1.02896
134	158	0.931254
134	161	1.02519
134	162	1.0217
134	164	1.02347
134	165	1.03064
134	178	1.42612
134	179	1.02765
135	9	0.969565
135	59	1.00122
135	68	0.88198
135	72	1.05638
135	80	0.729059
135	83	1.1753
135	87	1.0247
135	103	0.988054
135	115	1.02127
135	129	0.993492
135	130	1.02899
135	134	1.02135
135	139	1.00441
135	141	1.04829
135	142	0.951282
135	145	1.02712
135	147	1.01057
135	149	1.00736
135	153	0.993745
135	154	0.995057
135	155	0.98583
135	156	1.02676
135	161	1.02428
135	162	1.02079
135	163	0.96977
135	165	1.02973
135	171	0.989019
135	172	1.13653
135	177	1.088
136	34	0.929072
136	46	1.13561
136	52	1.17802
136	57	1.33673
136	70	0.945604
136	84	1.01506
136	107	0.905792
136	110	0.949386
136	116	0.982548
136	119	1.02391
136	123	1.02329
136	138	0.938702
136	145	1.06008
136	146	0.947133
136	151	0.97618
136	159	0.986413
136	163	0.936938
136	168	0.987871
136	169	0.950575
136	170	0.976631
136	171	0.981159
136	172	0.979025
136	173	0.963963
136	174	0.959348
136	175	0.981786
136	176	0.992521
136	178	0.919665
136	179	0.981922
136	180	0.989678
137	14	0.960583
137	22	1.03655
137	27	0.940604
137	29	1.05025
137	35	0.91841
137	40	1.00752
137	56	0.998538
137	65	1.05135
137	70	0.984217
137	73	1.07978
137	78	1.02805
137	86	1.03246
137	89	1.01165
137	93	0.987816
137	98	0.996214
137	101	0.96711
137	110	1.16831
137	116	0.937845
137	118	0.993899
137	119	1.00023
137	124	0.980935
137	128	0.975966
137	130	1.01704
137	131	1.01377
137	133	1.01476
137	144	1.02146
137	157	0.982136
137	164	0.994701
137	177	1.00018
137	179	0.980824
138	24	1.0502
138	32	0.988308
138	39	1.70301
138	54	1.1303
138	59	0.952308
138	71	0.95419
138	87	0.975792
138	96	0.953206
138	119	1.16329
138	132	0.943303
138	134	0.972444
138	136	0.938702
138	139	0.955499
138	141	0.999384
138	145	0.978208
138	150	0.935158
138	153	0.944837
138	154	0.946149
138	155	0.936922
138	158	0.979148
138	161	0.975375
138	162	0.971886
138	165	0.98082
138	166	0.967125
138	172	0.96295
138	174	0.943273
138	175	0.96571
138	177	0.963221
138	178	0.90359
138	179	0.965846
139	9	0.953529
139	16	1.06611
139	25	0.949066
139	28	0.932307
139	45	1.01516
139	50	0.978687
139	62	0.821552
139	69	1.04087
139	115	1.00524
139	129	0.977456
139	130	1.01295
139	134	1.00532
139	135	1.00441
139	138	0.955499
139	141	1.03226
139	142	0.935246
139	145	1.01108
139	147	0.994532
139	149	0.991327
139	150	1.27524
139	153	0.977709
139	154	0.979021
139	155	0.969794
139	156	1.01073
139	158	0.996974
139	161	1.00825
139	162	1.00476
139	163	0.953734
139	165	1.01369
139	166	1.08501
139	169	1.31245
140	38	1.02588
140	46	1.04015
140	60	0.987937
140	67	0.981612
140	73	0.976147
140	76	0.906969
140	85	0.978379
140	88	0.963489
140	107	0.933585
140	110	0.977178
140	111	0.982781
140	117	1.23754
140	144	0.94221
140	146	0.974925
140	150	0.979026
140	151	1.00397
140	152	0.988827
140	157	1.01928
140	158	1.02302
140	159	1.01421
140	160	1.01613
140	167	1.02439
140	169	0.978367
140	172	1.00682
140	173	0.991756
140	174	0.987141
140	175	1.00958
140	176	1.02031
140	177	1.00709
140	178	0.947458
140	179	1.00971
141	28	0.976193
141	46	1.03381
141	59	1.02907
141	69	1.08475
141	72	1.08423
141	103	1.0159
141	115	1.04912
141	129	1.02134
141	132	0.992965
141	134	1.0492
141	135	1.04829
141	138	0.999384
141	139	1.03226
141	142	0.979132
141	143	0.769692
141	145	1.05497
141	146	1.13986
141	147	1.03842
141	149	1.03521
141	153	1.02159
141	154	1.02291
141	155	1.01368
141	156	1.05461
141	161	1.05213
141	162	1.04864
141	163	0.99762
141	164	0.872428
141	165	1.05758
141	166	0.868245
141	174	1.07578
141	180	0.883625
142	16	1.01299
142	18	1.01926
142	19	0.915305
142	21	1.01785
142	25	0.895942
142	45	0.96204
142	53	0.949651
142	59	0.932055
142	61	1.02102
142	72	0.987223
142	103	0.918894
142	105	1.36277
142	114	1.1866
142	115	0.952111
142	129	0.924332
142	134	0.952191
142	135	0.951282
142	139	0.935246
142	141	0.979132
142	143	1.3808
142	145	0.957956
142	149	0.938202
142	153	0.924585
142	154	0.925897
142	155	0.91667
142	156	0.957602
142	161	0.955122
142	162	0.951633
142	163	0.90061
142	164	1.48354
142	165	0.960568
143	52	1.00867
143	55	1.05756
143	62	1.05828
143	73	0.957264
143	75	0.965656
143	80	1.02338
143	88	0.944605
143	100	1.09695
143	110	0.958295
143	114	0.997088
143	116	0.991457
143	141	0.769692
143	142	1.3808
143	146	0.956042
143	150	0.960142
143	153	1.02131
143	157	1.0004
143	158	1.00413
143	159	0.995322
143	160	0.997246
143	167	1.00551
143	168	0.99678
143	169	0.959484
143	171	0.990068
143	172	0.987934
143	173	0.972872
143	174	0.968257
143	175	0.990695
143	176	1.00143
143	178	0.928574
143	179	0.990831
143	180	0.998587
144	14	0.985501
144	16	1.09512
144	22	1.06146
144	27	0.965523
144	35	0.943328
144	40	1.03244
144	65	1.07627
144	67	1.04361
144	78	1.05297
144	84	0.733741
144	86	1.05738
144	89	1.03657
144	91	1.02251
144	93	1.01273
144	98	1.02113
144	101	0.992028
144	118	1.01882
144	119	1.02515
144	122	1.00786
144	124	1.00585
144	126	0.916371
144	128	1.00088
144	130	1.04196
144	131	1.03869
144	133	1.03968
144	137	1.02146
144	140	0.94221
144	150	1.1571
144	157	0.976549
144	164	1.01962
144	176	0.827261
144	177	1.0251
145	9	0.976238
145	45	1.03787
145	46	1.01264
145	60	0.999651
145	68	0.817342
145	69	1.06358
145	72	1.06306
145	87	1.03137
145	109	0.79074
145	115	1.02795
145	124	0.999559
145	129	1.00017
145	134	1.02803
145	135	1.02712
145	136	1.06008
145	138	0.978208
145	139	1.01108
145	141	1.05497
145	142	0.957956
145	147	1.01724
145	149	1.01404
145	152	0.982362
145	153	1.00042
145	154	1.00173
145	155	0.992504
145	156	1.03344
145	161	1.03096
145	162	1.02747
145	163	0.976444
145	165	1.0364
145	170	0.993417
145	174	1.19683
145	177	1.02337
146	15	0.894819
146	31	1.01573
146	40	1.17599
146	69	0.945487
146	75	0.949102
146	109	0.996572
146	112	0.999823
146	115	1.18734
146	136	0.947133
146	140	0.974925
146	141	1.13986
146	143	0.956042
146	147	0.970091
146	150	0.943588
146	151	0.968535
146	153	1.39148
146	158	0.987579
146	159	0.978768
146	160	0.980692
146	164	0.966174
146	166	0.975556
146	167	0.988952
146	168	0.980226
146	170	0.968986
146	171	0.973514
146	172	0.97138
146	173	0.956318
146	174	0.951703
146	175	0.974141
146	176	0.984876
146	177	0.971651
146	178	0.91202
146	179	0.974277
146	180	0.982033
147	45	1.02133
147	49	0.695183
147	63	0.969474
147	67	0.976777
147	74	1.1295
147	81	0.920575
147	90	1.18691
147	94	0.984305
147	98	1.11406
147	103	0.97818
147	124	0.98301
147	129	0.983618
147	134	1.01148
147	135	1.01057
147	139	0.994532
147	141	1.03842
147	145	1.01724
147	146	0.970091
147	149	0.997488
147	150	0.974191
147	155	0.975956
147	156	1.01689
147	157	1.01445
147	158	1.01818
147	159	1.00937
147	162	1.01092
147	165	1.01985
147	166	1.00616
147	167	1.01956
147	172	1.00198
147	174	0.982306
147	175	1.00474
147	176	1.01548
147	178	0.942624
147	179	1.00488
148	11	0.942204
148	15	1.05286
148	17	0.937448
148	20	0.947729
148	23	1.02819
148	24	1.01548
148	26	1.02053
148	31	0.835926
148	38	0.998471
148	39	0.906284
148	41	1.01017
148	48	0.980543
148	49	1.06673
148	52	0.983062
148	54	0.978468
148	55	0.983083
148	64	1.03829
148	66	0.951811
148	73	1.12847
148	74	0.942437
148	76	1.02507
148	79	1.14266
148	93	0.977182
148	95	0.984527
148	96	0.975958
148	97	1.03459
148	99	0.976492
148	106	1.01742
148	108	1.0077
148	117	0.981198
148	125	1.02595
148	127	1.01013
148	150	1.21138
148	159	0.988588
148	169	1.2486
148	175	0.909573
149	9	0.956485
149	25	0.952022
149	28	0.935264
149	33	1.01743
149	37	1.39888
149	45	1.01812
149	46	0.992883
149	60	0.979897
149	69	1.04382
149	79	1.13454
149	87	1.01162
149	103	0.974975
149	109	0.814489
149	115	1.00819
149	124	0.979805
149	129	0.980413
149	130	1.01591
149	134	1.00827
149	135	1.00736
149	139	0.991327
149	141	1.03521
149	142	0.938202
149	145	1.01404
149	147	0.997488
149	153	0.980666
149	154	0.981977
149	155	0.972751
149	156	1.01368
149	158	0.925002
149	161	1.0112
149	162	1.00771
149	163	0.95669
149	165	1.01665
149	167	0.912422
149	173	1.06186
149	174	1.22058
150	34	0.925528
150	60	0.9566
150	61	0.888824
150	72	1.02387
150	74	1.44358
150	75	0.953203
150	88	0.932152
150	105	0.944486
150	113	0.990038
150	120	0.967454
150	121	0.928074
150	123	1.01974
150	138	0.935158
150	139	1.27524
150	140	0.979026
150	143	0.960142
150	144	1.1571
150	146	0.943588
150	147	0.974191
150	148	1.21138
150	157	0.987945
150	158	0.99168
150	160	0.984793
150	166	0.979656
150	167	0.993053
150	169	0.94703
150	171	0.977615
150	172	0.975481
150	173	0.960419
150	174	0.955804
150	175	0.978242
150	176	0.988977
150	177	0.975752
150	178	0.916121
150	179	0.978377
151	10	1.07188
151	34	0.950475
151	36	0.970389
151	43	1.03483
151	57	1.2875
151	79	0.964826
151	80	1.03587
151	83	0.973042
151	88	0.957099
151	91	0.985075
151	104	0.888547
151	106	1.02031
151	116	1.00395
151	120	0.992401
151	121	0.953021
151	123	1.04469
151	132	0.980781
151	136	0.97618
151	140	1.00397
151	146	0.968535
151	159	1.00782
151	161	0.963769
151	163	0.95834
151	164	0.995222
151	166	1.0046
151	167	1.018
151	168	1.00927
151	169	0.971977
151	171	1.00256
151	172	1.00043
151	173	0.985366
151	174	0.980751
151	175	1.00319
151	176	1.01392
151	178	0.941068
151	179	1.00332
151	180	1.01108
152	7	1.06061
152	23	1.15878
152	45	0.921408
152	47	0.986045
152	50	0.98825
152	51	0.983791
152	62	1.05562
152	64	0.988143
152	68	1.03194
152	70	0.951861
152	82	1.21454
152	83	0.957896
152	84	1.02131
152	88	0.941953
152	100	1.18857
152	110	0.955643
152	112	1.01372
152	114	0.994436
152	119	0.946188
152	132	0.965635
152	140	0.988827
152	145	0.982362
152	159	0.99267
152	160	0.994594
152	164	0.980076
152	166	0.989457
152	168	0.994127
152	169	0.956831
152	171	0.987416
152	172	0.985282
152	173	0.97022
152	174	0.965605
152	175	0.988043
152	176	0.998778
152	177	0.985553
152	178	0.925922
152	179	0.988178
153	9	0.942867
153	18	1.06172
153	28	0.921646
153	33	1.00382
153	46	0.979266
153	47	0.894437
153	59	0.974519
153	60	0.96628
153	61	1.06349
153	69	1.0302
153	72	1.02969
153	87	0.998003
153	103	0.961357
153	115	0.994575
153	129	0.966795
153	130	1.00229
153	134	0.994654
153	135	0.993745
153	138	0.944837
153	139	0.977709
153	141	1.02159
153	142	0.924585
153	143	1.02131
153	145	1.00042
153	146	1.39148
153	149	0.980666
153	154	0.96836
153	155	0.959133
153	156	1.00007
153	161	0.997585
153	162	0.994096
153	163	0.943073
153	165	1.00303
153	170	1.12399
153	171	1.05496
153	173	1.16869
153	175	1.00828
154	9	0.944179
154	18	1.06304
154	25	0.939717
154	28	0.922958
154	33	1.00513
154	46	0.980577
154	53	0.993426
154	59	0.975831
154	61	1.0648
154	67	1.14683
154	69	1.03152
154	70	1.08185
154	72	1.031
154	87	0.999315
154	103	0.962669
154	115	0.995886
154	129	0.968107
154	132	1.19482
154	134	0.995966
154	135	0.995057
154	138	0.946149
154	139	0.979021
154	141	1.02291
154	142	0.925897
154	145	1.00173
154	149	0.981977
154	153	0.96836
154	155	0.960445
154	156	1.00138
154	160	1.087
154	161	0.998897
154	162	0.995408
154	163	0.944385
154	165	1.00434
154	173	1.11892
154	175	0.958512
154	179	1.07845
155	6	1.20479
155	9	0.934953
155	21	1.05239
155	25	0.93049
155	33	0.995901
155	45	0.996589
155	46	0.971351
155	59	0.966604
155	61	1.05557
155	69	1.02229
155	72	1.02177
155	87	0.990088
155	103	0.953442
155	113	0.978317
155	115	0.98666
155	129	0.95888
155	130	0.994375
155	134	0.986739
155	135	0.98583
155	138	0.936922
155	139	0.969794
155	141	1.01368
155	142	0.91667
155	145	0.992504
155	147	0.975956
155	149	0.972751
155	153	0.959133
155	154	0.960445
155	156	0.99215
155	161	0.989671
155	162	0.986181
155	163	0.935158
155	165	0.995116
155	166	1.18731
155	167	1.08669
155	170	1.19143
155	173	1.23613
155	176	1.04769
156	25	0.971422
156	28	0.954664
156	31	0.813741
156	33	1.03683
156	45	1.03752
156	46	1.01228
156	53	1.02513
156	59	1.00754
156	60	0.999297
156	69	1.06322
156	87	1.03102
156	103	0.994374
156	105	0.882383
156	115	1.02759
156	121	1.13838
156	123	0.871314
156	124	0.999205
156	129	0.999813
156	130	1.03531
156	134	1.02767
156	135	1.02676
156	139	1.01073
156	141	1.05461
156	142	0.957602
156	145	1.03344
156	147	1.01689
156	149	1.01368
156	153	1.00007
156	154	1.00138
156	155	0.99215
156	161	1.0306
156	162	1.02711
156	163	0.97609
156	165	1.03605
156	169	1.22641
156	175	0.887387
156	177	1.03305
156	180	1.01435
157	3	0.767953
157	37	0.958028
157	47	1.0165
157	62	1.08608
157	68	1.06239
157	71	1.00698
157	80	1.05118
157	81	1.0541
157	88	0.972408
157	109	1.04093
157	113	1.03029
157	116	1.01926
157	120	1.00771
157	125	0.964477
157	126	0.989106
157	131	0.942959
157	133	0.882866
157	134	1.02896
157	137	0.982136
157	140	1.01928
157	143	1.0004
157	144	0.976549
157	147	1.01445
157	150	0.987945
157	159	1.02312
157	166	1.01991
157	168	1.02458
157	169	0.987286
157	170	1.01334
157	171	1.01787
157	172	1.01574
157	173	1.00067
157	174	0.99606
157	175	1.0185
157	176	1.02923
157	177	1.01601
157	178	0.956377
157	179	1.01863
158	31	1.06383
158	51	1.01798
158	75	0.997193
158	83	0.992085
158	101	1.10999
158	105	0.988476
158	109	1.04466
158	110	0.989832
158	111	0.919413
158	112	1.04791
158	113	1.03403
158	133	0.785158
158	134	0.931254
158	138	0.979148
158	139	0.996974
158	140	1.02302
158	143	1.00413
158	146	0.987579
158	147	1.01818
158	149	0.925002
158	150	0.99168
158	161	0.85417
158	164	1.01427
158	165	0.945197
158	167	1.03704
158	168	1.02832
158	169	0.991021
158	170	1.01708
158	171	1.02161
158	172	1.01947
158	173	1.00441
158	174	0.999795
158	175	1.02223
158	176	1.03297
158	177	1.01974
158	178	0.960112
158	179	1.02237
158	180	1.03012
159	16	0.873493
159	18	0.935818
159	19	1.09271
159	31	1.05502
159	50	1.01363
159	73	0.979991
159	93	1.03336
159	94	1.07559
159	107	0.937428
159	109	1.03585
159	110	0.981021
159	114	1.01981
159	115	0.883157
159	116	1.01418
159	120	1.00263
159	123	1.05492
159	126	0.98403
159	130	0.942729
159	136	0.986413
159	140	1.01421
159	143	0.995322
159	146	0.978768
159	147	1.00937
159	148	0.988588
159	151	1.00782
159	152	0.99267
159	157	1.02312
159	163	0.968573
159	164	1.00545
159	165	1.00066
159	166	1.01484
159	171	1.01279
159	172	1.01066
159	173	0.995599
159	175	1.01342
159	176	1.02416
159	177	1.01093
159	178	0.951301
159	179	1.01356
160	1	1.07889
160	6	1.00023
160	69	0.690771
160	73	0.981915
160	77	1.02863
160	82	1.23837
160	83	0.985198
160	84	1.04862
160	86	0.969409
160	92	0.578698
160	101	1.21492
160	104	0.900704
160	105	0.98159
160	109	1.03778
160	112	1.04103
160	114	1.02174
160	116	1.01611
160	120	1.00456
160	130	0.992199
160	140	1.01613
160	143	0.997246
160	146	0.980692
160	150	0.984793
160	152	0.994594
160	154	1.087
160	164	1.00738
160	166	1.01676
160	167	1.03016
160	170	1.01019
160	171	1.01472
160	172	1.01259
160	173	0.997523
160	174	0.992908
160	175	1.01535
160	176	1.02608
160	177	1.01286
160	178	0.953225
160	179	1.01548
160	180	1.02324
161	9	0.973405
161	16	1.08599
161	21	1.09085
161	25	0.968942
161	28	0.952184
161	33	1.03435
161	45	1.03504
161	46	1.0098
161	53	1.02265
161	59	1.00506
161	61	1.09402
161	69	1.06074
161	72	1.06022
161	83	1.06358
161	87	1.02854
161	103	0.991895
161	115	1.02511
161	129	0.997333
161	130	1.03283
161	134	1.02519
161	135	1.02428
161	138	0.975375
161	139	1.00825
161	141	1.05213
161	142	0.955122
161	145	1.03096
161	149	1.0112
161	151	0.963769
161	153	0.997585
161	154	0.998897
161	155	0.989671
161	156	1.0306
161	158	0.85417
161	162	1.02463
161	163	0.97361
161	165	1.03357
161	166	0.942206
161	167	0.84159
161	174	1.14975
161	175	0.830622
161	176	0.802589
161	178	1.34903
162	9	0.969916
162	18	1.08877
162	21	1.08736
162	25	0.965453
162	28	0.948694
162	33	1.03086
162	45	1.03155
162	46	1.00631
162	53	1.01916
162	60	0.993328
162	69	1.05725
162	72	1.05673
162	79	1.12192
162	87	1.02505
162	103	0.988405
162	115	1.02162
162	120	0.735267
162	124	0.993236
162	129	0.993843
162	130	1.02934
162	134	1.0217
162	135	1.02079
162	138	0.971886
162	139	1.00476
162	141	1.04864
162	142	0.951633
162	145	1.02747
162	147	1.01092
162	149	1.00771
162	153	0.994096
162	154	0.995408
162	155	0.986181
162	156	1.02711
162	161	1.02463
162	163	0.970121
162	164	1.0046
162	165	1.03008
162	168	1.01667
162	172	1.08302
162	173	1.04924
162	177	1.0345
162	179	1.00878
162	180	1.0158
163	3	1.13954
163	15	1.00446
163	25	0.91443
163	29	1.16969
163	42	0.897888
163	63	1.47458
163	69	1.00623
163	83	0.933799
163	85	0.932746
163	86	1.33376
163	102	1.41864
163	103	0.937382
163	104	0.849304
163	109	0.986377
163	113	0.975742
163	118	1.25933
163	120	0.953158
163	129	0.94282
163	135	0.96977
163	136	0.936938
163	139	0.953734
163	141	0.99762
163	142	0.90061
163	145	0.976444
163	149	0.95669
163	151	0.95834
163	153	0.943073
163	154	0.944385
163	155	0.935158
163	156	0.97609
163	159	0.968573
163	161	0.97361
163	162	0.970121
163	165	0.979056
163	168	0.970031
163	169	0.932735
163	171	0.963319
163	173	0.946123
163	174	0.941508
163	175	0.963946
163	176	0.974681
163	178	0.901825
163	179	0.964082
163	180	0.971838
164	7	1.0734
164	8	0.607487
164	14	0.958742
164	16	1.06836
164	29	1.04841
164	42	0.93477
164	51	0.996575
164	59	1.10604
164	65	1.04951
164	78	1.02621
164	89	1.00981
164	91	0.995747
164	98	0.994373
164	106	1.00293
164	111	1.01163
164	114	1.00722
164	118	0.992058
164	119	0.99839
164	122	0.981105
164	124	0.979094
164	127	0.887873
164	128	0.974124
164	131	1.01193
164	133	1.01292
164	134	1.02347
164	137	0.994701
164	141	0.872428
164	142	1.48354
164	144	1.01962
164	146	0.966174
164	151	0.995222
164	152	0.980076
164	158	1.01427
164	159	1.00545
164	160	1.00738
164	162	1.0046
164	169	0.969616
164	170	0.995673
164	172	0.998067
164	173	0.983004
164	175	1.00083
164	176	1.01156
164	177	0.998337
164	178	0.938707
164	180	1.00872
165	9	0.97885
165	16	1.09143
165	18	1.09771
165	25	0.974388
165	28	0.957629
165	33	1.0398
165	45	1.04049
165	46	1.01525
165	53	1.0281
165	59	1.0105
165	60	1.00226
165	61	1.09947
165	68	0.861287
165	69	1.06619
165	72	1.06567
165	80	0.708366
165	87	1.03399
165	103	0.99734
165	115	1.03056
165	116	0.998613
165	124	1.00217
165	129	1.00278
165	130	1.03827
165	134	1.03064
165	135	1.02973
165	138	0.98082
165	139	1.01369
165	141	1.05758
165	142	0.960568
165	145	1.0364
165	147	1.01985
165	149	1.01665
165	153	1.00303
165	154	1.00434
165	155	0.995116
165	156	1.03605
165	158	0.945197
165	159	1.00066
165	161	1.03357
165	162	1.03008
165	163	0.979056
165	168	1.04948
165	170	1.03736
165	171	0.968326
165	175	0.921649
165	179	1.04159
166	6	0.995097
166	22	0.950998
166	28	1.4321
166	37	0.949739
166	42	0.944151
166	48	1.04054
166	67	0.982242
166	68	1.0541
166	69	0.67387
166	79	0.971847
166	81	1.04443
166	85	0.979009
166	88	0.964119
166	105	0.976453
166	107	0.934215
166	110	0.977809
166	112	1.03589
166	113	1.02201
166	114	1.0166
166	116	1.01097
166	120	0.999421
166	121	0.960041
166	123	1.05171
166	130	0.975298
166	132	0.987801
166	138	0.967125
166	139	1.08501
166	141	0.868245
166	146	0.975556
166	147	1.00616
166	150	0.979656
166	151	1.0046
166	152	0.989457
166	155	1.18731
166	157	1.01991
166	159	1.01484
166	160	1.01676
166	161	0.942206
166	168	1.01629
166	169	0.978998
166	170	1.00505
166	171	1.00958
166	172	1.00745
166	173	0.992386
166	174	0.987771
166	175	1.01021
166	176	1.02094
166	177	1.00772
166	178	0.948088
166	179	1.01034
166	180	1.0181
167	1	1.08715
167	9	1.34753
167	16	0.805445
167	21	1.09599
167	43	0.912654
167	51	1.01935
167	52	1.00661
167	58	1.0203
167	62	1.09119
167	67	0.995639
167	68	1.0675
167	73	0.990175
167	77	0.911115
167	79	0.985243
167	84	1.05688
167	88	0.977516
167	104	0.908964
167	107	0.947612
167	109	1.04604
167	110	0.991205
167	114	1.03
167	116	1.02437
167	120	1.01282
167	121	0.973437
167	126	0.994214
167	127	0.783073
167	132	1.0012
167	133	0.772578
167	140	1.02439
167	143	1.00551
167	146	0.988952
167	147	1.01956
167	149	0.912422
167	150	0.993053
167	151	1.018
167	155	1.08669
167	158	1.03704
167	160	1.03016
167	161	0.84159
167	168	1.02969
167	169	0.992394
167	170	1.01845
167	171	1.02298
167	172	1.02084
167	173	1.00578
167	174	1.00117
167	175	1.02361
167	176	1.03434
167	177	1.02112
167	178	0.961485
167	179	1.02374
167	180	1.0315
168	2	0.720189
168	16	0.922311
168	31	1.05647
168	32	1.03748
168	37	0.954409
168	47	1.01288
168	51	1.01063
168	58	1.13716
168	61	0.714848
168	62	1.08246
168	67	0.986912
168	68	1.05877
168	70	0.978697
168	71	1.00336
168	79	0.976517
168	83	0.984732
168	85	0.983679
168	93	1.08218
168	102	1.05364
168	105	0.981123
168	107	0.938885
168	109	1.03731
168	110	0.982479
168	113	1.02668
168	114	1.02127
168	120	1.00409
168	121	0.964711
168	122	0.984449
168	123	1.05638
168	129	1.16953
168	131	0.949538
168	132	0.992471
168	136	0.987871
168	143	0.99678
168	146	0.980226
168	151	1.00927
168	152	0.994127
168	157	1.02458
168	158	1.02832
168	162	1.01667
168	163	0.970031
168	165	1.04948
168	166	1.01629
168	167	1.02969
168	169	0.983668
168	171	1.01425
168	172	1.01212
168	173	0.997056
168	174	0.992441
168	175	1.01488
168	176	1.02561
168	178	0.952758
168	179	1.01501
168	180	1.02277
169	17	1.37496
169	31	1.01918
169	42	0.911525
169	50	0.97779
169	54	1.14757
169	60	0.955942
169	65	1.04826
169	67	0.949616
169	70	0.941401
169	72	1.06109
169	73	0.944152
169	75	0.952544
169	79	0.939221
169	80	1.01027
169	83	0.947436
169	84	1.01085
169	85	0.946383
169	87	1.21068
169	88	0.931493
169	92	0.78924
169	104	0.862941
169	105	0.943827
169	107	0.901589
169	109	1.00001
169	110	0.945183
169	112	1.00326
169	116	0.978345
169	120	0.966795
169	121	0.927415
169	123	1.01908
169	129	1.38073
169	132	0.955175
169	136	0.950575
169	139	1.31245
169	140	0.978367
169	143	0.959484
169	148	1.2486
169	150	0.94703
169	151	0.971977
169	152	0.956831
169	156	1.22641
169	157	0.987286
169	158	0.991021
169	163	0.932735
169	164	0.969616
169	166	0.978998
169	167	0.992394
169	168	0.983668
169	170	0.972428
169	171	0.976956
169	172	0.974822
169	173	0.95976
169	174	0.955145
169	175	0.977583
169	176	0.988318
169	177	0.975093
169	178	0.915462
169	179	0.977719
169	180	0.985475
170	2	1.07184
170	4	0.967741
170	10	0.961411
170	11	1.3683
170	12	1.05479
170	13	1.07294
170	30	0.950528
170	40	0.908506
170	42	0.937582
170	43	1.00449
170	44	1.02074
170	54	0.924254
170	57	0.991184
170	61	1.0792
170	63	0.984679
170	70	0.967458
170	77	1.01912
170	79	0.965278
170	81	1.03151
170	82	0.958071
170	89	0.941706
170	90	0.941062
170	92	0.989087
170	94	0.999856
170	97	0.820339
170	100	0.989162
170	102	0.977158
170	104	0.888998
170	106	1.00287
170	111	1.02501
170	112	1.02932
170	114	1.01003
170	120	0.992852
170	127	0.887818
170	132	0.981232
170	136	0.976631
170	145	0.993417
170	146	0.968986
170	153	1.12399
170	155	1.19143
170	157	1.01334
170	158	1.01708
170	160	1.01019
170	164	0.995673
170	165	1.03736
170	166	1.00505
170	167	1.01845
170	169	0.972428
170	171	1.00301
170	172	1.00088
170	174	0.981202
170	175	1.00364
170	176	1.01438
170	178	0.941519
170	179	1.00378
170	180	1.01153
171	1	1.07171
171	3	0.693374
171	5	0.964529
171	7	1.08074
171	12	0.779888
171	19	1.08746
171	22	0.886089
171	32	1.03077
171	33	1.03894
171	35	1.57927
171	42	0.94211
171	47	1.00617
171	50	1.00837
171	56	0.978988
171	60	0.986526
171	70	0.971986
171	73	0.974737
171	80	1.04085
171	83	0.97802
171	84	1.04144
171	101	1.13312
171	102	0.972479
171	104	0.893526
171	107	0.932174
171	108	0.925555
171	112	1.03385
171	113	1.01996
171	116	1.00893
171	121	0.958
171	123	1.04967
171	126	0.978777
171	132	0.98576
171	135	0.989019
171	136	0.981159
171	143	0.990068
171	146	0.973514
171	150	0.977615
171	151	1.00256
171	152	0.987416
171	153	1.05496
171	157	1.01787
171	158	1.02161
171	159	1.01279
171	160	1.01472
171	163	0.963319
171	165	0.968326
171	166	1.00958
171	167	1.02298
171	168	1.01425
171	169	0.976956
171	170	1.00301
171	172	1.00541
171	173	0.990345
171	174	0.98573
171	175	1.00817
171	176	1.0189
171	177	1.00568
171	178	0.946047
171	179	1.0083
171	180	1.01606
172	1	1.06958
172	15	0.705809
172	32	1.02863
172	37	0.945564
172	42	0.939976
172	50	1.00624
172	59	1.18446
172	65	0.903429
172	67	0.978067
172	68	1.04993
172	75	0.980995
172	79	0.967672
172	80	1.03872
172	84	1.03931
172	85	0.974834
172	87	1.06585
172	88	0.959944
172	92	0.644404
172	103	1.38476
172	104	0.891392
172	105	0.972278
172	109	1.02846
172	110	0.973634
172	114	1.01243
172	116	1.0068
172	118	0.960687
172	119	1.03572
172	123	1.04754
172	125	1.03741
172	126	0.976643
172	130	1.05791
172	135	1.13653
172	136	0.979025
172	138	0.96295
172	140	1.00682
172	143	0.987934
172	146	0.97138
172	147	1.00198
172	150	0.975481
172	151	1.00043
172	152	0.985282
172	157	1.01574
172	158	1.01947
172	159	1.01066
172	160	1.01259
172	162	1.08302
172	164	0.998067
172	166	1.00745
172	167	1.02084
172	168	1.01212
172	169	0.974822
172	170	1.00088
172	171	1.00541
172	173	0.988211
172	174	0.983596
172	175	1.00603
172	176	1.01677
172	177	1.00354
172	178	0.943913
172	179	1.00617
172	180	1.01393
173	1	1.05452
173	5	0.947333
173	6	0.97586
173	7	1.06354
173	21	1.06336
173	24	0.888851
173	26	0.818314
173	32	1.01357
173	34	0.938258
173	42	0.924914
173	51	0.98672
173	56	1.09272
173	62	1.05855
173	67	0.963005
173	68	1.03486
173	70	0.95479
173	71	0.979451
173	75	0.965933
173	79	0.952609
173	84	1.02424
173	85	0.959772
173	88	0.944882
173	89	0.986404
173	90	1.35958
173	107	0.914978
173	110	0.958571
173	112	1.01665
173	113	1.00277
173	114	0.997365
173	121	0.940804
173	123	1.03247
173	124	1.09725
173	133	0.92202
173	136	0.963963
173	140	0.991756
173	143	0.972872
173	146	0.956318
173	149	1.06186
173	150	0.960419
173	151	0.985366
173	152	0.97022
173	153	1.16869
173	154	1.11892
173	155	1.23613
173	157	1.00067
173	158	1.00441
173	159	0.995599
173	160	0.997523
173	162	1.04924
173	163	0.946123
173	164	0.983004
173	166	0.992386
173	167	1.00578
173	168	0.997056
173	169	0.95976
173	171	0.990345
173	172	0.988211
173	174	0.968534
173	175	0.990971
173	176	1.00171
173	177	0.988482
173	178	0.928851
173	179	0.991107
173	180	0.998863
174	2	0.911479
174	6	0.971245
174	14	1.36732
174	31	1.02795
174	32	1.00895
174	34	0.933643
174	37	0.925887
174	45	1.13587
174	49	1.02657
174	50	0.986564
174	51	0.982105
174	53	0.99055
174	65	1.02836
174	67	0.95839
174	71	0.974836
174	72	1.04119
174	73	0.952926
174	79	0.947995
174	80	1.01904
174	84	1.01963
174	104	0.871715
174	105	0.952601
174	107	0.910363
174	109	1.00879
174	110	0.953957
174	112	1.01204
174	113	0.998153
174	114	0.99275
174	116	0.987118
174	118	1.08562
174	119	1.16065
174	120	0.975569
174	121	0.936189
174	123	1.02786
174	126	0.956966
174	132	0.963949
174	136	0.959348
174	138	0.943273
174	140	0.987141
174	141	1.07578
174	143	0.968257
174	145	1.19683
174	146	0.951703
174	147	0.982306
174	149	1.22058
174	150	0.955804
174	151	0.980751
174	152	0.965605
174	157	0.99606
174	158	0.999795
174	160	0.992908
174	161	1.14975
174	163	0.941508
174	166	0.987771
174	167	1.00117
174	168	0.992441
174	169	0.955145
174	170	0.981202
174	171	0.98573
174	172	0.983596
174	173	0.968534
174	175	0.986357
174	176	0.997092
174	177	0.983867
174	178	0.924236
174	179	0.986492
174	180	0.994249
175	4	1.31921
175	7	1.08137
175	19	1.08808
175	31	1.05039
175	33	0.992262
175	34	0.95608
175	47	1.0068
175	50	1.009
175	51	1.00454
175	60	0.987153
175	64	0.883486
175	66	1.48126
175	67	0.980828
175	71	0.997274
175	73	0.975363
175	75	0.983755
175	79	0.970432
175	80	1.04148
175	83	0.978647
175	84	1.04207
175	85	0.977595
175	88	0.962704
175	91	0.851928
175	98	1.12632
175	104	0.894153
175	105	0.975038
175	107	0.932801
175	108	0.878879
175	109	1.03122
175	110	0.976394
175	112	1.03448
175	116	1.00956
175	117	1.15063
175	120	0.998006
175	121	0.958626
175	126	0.979403
175	132	0.986387
175	136	0.981786
175	138	0.96571
175	140	1.00958
175	143	0.990695
175	146	0.974141
175	147	1.00474
175	148	0.909573
175	150	0.978242
175	151	1.00319
175	152	0.988043
175	153	1.00828
175	154	0.958512
175	156	0.887387
175	157	1.0185
175	158	1.02223
175	159	1.01342
175	160	1.01535
175	161	0.830622
175	163	0.963946
175	164	1.00083
175	165	0.921649
175	166	1.01021
175	167	1.02361
175	168	1.01488
175	169	0.977583
175	170	1.00364
175	171	1.00817
175	172	1.00603
175	173	0.990971
175	174	0.986357
175	177	1.0063
175	178	0.946674
175	179	1.00893
175	180	1.01669
176	1	1.08307
176	5	0.975891
176	7	1.0921
176	18	0.828769
176	21	1.09192
176	27	1.66955
176	29	0.64882
176	30	1.31983
176	31	1.06112
176	33	0.964229
176	34	0.966816
176	37	0.95906
176	38	0.910931
176	42	0.953472
176	53	1.02372
176	60	0.997888
176	62	1.08711
176	63	0.953708
176	67	0.991563
176	68	1.06342
176	70	0.983348
176	73	0.986099
176	75	0.994491
176	78	0.849148
176	79	0.981167
176	80	1.05221
176	83	0.989382
176	84	1.0528
176	85	0.98833
176	86	0.81289
176	87	0.843621
176	99	1.07871
176	104	0.904888
176	105	0.985774
176	107	0.943536
176	110	0.987129
176	112	1.04521
176	113	1.03133
176	114	1.02592
176	116	1.02029
176	120	1.00874
176	121	0.969362
176	122	0.828581
176	123	1.06103
176	126	0.990139
176	129	1.01367
176	132	0.997122
176	136	0.992521
176	140	1.02031
176	143	1.00143
176	144	0.827261
176	146	0.984876
176	147	1.01548
176	150	0.988977
176	151	1.01392
176	152	0.998778
176	155	1.04769
176	157	1.02923
176	158	1.03297
176	159	1.02416
176	160	1.02608
176	161	0.802589
176	163	0.974681
176	164	1.01156
176	166	1.02094
176	167	1.03434
176	168	1.02561
176	169	0.988318
176	170	1.01438
176	171	1.0189
176	172	1.01677
176	173	1.00171
176	174	0.997092
176	177	1.01704
176	178	0.957409
176	179	1.01967
176	180	1.02742
177	13	0.502619
177	14	0.964219
177	16	1.07384
177	19	1.08559
177	22	1.04018
177	26	0.803566
177	27	0.94424
177	29	1.05389
177	35	0.922046
177	37	0.945835
177	40	1.01116
177	43	1.04735
177	47	1.00431
177	49	0.853112
177	50	1.00651
177	55	1.19019
177	56	1.00217
177	61	0.732676
177	65	1.05499
177	68	1.0502
177	76	0.965715
177	77	1.04581
177	78	1.03169
177	86	1.0361
177	88	0.960215
177	89	1.01529
177	91	1.00122
177	93	0.991452
177	94	1.14223
177	98	0.99985
177	101	0.970746
177	109	1.02874
177	111	1.04153
177	113	1.0181
177	114	1.0127
177	117	1.29629
177	118	0.997535
177	119	1.00387
177	120	0.995517
177	122	0.986582
177	123	1.04781
177	124	0.984571
177	126	0.976913
177	128	0.979601
177	130	1.02067
177	131	1.01741
177	133	1.0184
177	135	1.088
177	137	1.00018
177	138	0.963221
177	140	1.00709
177	144	1.0251
177	145	1.02337
177	146	0.971651
177	150	0.975752
177	152	0.985553
177	156	1.03305
177	157	1.01601
177	158	1.01974
177	159	1.01093
177	160	1.01286
177	162	1.0345
177	164	0.998337
177	166	1.00772
177	167	1.02112
177	169	0.975093
177	171	1.00568
177	172	1.00354
177	173	0.988482
177	174	0.983867
177	175	1.0063
177	176	1.01704
177	178	0.944184
177	179	1.00644
178	1	1.01022
178	5	0.903035
178	6	0.931562
178	7	1.01925
178	8	1.01013
178	10	1.45714
178	19	1.02596
178	21	1.01906
178	25	1.70287
178	26	1.17631
178	31	0.988267
178	32	0.969272
178	34	0.89396
178	37	0.886204
178	47	0.944676
178	50	0.946881
178	51	0.942422
178	53	0.950867
178	62	1.01426
178	67	0.918707
178	68	0.990567
178	70	0.910492
178	71	0.935153
178	73	0.913243
178	79	0.908312
178	80	0.979357
178	83	0.916527
178	84	0.979945
178	85	0.915474
178	88	0.900584
178	95	1.15903
178	97	1.22304
178	104	0.832032
178	105	0.912918
178	107	0.87068
178	109	0.969105
178	110	0.914274
178	112	0.972355
178	113	0.95847
178	114	0.953067
178	116	0.947435
178	120	0.935886
178	121	0.896506
178	123	0.988176
178	124	1.45525
178	127	1.29052
178	128	1.47054
178	132	0.924266
178	133	1.28002
178	134	1.42612
178	136	0.919665
178	138	0.90359
178	140	0.947458
178	143	0.928574
178	146	0.91202
178	147	0.942624
178	150	0.916121
178	151	0.941068
178	152	0.925922
178	157	0.956377
178	158	0.960112
178	159	0.951301
178	160	0.953225
178	161	1.34903
178	163	0.901825
178	164	0.938707
178	166	0.948088
178	167	0.961485
178	168	0.952758
178	169	0.915462
178	170	0.941519
178	171	0.946047
178	172	0.943913
178	173	0.928851
178	174	0.924236
178	175	0.946674
178	176	0.957409
178	177	0.944184
178	179	0.94681
178	180	0.954566
179	1	1.07247
179	5	0.965291
179	6	0.993818
179	7	1.0815
179	12	0.853154
179	14	1.16814
179	19	1.08822
179	21	1.08132
179	32	1.03153
179	34	0.956216
179	37	0.94846
179	38	1.05891
179	41	0.435465
179	42	0.942872
179	47	1.00693
179	50	1.00914
179	51	1.00468
179	53	1.01312
179	59	1.11021
179	60	0.987289
179	62	1.07651
179	64	1.00343
179	67	0.980963
179	68	1.05282
179	70	0.972748
179	71	0.997409
179	73	0.975499
179	75	0.983891
179	79	0.970568
179	80	1.04161
179	83	0.978783
179	84	1.0422
179	85	0.97773
179	93	1.07429
179	104	0.894288
179	105	0.975174
179	107	0.932936
179	109	1.03136
179	110	0.97653
179	112	1.03461
179	113	1.02073
179	114	1.01532
179	116	1.00969
179	120	0.998142
179	121	0.958762
179	122	0.976558
179	124	1.05679
179	126	0.979539
179	127	0.892049
179	128	1.07207
179	129	1.16164
179	132	0.986523
179	134	1.02765
179	136	0.981922
179	137	0.980824
179	138	0.965846
179	140	1.00971
179	143	0.990831
179	146	0.974277
179	147	1.00488
179	150	0.978377
179	151	1.00332
179	152	0.988178
179	154	1.07845
179	157	1.01863
179	158	1.02237
179	159	1.01356
179	160	1.01548
179	162	1.00878
179	163	0.964082
179	165	1.04159
179	166	1.01034
179	167	1.02374
179	168	1.01501
179	169	0.977719
179	170	1.00378
179	171	1.0083
179	172	1.00617
179	173	0.991107
179	174	0.986492
179	175	1.00893
179	176	1.01967
179	177	1.00644
179	178	0.94681
179	180	1.01682
180	2	1.08489
180	4	0.980788
180	10	0.974457
180	12	1.06784
180	13	1.08599
180	17	1.1629
180	22	0.966378
180	30	0.963575
180	32	1.03928
180	34	0.963972
180	40	0.919758
180	41	0.442486
180	42	0.950629
180	43	1.01753
180	44	1.03378
180	45	0.943715
180	53	1.02088
180	57	1.00423
180	61	1.09225
180	62	1.08427
180	63	0.997725
180	70	0.980504
180	75	0.991647
180	77	1.03216
180	78	1.00415
180	79	0.978324
180	80	1.04937
180	81	1.04456
180	82	0.971117
180	90	0.954108
180	91	0.978893
180	92	1.00213
180	93	1.08131
180	94	1.0129
180	100	1.00221
180	101	1.2134
180	102	0.990204
180	105	0.98293
180	107	0.940693
180	109	1.03912
180	111	1.03806
180	114	1.02308
180	115	0.931107
180	116	1.01745
180	118	0.89346
180	120	1.0059
180	123	1.05819
180	131	0.948668
180	136	0.989678
180	141	0.883625
180	143	0.998587
180	146	0.982033
180	151	1.01108
180	156	1.01435
180	158	1.03012
180	160	1.02324
180	162	1.0158
180	163	0.971838
180	164	1.00872
180	166	1.0181
180	167	1.0315
180	168	1.02277
180	169	0.985475
180	170	1.01153
180	171	1.01606
180	172	1.01393
180	173	0.998863
180	174	0.994249
180	175	1.01669
180	176	1.02742
180	178	0.954566
180	179	1.01682
