1	2 
2	3 
3	8 
4	3 
5	5 
6	7 
7	7 
8	6 
9	6 
10	8 
11	5 
12	5 
13	6 
14	1 
15	7 
16	4 
17	3 8 
18	6 
19	3 
20	6 
21	2 
22	3 
23	4 
24	5 
25	7 
26	3 
27	1 
28	1 
29	6 7 
30	5 
31	6 
32	6 
33	1 
34	7 
35	6 
36	5 
37	4 
38	7 
39	6 
40	5 
41	7 
42	8 
43	7 
44	1 
45	8 
46	1 
47	2 
48	7 
49	8 
50	1 
51	2 
52	3 
53	8 
54	4 
55	3 
56	3 
57	8 
58	6 
59	5 
60	5 
61	4 
62	5 
63	4 
64	2 
65	3 
66	8 
67	6 
68	8 
69	4 
70	1 2 
71	1 
72	1 
73	4 
74	6 
75	1 
76	8 
77	8 
78	4 
79	3 
80	1 
81	3 
82	8 
83	6 
84	1 
85	2 
86	1 
87	3 
88	1 
89	1 
90	4 
91	2 
92	2 
93	2 
94	2 
95	2 
96	4 
97	2 
98	1 
99	2 
100	4 
101	4 
102	4 
103	2 
104	1 
105	1 2 
106	4 
107	4 
108	2 6 
109	1 
110	1 
111	3 
112	3 
113	4 
114	1 4 
115	3 
116	3 
117	1 
118	3 
119	3 
120	3 
121	1 
122	3 8 
123	1 
124	1 
125	1 
126	1 
127	1 
128	1 
129	1 
130	1 
131	1 
132	1 
133	1 
134	1 2 
135	1 
136	1 7 
137	3 4 
138	1 
139	1 
140	3 5 
141	1 2 
142	1 2 
143	1 
144	1 
145	1 
146	1 
147	1 
148	1 4 
149	1 
150	1 
151	1 
152	1 
153	1 
154	1 5 
155	1 
156	1 
157	1 
158	1 
159	1 
160	1 
161	1 4 
162	1 8 
163	1 
164	1 5 
165	1 
166	1 
167	1 2 
168	1 5 
169	1 
170	1 
171	1 
172	1 
173	1 
174	1 
175	1 
176	1 
177	1 
178	1 
179	1 
180	1 7 
